1	0.589230	0.111933	0.136031	2.950000
2	0.608541	-0.000607	0.088898	2.950000
3	0.614732	0.015501	-0.009461	2.950000
4	0.455258	0.412068	-0.034127	2.950000
5	0.584376	0.163387	-0.100172	2.950000
6	0.598559	-0.056266	0.129562	2.950000
7	0.595804	0.112297	0.103110	2.950000
8	0.605349	-0.036021	0.102371	2.950000
9	0.507650	-0.170127	0.302611	2.950000
10	0.612325	0.019799	0.053767	2.950000
11	0.554560	-0.227621	0.137393	2.950000
12	0.612224	0.030630	-0.049688	2.950000
13	0.611990	0.032827	0.051143	2.950000
14	0.580292	0.120298	-0.164362	2.950000
15	0.593850	0.033839	-0.156274	2.950000
16	0.612709	-0.000522	-0.053031	2.950000
17	0.606952	-0.065641	0.074336	2.950000
18	0.605863	0.033722	0.100088	2.950000
19	0.607021	0.010800	-0.098149	2.950000
20	0.598362	0.000095	0.142082	2.950000
21	0.525961	-0.284351	-0.143996	2.950000
22	0.557422	0.162942	0.202376	2.950000
23	0.608145	-0.004737	0.091447	2.950000
24	0.614600	0.017060	-0.014190	2.950000
25	0.574672	0.187572	-0.113110	2.950000
26	0.612344	0.029935	0.048613	2.950000
27	0.544670	-0.211888	-0.191476	2.950000
28	0.532703	0.051469	0.302990	2.950000
29	0.603981	-0.079630	-0.084207	2.950000
30	0.610267	-0.044801	0.061583	2.950000
31	0.602065	0.118180	-0.042144	2.950000
32	0.542472	-0.171498	0.233533	2.950000
33	0.609077	-0.070182	-0.048214	2.950000
34	0.609814	-0.021312	-0.076794	2.950000
35	0.614456	-0.020428	-0.015858	2.950000
36	0.586258	-0.009129	-0.185587	2.950000
37	0.614597	-0.010859	0.019431	2.950000
38	0.614970	-0.005300	-0.002957	2.950000
39	0.612725	0.019137	0.049264	2.950000
40	0.600748	0.000954	-0.131626	2.950000
41	0.591369	-0.139801	-0.094679	2.950000
42	0.572926	-0.173598	-0.140869	2.950000
43	0.590331	0.046294	-0.166104	2.950000
44	0.602983	-0.117352	0.029403	2.950000
45	0.563764	-0.092113	-0.227838	2.950000
46	0.532231	-0.276526	0.135972	2.950000
47	0.610970	-0.038954	0.058508	2.950000
48	0.579193	-0.205799	-0.020182	2.950000
49	0.588933	-0.171267	0.045279	2.950000
50	0.611686	-0.028151	-0.057208	2.950000
51	0.610512	0.074140	-0.001854	2.950000
52	0.518629	0.205497	0.258882	2.950000
53	0.564174	0.213500	-0.119792	2.950000
54	0.522007	0.262473	-0.191941	2.950000
55	0.512954	0.336569	-0.042708	2.950000
56	0.601527	-0.108286	0.068296	2.950000
57	0.599310	0.135303	-0.027297	2.950000
58	0.603049	-0.088663	0.081830	2.950000
59	0.547662	-0.127875	-0.248877	2.950000
60	0.593634	0.159661	0.018228	2.950000
61	0.607307	0.041076	-0.087842	2.950000
62	0.605143	-0.044318	0.100314	2.950000
63	0.569529	0.156044	0.171792	2.950000
64	0.504188	0.339909	-0.092095	2.950000
65	0.612691	0.012704	0.051700	2.950000
66	0.570573	-0.042907	0.225456	2.950000
67	0.570726	0.179326	-0.142613	2.950000
68	0.600499	0.131726	0.016548	2.950000
69	0.583434	-0.192806	0.025599	2.950000
70	0.577580	0.070919	-0.198988	2.950000
71	0.606636	0.082411	-0.058533	2.950000
72	0.612529	-0.046115	-0.030120	2.950000
73	0.604545	0.100677	-0.051132	2.950000
74	0.613254	0.041161	0.021228	2.950000
75	0.602232	0.001471	-0.124659	2.950000
76	0.589819	-0.018148	0.173233	2.950000
77	0.452811	0.013170	0.415949	2.950000
78	0.600587	-0.004004	0.132306	2.950000
79	0.608127	-0.083924	0.036930	2.950000
80	0.593360	0.142323	0.076770	2.950000
81	0.598169	0.068171	0.125583	2.950000
82	0.566980	0.021301	0.237288	2.950000
83	0.598357	-0.074013	-0.121308	2.950000
84	0.609853	0.003092	-0.079338	2.950000
85	0.592080	0.115012	0.120161	2.950000
86	0.508688	-0.078378	0.336628	2.950000
87	0.593664	0.039482	-0.155656	2.950000
88	0.593826	-0.002307	0.159969	2.950000
89	0.571074	-0.000593	-0.228253	2.950000
90	0.598932	0.137480	0.024592	2.950000
91	0.608121	0.083749	0.037421	2.950000
92	0.607456	-0.093088	0.023598	2.950000
93	0.591078	0.013512	-0.169321	2.950000
94	0.595657	-0.148771	-0.035850	2.950000
95	0.566326	-0.238521	-0.024648	2.950000
96	0.609628	0.053786	-0.060715	2.950000
97	0.611700	0.057040	0.028197	2.950000
98	0.591192	0.006916	-0.169319	2.950000
99	0.588350	0.016432	-0.178323	2.950000
100	0.585449	-0.019640	0.187319	2.950000
101	0.599753	-0.093081	-0.099286	2.950000
102	0.592134	0.143934	0.082977	2.950000
103	0.608661	-0.064355	0.060128	2.950000
104	0.611460	0.002993	0.065824	2.950000
105	0.579703	-0.062891	-0.195484	2.950000
106	0.593754	-0.141747	0.074763	2.950000
107	0.603884	-0.067770	-0.094639	2.950000
108	0.467657	-0.122144	-0.380267	2.950000
109	0.486713	-0.008063	-0.375860	2.950000
110	0.571038	-0.157948	-0.164905	2.950000
111	0.530088	0.249653	0.186828	2.950000
112	0.577469	0.120992	-0.173537	2.950000
113	0.584433	0.054154	0.183659	2.950000
114	0.463825	-0.335203	0.225234	2.950000
115	0.589618	-0.136004	-0.109903	2.950000
116	0.586948	0.091856	0.158996	2.950000
117	0.525966	0.262297	-0.181065	2.950000
118	0.583773	-0.140067	0.133474	2.950000
119	0.591661	-0.159052	0.053528	2.950000
120	0.603238	-0.041108	0.112422	2.950000
121	0.561862	0.042903	-0.246363	2.950000
122	0.600531	0.018562	-0.131314	2.950000
123	0.600971	0.062951	0.114435	2.950000
124	0.596104	-0.139220	0.059187	2.950000
125	0.561876	-0.089610	0.233432	2.950000
126	0.595698	-0.150970	-0.024025	2.950000
127	0.608070	-0.061919	-0.068134	2.950000
128	0.592768	0.149136	-0.067890	2.950000
129	0.600560	0.076600	0.108097	2.950000
130	0.608086	0.088369	0.025442	2.950000
131	0.601627	0.115358	-0.054428	2.950000
132	0.588969	0.175603	0.022445	2.950000
133	0.599530	-0.136168	-0.015698	2.950000
134	0.604927	-0.066212	0.088904	2.950000
135	0.602003	-0.106924	0.066214	2.950000
136	0.596418	0.082305	-0.125443	2.950000
137	0.588750	0.137931	0.112130	2.950000
138	0.607033	0.089977	-0.040498	2.950000
139	0.602533	0.081923	0.092019	2.950000
140	0.559036	-0.166569	-0.194828	2.950000
141	0.562288	-0.244988	0.045148	2.950000
142	0.598369	0.101992	0.098877	2.950000
143	0.573608	-0.198356	-0.099266	2.950000
144	0.607846	0.068302	0.063897	2.950000
145	0.593579	-0.083288	-0.137667	2.950000
146	0.504320	-0.243534	-0.254121	2.950000
147	0.614480	0.002307	-0.025167	2.950000
148	0.583388	0.008275	0.194461	2.950000
149	0.604782	0.098462	-0.052618	2.950000
150	0.614782	-0.000146	0.016376	2.950000
151	0.577354	0.021593	0.210762	2.950000
152	0.613822	-0.034353	0.016370	2.950000
153	0.566468	-0.239159	-0.011912	2.950000
154	0.574595	-0.216675	-0.033433	2.950000
155	0.614534	-0.013080	-0.020042	2.950000
156	0.611165	0.067937	-0.009315	2.950000
157	0.612138	-0.059119	0.004161	2.950000
158	0.593115	0.157827	0.039124	2.950000
159	0.580001	-0.145478	0.143735	2.950000
160	0.603787	-0.114039	-0.025728	2.950000
161	0.505812	-0.292576	-0.191777	2.950000
162	0.609527	0.013413	-0.080758	2.950000
163	0.558666	-0.077884	-0.245053	2.950000
164	0.612991	-0.034763	0.035477	2.950000
165	0.595620	0.132541	-0.076776	2.950000
166	0.601630	0.127277	0.008219	2.950000
167	0.558455	-0.049783	0.252734	2.950000
168	0.553103	0.199120	-0.180701	2.950000
169	0.592739	0.095549	-0.133251	2.950000
170	0.590805	0.126310	0.114980	2.950000
171	0.610886	-0.068758	0.017765	2.950000
172	0.605497	-0.069768	0.082041	2.950000
173	0.589669	-0.040241	-0.169987	2.950000
174	0.605098	0.097797	-0.050168	2.950000
175	0.581053	0.086862	-0.181817	2.950000
176	0.584282	0.191651	-0.010434	2.950000
177	0.539810	0.107199	0.274479	2.950000
178	0.601526	-0.087311	0.093642	2.950000
179	0.609163	0.009373	0.084012	2.950000
180	0.581026	-0.092159	0.179276	2.950000
181	0.571490	0.218861	-0.061022	2.950000
182	0.608094	-0.034776	-0.085073	2.950000
183	0.602630	-0.057980	0.108169	2.950000
184	0.606600	0.003140	0.101251	2.950000
185	0.427615	0.264251	0.354319	2.950000
186	0.589077	0.021466	0.175364	2.950000
187	0.600954	-0.129810	0.015124	2.950000
188	0.582418	0.058590	-0.188632	2.950000
189	0.551522	0.254377	-0.096651	2.950000
190	0.598475	-0.116349	0.080716	2.950000
191	0.611928	-0.044407	-0.042391	2.950000
192	0.583936	0.078849	0.176142	2.950000
193	0.553337	-0.244015	0.111800	2.950000
194	0.512555	0.234409	0.246099	2.950000
195	0.607094	-0.087543	0.044696	2.950000
196	0.607313	-0.050756	0.082581	2.950000
197	0.600436	-0.113152	-0.069988	2.950000
198	0.606997	0.096143	0.023147	2.950000
199	0.607989	0.068033	0.062820	2.950000
200	0.581347	0.015620	-0.200041	2.950000
201	0.609766	0.076413	-0.023907	2.950000
202	0.584472	-0.092321	0.167614	2.950000
203	0.601666	-0.051671	0.116417	2.950000
204	0.601907	-0.047764	0.116842	2.950000
205	0.600532	0.055628	-0.120382	2.950000
206	0.592268	-0.165423	-0.008859	2.950000
207	0.605786	0.042202	-0.097303	2.950000
208	0.565585	0.241511	0.003241	2.950000
209	0.609484	0.064076	-0.051469	2.950000
210	0.611568	-0.059586	0.025669	2.950000
211	0.608501	-0.031639	-0.083367	2.950000
212	0.593848	0.093856	-0.129463	2.950000
213	0.591562	0.168091	0.005013	2.950000
214	0.609608	-0.038327	-0.071649	2.950000
215	0.599912	0.036042	0.130506	2.950000
216	0.614243	-0.003097	0.030347	2.950000
217	0.595587	-0.096844	0.118840	2.950000
218	0.598528	0.067790	-0.124073	2.950000
219	0.606547	0.090875	0.045477	2.950000
220	0.575970	0.068527	0.204420	2.950000
221	0.561497	-0.188301	0.165798	2.950000
222	0.522722	-0.183552	0.267012	2.950000
223	0.601177	-0.000098	0.129656	2.950000
224	0.598692	0.025312	0.138391	2.950000
225	0.591461	-0.164380	0.037122	2.950000
226	0.606534	0.052514	-0.087085	2.950000
227	0.585413	0.165710	-0.089762	2.950000
228	0.588363	-0.171723	0.050651	2.950000
229	0.609635	0.066786	-0.045936	2.950000
230	0.603441	0.077845	0.089579	2.950000
231	0.569619	-0.170151	-0.157505	2.950000
232	0.605349	-0.108006	0.010573	2.950000
233	0.608118	0.058776	-0.070451	2.950000
234	0.601010	-0.126736	0.030823	2.950000
235	0.608197	0.081052	-0.041859	2.950000
236	0.605208	-0.041701	-0.101042	2.950000
237	0.559797	0.008143	-0.254530	2.950000
238	0.591678	-0.142242	-0.088936	2.950000
239	0.613141	0.047416	0.005876	2.950000
240	0.529270	-0.024938	0.312211	2.950000
241	0.576147	0.215089	-0.003960	2.950000
242	0.587115	-0.117409	0.140486	2.950000
243	0.614947	-0.003127	-0.007454	2.950000
244	0.593616	-0.126781	0.098850	2.950000
245	0.588691	-0.177887	-0.004844	2.950000
246	0.600835	-0.130497	-0.013909	2.950000
247	0.610782	-0.034908	-0.062867	2.950000
248	0.515104	0.245646	-0.229239	2.950000
249	0.586837	0.113593	-0.144722	2.950000
250	0.564217	-0.179137	-0.166715	2.950000
251	0.600673	-0.117653	0.059792	2.950000
252	0.603670	-0.065823	0.097341	2.950000
253	0.608657	0.000475	0.088102	2.950000
254	0.607052	-0.030731	0.093639	2.950000
255	0.612304	0.028377	0.050031	2.950000
256	0.614254	-0.022272	-0.020514	2.950000
257	0.594816	0.135257	0.078262	2.950000
258	0.561454	0.198261	-0.153905	2.950000
259	0.580476	0.137082	0.149938	2.950000
260	0.612269	-0.006625	-0.057517	2.950000
261	0.606905	0.061797	-0.077926	2.950000
262	0.608023	-0.086893	-0.031340	2.950000
263	0.608234	0.032927	-0.084806	2.950000
264	0.611269	0.030640	-0.060304	2.950000
265	0.578912	0.096816	-0.183611	2.950000
266	0.575800	0.020297	-0.215098	2.950000
267	0.613710	0.023745	-0.031950	2.950000
268	0.594409	0.143742	-0.065128	2.950000
269	0.609685	-0.070561	-0.039124	2.950000
270	0.609809	0.031875	-0.073087	2.950000
271	0.595884	0.120087	-0.093416	2.950000
272	0.610463	-0.027417	-0.069345	2.950000
273	0.575997	0.197135	-0.087124	2.950000
274	0.596008	0.096514	-0.116983	2.950000
275	0.607271	0.083282	-0.050113	2.950000
276	0.570587	-0.090142	-0.211021	2.950000
277	0.550998	0.263396	-0.072446	2.950000
278	0.602146	0.022867	-0.122974	2.950000
279	0.591347	0.126488	-0.111959	2.950000
280	0.602221	0.115390	0.047331	2.950000
281	0.596590	0.145100	0.035373	2.950000
282	0.599976	-0.073236	0.113534	2.950000
283	0.611052	0.014952	0.067950	2.950000
284	0.612769	0.032554	-0.040976	2.950000
285	0.582915	0.029364	0.193838	2.950000
286	0.597813	-0.117280	0.084203	2.950000
287	0.611637	0.014533	-0.062564	2.950000
288	0.605453	0.106449	-0.017885	2.950000
289	0.581108	0.094271	0.177907	2.950000
290	0.554799	0.093327	0.248421	2.950000
291	0.588164	-0.137068	0.116190	2.950000
292	0.600237	0.041012	-0.127510	2.950000
293	0.594932	0.025696	-0.153689	2.950000
294	0.593936	-0.091578	0.130685	2.950000
295	0.605876	-0.031067	0.100868	2.950000
296	0.572458	-0.189442	-0.120947	2.950000
297	0.602648	0.099706	0.071410	2.950000
298	0.607403	-0.044601	-0.085427	2.950000
299	0.548999	-0.145428	0.235957	2.950000
300	0.607968	-0.088847	0.026571	2.950000
301	0.601092	0.123804	-0.039830	2.950000
302	0.570614	0.181191	-0.140694	2.950000
303	0.614007	0.032846	0.011873	2.950000
304	0.596032	-0.132385	0.073795	2.950000
305	0.610339	0.035232	-0.066861	2.950000
306	0.609968	0.070587	0.034377	2.950000
307	0.587494	-0.138887	-0.117415	2.950000
308	0.610243	-0.052919	0.055028	2.950000
309	0.593183	-0.022547	-0.160782	2.950000
310	0.611248	-0.005804	-0.067582	2.950000
311	0.550509	0.025573	-0.272966	2.950000
312	0.589576	-0.123628	-0.123858	2.950000
313	0.606718	-0.088724	-0.047397	2.950000
314	0.581801	0.134953	0.146698	2.950000
315	0.571119	0.186132	0.131920	2.950000
316	0.572478	0.189488	-0.120781	2.950000
317	0.598622	-0.071339	-0.121602	2.950000
318	0.611732	-0.039364	0.049598	2.950000
319	0.609384	-0.005689	0.082729	2.950000
320	0.572656	0.224249	0.001540	2.950000
321	0.577593	0.194850	-0.081518	2.950000
322	0.599387	0.128023	0.050702	2.950000
323	0.576207	-0.085139	0.197387	2.950000
324	0.576901	0.058144	0.205012	2.950000
325	0.610361	0.075215	-0.005178	2.950000
326	0.610847	0.068776	-0.019000	2.950000
327	0.609830	-0.021018	0.076752	2.950000
328	0.612778	-0.017358	-0.049262	2.950000
329	0.479710	0.109480	0.368941	2.950000
330	0.599759	0.040802	0.129807	2.950000
331	0.605755	0.040449	-0.098232	2.950000
332	0.608702	0.064413	0.059649	2.950000
333	0.607138	-0.084365	0.049911	2.950000
334	0.607414	0.014793	-0.095154	2.950000
335	0.613176	0.007238	-0.046768	2.950000
336	0.611155	0.058681	-0.035646	2.950000
337	0.614107	0.022760	-0.024066	2.950000
338	0.612441	0.053637	0.016235	2.950000
339	0.586922	-0.146033	0.111454	2.950000
340	0.607971	0.083256	-0.040801	2.950000
341	0.612774	0.048127	0.020403	2.950000
342	0.602206	0.039333	-0.118430	2.950000
343	0.608325	0.021494	-0.087770	2.950000
344	0.598437	-0.042151	0.135355	2.950000
345	0.573251	0.040893	0.218943	2.950000
346	0.601215	0.124343	0.036115	2.950000
347	0.592646	-0.076967	0.145163	2.950000
348	0.614302	0.028550	-0.006518	2.950000
349	0.607763	0.090432	0.025905	2.950000
350	0.611025	-0.067959	0.015968	2.950000
351	0.613674	-0.033119	0.023075	2.950000
352	0.602618	0.118904	0.030629	2.950000
353	0.580296	0.069747	0.191354	2.950000
354	0.600844	-0.121087	-0.050494	2.950000
355	0.612059	-0.007555	0.059600	2.950000
356	0.587666	-0.173928	0.051214	2.950000
357	0.598168	-0.140038	-0.028459	2.950000
358	0.580706	-0.199640	-0.033912	2.950000
359	0.609379	0.050582	-0.065755	2.950000
360	0.553313	0.160791	-0.214979	2.950000
361	0.601882	0.109656	-0.062754	2.950000
362	0.602439	-0.123657	0.000959	2.950000
363	0.591357	-0.157805	-0.060160	2.950000
364	0.581451	-0.016716	0.199651	2.950000
365	0.595049	-0.124991	-0.092300	2.950000
366	0.605737	-0.100610	-0.034437	2.950000
367	0.599976	-0.053815	-0.123924	2.950000
368	0.584705	0.139595	-0.129837	2.950000
369	0.605702	0.106417	0.004986	2.950000
370	0.589221	-0.020511	-0.174995	2.950000
371	0.612064	-0.036611	-0.047569	2.950000
372	0.606409	0.102182	0.007250	2.950000
373	0.566944	-0.104196	-0.214342	2.950000
374	0.607610	0.089356	0.032421	2.950000
375	0.569321	0.142841	-0.183562	2.950000
376	0.584787	0.120364	-0.147517	2.950000
377	0.602313	0.018909	-0.122825	2.950000
378	0.606083	0.104001	0.008484	2.950000
379	0.612697	-0.013572	0.051407	2.950000
380	0.569340	-0.116388	-0.201323	2.950000
381	0.593131	0.116015	-0.113846	2.950000
382	0.597628	0.112638	0.091535	2.950000
383	0.589233	0.167284	-0.055183	2.950000
384	0.559052	0.167474	0.194006	2.950000
385	0.598632	0.074581	0.119593	2.950000
386	0.614680	0.006112	0.018868	2.950000
387	0.552227	-0.191910	-0.190895	2.950000
388	0.604659	-0.028981	-0.108501	2.950000
389	0.590602	0.077613	0.152941	2.950000
390	0.611057	0.003196	0.069454	2.950000
391	0.579287	0.081429	0.189792	2.950000
392	0.585472	-0.024148	0.186721	2.950000
393	0.605377	0.017305	-0.106978	2.950000
394	0.582285	-0.197716	-0.008847	2.950000
395	0.611294	0.063345	0.023069	2.950000
396	0.613679	0.001537	-0.040254	2.950000
397	0.561613	0.009543	0.250449	2.950000
398	0.586188	0.096331	0.159150	2.950000
399	0.609123	-0.077427	0.034625	2.950000
400	0.559005	0.104310	-0.234218	2.950000
401	0.613563	0.023256	-0.034992	2.950000
402	0.602028	-0.093820	0.083573	2.950000
403	0.570362	-0.085944	-0.213369	2.950000
404	0.599657	-0.018771	-0.135220	2.950000
405	0.611892	-0.030028	0.053963	2.950000
406	0.582219	-0.195353	-0.032909	2.950000
407	0.603994	0.054398	0.102261	2.950000
408	0.583291	0.162865	-0.107103	2.950000
409	0.589734	0.127623	-0.118959	2.950000
410	0.577534	-0.205872	-0.047919	2.950000
411	0.584698	0.181077	0.059704	2.950000
412	0.609025	0.079486	-0.031543	2.950000
413	0.579958	-0.162108	-0.124878	2.950000
414	0.604950	-0.003694	-0.110667	2.950000
415	0.612828	-0.009994	0.050667	2.950000
416	0.602757	-0.095233	-0.076416	2.950000
417	0.610581	0.055958	-0.047802	2.950000
418	0.527011	-0.316155	0.023044	2.950000
419	0.598738	0.139263	-0.018530	2.950000
420	0.603650	0.113275	-0.031629	2.950000
421	0.607339	0.025196	-0.093429	2.950000
422	0.610252	0.013863	0.075006	2.950000
423	0.612123	-0.033330	0.049193	2.950000
424	0.614730	-0.018044	0.002426	2.950000
425	0.576336	0.203258	-0.068905	2.950000
426	0.610647	0.034723	-0.064264	2.950000
427	0.568952	-0.057224	-0.226372	2.950000
428	0.595138	0.150640	0.036652	2.950000
429	0.609477	0.072091	-0.039569	2.950000
430	0.597327	-0.144263	0.024769	2.950000
431	0.575324	0.071873	-0.205089	2.950000
432	0.594551	-0.156786	-0.012322	2.950000
433	0.573877	-0.212608	0.060731	2.950000
434	0.589713	0.146674	0.094606	2.950000
435	0.591934	0.164007	0.030662	2.950000
436	0.611580	-0.064516	0.005689	2.950000
437	0.605368	-0.108409	-0.001214	2.950000
438	0.588928	-0.169857	0.050378	2.950000
439	0.612660	0.025584	0.047101	2.950000
440	0.598831	0.018069	-0.138923	2.950000
441	0.613315	-0.036851	0.026669	2.950000
442	0.607538	0.048491	0.082290	2.950000
443	0.459352	-0.145650	0.382109	2.950000
444	0.607220	-0.089484	-0.038754	2.950000
445	0.612756	-0.037730	-0.036490	2.950000
446	0.575269	-0.214142	0.037859	2.950000
447	0.598110	0.098214	0.104129	2.950000
448	0.542750	0.208795	-0.200129	2.950000
449	0.602752	0.032603	0.117696	2.950000
450	0.593740	0.154553	-0.042558	2.950000
451	0.561958	0.105128	0.226662	2.950000
452	0.613486	0.034475	0.025915	2.950000
453	0.570209	-0.207794	-0.099543	2.950000
454	0.609968	0.032351	0.071541	2.950000
455	0.609376	-0.078274	-0.027548	2.950000
456	0.604011	0.108873	0.039275	2.950000
457	0.531604	-0.290574	-0.105779	2.950000
458	0.606196	-0.072969	-0.073672	2.950000
459	0.588688	0.124477	-0.127189	2.950000
460	0.610707	0.072318	0.005657	2.950000
461	0.585429	0.103418	0.157489	2.950000
462	0.602739	0.048597	-0.112113	2.950000
463	0.607311	-0.040580	-0.088042	2.950000
464	0.612276	-0.057778	0.002243	2.950000
465	0.603958	-0.032582	0.111348	2.950000
466	0.602702	-0.038529	0.116150	2.950000
467	0.603035	0.108464	-0.053005	2.950000
468	0.610901	-0.059361	0.038740	2.950000
469	0.586859	0.133624	-0.126357	2.950000
470	0.575537	0.125454	-0.176758	2.950000
471	0.590529	-0.091079	-0.145619	2.950000
472	0.599053	-0.013514	-0.138484	2.950000
473	0.601595	-0.075787	0.102787	2.950000
474	0.584207	-0.192140	-0.003033	2.950000
475	0.612265	-0.040157	0.041766	2.950000
476	0.611371	-0.052535	0.041112	2.950000
477	0.611178	0.048652	0.048157	2.950000
478	0.608192	0.052616	0.074561	2.950000
479	0.516793	0.314559	-0.110467	2.950000
480	0.575490	0.173971	-0.129501	2.950000
481	0.610314	0.069167	-0.030956	2.950000
482	0.608881	-0.021659	-0.083785	2.950000
483	0.601973	-0.028879	-0.122557	2.950000
484	0.595600	0.037732	-0.148533	2.950000
485	0.591965	0.098844	-0.134283	2.950000
486	0.610797	-0.008671	-0.071253	2.950000
487	0.609857	0.046941	-0.064003	2.950000
488	0.591311	0.047820	-0.162142	2.950000
489	0.567195	-0.120443	0.204958	2.950000
490	0.592941	-0.135600	-0.090878	2.950000
491	0.579232	-0.111174	0.174228	2.950000
492	0.608043	0.092071	-0.005643	2.950000
493	0.614431	-0.023551	0.012056	2.950000
494	0.607321	0.058784	-0.077010	2.950000
495	0.590908	0.128667	0.111794	2.950000
496	0.589245	0.123085	0.125958	2.950000
497	0.589277	-0.095478	-0.147855	2.950000
498	0.597017	-0.147333	-0.009434	2.950000
499	0.587296	-0.068085	-0.169330	2.950000
500	0.596121	0.004850	0.151133	2.950000
501	0.584799	-0.140247	0.128708	2.950000
502	0.589029	0.176801	-0.003343	2.950000
503	0.608763	0.051155	-0.070826	2.950000
504	0.576716	-0.100090	0.188695	2.950000
505	0.599523	0.044462	0.129691	2.950000
506	0.503075	0.274062	0.223676	2.950000
507	0.607451	-0.026717	0.092275	2.950000
508	0.567334	-0.125302	0.201634	2.950000
509	0.606471	0.056212	0.085193	2.950000
510	0.593229	0.021681	0.160730	2.950000
511	0.598929	0.108786	-0.087605	2.950000
512	0.604523	0.054044	0.099281	2.950000
513	0.479968	0.270149	-0.273634	2.950000
514	0.574852	0.185382	-0.115772	2.950000
515	0.585825	0.186527	0.015550	2.950000
516	0.613551	-0.026822	0.032567	2.950000
517	0.605361	0.108208	-0.007337	2.950000
518	0.584169	0.094205	0.167622	2.950000
519	0.608659	-0.004726	0.087959	2.950000
520	0.586085	0.185645	-0.016301	2.950000
521	0.586936	0.090044	-0.160074	2.950000
522	0.603091	-0.005878	0.120299	2.950000
523	0.552166	0.238866	-0.127598	2.950000
524	0.558376	-0.214923	0.142301	2.950000
525	0.582928	0.102452	0.167104	2.950000
526	0.587785	-0.115936	0.138897	2.950000
527	0.586347	0.168380	0.077909	2.950000
528	0.587889	-0.007146	-0.180445	2.950000
529	0.611171	-0.027147	-0.062909	2.950000
530	0.603937	-0.074681	-0.088925	2.950000
531	0.603620	-0.113121	0.032745	2.950000
532	0.597579	0.067817	-0.128552	2.950000
533	0.608471	0.004895	-0.089243	2.950000
534	0.608751	-0.026136	0.083452	2.950000
535	0.586407	0.184373	0.018943	2.950000
536	0.586179	0.053160	-0.178308	2.950000
537	0.532590	-0.034419	-0.305595	2.950000
538	0.575113	-0.216154	-0.027342	2.950000
539	0.596866	0.041236	0.142392	2.950000
540	0.591992	0.002947	0.166617	2.950000
541	0.597595	0.136808	0.048870	2.950000
542	0.527538	0.127471	0.289274	2.950000
543	0.588458	0.128526	-0.124192	2.950000
544	0.574580	0.217377	-0.028811	2.950000
545	0.614244	-0.027316	0.013545	2.950000
546	0.607919	-0.066523	0.065070	2.950000
547	0.604383	0.037568	-0.107399	2.950000
548	0.595325	0.025145	-0.152252	2.950000
549	0.606991	0.006743	0.098701	2.950000
550	0.556953	-0.126471	0.228108	2.950000
551	0.613474	0.022447	0.037021	2.950000
552	0.596485	-0.149657	0.005790	2.950000
553	0.564649	-0.187597	-0.155577	2.950000
554	0.613249	0.042217	0.019201	2.950000
555	0.613358	-0.001539	0.044883	2.950000
556	0.605793	-0.019641	0.104184	2.950000
557	0.611816	-0.056303	-0.027128	2.950000
558	0.586359	0.053659	0.177565	2.950000
559	0.588290	-0.171249	-0.053043	2.950000
560	0.613407	-0.023098	0.037727	2.950000
561	0.611058	0.057969	0.038382	2.950000
562	0.593797	-0.160078	0.002165	2.950000
563	0.577586	0.021570	-0.210129	2.950000
564	0.613586	0.032991	0.025474	2.950000
565	0.523712	0.278553	0.162354	2.950000
566	0.596205	-0.066509	0.135428	2.950000
567	0.608290	0.008563	-0.090192	2.950000
568	0.613167	0.037801	0.028674	2.950000
569	0.604552	-0.052212	-0.100079	2.950000
570	0.605251	-0.026746	0.105742	2.950000
571	0.614084	-0.007569	0.032681	2.950000
572	0.611440	0.011423	-0.065078	2.950000
573	0.593050	0.130299	-0.097667	2.950000
574	0.612911	0.040758	0.030062	2.950000
575	0.611645	0.039418	-0.050609	2.950000
576	0.600752	0.028028	0.128595	2.950000
577	0.592782	-0.161656	0.026485	2.950000
578	0.578902	-0.207484	0.006872	2.950000
579	0.608294	-0.006211	0.090357	2.950000
580	0.613668	0.010367	0.039107	2.950000
581	0.592012	0.111735	-0.123539	2.950000
582	0.609810	0.078166	-0.015701	2.950000
583	0.604733	0.095530	-0.058285	2.950000
584	0.612206	0.047110	0.034773	2.950000
585	0.612972	-0.046375	0.018433	2.950000
586	0.591918	-0.109397	-0.126055	2.950000
587	0.601353	0.120653	-0.045189	2.950000
588	0.611957	0.026864	-0.054879	2.950000
589	0.593491	0.108678	-0.119090	2.950000
590	0.607970	0.079886	0.047075	2.950000
591	0.601226	-0.035936	0.124341	2.950000
592	0.605138	-0.036827	0.103326	2.950000
593	0.607151	0.054397	-0.081445	2.950000
594	0.614373	0.002592	-0.027651	2.950000
595	0.593145	-0.074605	-0.144354	2.950000
596	0.611893	0.059635	0.015972	2.950000
597	0.603687	0.114720	-0.025019	2.950000
598	0.590749	0.064855	-0.158221	2.950000
599	0.591274	-0.105284	-0.132420	2.950000
600	0.581370	-0.023745	-0.199172	2.950000
601	0.611043	0.065228	0.024434	2.950000
602	0.613353	-0.044914	-0.002301	2.950000
603	0.580037	-0.070879	0.191724	2.950000
604	0.587322	0.128723	0.129259	2.950000
605	0.594575	0.125611	0.094483	2.950000
606	0.568382	0.152619	0.178532	2.950000
607	0.607986	-0.089564	0.023589	2.950000
608	0.604141	-0.038674	0.108364	2.950000
609	0.584194	0.143464	0.127907	2.950000
610	0.587790	0.122254	0.133347	2.950000
611	0.593549	-0.100436	0.125846	2.950000
612	0.609173	0.072793	-0.042830	2.950000
613	0.584799	0.128069	0.140831	2.950000
614	0.595762	-0.077280	0.131606	2.950000
615	0.595089	-0.022685	0.153555	2.950000
616	0.608012	-0.056184	0.073417	2.950000
617	0.599201	0.103072	0.092519	2.950000
618	0.591318	-0.084422	0.146426	2.950000
619	0.600008	0.117064	0.067167	2.950000
620	0.547440	0.255986	-0.114041	2.950000
621	0.565126	0.165015	-0.177840	2.950000
622	0.609367	0.079639	0.023558	2.950000
623	0.608362	-0.089612	-0.009513	2.950000
624	0.576685	-0.202258	-0.068928	2.950000
625	0.611999	0.008057	0.060147	2.950000
626	0.610846	-0.002891	-0.071303	2.950000
627	0.612482	-0.055301	-0.005720	2.950000
628	0.594498	0.064639	0.143592	2.950000
629	0.600461	0.015517	-0.132025	2.950000
630	0.603142	0.045905	-0.111073	2.950000
631	0.601733	0.020042	-0.125462	2.950000
632	0.613956	0.013050	0.033361	2.950000
633	0.614448	0.017760	-0.019074	2.950000
634	0.526999	0.195922	-0.249221	2.950000
635	0.593910	-0.158502	0.019308	2.950000
636	0.600804	-0.026296	0.128716	2.950000
637	0.585751	0.180530	0.050298	2.950000
638	0.610348	0.074774	0.010457	2.950000
639	0.541263	-0.132579	-0.260158	2.950000
640	0.611234	0.009642	-0.067267	2.950000
641	0.508381	0.307078	-0.159613	2.950000
642	0.546919	0.068017	0.272908	2.950000
643	0.587759	-0.177794	-0.033964	2.950000
644	0.613018	-0.006449	-0.048908	2.950000
645	0.598290	-0.126942	-0.064495	2.950000
646	0.557074	-0.052048	0.255312	2.950000
647	0.519803	-0.137490	0.298541	2.950000
648	0.561607	0.250622	0.003368	2.950000
649	0.614995	0.002174	-0.001211	2.950000
650	0.573604	-0.206368	0.081336	2.950000
651	0.596457	-0.021396	-0.148345	2.950000
652	0.598925	-0.125198	-0.061962	2.950000
653	0.572678	0.222654	-0.026266	2.950000
654	0.598991	-0.076131	0.116786	2.950000
655	0.559706	-0.094205	0.236811	2.950000
656	0.614581	-0.021375	0.007622	2.950000
657	0.588484	-0.169013	-0.057847	2.950000
658	0.561101	-0.062983	-0.243769	2.950000
659	0.602335	-0.025074	-0.121608	2.950000
660	0.593173	0.134822	0.090517	2.950000
661	0.584095	0.044903	-0.187195	2.950000
662	0.605461	-0.086535	-0.064453	2.950000
663	0.608544	0.086965	0.018347	2.950000
664	0.604785	0.054484	0.097424	2.950000
665	0.610261	-0.013441	-0.075003	2.950000
666	0.568549	0.086457	-0.217949	2.950000
667	0.571262	-0.173513	-0.147573	2.950000
668	0.604443	-0.111959	0.018411	2.950000
669	0.591545	-0.086415	-0.144333	2.950000
670	0.527362	-0.199858	0.245299	2.950000
671	0.598576	0.093672	-0.105630	2.950000
672	0.603249	0.076181	0.092260	2.950000
673	0.529221	0.307199	0.061470	2.950000
674	0.611799	0.042172	-0.046357	2.950000
675	0.613079	0.005569	-0.048248	2.950000
676	0.614990	0.000254	0.003490	2.950000
677	0.608331	-0.077856	0.045793	2.950000
678	0.610419	-0.052506	-0.053452	2.950000
679	0.596168	0.141101	-0.053845	2.950000
680	0.583431	0.062485	0.184197	2.950000
681	0.611508	-0.028940	0.058701	2.950000
682	0.614078	-0.017156	-0.028954	2.950000
683	0.608926	-0.018339	-0.084247	2.950000
684	0.588709	0.000252	-0.177895	2.950000
685	0.598762	-0.029789	0.137194	2.950000
686	0.578203	0.065979	0.198881	2.950000
687	0.586347	-0.169645	-0.075117	2.950000
688	0.575055	-0.177967	-0.125952	2.950000
689	0.609675	0.056169	-0.058019	2.950000
690	0.554902	0.230967	-0.130244	2.950000
691	0.612664	0.045594	0.028079	2.950000
692	0.613927	0.000483	-0.036315	2.950000
693	0.573513	-0.210205	-0.071566	2.950000
694	0.582290	0.054247	0.190316	2.950000
695	0.591463	0.168295	0.008584	2.950000
696	0.569455	-0.227293	0.047791	2.950000
697	0.602718	0.118007	0.032095	2.950000
698	0.582667	-0.128996	-0.148608	2.950000
699	0.514769	0.250656	0.224521	2.950000
700	0.585595	-0.114538	0.148946	2.950000
701	0.601787	-0.118892	-0.044074	2.950000
702	0.607514	-0.042283	-0.085811	2.950000
703	0.565810	0.013170	-0.240646	2.950000
704	0.593408	0.150020	0.059887	2.950000
705	0.555713	-0.187761	0.184809	2.950000
706	0.580989	0.035393	0.198556	2.950000
707	0.608309	0.090364	0.004379	2.950000
708	0.577570	0.161597	0.136104	2.950000
709	0.559960	0.140250	0.212133	2.950000
710	0.399844	0.353644	0.305427	2.950000
711	0.595574	-0.140978	-0.060345	2.950000
712	0.593555	-0.135463	0.086988	2.950000
713	0.600899	0.092970	0.092204	2.950000
714	0.609706	-0.047250	0.065197	2.950000
715	0.607810	0.069533	0.062902	2.950000
716	0.606452	-0.011906	-0.101486	2.950000
717	0.579421	0.075221	-0.191933	2.950000
718	0.569160	0.210948	-0.098909	2.950000
719	0.567532	0.210362	0.108997	2.950000
720	0.603546	0.076147	0.090328	2.950000
721	0.581121	0.176315	0.097141	2.950000
722	0.590259	-0.056052	0.163332	2.950000
723	0.581998	-0.158773	-0.119561	2.950000
724	0.613556	0.026928	0.032394	2.950000
725	0.607291	0.056491	0.078938	2.950000
726	0.551637	0.270782	-0.024475	2.950000
727	0.473356	0.305381	-0.246783	2.950000
728	0.614413	0.001739	0.026818	2.950000
729	0.605583	-0.014375	-0.106242	2.950000
730	0.606831	-0.009461	0.099454	2.950000
731	0.614461	0.018675	0.017730	2.950000
732	0.600537	0.131406	0.017668	2.950000
733	0.580668	-0.199477	0.035475	2.950000
734	0.558063	0.227419	0.122765	2.950000
735	0.578144	0.164666	-0.129847	2.950000
736	0.572377	-0.136636	-0.178719	2.950000
737	0.598301	-0.106157	-0.094826	2.950000
738	0.608790	0.043974	0.075275	2.950000
739	0.613917	0.034044	0.013114	2.950000
740	0.596579	-0.130382	-0.072932	2.950000
741	0.613628	0.007102	0.040433	2.950000
742	0.558756	-0.243256	-0.082725	2.950000
743	0.597086	-0.146571	-0.015165	2.950000
744	0.584808	-0.143285	0.125275	2.950000
745	0.608978	0.007350	-0.085541	2.950000
746	0.537365	0.298429	-0.020103	2.950000
747	0.587304	-0.106263	-0.148349	2.950000
748	0.610950	-0.066768	-0.022520	2.950000
749	0.535042	0.210183	-0.218582	2.950000
750	0.613789	-0.038511	-0.002123	2.950000
751	0.600876	-0.115232	-0.062405	2.950000
752	0.609525	0.078771	0.022359	2.950000
753	0.607131	-0.077204	-0.060467	2.950000
754	0.557270	-0.191750	0.175803	2.950000
755	0.613230	-0.004937	-0.046364	2.950000
756	0.614366	-0.002706	-0.027778	2.950000
757	0.576685	-0.063481	0.204033	2.950000
758	0.534305	-0.028663	-0.303186	2.950000
759	0.596081	0.140350	0.056695	2.950000
760	0.612465	-0.003561	0.055674	2.950000
761	0.598908	-0.026188	0.137289	2.950000
762	0.478986	0.124801	0.364996	2.950000
763	0.601722	0.001240	0.127101	2.950000
764	0.585867	0.005012	-0.186975	2.950000
765	0.605385	0.010081	0.107852	2.950000
766	0.611053	0.068052	-0.014437	2.950000
767	0.595645	-0.147324	-0.041570	2.950000
768	0.603213	0.050913	0.108473	2.950000
769	0.562177	0.245492	0.043765	2.950000
770	0.586405	-0.008448	0.185157	2.950000
771	0.517992	-0.326164	0.059380	2.950000
772	0.607964	0.038059	-0.084594	2.950000
773	0.614471	-0.022204	-0.012543	2.950000
774	0.613214	0.045261	-0.012041	2.950000
775	0.541897	-0.289806	0.024187	2.950000
776	0.518126	-0.328826	-0.040540	2.950000
777	0.614478	-0.015443	0.020096	2.950000
778	0.612570	0.047519	-0.026931	2.950000
779	0.614492	-0.021624	-0.012553	2.950000
780	0.613955	0.024307	0.026329	2.950000
781	0.595547	-0.112924	0.103905	2.950000
782	0.601520	-0.074916	0.103858	2.950000
783	0.578033	0.157759	0.138618	2.950000
784	0.606125	0.006245	-0.103915	2.950000
785	0.607134	0.054024	-0.081822	2.950000
786	0.576179	0.133763	-0.168375	2.950000
787	0.553428	0.148657	-0.223257	2.950000
788	0.611956	-0.058072	-0.019040	2.950000
789	0.606635	0.021967	0.098670	2.950000
790	0.611889	-0.047985	-0.038913	2.950000
791	0.609444	-0.052691	-0.063456	2.950000
792	0.612717	-0.024355	0.047013	2.950000
793	0.595875	0.124413	-0.087632	2.950000
794	0.601247	0.083716	0.098584	2.950000
795	0.569456	-0.166969	0.161451	2.950000
796	0.604648	-0.089855	-0.067469	2.950000
797	0.608506	-0.022571	-0.086231	2.950000
798	0.596483	-0.022711	-0.148047	2.950000
799	0.594985	0.155369	0.008842	2.950000
800	0.606682	0.100450	-0.008476	2.950000
801	0.612047	0.060190	-0.000459	2.950000
802	0.605903	0.061433	-0.085633	2.950000
803	0.594109	-0.114158	0.110576	2.950000
804	0.605968	-0.086280	0.059862	2.950000
805	0.583842	-0.088007	0.172070	2.950000
806	0.587884	0.018138	0.179689	2.950000
807	0.586333	0.075332	0.169598	2.950000
808	0.594175	0.149768	0.052445	2.950000
809	0.600464	-0.061135	0.118027	2.950000
810	0.584346	0.052723	0.184350	2.950000
811	0.613206	-0.034658	0.031662	2.950000
812	0.603312	-0.037655	-0.113231	2.950000
813	0.581589	-0.141094	0.141674	2.950000
814	0.573509	-0.219999	-0.030205	2.950000
815	0.601196	-0.126625	-0.027460	2.950000
816	0.563789	0.171043	0.176383	2.950000
817	0.559686	0.251489	0.041594	2.950000
818	0.571805	0.221936	0.044819	2.950000
819	0.603320	0.013092	0.118568	2.950000
820	0.606532	0.083866	0.057540	2.950000
821	0.591525	-0.152776	0.070591	2.950000
822	0.554153	0.250250	0.092275	2.950000
823	0.574023	0.141690	0.169253	2.950000
824	0.558665	0.227802	-0.119266	2.950000
825	0.543592	0.256405	-0.130344	2.950000
826	0.578843	0.206764	0.020360	2.950000
827	0.601198	0.039993	-0.123235	2.950000
828	0.589777	-0.134603	0.110771	2.950000
829	0.598728	-0.027888	0.137739	2.950000
830	0.602974	0.029300	-0.117428	2.950000
831	0.612499	0.038143	-0.040192	2.950000
832	0.518944	0.328236	0.034399	2.950000
833	0.564239	0.087125	-0.228622	2.950000
834	0.612044	-0.019640	0.056936	2.950000
835	0.594544	-0.150102	0.047026	2.950000
836	0.614326	-0.006564	-0.028030	2.950000
837	0.550752	0.074273	-0.263402	2.950000
838	0.572092	0.037029	-0.222630	2.950000
839	0.589429	-0.134328	0.112933	2.950000
840	0.607118	-0.067702	0.071061	2.950000
841	0.579630	-0.042162	-0.201187	2.950000
842	0.606385	0.018518	-0.100891	2.950000
843	0.523175	0.171831	0.273839	2.950000
844	0.557488	-0.165062	0.200467	2.950000
845	0.578421	-0.060418	-0.200010	2.950000
846	0.548344	0.160759	-0.227377	2.950000
847	0.567938	-0.235488	0.014721	2.950000
848	0.572589	-0.172439	0.143635	2.950000
849	0.597737	0.143510	-0.018433	2.950000
850	0.576042	0.192524	-0.096620	2.950000
