1	0.573634	-0.217569	-0.042813	2.540000
2	0.435091	-0.202694	0.384494	2.540000
3	0.580076	-0.141290	-0.147561	2.540000
4	0.575074	0.200591	-0.085311	2.540000
5	0.586142	0.166747	0.082816	2.540000
6	0.527598	-0.190478	0.252158	2.540000
7	0.575155	-0.175078	-0.129497	2.540000
8	0.592791	0.152422	-0.059929	2.540000
9	0.592962	-0.151592	-0.060336	2.540000
10	0.610243	0.013830	-0.075077	2.540000
11	0.552639	-0.269678	-0.009428	2.540000
12	0.609860	-0.079119	0.005971	2.540000
13	0.607945	-0.091155	0.017852	2.540000
14	0.583335	-0.169597	0.095821	2.540000
15	0.591038	-0.124777	-0.115456	2.540000
16	0.601433	-0.054892	0.116149	2.540000
17	0.594251	-0.158344	-0.004302	2.540000
18	0.607876	-0.062006	0.069763	2.540000
19	0.593997	-0.084965	0.134811	2.540000
20	0.582254	-0.177779	0.087179	2.540000
21	0.608417	-0.078743	0.043048	2.540000
22	0.528892	0.170221	-0.263672	2.540000
23	0.610883	-0.068354	-0.019348	2.540000
24	0.614262	-0.029971	0.002929	2.540000
25	0.576779	-0.056077	0.205927	2.540000
26	0.554794	-0.143102	0.223497	2.540000
27	0.561408	-0.248813	0.033740	2.540000
28	0.554497	-0.231744	-0.130585	2.540000
29	0.609841	0.065880	-0.044488	2.540000
30	0.550487	0.123666	0.244736	2.540000
31	0.614971	0.005967	0.000342	2.540000
32	0.589862	-0.020747	-0.172794	2.540000
33	0.609478	-0.023679	0.078745	2.540000
34	0.609914	-0.058659	-0.052808	2.540000
35	0.545298	-0.117199	-0.259113	2.540000
36	0.611973	0.059936	0.011005	2.540000
37	0.594334	-0.154634	0.032872	2.540000
38	0.548989	-0.277159	-0.004296	2.540000
39	0.609498	0.067448	0.046772	2.540000
40	0.610999	0.047332	-0.051624	2.540000
41	0.540824	0.262030	-0.130671	2.540000
42	0.578332	-0.166232	0.126979	2.540000
43	0.481298	-0.095988	0.370625	2.540000
44	0.607548	-0.095368	-0.003908	2.540000
45	0.614563	0.023073	0.002348	2.540000
46	0.580018	-0.203808	-0.016311	2.540000
47	0.594927	-0.096259	-0.122562	2.540000
48	0.576998	0.193322	-0.089024	2.540000
49	0.614743	0.007937	-0.015903	2.540000
50	0.571442	0.213101	-0.079164	2.540000
51	0.589567	0.108180	0.137598	2.540000
52	0.606095	-0.039298	-0.096586	2.540000
53	0.609705	-0.069900	-0.039991	2.540000
54	0.599968	-0.023099	-0.133155	2.540000
55	0.584035	-0.178605	-0.072309	2.540000
56	0.589636	-0.003447	-0.174765	2.540000
57	0.606064	0.089837	-0.053303	2.540000
58	0.601377	0.064098	0.111633	2.540000
59	0.578162	-0.129986	0.164490	2.540000
60	0.609272	0.081413	-0.019607	2.540000
61	0.533215	-0.073283	0.297551	2.540000
62	0.600786	-0.005176	-0.131354	2.540000
63	0.556009	-0.247943	-0.087193	2.540000
64	0.613498	0.032900	-0.027620	2.540000
65	0.567075	0.147970	0.186429	2.540000
66	0.610286	-0.074928	0.012718	2.540000
67	0.579721	0.188697	0.080884	2.540000
68	0.604332	0.087716	-0.072894	2.540000
69	0.603687	-0.099972	0.061582	2.540000
70	0.611849	-0.059248	0.018841	2.540000
71	0.601094	0.123103	0.041915	2.540000
72	0.559162	0.246814	-0.068159	2.540000
73	0.580479	0.094492	-0.179835	2.540000
74	0.602750	-0.079766	0.092493	2.540000
75	0.608604	-0.029851	-0.083277	2.540000
76	0.590502	0.006534	-0.171727	2.540000
77	0.590362	0.170095	0.027674	2.540000
78	0.606443	0.099347	0.024139	2.540000
79	0.557808	0.258377	-0.017779	2.540000
80	0.577788	0.072203	0.197920	2.540000
81	0.506697	0.334622	-0.097524	2.540000
82	0.586211	-0.077330	0.169120	2.540000
83	0.600325	-0.027973	0.130587	2.540000
84	0.517813	-0.218852	0.249396	2.540000
85	0.583597	0.176154	-0.081294	2.540000
86	0.607134	-0.076972	0.060731	2.540000
87	0.611356	-0.024977	0.062007	2.540000
88	0.597857	-0.017480	0.143131	2.540000
89	0.597520	0.136847	0.049674	2.540000
90	0.598216	-0.048270	-0.134287	2.540000
91	0.553203	0.228234	0.141777	2.540000
92	0.586352	-0.177020	-0.055503	2.540000
93	0.605650	-0.077991	-0.073008	2.540000
94	0.606891	0.001265	-0.099534	2.540000
95	0.601237	0.127535	0.021775	2.540000
96	0.611438	0.066015	-0.003326	2.540000
97	0.605377	0.049024	-0.096647	2.540000
98	0.610824	0.020159	-0.068650	2.540000
99	0.494540	0.220750	0.291418	2.540000
100	0.550603	-0.127989	0.242240	2.540000
101	0.560210	-0.231504	-0.103905	2.540000
102	0.589611	-0.100427	0.143171	2.540000
103	0.612142	0.035264	0.047575	2.540000
104	0.607254	-0.031370	0.092105	2.540000
105	0.611033	0.040503	-0.056772	2.540000
106	0.506316	0.346298	0.044124	2.540000
107	0.608429	-0.064073	0.062725	2.540000
108	0.592928	0.109295	0.121309	2.540000
109	0.543353	-0.274129	0.088580	2.540000
110	0.591170	0.125445	-0.114047	2.540000
111	0.596005	0.010438	-0.151307	2.540000
112	0.496015	-0.248924	-0.265010	2.540000
113	0.475987	0.386225	-0.049919	2.540000
114	0.606034	-0.077910	-0.069844	2.540000
115	0.613133	0.009030	0.047023	2.540000
116	0.608070	-0.086153	0.032461	2.540000
117	0.561555	0.076897	0.238679	2.540000
118	0.592266	-0.103693	-0.129206	2.540000
119	0.569365	-0.081973	-0.217553	2.540000
120	0.606026	-0.039990	0.096736	2.540000
121	0.607837	-0.080096	0.048413	2.540000
122	0.598592	-0.059990	-0.127723	2.540000
123	0.592956	-0.158135	0.040265	2.540000
124	0.595292	0.112187	-0.106142	2.540000
125	0.611559	0.044244	-0.047567	2.540000
126	0.531931	-0.285370	0.117636	2.540000
127	0.568841	0.227807	-0.052431	2.540000
128	0.586259	-0.177070	-0.056321	2.540000
129	0.610126	-0.060962	0.047483	2.540000
130	0.610986	-0.070028	0.004116	2.540000
131	0.611841	-0.059323	0.018875	2.540000
132	0.544607	0.063673	0.278521	2.540000
133	0.605436	-0.021673	0.105842	2.540000
134	0.604979	-0.047356	-0.099915	2.540000
135	0.602939	0.084460	-0.086926	2.540000
136	0.593101	-0.132960	0.093689	2.540000
137	0.602402	0.092244	0.082629	2.540000
138	0.595885	0.000891	-0.152134	2.540000
139	0.613804	0.010330	0.036921	2.540000
140	0.607856	-0.026134	-0.089736	2.540000
141	0.610220	0.001472	-0.076517	2.540000
142	0.529324	-0.299106	-0.092611	2.540000
143	0.557545	0.231258	0.117847	2.540000
144	0.608059	0.004523	0.092025	2.540000
145	0.565915	-0.087062	0.224467	2.540000
146	0.588028	-0.122126	0.132411	2.540000
147	0.584627	-0.189419	0.023597	2.540000
148	0.597162	-0.145982	0.017642	2.540000
149	0.603217	0.043693	-0.111558	2.540000
150	0.595843	-0.134098	0.072209	2.540000
151	0.614842	-0.013123	0.004707	2.540000
152	0.590993	-0.170141	0.001941	2.540000
153	0.587927	0.160041	-0.083389	2.540000
154	0.569386	0.211529	-0.096333	2.540000
155	0.607988	0.051951	-0.076661	2.540000
156	0.538892	-0.133954	0.264342	2.540000
157	0.612371	0.021345	0.052645	2.540000
158	0.570162	-0.201702	0.111609	2.540000
159	0.614829	0.004694	0.013739	2.540000
160	0.609263	0.083031	0.011389	2.540000
161	0.599008	-0.108370	-0.087584	2.540000
162	0.566271	-0.121926	-0.206631	2.540000
163	0.581854	-0.196049	0.035160	2.540000
164	0.560464	-0.222523	0.120781	2.540000
165	0.591360	-0.136048	-0.100048	2.540000
166	0.608559	0.087647	-0.014126	2.540000
167	0.596961	0.142705	-0.038709	2.540000
168	0.601704	0.113050	0.058288	2.540000
169	0.597615	0.021426	-0.143605	2.540000
170	0.598033	-0.142826	0.013500	2.540000
171	0.608980	0.022069	0.082952	2.540000
172	0.590035	-0.173256	0.008136	2.540000
173	0.607918	0.055515	-0.074691	2.540000
174	0.597188	-0.142535	-0.035704	2.540000
175	0.612703	-0.043390	0.030606	2.540000
176	0.440850	0.348240	-0.250210	2.540000
177	0.612919	0.014124	-0.048531	2.540000
178	0.607569	0.074403	0.059570	2.540000
179	0.593547	-0.066200	0.146779	2.540000
180	0.585014	0.189573	0.006789	2.540000
181	0.427181	0.245274	0.368214	2.540000
182	0.581673	0.147301	0.134846	2.540000
183	0.580054	-0.143332	-0.145665	2.540000
184	0.567862	0.234909	-0.023993	2.540000
185	0.600692	-0.009167	-0.131566	2.540000
186	0.609616	0.043873	-0.068325	2.540000
187	0.586410	0.114225	0.145950	2.540000
188	0.606806	0.087307	0.048882	2.540000
189	0.553923	0.265035	0.033922	2.540000
190	0.609667	0.074467	-0.031405	2.540000
191	0.587119	-0.095202	0.156374	2.540000
192	0.613651	0.032463	-0.024560	2.540000
193	0.609903	0.050418	0.060842	2.540000
194	0.610050	0.047755	0.061509	2.540000
195	0.594730	0.099450	0.120958	2.540000
196	0.608727	0.072019	0.049897	2.540000
197	0.572488	-0.108782	0.196593	2.540000
198	0.564654	-0.197155	-0.143249	2.540000
199	0.610599	0.017935	-0.071216	2.540000
200	0.566732	0.055088	-0.232389	2.540000
201	0.553817	0.267342	-0.006303	2.540000
202	0.576967	0.169537	0.128807	2.540000
203	0.582836	0.184988	0.065624	2.540000
204	0.572190	0.094020	-0.204899	2.540000
205	0.609133	0.073517	0.042161	2.540000
206	0.590715	-0.144519	0.091624	2.540000
207	0.610281	0.069177	0.031568	2.540000
208	0.597107	-0.054546	0.136794	2.540000
209	0.549852	-0.016381	0.274990	2.540000
210	0.609431	-0.045387	-0.068985	2.540000
211	0.608270	0.089283	0.016166	2.540000
212	0.604045	0.109351	-0.037376	2.540000
213	0.566258	-0.146965	0.189679	2.540000
214	0.558781	-0.239179	0.093711	2.540000
215	0.605573	0.061268	0.088046	2.540000
216	0.609715	0.043711	0.067546	2.540000
217	0.578407	0.059752	0.200251	2.540000
218	0.571925	-0.225590	0.015360	2.540000
219	0.611026	0.018916	-0.067191	2.540000
220	0.593553	-0.111029	0.116586	2.540000
221	0.588015	0.170382	0.058598	2.540000
222	0.601923	-0.067511	-0.106567	2.540000
223	0.606602	-0.039911	0.093095	2.540000
224	0.609407	-0.082334	-0.008284	2.540000
225	0.590125	-0.148797	-0.088526	2.540000
226	0.610371	0.074323	0.012186	2.540000
227	0.594304	-0.157080	-0.018809	2.540000
228	0.608421	-0.084395	0.030428	2.540000
229	0.610749	-0.030922	0.065231	2.540000
230	0.602345	-0.041892	0.116835	2.540000
231	0.609521	0.061391	-0.054222	2.540000
232	0.544586	-0.209840	-0.193953	2.540000
233	0.609110	0.028043	-0.080150	2.540000
234	0.589886	0.172010	0.025919	2.540000
235	0.603154	0.112722	0.041523	2.540000
236	0.551990	-0.267650	-0.043534	2.540000
237	0.610566	0.071459	0.018089	2.540000
238	0.611514	-0.053503	0.037591	2.540000
239	0.583272	-0.160569	-0.110616	2.540000
240	0.613534	-0.020378	-0.037222	2.540000
241	0.588845	-0.145340	-0.101798	2.540000
242	0.606304	-0.050775	0.089678	2.540000
243	0.610166	-0.024476	-0.072962	2.540000
244	0.604694	-0.108346	0.028826	2.540000
245	0.610625	0.063842	-0.035873	2.540000
246	0.541379	-0.037729	0.289328	2.540000
247	0.590187	-0.110240	0.133234	2.540000
248	0.611702	0.061234	-0.017198	2.540000
249	0.609576	-0.035542	0.073338	2.540000
250	0.428531	-0.419541	-0.136275	2.540000
251	0.609944	-0.075445	0.022389	2.540000
252	0.597958	0.116400	-0.084395	2.540000
253	0.602363	0.098832	0.074938	2.540000
254	0.574119	0.116084	-0.187447	2.540000
255	0.613957	0.013436	-0.033180	2.540000
256	0.614394	0.000049	-0.027301	2.540000
257	0.594039	0.158505	-0.014806	2.540000
258	0.580614	-0.196484	0.050060	2.540000
259	0.611114	0.054516	-0.042334	2.540000
260	0.573779	0.079927	-0.206433	2.540000
261	0.602581	0.019862	0.121355	2.540000
262	0.602361	0.119644	-0.032725	2.540000
263	0.614435	-0.026364	0.000397	2.540000
264	0.601314	-0.108831	0.069296	2.540000
265	0.614358	0.001305	-0.028070	2.540000
266	0.606308	-0.071931	-0.073771	2.540000
267	0.607669	-0.093105	-0.017162	2.540000
268	0.592987	0.023493	0.161369	2.540000
269	0.605889	-0.003671	0.105403	2.540000
270	0.611585	-0.063850	0.010600	2.540000
271	0.586403	0.162912	0.088413	2.540000
272	0.598187	0.015024	-0.142027	2.540000
273	0.601526	0.052016	0.116988	2.540000
274	0.586918	-0.020241	0.182599	2.540000
275	0.609646	-0.080909	-0.003176	2.540000
276	0.601362	-0.128742	-0.003810	2.540000
277	0.584973	-0.189076	0.016801	2.540000
278	0.614435	-0.018256	-0.019020	2.540000
279	0.612341	0.032437	-0.047021	2.540000
280	0.586491	0.141921	-0.118791	2.540000
281	0.607038	0.054733	-0.082061	2.540000
282	0.610283	-0.056203	-0.051190	2.540000
283	0.603772	0.086471	0.078786	2.540000
284	0.571620	-0.034232	0.224286	2.540000
285	0.614467	-0.025607	-0.000085	2.540000
286	0.600812	-0.130838	0.011447	2.540000
287	0.610430	-0.053997	0.051815	2.540000
288	0.567523	0.230554	0.054662	2.540000
289	0.595032	0.075448	-0.135905	2.540000
290	0.613172	-0.017992	-0.043838	2.540000
291	0.592812	0.153520	0.056837	2.540000
292	0.606301	0.022404	0.100607	2.540000
293	0.591424	0.162210	-0.046155	2.540000
294	0.608629	0.080110	-0.037122	2.540000
295	0.600745	-0.048234	0.122491	2.540000
296	0.613164	0.027037	0.039035	2.540000
297	0.610476	-0.073145	0.013926	2.540000
298	0.567733	0.235863	-0.016509	2.540000
299	0.604772	0.088790	0.067770	2.540000
300	0.539111	0.192647	0.224659	2.540000
301	0.557133	0.209180	0.155150	2.540000
302	0.613181	0.032576	-0.034251	2.540000
303	0.614868	-0.005249	-0.011589	2.540000
304	0.578101	0.098752	0.185129	2.540000
305	0.582212	-0.133155	-0.146710	2.540000
306	0.608115	0.090799	0.013316	2.540000
307	0.614234	0.017492	0.025215	2.540000
308	0.610669	0.072779	0.003475	2.540000
309	0.604752	0.098852	0.052231	2.540000
310	0.583063	0.165910	-0.103618	2.540000
311	0.596434	-0.089787	0.120125	2.540000
312	0.600601	0.078734	0.106320	2.540000
313	0.569718	-0.092697	0.212258	2.540000
314	0.563847	-0.071486	-0.234928	2.540000
315	0.603996	-0.110949	-0.033232	2.540000
316	0.607670	0.094664	0.001182	2.540000
317	0.530891	0.092024	-0.296499	2.540000
318	0.601632	0.127298	-0.007719	2.540000
319	0.579403	0.163752	0.125307	2.540000
320	0.603951	0.083869	0.080212	2.540000
321	0.584453	0.007198	0.191279	2.540000
322	0.593305	-0.102949	0.124965	2.540000
323	0.592770	-0.060723	0.152190	2.540000
324	0.574743	-0.134985	0.172262	2.540000
325	0.587868	-0.031993	-0.177798	2.540000
326	0.608342	0.050354	0.074899	2.540000
327	0.564505	-0.207560	0.128367	2.540000
328	0.608318	0.019769	0.088225	2.540000
329	0.500784	-0.334519	0.124651	2.540000
330	0.609344	-0.070357	0.044443	2.540000
331	0.590667	-0.162380	-0.054494	2.540000
332	0.612430	0.026096	0.049729	2.540000
333	0.584632	0.070916	0.177203	2.540000
334	0.603645	-0.106297	0.050385	2.540000
335	0.596948	-0.142430	-0.039897	2.540000
336	0.612282	0.050445	0.028121	2.540000
337	0.610507	-0.074105	-0.003824	2.540000
338	0.590694	0.001877	0.171178	2.540000
339	0.614226	0.022061	-0.021559	2.540000
340	0.608952	-0.084315	-0.017132	2.540000
341	0.591716	-0.046982	-0.160902	2.540000
342	0.592177	-0.139602	-0.089795	2.540000
343	0.614983	0.002669	0.003721	2.540000
344	0.598985	-0.080003	0.114202	2.540000
345	0.609682	-0.080665	-0.002518	2.540000
346	0.608578	0.035658	-0.081159	2.540000
347	0.607348	-0.096700	-0.001696	2.540000
348	0.600368	-0.103941	0.083547	2.540000
349	0.568485	0.017805	0.233950	2.540000
350	0.563238	-0.075632	0.235092	2.540000
351	0.590202	-0.021159	0.171578	2.540000
352	0.592312	-0.128422	-0.104396	2.540000
353	0.614395	-0.020819	-0.017606	2.540000
354	0.602030	-0.083018	-0.094303	2.540000
355	0.614506	0.006562	-0.023746	2.540000
356	0.613661	0.037354	-0.015815	2.540000
357	0.608256	-0.046709	0.077900	2.540000
358	0.582573	-0.196971	0.005971	2.540000
359	0.598556	-0.029973	0.138050	2.540000
360	0.598791	0.002319	0.140244	2.540000
361	0.608757	-0.062162	-0.061444	2.540000
362	0.538960	-0.288468	0.067328	2.540000
363	0.604784	0.065285	-0.090552	2.540000
364	0.574540	0.123747	-0.181151	2.540000
365	0.574667	0.195123	0.099547	2.540000
366	0.603932	-0.041748	0.108391	2.540000
367	0.578680	0.008196	0.208057	2.540000
368	0.611302	-0.015574	0.065512	2.540000
369	0.609781	0.026114	-0.075569	2.540000
370	0.604627	-0.104012	-0.042804	2.540000
371	0.579184	-0.080411	-0.190538	2.540000
372	0.604416	0.078837	0.081799	2.540000
373	0.614354	0.017311	-0.022236	2.540000
374	0.596456	0.084337	0.123905	2.540000
375	0.570317	0.181354	0.141685	2.540000
376	0.613200	0.028161	-0.037649	2.540000
377	0.610472	0.003520	-0.074411	2.540000
378	0.600973	0.129229	0.018873	2.540000
379	0.597281	-0.033352	0.142715	2.540000
380	0.607040	0.035039	-0.092194	2.540000
381	0.614297	0.017341	-0.023735	2.540000
382	0.603298	0.101829	-0.062351	2.540000
383	0.599551	0.000563	0.136978	2.540000
384	0.604571	-0.021332	-0.110743	2.540000
385	0.602303	0.120967	0.028698	2.540000
386	0.610491	0.059575	0.044462	2.540000
387	0.597572	-0.145294	0.004766	2.540000
388	0.610535	0.043639	-0.059732	2.540000
389	0.610532	0.069285	-0.025984	2.540000
390	0.612883	-0.039792	0.031875	2.540000
391	0.597700	0.010122	-0.144490	2.540000
392	0.611007	0.069253	0.010003	2.540000
393	0.578495	0.149516	0.145649	2.540000
394	0.614845	-0.013361	0.003448	2.540000
395	0.579871	-0.103389	0.176878	2.540000
396	0.606444	0.063457	0.080149	2.540000
397	0.611223	0.056063	-0.038575	2.540000
398	0.587450	0.129613	0.127783	2.540000
399	0.530384	0.085404	0.299372	2.540000
400	0.542948	0.268219	0.107198	2.540000
401	0.605727	0.106315	-0.004124	2.540000
402	0.595745	0.049029	0.144601	2.540000
403	0.613341	-0.018098	0.041351	2.540000
404	0.600509	0.126115	-0.041339	2.540000
405	0.572822	0.062795	0.214842	2.540000
406	0.578907	0.197659	0.063420	2.540000
407	0.593176	-0.126170	0.102219	2.540000
408	0.607947	0.028951	-0.088246	2.540000
409	0.613285	-0.045134	-0.008345	2.540000
410	0.590774	0.118845	-0.122829	2.540000
411	0.567279	0.237371	0.008647	2.540000
412	0.613693	0.039663	-0.005715	2.540000
413	0.603813	-0.087660	0.077139	2.540000
414	0.605937	0.090948	-0.052851	2.540000
415	0.600150	0.108523	-0.079172	2.540000
416	0.592726	0.140632	0.084400	2.540000
417	0.536280	0.132327	0.270405	2.540000
418	0.596049	0.032095	0.148057	2.540000
419	0.528372	0.016030	-0.314311	2.540000
420	0.611251	-0.067436	-0.007082	2.540000
421	0.611532	-0.033073	-0.056210	2.540000
422	0.569181	0.104145	-0.208355	2.540000
423	0.611725	0.006211	0.063081	2.540000
424	0.612705	0.039650	-0.035293	2.540000
425	0.582973	-0.138546	0.138464	2.540000
426	0.580151	-0.044402	-0.199194	2.540000
427	0.588582	-0.152556	0.092323	2.540000
428	0.533747	-0.297585	0.069155	2.540000
429	0.593763	-0.113266	-0.113318	2.540000
430	0.585905	-0.100875	-0.157367	2.540000
431	0.610850	0.071288	0.002313	2.540000
432	0.556685	-0.079699	0.248948	2.540000
433	0.614683	0.016303	-0.011115	2.540000
434	0.572953	-0.212187	0.070189	2.540000
435	0.566199	-0.238593	-0.026779	2.540000
436	0.604722	-0.111887	-0.004252	2.540000
437	0.605308	0.087980	-0.063924	2.540000
438	0.612583	0.046799	0.027868	2.540000
439	0.563325	-0.228715	0.092624	2.540000
440	0.594337	-0.107178	-0.116196	2.540000
441	0.598600	-0.121005	-0.072533	2.540000
442	0.598976	-0.131993	0.045064	2.540000
443	0.605124	0.047349	-0.099037	2.540000
444	0.605326	-0.108540	0.004890	2.540000
445	0.589982	-0.162959	0.059924	2.540000
446	0.606746	-0.093088	-0.037662	2.540000
447	0.603263	0.048845	-0.109144	2.540000
448	0.577541	-0.208331	0.035631	2.540000
449	0.608162	-0.068361	0.060749	2.540000
450	0.535114	-0.139002	0.269363	2.540000
451	0.583430	0.192974	0.024391	2.540000
452	0.604827	-0.019195	-0.109729	2.540000
453	0.572704	-0.147633	-0.168642	2.540000
454	0.552882	-0.241499	-0.119266	2.540000
455	0.603716	-0.031293	0.113015	2.540000
456	0.592230	0.054921	0.156437	2.540000
457	0.597177	-0.056215	0.135809	2.540000
458	0.590107	0.081860	0.152635	2.540000
459	0.593779	-0.156090	-0.035872	2.540000
460	0.599520	-0.097402	-0.096506	2.540000
461	0.572661	-0.173482	-0.142085	2.540000
462	0.575926	-0.175170	-0.125894	2.540000
463	0.565861	-0.225970	-0.083451	2.540000
464	0.603648	0.108709	0.044899	2.540000
465	0.568861	0.210626	-0.101288	2.540000
466	0.613737	-0.026364	0.029265	2.540000
467	0.608113	-0.002192	0.091755	2.540000
468	0.606834	0.052413	0.085031	2.540000
469	0.614315	-0.026066	-0.012757	2.540000
470	0.601614	-0.103574	0.074555	2.540000
471	0.614432	0.010182	-0.024386	2.540000
472	0.556888	-0.169936	-0.198046	2.540000
473	0.602449	-0.047155	0.114264	2.540000
474	0.613477	0.013022	-0.041252	2.540000
475	0.604559	0.105963	0.038791	2.540000
476	0.606542	0.029887	-0.097152	2.540000
477	0.613384	-0.044546	0.001010	2.540000
478	0.596140	-0.148211	-0.029590	2.540000
479	0.569884	-0.217585	-0.078193	2.540000
480	0.614596	0.008275	0.020692	2.540000
481	0.566579	-0.230089	0.065358	2.540000
482	0.588724	-0.166402	-0.062764	2.540000
483	0.598398	0.112890	0.086024	2.540000
484	0.602376	-0.111709	0.053750	2.540000
485	0.606974	0.031669	0.093831	2.540000
486	0.593380	0.093286	-0.131996	2.540000
487	0.604161	-0.076471	-0.085827	2.540000
488	0.599032	-0.128144	0.054449	2.540000
489	0.560187	0.094499	-0.235553	2.540000
490	0.599007	-0.122092	-0.067149	2.540000
491	0.611604	0.059030	-0.026091	2.540000
492	0.596225	0.144394	-0.043490	2.540000
493	0.608519	0.065363	-0.060472	2.540000
494	0.602408	0.040326	0.117060	2.540000
495	0.587688	0.179875	0.022201	2.540000
496	0.611835	-0.045306	0.042782	2.540000
497	0.607151	0.089859	-0.038970	2.540000
498	0.546748	-0.273569	-0.066721	2.540000
499	0.596779	-0.020808	-0.147130	2.540000
500	0.604313	0.114055	-0.004761	2.540000
501	0.614304	0.012990	0.026216	2.540000
502	0.603411	0.097432	-0.068026	2.540000
503	0.549348	0.275164	-0.026958	2.540000
504	0.579134	0.182191	0.098158	2.540000
505	0.614567	-0.003330	-0.022823	2.540000
506	0.607938	-0.080986	-0.045586	2.540000
507	0.602273	-0.047667	0.114980	2.540000
508	0.588285	0.178597	0.015781	2.540000
509	0.606172	0.070536	0.076194	2.540000
510	0.591921	0.160926	0.044237	2.540000
511	0.601497	-0.105200	0.073207	2.540000
512	0.548842	0.183969	0.207733	2.540000
513	0.587871	0.101071	0.149723	2.540000
514	0.605369	-0.101171	-0.038953	2.540000
515	0.605102	0.090852	-0.061829	2.540000
516	0.546117	-0.014455	0.282441	2.540000
517	0.607185	-0.084228	-0.049564	2.540000
518	0.593042	0.007655	-0.162690	2.540000
519	0.614905	0.009328	0.005516	2.540000
520	0.605145	0.109637	-0.002170	2.540000
521	0.514942	0.326462	0.080514	2.540000
522	0.591652	-0.070157	-0.152480	2.540000
523	0.594507	-0.148713	0.051682	2.540000
524	0.614381	-0.027308	0.003930	2.540000
525	0.606116	0.093465	-0.045959	2.540000
526	0.605506	0.020760	-0.105622	2.540000
527	0.598894	0.114288	-0.080555	2.540000
528	0.602159	-0.119762	-0.035871	2.540000
529	0.613707	-0.009140	-0.038804	2.540000
530	0.593229	0.026372	-0.160027	2.540000
531	0.525325	0.303861	0.099636	2.540000
532	0.587506	0.132613	0.124401	2.540000
533	0.606343	-0.037916	0.095582	2.540000
534	0.613430	0.043630	-0.005027	2.540000
535	0.578249	0.051949	-0.202865	2.540000
536	0.607239	0.096722	0.011410	2.540000
537	0.563221	-0.098587	0.226469	2.540000
538	0.566779	-0.178412	-0.158606	2.540000
539	0.594444	0.075073	-0.138655	2.540000
540	0.599346	0.105173	-0.089150	2.540000
541	0.492204	0.355243	0.098806	2.540000
542	0.510039	0.224442	0.260214	2.540000
543	0.567466	-0.228266	-0.064047	2.540000
544	0.611041	-0.006635	-0.069357	2.540000
545	0.605835	-0.099293	-0.036475	2.540000
546	0.600650	-0.125254	0.041903	2.540000
547	0.597399	-0.103577	-0.103014	2.540000
548	0.606903	0.075063	-0.065260	2.540000
549	0.600781	-0.053134	0.120268	2.540000
550	0.613009	0.017053	-0.046408	2.540000
551	0.585189	-0.174553	0.072869	2.540000
552	0.612883	-0.050773	0.004682	2.540000
553	0.613843	-0.029437	0.023568	2.540000
554	0.614443	-0.013651	0.022332	2.540000
555	0.597962	-0.113663	0.088020	2.540000
556	0.566641	-0.226656	0.075964	2.540000
557	0.603351	-0.071725	0.095123	2.540000
558	0.592120	-0.152205	0.066723	2.540000
559	0.608808	-0.045281	-0.074347	2.540000
560	0.613345	-0.003780	-0.044929	2.540000
561	0.609961	-0.068501	0.038473	2.540000
562	0.589639	-0.022027	0.173395	2.540000
563	0.577761	-0.208057	0.033604	2.540000
564	0.574960	-0.077263	0.204147	2.540000
565	0.612599	-0.022955	0.049196	2.540000
566	0.602960	-0.099129	0.069556	2.540000
567	0.602720	-0.117359	-0.034357	2.540000
568	0.606951	-0.000199	-0.099175	2.540000
569	0.614177	-0.021742	0.023221	2.540000
570	0.609810	0.019224	-0.077380	2.540000
571	0.607572	-0.032369	0.089627	2.540000
572	0.603373	0.075521	-0.091995	2.540000
573	0.592342	0.035249	0.161595	2.540000
574	0.611665	-0.063958	0.000469	2.540000
575	0.544456	-0.280785	0.054340	2.540000
576	0.599748	0.110642	0.079285	2.540000
577	0.587170	0.136040	-0.122265	2.540000
578	0.585762	0.182006	0.044515	2.540000
579	0.590494	0.064748	-0.159214	2.540000
580	0.584788	0.055688	0.182061	2.540000
581	0.600622	-0.123720	0.046597	2.540000
582	0.596977	-0.132385	0.065711	2.540000
583	0.595329	-0.122503	-0.093813	2.540000
584	0.592393	-0.087334	-0.140245	2.540000
585	0.612577	-0.049962	0.021861	2.540000
586	0.600899	-0.029182	-0.127648	2.540000
587	0.596111	0.010303	0.150899	2.540000
588	0.612792	-0.000348	0.052067	2.540000
589	0.602136	-0.123371	-0.020900	2.540000
590	0.584644	-0.189826	0.019558	2.540000
591	0.572501	-0.223653	0.021153	2.540000
592	0.555349	-0.263698	0.016617	2.540000
593	0.583255	0.091596	0.172187	2.540000
594	0.594286	0.039117	-0.153359	2.540000
595	0.542741	0.197381	0.211420	2.540000
596	0.611773	-0.057777	-0.024924	2.540000
597	0.613944	0.033046	0.014334	2.540000
598	0.609377	-0.066202	0.050020	2.540000
599	0.607132	-0.078303	-0.059030	2.540000
600	0.593511	0.057481	-0.150551	2.540000
601	0.552477	0.264520	0.054983	2.540000
602	0.601582	0.063353	-0.110953	2.540000
603	0.603087	0.035084	0.115240	2.540000
604	0.592593	-0.136186	-0.092260	2.540000
605	0.612112	-0.058379	-0.011673	2.540000
606	0.609071	-0.017688	0.083336	2.540000
607	0.580509	0.113666	0.168269	2.540000
608	0.603235	0.095016	0.072830	2.540000
609	0.588792	0.177464	0.007413	2.540000
610	0.611736	-0.026015	0.057681	2.540000
611	0.606161	0.066176	0.080092	2.540000
612	0.593772	0.154268	-0.043140	2.540000
613	0.591291	-0.020824	-0.167830	2.540000
614	0.607803	0.066355	0.066318	2.540000
615	0.609493	-0.036175	0.073720	2.540000
616	0.611550	0.062667	-0.017446	2.540000
617	0.582570	-0.025114	0.195464	2.540000
618	0.580742	0.202396	0.000300	2.540000
619	0.594966	-0.099005	0.120161	2.540000
620	0.482090	0.352097	0.147791	2.540000
621	0.597455	0.095892	0.109897	2.540000
622	0.611023	-0.025933	-0.064831	2.540000
623	0.593153	0.053699	0.153332	2.540000
624	0.571844	0.224978	-0.024570	2.540000
625	0.595821	0.096462	-0.117973	2.540000
626	0.590938	-0.077165	0.151864	2.540000
627	0.578516	0.194332	-0.076020	2.540000
628	0.564158	0.236961	-0.061647	2.540000
629	0.599786	0.042612	0.129097	2.540000
630	0.561131	0.112824	0.225007	2.540000
631	0.562580	0.141633	-0.204130	2.540000
632	0.614951	-0.005463	-0.005560	2.540000
633	0.606089	0.076642	-0.070757	2.540000
634	0.612797	0.010686	-0.050893	2.540000
635	0.571967	0.038892	-0.222634	2.540000
636	0.610900	0.061920	0.034531	2.540000
637	0.596740	0.034726	-0.144639	2.540000
638	0.607268	0.081316	0.053270	2.540000
639	0.574486	0.113454	-0.187932	2.540000
640	0.581972	-0.168568	-0.105442	2.540000
641	0.579315	0.163507	-0.126032	2.540000
642	0.585856	-0.164308	0.089445	2.540000
643	0.608999	-0.083981	-0.017098	2.540000
644	0.612078	-0.057149	0.017863	2.540000
645	0.567670	0.157449	0.176595	2.540000
646	0.580625	-0.041122	0.198515	2.540000
647	0.603786	-0.062878	0.098556	2.540000
648	0.515099	-0.298886	-0.153510	2.540000
649	0.580395	-0.197000	0.050568	2.540000
650	0.614368	-0.022017	-0.017104	2.540000
651	0.556605	-0.163117	0.204472	2.540000
652	0.510094	-0.274466	0.206634	2.540000
653	0.585748	-0.075678	0.171456	2.540000
654	0.611176	-0.068353	-0.004020	2.540000
655	0.605909	-0.095016	0.045507	2.540000
656	0.587648	-0.057545	-0.171998	2.540000
657	0.569711	-0.113046	-0.202176	2.540000
658	0.568963	-0.167007	-0.163142	2.540000
659	0.574873	-0.187174	0.112749	2.540000
660	0.599108	-0.138902	0.001103	2.540000
661	0.595238	0.081161	0.131644	2.540000
662	0.592196	-0.163109	-0.030401	2.540000
663	0.608426	-0.071008	0.054784	2.540000
664	0.607881	-0.006111	-0.093106	2.540000
665	0.587659	-0.060994	0.170767	2.540000
666	0.567286	-0.160465	-0.175106	2.540000
667	0.546953	-0.280076	0.024983	2.540000
668	0.610476	0.065875	-0.034708	2.540000
669	0.603820	0.103046	-0.054840	2.540000
670	0.603775	-0.116729	-0.007387	2.540000
671	0.572740	0.206207	0.087593	2.540000
672	0.588217	-0.163365	0.074416	2.540000
673	0.572093	-0.118758	-0.191914	2.540000
674	0.551863	-0.251637	0.101740	2.540000
675	0.488608	-0.352570	-0.123212	2.540000
676	0.603501	0.013924	0.117550	2.540000
677	0.612848	0.040074	0.032184	2.540000
678	0.602122	0.088439	-0.088616	2.540000
679	0.591569	0.159605	0.052887	2.540000
680	0.590801	-0.030872	0.168008	2.540000
681	0.526277	-0.141299	0.285119	2.540000
682	0.572727	-0.009558	0.223869	2.540000
683	0.599395	-0.110921	0.081528	2.540000
684	0.603559	-0.066682	-0.097441	2.540000
685	0.549494	-0.127405	-0.245050	2.540000
686	0.584625	0.189656	0.021663	2.540000
687	0.587122	0.159784	-0.089339	2.540000
688	0.586643	0.182251	-0.029317	2.540000
689	0.608935	0.085723	0.008668	2.540000
690	0.588959	-0.069654	0.162790	2.540000
691	0.525721	-0.291289	-0.130358	2.540000
692	0.579162	-0.079984	-0.190787	2.540000
693	0.546170	-0.256265	-0.119380	2.540000
694	0.523323	-0.320557	0.040022	2.540000
695	0.592506	-0.164515	0.009796	2.540000
696	0.568048	-0.047744	-0.230797	2.540000
697	0.504847	0.351161	-0.006360	2.540000
698	0.609648	0.078603	0.019384	2.540000
699	0.563370	0.014267	-0.246243	2.540000
700	0.590328	-0.119122	0.124693	2.540000
701	0.581458	-0.184950	-0.076972	2.540000
702	0.594437	-0.111255	-0.111770	2.540000
703	0.612588	-0.054398	-0.001195	2.540000
704	0.571795	0.160464	-0.159769	2.540000
705	0.519356	0.327645	0.033810	2.540000
706	0.613138	-0.016080	-0.045039	2.540000
707	0.598011	0.010092	-0.143198	2.540000
708	0.547981	0.198958	-0.195852	2.540000
709	0.609003	-0.046491	0.071966	2.540000
710	0.546624	-0.250397	-0.129340	2.540000
711	0.611911	-0.040275	-0.046554	2.540000
712	0.605079	0.109897	0.005172	2.540000
713	0.612783	-0.051284	0.009602	2.540000
714	0.601706	-0.024502	0.124800	2.540000
715	0.592337	0.159746	-0.042930	2.540000
716	0.571792	0.219605	0.055244	2.540000
717	0.591073	0.148078	-0.083251	2.540000
718	0.600296	-0.104584	-0.083256	2.540000
719	0.612311	0.000563	-0.057448	2.540000
720	0.603637	-0.106784	0.049449	2.540000
721	0.550438	0.200488	-0.187209	2.540000
722	0.606484	-0.101806	0.006093	2.540000
723	0.586740	0.045774	0.178509	2.540000
724	0.587273	0.141609	-0.115249	2.540000
725	0.433201	0.433522	0.051192	2.540000
726	0.597081	-0.025588	0.145135	2.540000
727	0.594890	0.079492	0.134209	2.540000
728	0.584607	0.173300	-0.080166	2.540000
729	0.611232	0.051034	0.044895	2.540000
730	0.550849	0.178539	-0.207158	2.540000
731	0.603543	0.118088	0.004093	2.540000
732	0.582898	-0.050908	-0.189376	2.540000
733	0.579108	0.206902	0.007119	2.540000
734	0.499942	0.357492	-0.021971	2.540000
735	0.589061	0.087828	0.153356	2.540000
736	0.606759	-0.093021	0.037620	2.540000
737	0.573842	-0.199188	-0.096201	2.540000
738	0.577473	0.147130	0.151995	2.540000
739	0.582718	-0.164225	-0.108145	2.540000
740	0.560922	0.143197	-0.207571	2.540000
741	0.586390	0.157201	-0.098281	2.540000
742	0.590869	-0.122957	0.118237	2.540000
743	0.586211	-0.037056	-0.182233	2.540000
744	0.578722	0.204110	-0.040553	2.540000
745	0.557656	0.259196	0.007903	2.540000
746	0.457866	0.268601	0.310544	2.540000
747	0.452137	-0.385443	-0.158841	2.540000
748	0.528214	-0.268532	0.164636	2.540000
749	0.512561	-0.317223	-0.121966	2.540000
750	0.533807	-0.200570	-0.230320	2.540000
751	0.592594	-0.050073	-0.156684	2.540000
752	0.590526	-0.167479	-0.038151	2.540000
753	0.592083	-0.130747	0.102797	2.540000
754	0.608240	-0.023873	0.087743	2.540000
755	0.536438	-0.266472	-0.139469	2.540000
756	0.612407	-0.007420	-0.055925	2.540000
757	0.594785	-0.128903	-0.088540	2.540000
758	0.611964	-0.058956	-0.015774	2.540000
759	0.594139	-0.013583	0.158240	2.540000
760	0.591898	0.054434	0.157856	2.540000
761	0.579322	-0.205943	-0.014105	2.540000
762	0.563914	0.182098	-0.164518	2.540000
763	0.566040	-0.213854	0.109953	2.540000
764	0.608167	-0.052340	-0.074958	2.540000
765	0.578763	0.207361	-0.016108	2.540000
766	0.572131	-0.047282	0.220581	2.540000
767	0.602789	0.066330	0.102328	2.540000
768	0.524798	-0.314013	0.064867	2.540000
769	0.581177	-0.043686	0.196340	2.540000
770	0.604403	0.041599	0.105791	2.540000
771	0.590607	-0.119229	-0.123260	2.540000
772	0.599054	-0.109045	0.086419	2.540000
773	0.602516	-0.077454	0.095918	2.540000
774	0.610729	-0.006251	-0.072087	2.540000
775	0.526934	-0.145696	0.281671	2.540000
776	0.610983	0.070171	0.000653	2.540000
777	0.532869	-0.091751	-0.293015	2.540000
778	0.548911	-0.264743	0.082664	2.540000
779	0.577467	-0.202812	-0.060198	2.540000
780	0.607451	-0.032505	-0.090400	2.540000
781	0.599071	0.136783	0.025097	2.540000
782	0.614044	-0.011034	0.032444	2.540000
783	0.555054	0.103573	0.243746	2.540000
784	0.493475	0.116610	0.348008	2.540000
785	0.599442	-0.018503	0.136207	2.540000
786	0.609043	-0.052579	0.067285	2.540000
787	0.583587	-0.182774	0.065149	2.540000
788	0.609767	0.064518	0.047401	2.540000
789	0.580906	0.010976	-0.201625	2.540000
790	0.611176	-0.005306	0.068268	2.540000
791	0.564970	-0.139483	0.198943	2.540000
792	0.592001	0.098753	0.134191	2.540000
793	0.595814	-0.097069	-0.117506	2.540000
794	0.596425	-0.017917	-0.148932	2.540000
795	0.596703	-0.063189	0.134826	2.540000
796	0.566021	-0.102653	-0.217504	2.540000
797	0.597070	-0.108752	-0.099525	2.540000
798	0.574133	0.155884	-0.155873	2.540000
799	0.613547	0.009007	0.041279	2.540000
800	0.614938	0.008072	-0.003339	2.540000
801	0.575464	0.022218	0.215808	2.540000
802	0.576109	-0.214292	0.020065	2.540000
803	0.589348	-0.115664	-0.132346	2.540000
804	0.594132	0.052682	0.149854	2.540000
805	0.552316	0.179587	-0.202287	2.540000
806	0.511560	0.160050	-0.301522	2.540000
807	0.602161	0.115730	0.047256	2.540000
808	0.530105	0.246499	-0.190925	2.540000
809	0.533932	0.095166	0.289974	2.540000
810	0.561857	-0.247926	0.032771	2.540000
811	0.605134	-0.109495	0.006975	2.540000
812	0.609836	-0.001794	-0.079508	2.540000
813	0.481252	0.353696	-0.146699	2.540000
814	0.609603	-0.063539	0.050716	2.540000
815	0.590261	0.152675	0.080671	2.540000
816	0.607933	0.090584	-0.020908	2.540000
817	0.589203	-0.050027	-0.169003	2.540000
818	0.580696	0.175076	0.101811	2.540000
819	0.608673	0.068271	0.055510	2.540000
820	0.594795	0.152916	0.032568	2.540000
821	0.597331	-0.125296	0.075643	2.540000
822	0.554332	0.150887	0.219486	2.540000
823	0.607258	-0.068404	-0.069165	2.540000
824	0.549930	0.096446	0.257875	2.540000
825	0.612210	-0.056956	0.013404	2.540000
826	0.582881	0.194649	-0.024229	2.540000
827	0.551273	0.271720	0.022178	2.540000
828	0.593562	0.108552	-0.118853	2.540000
829	0.553758	-0.191048	0.187291	2.540000
830	0.605444	-0.099239	0.042594	2.540000
831	0.528420	0.209524	0.234728	2.540000
832	0.527441	0.269955	0.164788	2.540000
833	0.583387	-0.067087	0.182712	2.540000
834	0.609672	-0.080546	-0.006080	2.540000
835	0.595345	0.059380	0.142350	2.540000
836	0.584636	0.158484	0.106340	2.540000
837	0.598024	-0.143500	0.000506	2.540000
838	0.597406	0.129118	-0.068258	2.540000
839	0.594082	0.135618	-0.083062	2.540000
840	0.537839	0.282777	0.094823	2.540000
841	0.552321	0.209884	-0.170633	2.540000
842	0.586507	-0.049955	0.178153	2.540000
843	0.609929	-0.053384	-0.057980	2.540000
844	0.603328	0.110408	-0.045054	2.540000
845	0.542291	0.288242	-0.032589	2.540000
846	0.536105	0.196568	0.228423	2.540000
847	0.612374	0.026237	-0.050346	2.540000
848	0.614883	-0.011884	-0.001530	2.540000
849	0.412454	0.202622	0.408719	2.540000
850	0.384795	0.450058	0.166149	2.540000
