1	-0.604818	-0.105305	0.036486	-1.270000
2	-0.586735	0.020896	0.183113	-1.270000
3	-0.614079	-0.007146	-0.032880	-1.270000
4	-0.543655	-0.282117	-0.055444	-1.270000
5	-0.565299	-0.084386	0.227026	-1.270000
6	-0.459134	-0.220509	0.344668	-1.270000
7	-0.599355	0.003173	-0.137800	-1.270000
8	-0.610961	-0.058184	0.039576	-1.270000
9	-0.575518	-0.159125	0.147253	-1.270000
10	-0.522643	-0.279624	0.163950	-1.270000
11	-0.582403	0.100390	0.170158	-1.270000
12	-0.584609	-0.085643	0.170652	-1.270000
13	-0.578266	0.176733	-0.112245	-1.270000
14	-0.529251	-0.280551	-0.139317	-1.270000
15	-0.590506	0.050122	0.164366	-1.270000
16	-0.608888	0.060203	0.062098	-1.270000
17	-0.611197	0.063495	-0.025141	-1.270000
18	-0.521122	-0.134119	0.297774	-1.270000
19	-0.562753	-0.189426	0.160163	-1.270000
20	-0.569943	-0.076822	0.217919	-1.270000
21	-0.594261	-0.037419	-0.153878	-1.270000
22	-0.555933	-0.112377	0.237771	-1.270000
23	-0.606473	0.101561	0.010061	-1.270000
24	-0.559773	-0.000309	0.254714	-1.270000
25	-0.608024	0.034449	-0.085701	-1.270000
26	-0.610008	-0.075105	0.021774	-1.270000
27	-0.574011	-0.216046	-0.045394	-1.270000
28	-0.575279	0.073007	0.204814	-1.270000
29	-0.595438	-0.101998	-0.115216	-1.270000
30	-0.595109	-0.094968	-0.122685	-1.270000
31	-0.614185	0.031648	-0.000039	-1.270000
32	-0.585536	-0.119357	0.145350	-1.270000
33	-0.566066	0.146649	-0.190494	-1.270000
34	-0.581579	0.196956	0.034634	-1.270000
35	-0.590953	0.170263	0.003224	-1.270000
36	-0.556261	-0.183774	0.187153	-1.270000
37	-0.571756	0.025136	-0.225140	-1.270000
38	-0.562592	0.219843	0.115691	-1.270000
39	-0.571872	0.137689	-0.179524	-1.270000
40	-0.566718	-0.211703	-0.110626	-1.270000
41	-0.604475	-0.075093	0.084829	-1.270000
42	-0.547696	0.278851	0.022280	-1.270000
43	-0.582739	0.132253	0.145430	-1.270000
44	-0.572227	-0.225347	-0.000487	-1.270000
45	-0.568757	-0.194187	-0.130508	-1.270000
46	-0.584808	-0.161474	-0.100748	-1.270000
47	-0.613489	-0.028409	0.032394	-1.270000
48	-0.598315	0.140409	0.023007	-1.270000
49	-0.580967	0.164651	-0.116587	-1.270000
50	-0.599297	-0.111258	-0.081790	-1.270000
51	-0.583833	-0.082850	0.174641	-1.270000
52	-0.607245	0.021454	-0.094963	-1.270000
53	-0.577616	-0.036724	0.207932	-1.270000
54	-0.611596	0.047789	-0.043486	-1.270000
55	-0.550597	0.252629	0.106051	-1.270000
56	-0.614101	0.026458	-0.020135	-1.270000
57	-0.611709	0.059806	-0.021453	-1.270000
58	-0.584733	0.085723	-0.170189	-1.270000
59	-0.587215	-0.173207	-0.058340	-1.270000
60	-0.575607	-0.213114	-0.038522	-1.270000
61	-0.607713	0.059582	-0.073210	-1.270000
62	-0.553959	-0.215983	0.157180	-1.270000
63	-0.519888	0.045331	0.325402	-1.270000
64	-0.557254	-0.192362	0.175186	-1.270000
65	-0.585435	0.085794	0.167719	-1.270000
66	-0.594203	0.151598	-0.046543	-1.270000
67	-0.596272	0.010134	-0.150275	-1.270000
68	-0.605332	-0.039978	-0.100992	-1.270000
69	-0.607328	0.096542	0.007600	-1.270000
70	-0.608555	-0.049009	-0.074050	-1.270000
71	-0.607820	-0.093293	0.008763	-1.270000
72	-0.544792	0.143573	0.246604	-1.270000
73	-0.599585	0.129467	0.044287	-1.270000
74	-0.541776	-0.272939	-0.101033	-1.270000
75	-0.611431	0.031935	-0.057944	-1.270000
76	-0.568826	0.164760	-0.165878	-1.270000
77	-0.590377	0.154488	0.076248	-1.270000
78	-0.560682	0.037395	0.249925	-1.270000
79	-0.577325	0.209086	0.034704	-1.270000
80	-0.573645	-0.146480	0.166435	-1.270000
81	-0.609586	0.079525	0.017472	-1.270000
82	-0.578125	-0.119431	-0.172431	-1.270000
83	-0.608491	0.030827	-0.083747	-1.270000
84	-0.566124	0.141890	0.193896	-1.270000
85	-0.595606	-0.130656	-0.080050	-1.270000
86	-0.585180	0.172175	-0.078387	-1.270000
87	-0.603055	0.029016	0.117078	-1.270000
88	-0.594413	0.125025	0.096262	-1.270000
89	-0.610273	0.064818	0.039875	-1.270000
90	-0.582688	-0.091400	-0.174202	-1.270000
91	-0.542660	0.263437	-0.119777	-1.270000
92	-0.526697	-0.210118	-0.238045	-1.270000
93	-0.610834	0.056503	-0.043755	-1.270000
94	-0.611258	0.038223	-0.055926	-1.270000
95	-0.613174	0.023445	-0.041152	-1.270000
96	-0.613665	0.040479	0.001411	-1.270000
97	-0.583596	-0.063634	-0.183281	-1.270000
98	-0.531929	0.306916	0.032846	-1.270000
99	-0.511207	0.066434	-0.335379	-1.270000
100	-0.566444	0.108300	-0.213629	-1.270000
101	-0.553040	0.264168	-0.050866	-1.270000
102	-0.578788	0.154095	-0.139587	-1.270000
103	-0.579996	0.193199	-0.067111	-1.270000
104	-0.599381	0.135792	-0.022986	-1.270000
105	-0.610723	0.047653	0.054511	-1.270000
106	-0.609181	-0.078011	0.032220	-1.270000
107	-0.600039	0.116541	-0.067796	-1.270000
108	-0.574884	0.198910	-0.090377	-1.270000
109	-0.497089	0.268497	-0.242975	-1.270000
110	-0.593545	0.035445	0.157078	-1.270000
111	-0.464721	0.398538	0.058539	-1.270000
112	-0.576457	0.200008	-0.076935	-1.270000
113	-0.534493	0.016184	0.303777	-1.270000
114	-0.579518	0.201032	0.044382	-1.270000
115	-0.594827	-0.140534	0.068237	-1.270000
116	-0.598523	0.083237	0.114312	-1.270000
117	-0.604851	0.047271	-0.100727	-1.270000
118	-0.611042	-0.007395	0.069265	-1.270000
119	-0.613906	0.011682	0.034756	-1.270000
120	-0.614868	0.009067	0.008981	-1.270000
121	-0.597428	-0.076721	-0.124172	-1.270000
122	-0.579427	-0.204062	-0.029118	-1.270000
123	-0.556878	0.237249	0.108743	-1.270000
124	-0.592677	-0.159230	0.040060	-1.270000
125	-0.610829	-0.071434	0.003257	-1.270000
126	-0.580280	-0.045678	0.198529	-1.270000
127	-0.605185	-0.056655	0.093629	-1.270000
128	-0.608844	0.000207	0.086800	-1.270000
129	-0.596110	-0.134209	0.069760	-1.270000
130	-0.608402	-0.066679	0.060211	-1.270000
131	-0.594328	0.154538	0.033428	-1.270000
132	-0.536954	-0.269952	0.130505	-1.270000
133	-0.589286	-0.175918	0.004482	-1.270000
134	-0.607575	-0.025988	-0.091665	-1.270000
135	-0.605991	0.081560	-0.065941	-1.270000
136	-0.550733	0.212417	-0.172619	-1.270000
137	-0.580251	-0.203422	-0.012381	-1.270000
138	-0.582658	0.104894	-0.166530	-1.270000
139	-0.595246	0.149370	-0.039945	-1.270000
140	-0.575874	0.060751	-0.207131	-1.270000
141	-0.603716	-0.074621	0.090466	-1.270000
142	-0.613368	-0.000450	0.044776	-1.270000
143	-0.456189	-0.281755	-0.301216	-1.270000
144	-0.599138	-0.043918	0.131643	-1.270000
145	-0.595302	0.131658	0.080668	-1.270000
146	-0.506118	0.341539	0.073626	-1.270000
147	-0.532065	0.252406	-0.177266	-1.270000
148	-0.576907	0.192633	-0.091079	-1.270000
149	-0.570730	-0.199550	-0.112569	-1.270000
150	-0.612388	-0.055458	0.011421	-1.270000
151	-0.592446	0.043609	-0.159159	-1.270000
152	-0.612626	0.050012	0.020329	-1.270000
153	-0.554104	-0.136623	-0.229191	-1.270000
154	-0.561786	0.210324	0.135592	-1.270000
155	-0.450807	0.266260	-0.322651	-1.270000
156	-0.608393	-0.075502	0.048808	-1.270000
157	-0.611618	-0.042170	0.048685	-1.270000
158	-0.598334	-0.125020	-0.067763	-1.270000
159	-0.610816	0.069103	0.018799	-1.270000
160	-0.572557	0.113819	-0.193518	-1.270000
161	-0.571531	-0.051596	-0.221168	-1.270000
162	-0.581066	-0.187772	-0.073003	-1.270000
163	-0.576707	-0.209504	-0.041739	-1.270000
164	-0.574294	0.118345	0.185487	-1.270000
165	-0.605220	-0.100118	0.043698	-1.270000
166	-0.517598	0.306390	0.128227	-1.270000
167	-0.588043	0.022649	-0.178655	-1.270000
168	-0.567829	0.074891	0.224025	-1.270000
169	-0.605797	-0.091168	-0.054074	-1.270000
170	-0.609369	0.014414	0.081774	-1.270000
171	-0.579194	-0.204610	-0.029906	-1.270000
172	-0.589868	0.149974	0.088253	-1.270000
173	-0.604963	-0.096757	-0.053692	-1.270000
174	-0.603470	-0.044727	0.109766	-1.270000
175	-0.578777	0.110763	-0.175994	-1.270000
176	-0.607685	0.022141	-0.091943	-1.270000
177	-0.607117	0.086696	-0.046019	-1.270000
178	-0.607904	0.005989	-0.092961	-1.270000
179	-0.566010	-0.122111	0.207235	-1.270000
180	-0.612083	-0.029472	0.052065	-1.270000
181	-0.592990	0.144237	-0.076051	-1.270000
182	-0.549567	-0.270222	0.056402	-1.270000
183	-0.608828	0.085440	-0.015927	-1.270000
184	-0.613157	0.027175	-0.039047	-1.270000
185	-0.508657	0.314549	-0.143359	-1.270000
186	-0.586805	0.171279	0.067445	-1.270000
187	-0.572876	0.144341	0.170892	-1.270000
188	-0.549676	0.083111	0.263009	-1.270000
189	-0.607979	0.078960	-0.048494	-1.270000
190	-0.586208	0.152039	-0.107095	-1.270000
191	-0.613277	0.021708	-0.040554	-1.270000
192	-0.614945	-0.003903	-0.007247	-1.270000
193	-0.603133	0.045523	-0.111281	-1.270000
194	-0.609682	-0.074229	-0.031677	-1.270000
195	-0.593280	0.071953	0.145145	-1.270000
196	-0.555940	0.235985	0.116048	-1.270000
197	-0.586877	0.133808	-0.126077	-1.270000
198	-0.596217	0.144841	0.042086	-1.270000
199	-0.593622	0.154938	-0.042798	-1.270000
200	-0.487308	0.292910	-0.234434	-1.270000
201	-0.586975	0.013739	-0.183020	-1.270000
202	-0.591337	0.150194	-0.077379	-1.270000
203	-0.583654	-0.179387	0.073435	-1.270000
204	-0.573163	0.186282	-0.122510	-1.270000
205	-0.605478	0.013986	0.106894	-1.270000
206	-0.562666	0.247604	-0.018000	-1.270000
207	-0.487178	0.370853	-0.057883	-1.270000
208	-0.602462	0.123042	-0.011217	-1.270000
209	-0.601718	0.094959	0.084515	-1.270000
210	-0.600217	0.133889	0.006182	-1.270000
211	-0.566771	-0.172154	0.165403	-1.270000
212	-0.608716	-0.053839	-0.069216	-1.270000
213	-0.599206	0.112054	-0.081369	-1.270000
214	-0.598367	0.096661	0.104111	-1.270000
215	-0.607681	-0.028207	0.090298	-1.270000
216	-0.591482	-0.063053	0.156199	-1.270000
217	-0.608772	-0.027270	-0.082935	-1.270000
218	-0.611352	-0.064557	0.017483	-1.270000
219	-0.614282	0.012619	-0.026895	-1.270000
220	-0.603894	0.092839	0.070125	-1.270000
221	-0.582228	-0.038585	0.194284	-1.270000
222	-0.574797	-0.214259	0.043884	-1.270000
223	-0.605337	0.097721	0.047358	-1.270000
224	-0.594429	0.027888	0.155247	-1.270000
225	-0.606606	-0.097029	0.028974	-1.270000
226	-0.578114	-0.184807	0.099278	-1.270000
227	-0.598216	0.038255	0.137476	-1.270000
228	-0.594588	0.046864	0.149981	-1.270000
229	-0.595700	0.121765	0.092409	-1.270000
230	-0.592082	-0.160939	0.041981	-1.270000
231	-0.596842	-0.147315	-0.017415	-1.270000
232	-0.610312	-0.061665	-0.044068	-1.270000
233	-0.608685	-0.082511	-0.030316	-1.270000
234	-0.595846	0.151501	-0.015483	-1.270000
235	-0.563588	0.185959	0.161286	-1.270000
236	-0.601543	-0.048500	0.118399	-1.270000
237	-0.540014	0.289176	0.054653	-1.270000
238	-0.577175	0.035052	-0.209440	-1.270000
239	-0.606409	0.079429	-0.064686	-1.270000
240	-0.565381	-0.182655	-0.158766	-1.270000
241	-0.569550	0.146518	-0.179918	-1.270000
242	-0.561070	-0.153018	-0.200027	-1.270000
243	-0.587729	0.125775	-0.130310	-1.270000
244	-0.596344	0.080407	0.127017	-1.270000
245	-0.591419	0.090913	0.142068	-1.270000
246	-0.571890	0.226109	-0.006480	-1.270000
247	-0.604298	0.059621	-0.097439	-1.270000
248	-0.605590	-0.069011	-0.081994	-1.270000
249	-0.541152	-0.291120	-0.025069	-1.270000
250	-0.603547	0.117229	-0.014613	-1.270000
251	-0.613066	-0.032631	-0.036204	-1.270000
252	-0.592812	0.158860	-0.039522	-1.270000
253	-0.599911	0.119940	0.062816	-1.270000
254	-0.601525	0.062507	-0.111741	-1.270000
255	-0.578758	0.202350	0.048147	-1.270000
256	-0.612611	0.050200	-0.020328	-1.270000
257	-0.575520	-0.215479	-0.023892	-1.270000
258	-0.579123	-0.184034	-0.094725	-1.270000
259	-0.614590	0.021911	0.004958	-1.270000
260	-0.613149	0.008498	-0.046915	-1.270000
261	-0.602222	-0.096174	0.079397	-1.270000
262	-0.590507	0.022173	-0.170396	-1.270000
263	-0.567332	-0.236629	0.019128	-1.270000
264	-0.531476	-0.235586	-0.200642	-1.270000
265	-0.611180	-0.057164	-0.037627	-1.270000
266	-0.533230	-0.050356	0.302250	-1.270000
267	-0.579152	-0.038999	0.203192	-1.270000
268	-0.601553	-0.082924	0.097380	-1.270000
269	-0.609527	0.077103	0.027507	-1.270000
270	-0.608937	-0.086116	0.002191	-1.270000
271	-0.588284	-0.132187	0.121134	-1.270000
272	-0.608834	-0.086410	-0.008905	-1.270000
273	-0.578206	-0.208723	-0.018365	-1.270000
274	-0.611986	0.036402	0.048716	-1.270000
275	-0.606544	0.033667	0.095896	-1.270000
276	-0.576849	-0.135469	0.164678	-1.270000
277	-0.584958	-0.050007	0.183161	-1.270000
278	-0.599197	-0.039635	0.132727	-1.270000
279	-0.580791	-0.006773	-0.202142	-1.270000
280	-0.611019	0.051586	-0.047117	-1.270000
281	-0.606652	-0.076171	-0.066302	-1.270000
282	-0.612029	-0.042662	-0.042718	-1.270000
283	-0.596548	0.027747	0.146920	-1.270000
284	-0.606961	0.071205	0.068942	-1.270000
285	-0.602530	-0.073972	0.098544	-1.270000
286	-0.588521	-0.178515	-0.000547	-1.270000
287	-0.591053	0.156384	-0.066525	-1.270000
288	-0.556320	0.192363	0.178128	-1.270000
289	-0.583749	0.173583	-0.085624	-1.270000
290	-0.613323	0.042099	-0.016949	-1.270000
291	-0.603116	0.011164	0.119796	-1.270000
292	-0.576063	0.042571	0.211103	-1.270000
293	-0.610317	0.041379	0.063452	-1.270000
294	-0.595952	-0.137028	0.065491	-1.270000
295	-0.612551	0.047923	0.026647	-1.270000
296	-0.521948	0.248555	-0.209800	-1.270000
297	-0.604608	-0.086569	-0.071973	-1.270000
298	-0.604402	0.014680	0.112728	-1.270000
299	-0.578813	0.147328	0.146611	-1.270000
300	-0.611306	-0.026752	0.061757	-1.270000
301	-0.610638	0.033045	0.065224	-1.270000
302	-0.558609	0.243517	-0.082952	-1.270000
303	-0.542534	0.281594	-0.067727	-1.270000
304	-0.593925	0.145647	-0.065305	-1.270000
305	-0.586346	0.114461	-0.146021	-1.270000
306	-0.604242	0.103794	-0.048413	-1.270000
307	-0.606441	-0.034918	0.096101	-1.270000
308	-0.576174	0.212657	-0.032020	-1.270000
309	-0.590556	0.156082	0.071464	-1.270000
310	-0.591401	-0.123436	-0.115038	-1.270000
311	-0.603651	0.083439	0.082873	-1.270000
312	-0.530765	-0.176323	0.255780	-1.270000
313	-0.550148	0.247334	-0.119951	-1.270000
314	-0.609294	0.083121	-0.008780	-1.270000
315	-0.561305	0.180746	0.174621	-1.270000
316	-0.597804	0.133967	-0.053931	-1.270000
317	-0.602633	0.122705	0.001469	-1.270000
318	-0.593688	0.080996	0.138563	-1.270000
319	-0.602165	-0.075738	0.099432	-1.270000
320	-0.601386	-0.113142	0.061304	-1.270000
321	-0.600049	-0.061130	-0.120124	-1.270000
322	-0.601890	-0.104494	0.070952	-1.270000
323	-0.605804	0.104679	-0.016379	-1.270000
324	-0.581574	-0.168357	0.107946	-1.270000
325	-0.548319	-0.043674	0.275070	-1.270000
326	-0.506322	-0.267736	0.224010	-1.270000
327	-0.601520	-0.096692	0.083958	-1.270000
328	-0.602066	0.117844	0.043057	-1.270000
329	-0.592639	-0.160600	0.034800	-1.270000
330	-0.608725	0.030321	0.082214	-1.270000
331	-0.613579	0.036708	0.019943	-1.270000
332	-0.597114	0.095704	0.111897	-1.270000
333	-0.606248	0.091097	-0.048889	-1.270000
334	-0.613525	-0.006476	0.042067	-1.270000
335	-0.588530	0.155897	0.086908	-1.270000
336	-0.613515	0.039577	-0.016080	-1.270000
337	-0.604538	-0.005401	0.112824	-1.270000
338	-0.582968	-0.190279	0.046550	-1.270000
339	-0.555672	-0.161663	0.208131	-1.270000
340	-0.593151	-0.057984	0.151772	-1.270000
341	-0.613656	0.034802	0.020981	-1.270000
342	-0.592892	0.159519	0.035458	-1.270000
343	-0.592253	-0.078872	0.145743	-1.270000
344	-0.597290	-0.072029	-0.127600	-1.270000
345	-0.596685	-0.148961	0.001672	-1.270000
346	-0.596396	0.005182	-0.150032	-1.270000
347	-0.601647	-0.064902	-0.109699	-1.270000
348	-0.586710	0.160932	-0.089984	-1.270000
349	-0.597158	-0.146665	-0.010817	-1.270000
350	-0.585532	0.175044	0.068824	-1.270000
351	-0.605982	0.038779	-0.097503	-1.270000
352	-0.611955	0.050017	0.035137	-1.270000
353	-0.605146	-0.065126	0.088217	-1.270000
354	-0.593843	0.092906	-0.130169	-1.270000
355	-0.586613	0.144069	-0.115561	-1.270000
356	-0.612542	-0.038670	-0.039006	-1.270000
357	-0.602976	0.021707	-0.119054	-1.270000
358	-0.608137	-0.090974	0.010878	-1.270000
359	-0.611403	0.061853	0.024195	-1.270000
360	-0.608623	-0.005099	-0.088186	-1.270000
361	-0.607479	-0.093210	0.022508	-1.270000
362	-0.613485	-0.002520	0.043064	-1.270000
363	-0.613062	-0.041577	-0.025517	-1.270000
364	-0.583901	0.070382	-0.179807	-1.270000
365	-0.565302	0.114924	-0.213194	-1.270000
366	-0.613470	-0.038584	0.019770	-1.270000
367	-0.590862	0.091832	-0.143786	-1.270000
368	-0.606167	-0.035927	-0.097445	-1.270000
369	-0.600167	-0.094016	-0.095840	-1.270000
370	-0.611653	0.019650	0.060986	-1.270000
371	-0.600575	0.022925	0.130419	-1.270000
372	-0.601161	0.009393	-0.129393	-1.270000
373	-0.574650	-0.218820	0.010950	-1.270000
374	-0.614594	-0.020371	-0.009177	-1.270000
375	-0.599214	-0.137538	0.015839	-1.270000
376	-0.562544	-0.177419	0.174047	-1.270000
377	-0.512901	-0.334614	0.056493	-1.270000
378	-0.597983	0.085625	0.115368	-1.270000
379	-0.614201	0.031345	-0.000208	-1.270000
380	-0.588582	-0.150749	0.095244	-1.270000
381	-0.585529	-0.157296	-0.103142	-1.270000
382	-0.609101	-0.052356	0.066936	-1.270000
383	-0.608878	-0.085831	-0.011184	-1.270000
384	-0.584754	0.100019	0.162122	-1.270000
385	-0.603888	-0.102650	0.054843	-1.270000
386	-0.614341	-0.012572	-0.025539	-1.270000
387	-0.601957	0.061512	0.109952	-1.270000
388	-0.612918	0.048499	-0.014309	-1.270000
389	-0.606139	0.089993	-0.052171	-1.270000
390	-0.578300	-0.016749	0.208600	-1.270000
391	-0.589399	0.070609	0.160775	-1.270000
392	-0.599506	0.137169	-0.001388	-1.270000
393	-0.612294	0.027054	-0.050883	-1.270000
394	-0.600769	0.131162	-0.009900	-1.270000
395	-0.609081	-0.084059	0.013394	-1.270000
396	-0.611471	0.063077	0.018686	-1.270000
397	-0.612792	0.024638	0.045869	-1.270000
398	-0.612804	0.051921	0.000832	-1.270000
399	-0.609047	0.029892	0.079961	-1.270000
400	-0.604335	-0.017816	-0.112637	-1.270000
401	-0.608858	-0.057721	-0.064690	-1.270000
402	-0.560110	0.149094	-0.205602	-1.270000
403	-0.594712	0.156482	-0.007511	-1.270000
404	-0.606533	0.101492	-0.006518	-1.270000
405	-0.601658	0.120781	0.040554	-1.270000
406	-0.614652	-0.012975	0.016122	-1.270000
407	-0.593904	-0.019385	0.158517	-1.270000
408	-0.612813	0.048101	-0.019278	-1.270000
409	-0.612299	0.042645	-0.038682	-1.270000
410	-0.587839	0.157517	-0.088647	-1.270000
411	-0.559792	0.242119	0.078974	-1.270000
412	-0.544466	0.277916	-0.067408	-1.270000
413	-0.605548	0.106472	-0.014159	-1.270000
414	-0.599588	0.131595	0.037435	-1.270000
415	-0.606371	0.029008	0.098480	-1.270000
416	-0.604947	-0.038819	-0.103719	-1.270000
417	-0.607020	0.083027	-0.053461	-1.270000
418	-0.525861	0.241182	-0.208631	-1.270000
419	-0.604534	-0.068325	-0.089977	-1.270000
420	-0.606740	0.019062	0.098632	-1.270000
421	-0.581075	-0.056417	0.193374	-1.270000
422	-0.593427	0.161389	-0.004778	-1.270000
423	-0.607636	0.094730	0.005413	-1.270000
424	-0.575915	-0.215445	0.011421	-1.270000
425	-0.607748	-0.092809	0.015923	-1.270000
426	-0.602262	0.093601	0.082128	-1.270000
427	-0.609984	-0.078383	0.001043	-1.270000
428	-0.555488	-0.251816	0.079037	-1.270000
429	-0.569667	0.024741	0.230419	-1.270000
430	-0.562682	-0.245261	-0.038220	-1.270000
431	-0.587720	-0.125769	-0.130352	-1.270000
432	-0.560554	0.126937	0.218842	-1.270000
433	-0.612454	-0.022254	-0.051283	-1.270000
434	-0.572421	-0.134748	0.180005	-1.270000
435	-0.600327	-0.061728	0.118413	-1.270000
436	-0.602104	0.062426	0.108623	-1.270000
437	-0.587982	0.173730	-0.048174	-1.270000
438	-0.614680	-0.006837	-0.018630	-1.270000
439	-0.613001	-0.040036	-0.029189	-1.270000
440	-0.599704	0.135084	0.018227	-1.270000
441	-0.613231	-0.005749	0.046263	-1.270000
442	-0.611139	-0.029545	-0.062143	-1.270000
443	-0.587719	0.051070	-0.173792	-1.270000
444	-0.575461	-0.154660	-0.152153	-1.270000
445	-0.596718	-0.091338	0.117517	-1.270000
446	-0.603822	0.024811	0.114054	-1.270000
447	-0.584795	0.175064	0.074785	-1.270000
448	-0.614250	0.029655	0.006523	-1.270000
449	-0.608406	-0.046087	-0.077088	-1.270000
450	-0.606272	0.020597	0.101171	-1.270000
451	-0.584472	0.060984	-0.181381	-1.270000
452	-0.561607	-0.232406	-0.093862	-1.270000
453	-0.607989	0.045160	0.080842	-1.270000
454	-0.595506	0.153539	-0.004814	-1.270000
455	-0.559287	0.100448	-0.235229	-1.270000
456	-0.607302	-0.031003	-0.091916	-1.270000
457	-0.601549	0.104805	0.073344	-1.270000
458	-0.597062	0.123567	-0.080453	-1.270000
459	-0.577217	-0.133737	-0.164802	-1.270000
460	-0.535494	0.222656	-0.204684	-1.270000
461	-0.583023	-0.103744	-0.165970	-1.270000
462	-0.603741	-0.013726	-0.116334	-1.270000
463	-0.613073	-0.002502	0.048582	-1.270000
464	-0.611179	0.053626	-0.042541	-1.270000
465	-0.585924	0.145749	-0.116944	-1.270000
466	-0.558419	-0.015286	-0.257215	-1.270000
467	-0.602135	0.093408	0.083266	-1.270000
468	-0.578001	0.146850	0.150249	-1.270000
469	-0.509908	-0.194648	-0.283427	-1.270000
470	-0.604443	0.059626	-0.096533	-1.270000
471	-0.608478	0.065938	0.060268	-1.270000
472	-0.552544	0.220526	-0.155847	-1.270000
473	-0.532805	-0.026771	-0.305986	-1.270000
474	-0.588234	0.080965	-0.160159	-1.270000
475	-0.574257	-0.192931	-0.105979	-1.270000
476	-0.577215	-0.208104	0.041721	-1.270000
477	-0.610553	-0.062781	-0.038838	-1.270000
478	-0.579788	-0.204902	0.009273	-1.270000
479	-0.613128	0.028311	0.038693	-1.270000
480	-0.600438	0.060063	0.118709	-1.270000
481	-0.603289	0.089042	0.079616	-1.270000
482	-0.584792	-0.140185	-0.128806	-1.270000
483	-0.611539	-0.039878	0.051520	-1.270000
484	-0.599898	-0.078903	0.110097	-1.270000
485	-0.577172	-0.165413	0.133178	-1.270000
486	-0.579684	-0.186608	-0.085842	-1.270000
487	-0.565159	-0.031456	0.240479	-1.270000
488	-0.541068	-0.248608	0.153831	-1.270000
489	-0.614772	0.013890	-0.009356	-1.270000
490	-0.610561	-0.055137	-0.048994	-1.270000
491	-0.606781	-0.095869	0.029175	-1.270000
492	-0.611672	0.024406	0.059051	-1.270000
493	-0.601992	-0.065922	-0.107170	-1.270000
494	-0.607698	-0.087008	-0.036845	-1.270000
495	-0.612980	-0.048731	-0.010272	-1.270000
496	-0.594556	-0.010130	0.156925	-1.270000
497	-0.609266	-0.076479	0.034219	-1.270000
498	-0.589737	0.173885	0.014132	-1.270000
499	-0.611082	0.046041	0.051808	-1.270000
500	-0.595443	0.153840	-0.002472	-1.270000
501	-0.604229	0.097032	0.060968	-1.270000
502	-0.586193	0.154183	0.104069	-1.270000
503	-0.609822	-0.046571	0.064606	-1.270000
504	-0.607601	0.076226	0.056885	-1.270000
505	-0.598485	0.139457	0.024338	-1.270000
506	-0.575581	-0.211988	-0.044637	-1.270000
507	-0.605152	0.073599	0.081238	-1.270000
508	-0.606695	0.100452	0.007468	-1.270000
509	-0.611019	0.042004	0.055822	-1.270000
510	-0.612579	0.047195	0.027296	-1.270000
511	-0.610698	0.023507	-0.068705	-1.270000
512	-0.610370	0.015598	-0.073691	-1.270000
513	-0.610372	0.000867	0.075305	-1.270000
514	-0.614900	0.008225	0.007437	-1.270000
515	-0.596325	-0.145957	-0.036309	-1.270000
516	-0.612935	0.050272	-0.002829	-1.270000
517	-0.591628	0.165550	-0.028197	-1.270000
518	-0.598615	0.117630	-0.077767	-1.270000
519	-0.594761	0.099020	0.121158	-1.270000
520	-0.601945	-0.024842	-0.123573	-1.270000
521	-0.587796	0.102078	0.149336	-1.270000
522	-0.569718	-0.064797	0.222368	-1.270000
523	-0.611111	0.036279	-0.058759	-1.270000
524	-0.610851	-0.032588	-0.063435	-1.270000
525	-0.518754	0.293238	-0.152087	-1.270000
526	-0.536090	0.300554	0.022348	-1.270000
527	-0.571841	0.182549	-0.133785	-1.270000
528	-0.614775	0.011149	-0.012343	-1.270000
529	-0.594274	0.102754	0.120437	-1.270000
530	-0.603604	-0.095740	-0.068707	-1.270000
531	-0.592640	-0.163431	0.017118	-1.270000
532	-0.604602	0.018909	0.111013	-1.270000
533	-0.608126	-0.086103	0.031525	-1.270000
534	-0.477622	0.335266	-0.194162	-1.270000
535	-0.529575	0.171739	-0.261307	-1.270000
536	-0.594219	0.129812	-0.090982	-1.270000
537	-0.589663	0.010585	0.174385	-1.270000
538	-0.569628	-0.231672	0.008751	-1.270000
539	-0.605886	-0.095041	0.045769	-1.270000
540	-0.575173	-0.216890	0.018973	-1.270000
541	-0.508663	-0.214003	0.271458	-1.270000
542	-0.544103	-0.214213	0.190500	-1.270000
543	-0.609896	0.018003	-0.076995	-1.270000
544	-0.599343	0.137799	0.004991	-1.270000
545	-0.614415	0.026533	-0.003866	-1.270000
546	-0.583167	-0.045179	-0.189999	-1.270000
547	-0.514282	0.215674	-0.259275	-1.270000
548	-0.586274	-0.159174	0.095766	-1.270000
549	-0.602971	-0.080570	0.090332	-1.270000
550	-0.600742	0.007725	0.131430	-1.270000
551	-0.567554	-0.236094	0.019155	-1.270000
552	-0.611447	0.059653	-0.028268	-1.270000
553	-0.580629	0.047434	0.197092	-1.270000
554	-0.614764	0.006251	0.015864	-1.270000
555	-0.556755	-0.136259	0.222895	-1.270000
556	-0.614917	0.008607	0.005298	-1.270000
557	-0.593745	-0.101074	0.124401	-1.270000
558	-0.603419	0.062812	-0.100822	-1.270000
559	-0.597642	-0.142870	-0.025238	-1.270000
560	-0.594431	-0.018006	-0.156693	-1.270000
561	-0.611525	-0.008030	-0.064788	-1.270000
562	-0.584982	-0.000067	0.189792	-1.270000
563	-0.609339	-0.004086	0.083152	-1.270000
564	-0.603396	-0.055868	-0.104964	-1.270000
565	-0.573454	0.099008	-0.198930	-1.270000
566	-0.516004	-0.097093	-0.320215	-1.270000
567	-0.605284	0.041136	-0.100818	-1.270000
568	-0.498796	0.268923	-0.238972	-1.270000
569	-0.591727	-0.057613	-0.157368	-1.270000
570	-0.610761	0.063454	-0.034196	-1.270000
571	-0.595251	0.008535	0.154366	-1.270000
572	-0.587677	0.119882	0.135974	-1.270000
573	-0.613084	0.017927	-0.045077	-1.270000
574	-0.592693	-0.163590	0.013351	-1.270000
575	-0.614589	-0.014021	0.017556	-1.270000
576	-0.592750	0.123923	-0.107309	-1.270000
577	-0.614503	0.009206	0.022954	-1.270000
578	-0.611761	0.054245	-0.032109	-1.270000
579	-0.572122	0.161715	-0.157321	-1.270000
580	-0.610453	0.074450	0.005406	-1.270000
581	-0.588653	-0.050481	-0.170776	-1.270000
582	-0.557924	-0.252353	-0.057129	-1.270000
583	-0.592073	0.031470	0.163354	-1.270000
584	-0.609243	0.083777	-0.005370	-1.270000
585	-0.612437	-0.042619	-0.036462	-1.270000
586	-0.583628	0.190716	0.035082	-1.270000
587	-0.611622	-0.004601	0.064207	-1.270000
588	-0.582844	-0.194400	-0.026949	-1.270000
589	-0.592233	-0.160033	0.043294	-1.270000
590	-0.586932	-0.161040	0.088330	-1.270000
591	-0.611853	0.037159	-0.049805	-1.270000
592	-0.601256	-0.033738	0.124814	-1.270000
593	-0.611560	-0.033085	0.055901	-1.270000
594	-0.608938	-0.063741	0.057937	-1.270000
595	-0.608906	-0.030159	0.080925	-1.270000
596	-0.597682	-0.139284	-0.040015	-1.270000
597	-0.567151	-0.142491	0.190423	-1.270000
598	-0.591923	0.025980	0.164856	-1.270000
599	-0.587880	0.180498	-0.006480	-1.270000
600	-0.564092	0.088624	0.228411	-1.270000
601	-0.603564	-0.080249	-0.086575	-1.270000
602	-0.590642	-0.134849	-0.105747	-1.270000
603	-0.613447	0.017768	0.039903	-1.270000
604	-0.595945	0.139260	0.060677	-1.270000
605	-0.576237	0.178700	0.119340	-1.270000
606	-0.587479	-0.142539	0.113031	-1.270000
607	-0.614591	0.015766	-0.015932	-1.270000
608	-0.600523	0.127980	0.034905	-1.270000
609	-0.588359	0.156003	-0.087875	-1.270000
610	-0.610183	0.070128	-0.031356	-1.270000
611	-0.554920	-0.164211	0.208142	-1.270000
612	-0.602144	0.092622	0.084078	-1.270000
613	-0.588029	0.059663	0.169961	-1.270000
614	-0.577937	-0.205227	-0.045774	-1.270000
615	-0.600493	0.126847	-0.039287	-1.270000
616	-0.610148	0.076890	0.005704	-1.270000
617	-0.602893	0.116475	-0.034336	-1.270000
618	-0.606837	0.092104	0.038616	-1.270000
619	-0.600986	-0.061720	-0.115030	-1.270000
620	-0.582163	0.191790	0.050280	-1.270000
621	-0.614042	0.023246	0.025246	-1.270000
622	-0.594873	0.151515	-0.037335	-1.270000
623	-0.569648	0.231082	-0.018085	-1.270000
624	-0.595214	0.154530	0.008108	-1.270000
625	-0.584287	0.177549	-0.072868	-1.270000
626	-0.583048	0.093998	0.171593	-1.270000
627	-0.601120	-0.020810	-0.128245	-1.270000
628	-0.599843	-0.134708	0.016336	-1.270000
629	-0.613606	-0.015704	0.038281	-1.270000
630	-0.611267	0.045674	0.049917	-1.270000
631	-0.601414	0.110962	-0.064915	-1.270000
632	-0.564525	0.240490	-0.041241	-1.270000
633	-0.599218	0.124605	-0.060306	-1.270000
634	-0.573747	-0.108896	0.192823	-1.270000
635	-0.601701	-0.114344	0.055733	-1.270000
636	-0.614256	-0.016368	0.025421	-1.270000
637	-0.525124	-0.213084	0.238882	-1.270000
638	-0.598674	-0.135972	0.036418	-1.270000
639	-0.600326	0.119696	0.059214	-1.270000
640	-0.601093	0.090740	0.093159	-1.270000
641	-0.586321	-0.177802	0.053282	-1.270000
642	-0.588103	-0.127042	0.127357	-1.270000
643	-0.493408	0.100028	-0.353225	-1.270000
644	-0.543288	-0.241359	0.157509	-1.270000
645	-0.564386	-0.127418	0.208466	-1.270000
646	-0.583711	-0.183670	0.061415	-1.270000
647	-0.571469	-0.227144	0.007310	-1.270000
648	-0.596355	-0.143672	-0.044093	-1.270000
649	-0.597504	0.113684	0.091052	-1.270000
650	-0.537228	0.276638	0.114381	-1.270000
651	-0.572378	0.224264	0.017718	-1.270000
652	-0.579400	0.183624	-0.093826	-1.270000
653	-0.614771	-0.004760	0.016095	-1.270000
654	-0.601393	0.082591	0.098644	-1.270000
655	-0.577708	-0.207837	-0.035802	-1.270000
656	-0.592988	-0.124697	-0.105074	-1.270000
657	-0.413518	-0.426182	-0.159992	-1.270000
658	-0.591844	0.162334	0.039920	-1.270000
659	-0.613627	-0.040472	-0.006962	-1.270000
660	-0.600449	0.027126	-0.130195	-1.270000
661	-0.609139	0.083206	0.015858	-1.270000
662	-0.587415	-0.131963	0.125515	-1.270000
663	-0.603794	0.075339	-0.089339	-1.270000
664	-0.613937	0.031076	0.018451	-1.270000
665	-0.546621	0.024100	-0.280802	-1.270000
666	-0.538814	-0.124680	-0.268997	-1.270000
667	-0.614303	0.028364	0.007235	-1.270000
668	-0.595498	0.124886	-0.089500	-1.270000
669	-0.612998	-0.046079	0.018321	-1.270000
670	-0.598202	0.055058	-0.131713	-1.270000
671	-0.593777	0.126940	0.097674	-1.270000
672	-0.578984	0.108519	0.176708	-1.270000
673	-0.572373	0.099955	-0.201551	-1.270000
674	-0.572886	-0.030324	-0.221602	-1.270000
675	-0.591938	-0.147908	0.077184	-1.270000
676	-0.610445	0.040396	0.062854	-1.270000
677	-0.613265	-0.046084	-0.002605	-1.270000
678	-0.610623	0.002748	0.073188	-1.270000
679	-0.602589	-0.093037	-0.080351	-1.270000
680	-0.574687	0.215873	-0.036854	-1.270000
681	-0.570528	-0.141535	-0.180806	-1.270000
682	-0.468299	-0.309626	-0.251103	-1.270000
683	-0.524067	-0.310951	0.082995	-1.270000
684	-0.583637	-0.072531	0.179811	-1.270000
685	-0.554031	0.117217	0.239863	-1.270000
686	-0.588983	0.074126	0.160716	-1.270000
687	-0.585931	-0.104843	-0.154653	-1.270000
688	-0.609559	-0.039547	-0.071403	-1.270000
689	-0.598252	-0.086316	-0.113444	-1.270000
690	-0.599132	0.003929	0.138747	-1.270000
691	-0.541943	-0.168928	0.236613	-1.270000
692	-0.565342	-0.230957	0.072609	-1.270000
693	-0.550401	-0.252544	-0.107261	-1.270000
694	-0.609188	-0.014597	0.083078	-1.270000
695	-0.597059	-0.147232	-0.008265	-1.270000
696	-0.575894	0.101572	0.190405	-1.270000
697	-0.559721	-0.141575	0.211882	-1.270000
698	-0.509596	-0.313945	0.141333	-1.270000
699	-0.605413	-0.089769	-0.060350	-1.270000
700	-0.516447	-0.113120	0.314183	-1.270000
701	-0.606397	0.010450	0.101972	-1.270000
702	-0.586898	0.183621	-0.007661	-1.270000
703	-0.588214	0.015962	0.178813	-1.270000
704	-0.588996	0.117966	0.131882	-1.270000
705	-0.607722	-0.040372	0.085259	-1.270000
706	-0.595615	0.143006	-0.054927	-1.270000
707	-0.612402	0.052064	0.021870	-1.270000
708	-0.614607	-0.016657	-0.014360	-1.270000
709	-0.594872	0.142906	0.062688	-1.270000
710	-0.551453	-0.253005	-0.100566	-1.270000
711	-0.609675	0.076700	-0.025279	-1.270000
712	-0.564428	0.125705	-0.209389	-1.270000
713	-0.594943	-0.026985	-0.153426	-1.270000
714	-0.603017	0.095983	-0.073363	-1.270000
715	-0.574868	0.155423	0.153606	-1.270000
716	-0.584582	-0.137917	0.132167	-1.270000
717	-0.606530	-0.062790	0.080026	-1.270000
718	-0.592437	-0.069972	0.149492	-1.270000
719	-0.572965	-0.067310	0.213085	-1.270000
720	-0.519301	0.327144	0.039090	-1.270000
721	-0.581445	0.104215	-0.171132	-1.270000
722	-0.564877	0.124300	-0.209019	-1.270000
723	-0.614437	-0.025180	-0.007651	-1.270000
724	-0.571077	0.226766	0.025948	-1.270000
725	-0.612653	-0.028402	0.045543	-1.270000
726	-0.595590	0.078206	0.131840	-1.270000
727	-0.581408	-0.077212	-0.185007	-1.270000
728	-0.597109	-0.146307	-0.016717	-1.270000
729	-0.394288	0.400557	-0.249632	-1.270000
730	-0.608301	0.073658	-0.052624	-1.270000
731	-0.601982	0.104752	-0.069783	-1.270000
732	-0.601680	0.075712	-0.102344	-1.270000
733	-0.601668	-0.029170	-0.123973	-1.270000
734	-0.610919	0.016798	0.068709	-1.270000
735	-0.605873	-0.095683	0.044590	-1.270000
736	-0.595590	0.006044	-0.153169	-1.270000
737	-0.577948	0.209380	0.018992	-1.270000
738	-0.527629	0.278897	0.148488	-1.270000
739	-0.559538	0.028737	-0.253606	-1.270000
740	-0.598651	0.003034	-0.140827	-1.270000
741	-0.613975	-0.005686	-0.035039	-1.270000
742	-0.595057	-0.119721	0.098988	-1.270000
743	-0.546706	0.082116	-0.269433	-1.270000
744	-0.595178	-0.101376	0.117095	-1.270000
745	-0.583426	-0.185585	-0.058285	-1.270000
746	-0.576487	-0.205709	0.059761	-1.270000
747	-0.614213	0.001975	-0.031044	-1.270000
748	-0.518526	0.012189	0.330466	-1.270000
749	-0.608250	-0.011274	0.090164	-1.270000
750	-0.555273	0.034145	-0.262167	-1.270000
751	-0.416799	-0.212141	-0.399374	-1.270000
752	-0.590108	-0.122018	0.122921	-1.270000
753	-0.559665	0.183882	0.176599	-1.270000
754	-0.560956	0.090278	0.235380	-1.270000
755	-0.562757	-0.198734	0.148439	-1.270000
756	-0.611576	-0.063209	0.014314	-1.270000
757	-0.577204	0.053779	0.205348	-1.270000
758	-0.483719	0.264650	-0.272400	-1.270000
759	-0.611377	0.058599	-0.031775	-1.270000
760	-0.555115	0.078665	0.252754	-1.270000
761	-0.543599	-0.272828	0.091053	-1.270000
762	-0.603226	-0.014962	-0.118826	-1.270000
763	-0.611074	0.032410	0.061346	-1.270000
764	-0.586689	0.054353	0.176257	-1.270000
765	-0.563765	0.244691	-0.022799	-1.270000
766	-0.557598	0.235909	-0.107965	-1.270000
767	-0.592743	0.162160	-0.024185	-1.270000
768	-0.603156	-0.003823	-0.120053	-1.270000
769	-0.600431	-0.128304	0.035288	-1.270000
770	-0.559331	0.061738	-0.248118	-1.270000
771	-0.587824	-0.057642	0.171362	-1.270000
772	-0.585036	0.134418	-0.133754	-1.270000
773	-0.576019	-0.214844	-0.016408	-1.270000
774	-0.611746	-0.058452	-0.023982	-1.270000
775	-0.613102	0.042748	-0.022444	-1.270000
776	-0.607317	0.081219	0.052867	-1.270000
777	-0.614993	0.000982	-0.002669	-1.270000
778	-0.604476	-0.047598	-0.102800	-1.270000
779	-0.583313	-0.173211	-0.089266	-1.270000
780	-0.593378	0.139537	0.081593	-1.270000
781	-0.606789	0.020258	-0.098093	-1.270000
782	-0.612160	0.059026	0.001207	-1.270000
783	-0.601882	0.096535	-0.081509	-1.270000
784	-0.613313	-0.010522	-0.044289	-1.270000
785	-0.603368	0.008320	-0.118756	-1.270000
786	-0.585629	-0.132841	-0.132729	-1.270000
787	-0.595661	0.124557	-0.088874	-1.270000
788	-0.598105	0.073816	0.122663	-1.270000
789	-0.547092	-0.277658	0.042682	-1.270000
790	-0.579070	0.000861	-0.207129	-1.270000
791	-0.608904	-0.068921	-0.052070	-1.270000
792	-0.611416	-0.062784	-0.021308	-1.270000
793	-0.607865	-0.093363	-0.002859	-1.270000
794	-0.558290	-0.200159	0.162709	-1.270000
795	-0.603864	0.084291	-0.080429	-1.270000
796	-0.576362	0.195220	-0.089000	-1.270000
797	-0.600303	-0.132029	-0.020717	-1.270000
798	-0.601022	-0.102698	0.080316	-1.270000
799	-0.585262	-0.036441	0.185380	-1.270000
800	-0.582950	-0.195331	0.015485	-1.270000
801	-0.591670	-0.054661	0.158632	-1.270000
802	-0.567100	0.004356	0.237915	-1.270000
803	-0.609871	0.052701	-0.059202	-1.270000
804	-0.597816	0.130004	0.062771	-1.270000
805	-0.599093	-0.100123	0.096374	-1.270000
806	-0.587697	-0.145957	-0.107392	-1.270000
807	-0.607071	-0.071890	0.067245	-1.270000
808	-0.588176	-0.169281	-0.060148	-1.270000
809	-0.603830	0.099574	-0.060824	-1.270000
810	-0.525372	-0.149393	0.282650	-1.270000
811	-0.595374	0.115197	-0.102396	-1.270000
812	-0.609907	0.070209	0.036186	-1.270000
813	-0.613400	0.040442	-0.018177	-1.270000
814	-0.504002	0.025140	-0.351533	-1.270000
815	-0.609941	0.012230	0.077767	-1.270000
816	-0.608564	-0.035477	0.081340	-1.270000
817	-0.612347	-0.051052	-0.025489	-1.270000
818	-0.584406	-0.190619	-0.018942	-1.270000
819	-0.612561	0.050940	0.019979	-1.270000
820	-0.607195	-0.021194	-0.095341	-1.270000
821	-0.609004	0.075209	-0.041025	-1.270000
822	-0.598884	0.077734	-0.116275	-1.270000
823	-0.581323	-0.129325	-0.153503	-1.270000
824	-0.613205	0.030221	-0.035938	-1.270000
825	-0.592808	-0.119741	0.111650	-1.270000
826	-0.604469	0.112274	0.015388	-1.270000
827	-0.555537	0.246943	0.092862	-1.270000
828	-0.612200	-0.042214	0.040677	-1.270000
829	-0.608674	0.087105	-0.012406	-1.270000
830	-0.581440	0.032549	-0.197719	-1.270000
831	-0.609195	0.043542	0.072180	-1.270000
832	-0.613134	0.040968	-0.024761	-1.270000
833	-0.607195	0.074498	-0.063165	-1.270000
834	-0.590284	-0.025807	-0.170656	-1.270000
835	-0.449125	0.409424	-0.094253	-1.270000
836	-0.533022	0.177212	-0.250418	-1.270000
837	-0.575961	0.136868	-0.166616	-1.270000
838	-0.613074	0.045409	0.017406	-1.270000
839	-0.585147	0.143145	-0.123844	-1.270000
840	-0.584038	-0.167662	0.094939	-1.270000
841	-0.496712	-0.350817	0.091813	-1.270000
842	-0.606164	0.084975	0.059746	-1.270000
843	-0.568229	0.194154	-0.132834	-1.270000
844	-0.354513	-0.080481	-0.496053	-1.270000
845	-0.520326	0.317659	0.081109	-1.270000
846	-0.529293	-0.273762	-0.152081	-1.270000
847	-0.604363	0.099974	-0.054552	-1.270000
848	-0.610884	-0.068168	-0.019965	-1.270000
849	-0.603802	-0.116176	0.012294	-1.270000
850	-0.589573	-0.100063	0.143582	-1.270000
