1	0.504126	0.197441	0.291717	1.950000
2	0.569183	0.145391	0.181983	1.950000
3	0.538141	0.285956	0.082818	1.950000
4	0.546260	0.134898	-0.248250	1.950000
5	0.587225	0.088424	0.159917	1.950000
6	0.515908	0.086118	-0.323493	1.950000
7	0.557101	0.186025	-0.182367	1.950000
8	0.518483	0.142230	-0.298616	1.950000
9	0.563834	-0.245399	-0.009800	1.950000
10	0.511077	0.284729	0.189618	1.950000
11	0.585786	0.177338	0.060257	1.950000
12	0.583348	0.188492	-0.048998	1.950000
13	0.608918	-0.086241	-0.002427	1.950000
14	0.466040	0.299173	-0.267445	1.950000
15	0.522651	0.307141	-0.103565	1.950000
16	0.612029	0.011813	-0.059208	1.950000
17	0.613388	0.034685	0.027876	1.950000
18	0.578469	-0.015858	-0.208201	1.950000
19	0.379498	0.250561	0.414036	1.950000
20	0.588573	-0.053046	0.170272	1.950000
21	0.610054	0.044279	0.064022	1.950000
22	0.592213	0.046798	0.159117	1.950000
23	0.592590	0.157513	-0.047458	1.950000
24	0.611231	-0.056600	0.037658	1.950000
25	0.596106	0.147755	0.032425	1.950000
26	0.549111	0.147993	0.234094	1.950000
27	0.601844	-0.097657	0.080449	1.950000
28	0.565111	-0.242342	0.012028	1.950000
29	0.572301	0.224754	-0.013515	1.950000
30	0.503794	-0.014183	-0.352442	1.950000
31	0.579306	-0.027907	-0.204575	1.950000
32	0.478512	0.384001	0.042364	1.950000
33	0.513995	0.309257	0.135623	1.950000
34	0.394839	0.380015	0.279134	1.950000
35	0.583130	0.080495	0.178058	1.950000
36	0.607266	0.092861	-0.028798	1.950000
37	0.608009	0.092041	-0.008862	1.950000
38	0.604435	0.041083	-0.105810	1.950000
39	0.584180	0.048379	-0.186061	1.950000
40	0.595533	0.147483	0.042598	1.950000
41	0.577762	0.209264	0.024993	1.950000
42	0.604836	-0.104912	0.037313	1.950000
43	0.603659	0.116401	0.016472	1.950000
44	0.599334	-0.126891	0.054057	1.950000
45	0.565378	0.238622	0.040407	1.950000
46	0.401637	-0.441813	-0.147355	1.950000
47	0.605740	0.100580	0.034467	1.950000
48	0.610532	0.054664	0.049871	1.950000
49	0.554861	-0.260001	0.052478	1.950000
50	0.577068	0.207159	0.047986	1.950000
51	0.600853	-0.106106	-0.077088	1.950000
52	0.585097	0.113602	0.151594	1.950000
53	0.605491	0.104552	-0.025973	1.950000
54	0.593367	0.086704	-0.136465	1.950000
55	0.588184	-0.117292	-0.136043	1.950000
56	0.601703	0.047390	-0.118035	1.950000
57	0.575735	-0.174582	-0.127573	1.950000
58	0.593101	-0.134171	-0.091950	1.950000
59	0.519511	-0.321397	0.070979	1.950000
60	0.601723	0.121575	-0.037071	1.950000
61	0.581681	-0.028148	0.197687	1.950000
62	0.598704	0.025921	-0.138228	1.950000
63	0.507627	-0.084049	0.336861	1.950000
64	0.609597	0.054128	-0.060714	1.950000
65	0.585116	0.003301	0.189351	1.950000
66	0.608399	-0.048946	-0.075369	1.950000
67	0.570329	0.132039	-0.188457	1.950000
68	0.592094	0.153266	-0.064494	1.950000
69	0.583720	-0.189358	0.040487	1.950000
70	0.593133	-0.149973	-0.062658	1.950000
71	0.593947	0.056749	-0.149101	1.950000
72	0.597975	0.123368	-0.073696	1.950000
73	0.579881	-0.047887	-0.199174	1.950000
74	0.611388	0.058588	0.031583	1.950000
75	0.589733	-0.045308	0.168487	1.950000
76	0.587778	-0.178769	-0.027990	1.950000
77	0.601184	0.127597	0.022850	1.950000
78	0.576436	0.044199	-0.209744	1.950000
79	0.589675	0.016368	-0.173896	1.950000
80	0.590013	-0.169268	-0.038190	1.950000
81	0.424291	-0.436369	0.088227	1.950000
82	0.536552	-0.131162	-0.270433	1.950000
83	0.582463	0.181175	0.078344	1.950000
84	0.600248	-0.000858	-0.133891	1.950000
85	0.612385	0.019032	-0.053356	1.950000
86	0.593993	0.115913	-0.109368	1.950000
87	0.595531	0.133492	-0.075811	1.950000
88	0.607558	0.036623	0.088071	1.950000
89	0.593697	0.071631	0.143590	1.950000
90	0.498550	0.139838	0.331841	1.950000
91	0.588592	-0.145734	0.102695	1.950000
92	0.495657	-0.330925	-0.151783	1.950000
93	0.588928	0.177158	-0.001995	1.950000
94	0.610366	-0.016431	0.073540	1.950000
95	0.608894	-0.079785	-0.033287	1.950000
96	0.582340	-0.000888	-0.197749	1.950000
97	0.591135	-0.167365	0.027817	1.950000
98	0.600598	-0.057397	0.119217	1.950000
99	0.598170	-0.142631	0.008644	1.950000
100	0.529629	-0.217661	-0.224369	1.950000
101	0.567367	-0.147037	-0.186279	1.950000
102	0.527379	-0.297825	-0.106756	1.950000
103	0.603870	-0.000924	0.116472	1.950000
104	0.607693	0.080527	0.049495	1.950000
105	0.531222	-0.305839	-0.049911	1.950000
106	0.612078	0.033695	0.049500	1.950000
107	0.604277	0.110150	-0.030678	1.950000
108	0.585436	0.168023	0.085191	1.950000
109	0.463375	-0.339287	-0.219984	1.950000
110	0.605835	-0.038130	0.098665	1.950000
111	0.573657	-0.221611	-0.005571	1.950000
112	0.501938	-0.339768	-0.104119	1.950000
113	0.571135	0.172445	0.149307	1.950000
114	0.542460	-0.270737	-0.103264	1.950000
115	0.613874	0.028876	0.023448	1.950000
116	0.509395	-0.264847	-0.220449	1.950000
117	0.317264	0.446217	0.280105	1.950000
118	0.578536	-0.033823	0.205858	1.950000
119	0.490148	0.340992	0.147322	1.950000
120	0.583548	0.192253	0.027112	1.950000
121	0.556499	0.145404	-0.217695	1.950000
122	0.548772	0.121742	-0.249506	1.950000
123	0.542506	0.278970	-0.078023	1.950000
124	0.563993	0.201453	-0.139834	1.950000
125	0.595847	-0.007734	0.152091	1.950000
126	0.518550	0.241159	0.226216	1.950000
127	0.603578	-0.111459	-0.038669	1.950000
128	0.574163	-0.127290	0.179887	1.950000
129	0.601534	0.105788	-0.072051	1.950000
130	0.613804	0.038330	0.000472	1.950000
131	0.561848	0.244697	-0.051727	1.950000
132	0.570062	0.192192	0.127735	1.950000
133	0.605071	-0.102038	0.041263	1.950000
134	0.600377	0.035362	0.128537	1.950000
135	0.596457	-0.119257	-0.090784	1.950000
136	0.609385	0.082180	-0.011002	1.950000
137	0.562201	0.238565	0.072400	1.950000
138	0.554342	0.243882	-0.107010	1.950000
139	0.520645	0.325177	0.037602	1.950000
140	0.597728	-0.141144	0.032014	1.950000
141	0.610465	0.040441	0.062625	1.950000
142	0.557635	0.015286	0.258911	1.950000
143	0.594766	0.124480	-0.094780	1.950000
144	0.596975	-0.007778	0.147600	1.950000
145	0.528292	0.248797	-0.192958	1.950000
146	0.581168	0.126951	-0.156050	1.950000
147	0.577891	0.163938	0.131874	1.950000
148	0.601960	0.075095	0.101142	1.950000
149	0.518594	-0.174171	0.280979	1.950000
150	0.602010	-0.077961	-0.098645	1.950000
151	0.596310	-0.148597	0.023642	1.950000
152	0.613680	-0.030046	0.026814	1.950000
153	0.600217	-0.113612	-0.071113	1.950000
154	0.600861	0.037601	-0.125606	1.950000
155	0.614921	0.006035	0.007820	1.950000
156	0.613417	0.037464	-0.023270	1.950000
157	0.601966	-0.035129	0.120948	1.950000
158	0.597622	0.032184	-0.141553	1.950000
159	0.541672	0.150983	-0.249039	1.950000
160	0.555444	-0.250518	-0.083349	1.950000
161	0.607883	0.050472	-0.078458	1.950000
162	0.613609	-0.025480	-0.032552	1.950000
163	0.611660	0.051155	0.038477	1.950000
164	0.606988	0.095269	-0.026732	1.950000
165	0.604473	-0.003210	0.113256	1.950000
166	0.568494	0.027684	-0.232966	1.950000
167	0.605961	-0.000488	-0.105053	1.950000
168	0.571494	0.035210	-0.224455	1.950000
169	0.530198	-0.162379	-0.265985	1.950000
170	0.606901	0.019047	0.097639	1.950000
171	0.586582	-0.162781	0.087461	1.950000
172	0.610258	-0.033429	0.068505	1.950000
173	0.566720	0.178404	-0.158825	1.950000
174	0.570308	0.134621	-0.186683	1.950000
175	0.588805	0.076028	-0.160478	1.950000
176	0.609491	-0.065183	-0.049970	1.950000
177	0.594701	-0.031559	-0.153493	1.950000
178	0.604517	0.030951	-0.108751	1.950000
179	0.613664	-0.016873	0.036841	1.950000
180	0.575563	0.077560	-0.202329	1.950000
181	0.571329	-0.065859	-0.217879	1.950000
182	0.607694	0.061108	0.072101	1.950000
183	0.575867	0.105794	0.188174	1.950000
184	0.605692	0.016169	-0.105362	1.950000
185	0.612587	0.022199	-0.049694	1.950000
186	0.533675	0.049799	0.301556	1.950000
187	0.607666	0.062912	-0.070775	1.950000
188	0.611472	0.060248	0.026397	1.950000
189	0.585637	0.053938	0.179847	1.950000
190	0.598350	-0.069872	0.123776	1.950000
191	0.600591	0.031493	-0.128547	1.950000
192	0.585732	0.063066	0.176539	1.950000
193	0.601108	-0.127417	-0.025670	1.950000
194	0.566879	0.237223	0.024462	1.950000
195	0.614324	0.021093	0.019659	1.950000
196	0.573145	0.000968	0.223000	1.950000
197	0.572698	0.146246	-0.169866	1.950000
198	0.568948	-0.126642	-0.196177	1.950000
199	0.524375	-0.232296	-0.222023	1.950000
200	0.575813	0.132211	-0.170834	1.950000
201	0.614647	0.010300	0.018100	1.950000
202	0.567658	-0.168255	0.166372	1.950000
203	0.583078	-0.065065	0.184421	1.950000
204	0.563119	0.053601	0.241348	1.950000
205	0.601281	0.088580	0.094020	1.950000
206	0.582589	-0.071333	0.183649	1.950000
207	0.563644	-0.236704	0.067094	1.950000
208	0.526517	-0.299180	-0.107222	1.950000
209	0.595927	-0.124250	0.087507	1.950000
210	0.605522	-0.102009	0.034088	1.950000
211	0.574251	-0.126396	-0.180235	1.950000
212	0.614116	-0.032945	0.000875	1.950000
213	0.560296	0.252239	-0.025864	1.950000
214	0.585060	0.184074	0.045235	1.950000
215	0.569161	0.117230	0.201339	1.950000
216	0.598336	0.127370	-0.063209	1.950000
217	0.585323	0.039295	-0.184601	1.950000
218	0.613781	0.027610	-0.027121	1.950000
219	0.596249	0.083201	-0.125658	1.950000
220	0.577729	0.078989	-0.195487	1.950000
221	0.606864	0.097103	0.022627	1.950000
222	0.534780	-0.289689	-0.091189	1.950000
223	0.574478	0.159946	0.150392	1.950000
224	0.586807	0.069226	0.170560	1.950000
225	0.554263	0.103330	0.245643	1.950000
226	0.612469	-0.055589	0.004010	1.950000
227	0.579385	0.104974	-0.177535	1.950000
228	0.609483	0.052884	0.062919	1.950000
229	0.592877	0.161342	-0.026285	1.950000
230	0.609173	-0.082111	0.019774	1.950000
231	0.578663	0.161407	0.131614	1.950000
232	0.521576	0.278291	0.169522	1.950000
233	0.586016	-0.055920	0.177998	1.950000
234	0.567139	0.097550	0.216939	1.950000
235	0.598332	-0.124906	0.067986	1.950000
236	0.507935	0.343909	-0.044200	1.950000
237	0.591027	0.169622	0.011863	1.950000
238	0.610826	0.043354	-0.056894	1.950000
239	0.609900	-0.067177	0.041649	1.950000
240	0.613712	-0.033643	-0.021227	1.950000
241	0.614258	0.014152	0.026688	1.950000
242	0.610488	0.034546	0.065852	1.950000
243	0.612456	0.030538	0.046803	1.950000
244	0.592550	0.160687	0.035907	1.950000
245	0.588741	-0.177170	-0.014824	1.950000
246	0.602751	0.120242	-0.021407	1.950000
247	0.614693	0.019433	-0.000080	1.950000
248	0.555726	-0.261928	-0.028058	1.950000
249	0.468791	0.353941	0.182170	1.950000
250	0.587154	-0.175126	0.052976	1.950000
251	0.614999	0.001156	0.000267	1.950000
252	0.612897	-0.024217	-0.044677	1.950000
253	0.614031	-0.020548	-0.027732	1.950000
254	0.611418	0.065288	0.011449	1.950000
255	0.606905	-0.096432	-0.024332	1.950000
256	0.605424	0.066119	-0.085527	1.950000
257	0.612982	-0.048391	0.011688	1.950000
258	0.611209	0.059543	0.033220	1.950000
259	0.587836	-0.110649	-0.142935	1.950000
260	0.579278	0.011751	-0.206213	1.950000
261	0.607744	-0.060618	-0.072096	1.950000
262	0.610436	-0.057641	-0.047653	1.950000
263	0.608827	-0.069162	0.052642	1.950000
264	0.591756	-0.120386	-0.116436	1.950000
265	0.551928	0.191041	0.192622	1.950000
266	0.599010	0.139312	0.002139	1.950000
267	0.601400	-0.126366	0.023980	1.950000
268	0.579168	-0.051970	-0.200220	1.950000
269	0.599606	-0.045628	-0.128900	1.950000
270	0.595038	0.155052	0.010682	1.950000
271	0.599320	0.071421	-0.118066	1.950000
272	0.609175	0.007178	-0.084139	1.950000
273	0.586003	0.049667	0.179885	1.950000
274	0.589988	0.027067	0.171484	1.950000
275	0.591460	-0.163402	-0.041232	1.950000
276	0.605047	-0.093602	0.058157	1.950000
277	0.583019	0.192362	-0.036199	1.950000
278	0.590948	0.157918	-0.063776	1.950000
279	0.594521	0.038156	-0.152690	1.950000
280	0.611709	-0.042941	-0.046829	1.950000
281	0.611060	-0.002817	-0.069447	1.950000
282	0.612880	-0.042256	0.028587	1.950000
283	0.603865	0.095889	-0.066165	1.950000
284	0.565292	-0.232667	-0.067347	1.950000
285	0.612183	-0.011316	0.057693	1.950000
286	0.603135	-0.105606	-0.057450	1.950000
287	0.543720	0.225894	-0.177665	1.950000
288	0.608628	-0.032786	-0.081990	1.950000
289	0.613364	0.037488	0.024577	1.950000
290	0.567317	0.236042	0.025697	1.950000
291	0.594214	0.137312	0.079248	1.950000
292	0.598489	0.069057	-0.123558	1.950000
293	0.605517	0.037057	0.100998	1.950000
294	0.592038	-0.159922	0.046273	1.950000
295	0.569352	-0.191104	-0.132448	1.950000
296	0.613850	-0.007385	0.036862	1.950000
297	0.596405	-0.103465	0.108724	1.950000
298	0.611970	-0.031506	0.052204	1.950000
299	0.611646	0.037618	-0.051955	1.950000
300	0.573395	-0.200239	-0.096685	1.950000
301	0.598132	0.112326	0.088577	1.950000
302	0.612987	0.026852	0.041846	1.950000
303	0.577490	0.184766	-0.102917	1.950000
304	0.565414	-0.080157	-0.228269	1.950000
305	0.524731	-0.320271	-0.017565	1.950000
306	0.506443	-0.203921	-0.283119	1.950000
307	0.612866	-0.008436	-0.050493	1.950000
308	0.604972	-0.004779	0.110502	1.950000
309	0.611519	-0.055957	-0.033739	1.950000
310	0.603292	-0.119423	0.001446	1.950000
311	0.596235	-0.093567	0.118214	1.950000
312	0.584381	0.125165	-0.145112	1.950000
313	0.471534	-0.290323	-0.267569	1.950000
314	0.589664	-0.162851	-0.063257	1.950000
315	0.609529	-0.074749	-0.033342	1.950000
316	0.580356	-0.064158	-0.193121	1.950000
317	0.584391	-0.162991	0.100728	1.950000
318	0.565159	-0.211571	-0.118569	1.950000
319	0.599235	-0.137693	0.013545	1.950000
320	0.576520	0.128251	-0.171468	1.950000
321	0.587585	0.145016	0.109266	1.950000
322	0.609668	0.067013	0.045159	1.950000
323	0.604741	0.106819	0.033217	1.950000
324	0.611754	0.057996	0.024867	1.950000
325	0.588475	-0.142118	-0.108280	1.950000
326	0.580386	0.197263	0.049646	1.950000
327	0.532561	0.043441	-0.304493	1.950000
328	0.565274	0.235807	0.055547	1.950000
329	0.604164	-0.035688	0.109259	1.950000
330	0.590097	0.118430	0.126430	1.950000
331	0.580761	0.189837	0.070024	1.950000
332	0.610778	0.071344	-0.009253	1.950000
333	0.605237	0.106339	0.024602	1.950000
334	0.608159	0.031478	-0.085889	1.950000
335	0.565529	0.231797	-0.068355	1.950000
336	0.604506	0.112804	-0.008514	1.950000
337	0.605074	0.075244	0.080306	1.950000
338	0.603703	0.043043	0.109158	1.950000
339	0.565642	0.164408	0.176760	1.950000
340	0.605924	-0.047118	0.094131	1.950000
341	0.609701	0.041772	-0.068882	1.950000
342	0.606992	0.063361	0.075969	1.950000
343	0.594859	0.102427	0.117796	1.950000
344	0.498786	0.317401	0.169395	1.950000
345	0.609546	-0.050180	-0.064501	1.950000
346	0.588810	0.018524	0.176591	1.950000
347	0.554207	0.250440	0.091429	1.950000
348	0.613816	-0.002692	-0.038052	1.950000
349	0.611558	0.051475	-0.039645	1.950000
350	0.594380	-0.041197	-0.152449	1.950000
351	0.565940	0.208216	0.120761	1.950000
352	0.538944	0.108586	0.275633	1.950000
353	0.603122	-0.047796	0.110382	1.950000
354	0.596689	0.097525	0.112590	1.950000
355	0.608844	-0.067419	-0.054666	1.950000
356	0.611791	-0.056333	-0.027625	1.950000
357	0.602930	0.120800	-0.010384	1.950000
358	0.587308	0.176739	0.045357	1.950000
359	0.614791	-0.007138	0.014360	1.950000
360	0.599112	0.093021	0.103137	1.950000
361	0.611043	-0.025487	-0.064824	1.950000
362	0.536739	-0.241184	-0.178791	1.950000
363	0.608652	-0.063480	0.061141	1.950000
364	0.611495	-0.027509	-0.059518	1.950000
365	0.607007	0.059348	0.079027	1.950000
366	0.607804	-0.070862	-0.061461	1.950000
367	0.601050	0.121343	0.047328	1.950000
368	0.609435	-0.082308	-0.006305	1.950000
369	0.605618	0.106785	0.007021	1.950000
370	0.586795	0.100500	0.154259	1.950000
371	0.578983	0.121037	-0.168387	1.950000
372	0.590964	0.072992	-0.153815	1.950000
373	0.591363	-0.168864	0.000044	1.950000
374	0.606184	-0.064235	0.081489	1.950000
375	0.556270	0.016049	0.261783	1.950000
376	0.590638	0.050562	-0.163753	1.950000
377	0.576900	-0.165610	0.134108	1.950000
378	0.610041	0.037606	-0.068274	1.950000
379	0.597426	0.074523	-0.125514	1.950000
380	0.585365	-0.144706	-0.120966	1.950000
381	0.585746	0.014749	-0.186839	1.950000
382	0.613047	-0.016834	0.045985	1.950000
383	0.613410	0.029367	-0.033018	1.950000
384	0.612520	0.038165	-0.039847	1.950000
385	0.583372	-0.099762	-0.167183	1.950000
386	0.590311	0.162094	-0.059024	1.950000
387	0.604442	0.072441	-0.087336	1.950000
388	0.614320	0.004461	-0.028558	1.950000
389	0.614668	0.020113	0.001850	1.950000
390	0.611048	0.048353	-0.050071	1.950000
391	0.540936	-0.212826	-0.200793	1.950000
392	0.567401	-0.132007	-0.197119	1.950000
393	0.588201	-0.155417	-0.089946	1.950000
394	0.599706	-0.129927	-0.041186	1.950000
395	0.600365	-0.058152	0.120020	1.950000
396	0.605548	0.067978	0.083158	1.950000
397	0.602425	0.058581	0.108982	1.950000
398	0.589763	0.166613	0.051428	1.950000
399	0.611316	-0.067210	0.000954	1.950000
400	0.614168	-0.027679	-0.016028	1.950000
401	0.596790	0.077657	0.126635	1.950000
402	0.581284	-0.194423	0.050331	1.950000
403	0.614837	-0.013741	0.003328	1.950000
404	0.598405	-0.038265	-0.136647	1.950000
405	0.597261	0.004870	0.146561	1.950000
406	0.609002	0.047359	-0.071408	1.950000
407	0.577523	-0.160825	-0.137215	1.950000
408	0.573235	0.214705	0.059398	1.950000
409	0.607470	0.084208	-0.045986	1.950000
410	0.547450	-0.144327	-0.240194	1.950000
411	0.566801	-0.168471	-0.169053	1.950000
412	0.495421	-0.263266	-0.251941	1.950000
413	0.588354	-0.124270	-0.128923	1.950000
414	0.613203	0.000717	0.046974	1.950000
415	0.612662	-0.051509	-0.014738	1.950000
416	0.610416	-0.067753	-0.032043	1.950000
417	0.603313	0.022987	0.117089	1.950000
418	0.605768	-0.001306	0.106155	1.950000
419	0.611351	-0.046038	-0.048532	1.950000
420	0.549106	-0.251064	-0.116938	1.950000
421	0.569948	-0.201367	-0.113292	1.950000
422	0.582636	0.001064	-0.196874	1.950000
423	0.590865	-0.107928	0.132117	1.950000
424	0.507341	-0.331430	-0.104806	1.950000
425	0.536460	0.265633	0.140978	1.950000
426	0.568191	0.228401	0.056716	1.950000
427	0.614921	0.008209	-0.005415	1.950000
428	0.612444	0.022848	-0.051135	1.950000
429	0.614903	0.008106	0.007301	1.950000
430	0.608678	0.016101	0.086471	1.950000
431	0.547815	0.133183	-0.245736	1.950000
432	0.575424	0.157275	-0.149589	1.950000
433	0.567079	0.107815	0.212185	1.950000
434	0.572609	0.206673	-0.087350	1.950000
435	0.606901	0.061937	-0.077843	1.950000
436	0.595714	0.110820	0.105207	1.950000
437	0.513508	0.259472	0.217276	1.950000
438	0.614644	0.019508	0.007533	1.950000
439	0.605460	0.097534	-0.046153	1.950000
440	0.606699	0.089988	-0.045202	1.950000
441	0.586633	0.182265	0.029424	1.950000
442	0.612568	-0.045340	0.030493	1.950000
443	0.598952	0.094138	0.103054	1.950000
444	0.586904	0.004509	0.183708	1.950000
445	0.584981	0.152478	0.113017	1.950000
446	0.594917	0.116181	0.103929	1.950000
447	0.605108	0.096764	-0.052017	1.950000
448	0.600370	0.056194	-0.120926	1.950000
449	0.600802	0.125035	-0.040347	1.950000
450	0.583785	0.192847	-0.015155	1.950000
451	0.606323	-0.020381	0.100906	1.950000
452	0.579930	0.171058	0.112453	1.950000
453	0.606381	0.033026	0.097143	1.950000
454	0.597376	-0.105979	0.100674	1.950000
455	0.597260	-0.144846	-0.022912	1.950000
456	0.605419	0.091444	-0.057713	1.950000
457	0.576355	0.151597	-0.151849	1.950000
458	0.604613	0.026970	-0.109276	1.950000
459	0.580928	0.200061	0.026890	1.950000
460	0.614892	-0.002527	-0.011225	1.950000
461	0.556489	0.130161	0.227164	1.950000
462	0.604986	-0.083750	-0.072130	1.950000
463	0.609228	0.054332	0.064143	1.950000
464	0.588580	-0.176995	0.021716	1.950000
465	0.601899	-0.068416	-0.106122	1.950000
466	0.588633	-0.149873	-0.096303	1.950000
467	0.602909	0.121024	-0.008891	1.950000
468	0.587554	0.139887	0.115915	1.950000
469	0.588934	-0.100819	-0.145662	1.950000
470	0.611596	-0.057921	0.028637	1.950000
471	0.595227	-0.082770	0.130688	1.950000
472	0.599222	-0.002298	0.138392	1.950000
473	0.582198	-0.134782	-0.145273	1.950000
474	0.613959	0.000695	0.035767	1.950000
475	0.594136	0.142862	0.069414	1.950000
476	0.605194	0.000886	0.109382	1.950000
477	0.611026	0.023442	0.065749	1.950000
478	0.596957	-0.106732	-0.102348	1.950000
479	0.603264	-0.064347	0.100779	1.950000
480	0.598606	0.140235	-0.015151	1.950000
481	0.587562	0.135929	-0.120493	1.950000
482	0.613474	0.027436	-0.033488	1.950000
483	0.604708	-0.090263	-0.066374	1.950000
484	0.613187	0.021766	-0.041868	1.950000
485	0.605851	0.073775	0.075673	1.950000
486	0.575577	0.214782	0.028380	1.950000
487	0.594568	-0.049705	0.149143	1.950000
488	0.567135	0.071263	0.226945	1.950000
489	0.614059	-0.008201	0.032998	1.950000
490	0.593048	0.113595	-0.116684	1.950000
491	0.580130	0.202610	0.024956	1.950000
492	0.573319	0.176654	-0.135365	1.950000
493	0.612296	-0.002610	-0.057549	1.950000
494	0.605512	0.000503	-0.107609	1.950000
495	0.605981	-0.015704	0.103756	1.950000
496	0.613498	-0.042954	0.000154	1.950000
497	0.534767	-0.241966	0.183581	1.950000
498	0.603636	0.068021	-0.096032	1.950000
499	0.576014	0.215321	-0.008347	1.950000
500	0.614160	0.028469	-0.014889	1.950000
501	0.605609	-0.100926	0.035740	1.950000
502	0.604365	-0.011786	-0.113265	1.950000
503	0.609040	-0.085196	-0.006113	1.950000
504	0.613735	0.011621	-0.037679	1.950000
505	0.607116	-0.086889	-0.045670	1.950000
506	0.568281	0.151620	0.179702	1.950000
507	0.607024	-0.023651	-0.095851	1.950000
508	0.603558	-0.091521	-0.074608	1.950000
509	0.613672	-0.029452	-0.027647	1.950000
510	0.613743	0.039045	-0.004493	1.950000
511	0.611956	0.044362	-0.042029	1.950000
512	0.559969	-0.065871	-0.245602	1.950000
513	0.535529	-0.022430	0.301547	1.950000
514	0.612719	0.048526	-0.021108	1.950000
515	0.600175	0.133548	-0.013408	1.950000
516	0.563521	-0.171006	-0.177275	1.950000
517	0.575859	-0.155580	-0.149687	1.950000
518	0.570313	-0.118075	-0.197551	1.950000
519	0.607968	-0.081717	-0.043847	1.950000
520	0.597478	-0.145740	-0.002183	1.950000
521	0.550373	-0.181053	-0.206238	1.950000
522	0.604549	-0.102778	0.046713	1.950000
523	0.594657	0.126218	0.093149	1.950000
524	0.589664	0.170539	-0.037924	1.950000
525	0.449339	-0.404270	-0.113516	1.950000
526	0.567746	-0.229675	-0.056031	1.950000
527	0.552419	-0.243409	-0.117517	1.950000
528	0.579138	-0.147295	-0.145355	1.950000
529	0.571603	-0.106433	-0.200418	1.950000
530	0.605224	-0.108032	0.016050	1.950000
531	0.612634	0.034084	0.041751	1.950000
532	0.606276	-0.051393	0.089516	1.950000
533	0.598697	0.135841	-0.036521	1.950000
534	0.413726	-0.363606	0.273581	1.950000
535	0.600164	-0.073651	0.112267	1.950000
536	0.545184	-0.246055	-0.143025	1.950000
537	0.609279	-0.066665	0.050597	1.950000
538	0.595413	0.121102	0.095093	1.950000
539	0.611077	-0.066122	-0.020916	1.950000
540	0.580895	-0.039547	0.198047	1.950000
541	0.612362	-0.037297	0.042968	1.950000
542	0.487703	-0.076901	0.366683	1.950000
543	0.609875	0.066311	0.043368	1.950000
544	0.553215	0.253569	0.088777	1.950000
545	0.581626	0.151497	0.130324	1.950000
546	0.609895	0.062633	-0.048274	1.950000
547	0.608400	0.030759	-0.084432	1.950000
548	0.584695	-0.014831	-0.190098	1.950000
549	0.570757	0.225035	-0.042664	1.950000
550	0.603910	0.100527	-0.058417	1.950000
551	0.564366	0.227122	0.090177	1.950000
552	0.609458	0.072878	0.038407	1.950000
553	0.603650	-0.096208	0.067642	1.950000
554	0.596726	0.048896	-0.140543	1.950000
555	0.611762	0.062993	0.002168	1.950000
556	0.601314	0.047540	-0.119945	1.950000
557	0.590120	0.171959	-0.020343	1.950000
558	0.600849	-0.068723	0.111724	1.950000
559	0.595967	0.131943	0.075098	1.950000
560	0.588002	0.043269	0.174946	1.950000
561	0.603152	0.113449	0.039528	1.950000
562	0.582520	0.194006	-0.035459	1.950000
563	0.606399	0.086269	-0.055348	1.950000
564	0.607597	0.094687	-0.009252	1.950000
565	0.595295	0.009925	-0.154113	1.950000
566	0.596323	0.006710	0.150261	1.950000
567	0.589054	-0.022460	0.175318	1.950000
568	0.596718	0.049218	0.140464	1.950000
569	0.608894	-0.077637	-0.038015	1.950000
570	0.605852	0.044925	-0.095657	1.950000
571	0.605214	0.103560	-0.034872	1.950000
572	0.578547	0.135588	-0.158507	1.950000
573	0.608558	-0.038553	0.079970	1.950000
574	0.596973	0.138076	0.052759	1.950000
575	0.605884	-0.086694	0.060118	1.950000
576	0.573868	0.204847	-0.083297	1.950000
577	0.579038	0.009095	-0.207021	1.950000
578	0.611493	0.028492	0.059071	1.950000
579	0.613507	0.022600	0.036376	1.950000
580	0.575066	0.086650	0.200041	1.950000
581	0.614674	0.019987	-0.001304	1.950000
582	0.556968	-0.244976	0.089436	1.950000
583	0.613254	-0.034474	0.030922	1.950000
584	0.598108	-0.097361	-0.104939	1.950000
585	0.587174	-0.111172	-0.145232	1.950000
586	0.594436	-0.157039	0.014489	1.950000
587	0.614813	-0.010004	-0.011392	1.950000
588	0.607990	0.065609	-0.065337	1.950000
589	0.613497	-0.042764	-0.004167	1.950000
590	0.587632	0.018440	0.180483	1.950000
591	0.603182	0.119983	-0.000705	1.950000
592	0.604748	0.110488	0.017253	1.950000
593	0.613345	-0.015961	-0.042167	1.950000
594	0.607403	-0.051785	-0.081268	1.950000
595	0.603718	0.056749	0.102609	1.950000
596	0.574807	0.216981	-0.027219	1.950000
597	0.582562	0.057570	0.188501	1.950000
598	0.613761	0.000206	0.039015	1.950000
599	0.540166	0.277658	-0.096708	1.950000
600	0.584827	0.095831	0.164374	1.950000
601	0.602670	0.095065	-0.077309	1.950000
602	0.604369	0.112310	-0.018713	1.950000
603	0.606322	-0.087410	-0.054394	1.950000
604	0.612552	0.004260	-0.054651	1.950000
605	0.602450	-0.030985	-0.119660	1.950000
606	0.578922	-0.104361	0.179396	1.950000
607	0.592303	-0.084338	-0.142441	1.950000
608	0.600005	-0.032404	-0.131028	1.950000
609	0.567579	-0.084606	-0.221180	1.950000
610	0.611365	-0.035201	-0.056734	1.950000
611	0.562864	0.180915	-0.169348	1.950000
612	0.604544	0.095454	-0.060335	1.950000
613	0.595228	0.047460	-0.147227	1.950000
614	0.577807	-0.209990	0.016380	1.950000
615	0.543262	-0.135591	-0.254374	1.950000
616	0.614571	-0.022199	-0.005934	1.950000
617	0.605586	0.107084	0.004836	1.950000
618	0.593041	-0.148551	-0.066783	1.950000
619	0.594206	-0.157397	-0.019253	1.950000
620	0.596931	-0.143825	-0.034831	1.950000
621	0.609620	-0.022083	-0.078108	1.950000
622	0.554226	0.181334	-0.195389	1.950000
623	0.602959	-0.067794	0.100348	1.950000
624	0.543684	-0.060160	-0.281093	1.950000
625	0.590798	-0.057158	-0.160985	1.950000
626	0.609385	-0.063592	-0.053206	1.950000
627	0.575087	-0.217809	0.007712	1.950000
628	0.578598	0.022187	-0.207260	1.950000
629	0.589164	-0.176348	-0.003521	1.950000
630	0.582784	0.180727	0.076979	1.950000
631	0.561350	-0.210568	0.137012	1.950000
632	0.530045	-0.169896	-0.261558	1.950000
633	0.598784	-0.136401	0.032829	1.950000
634	0.614213	0.026358	-0.016502	1.950000
635	0.608134	-0.073942	-0.054136	1.950000
636	0.601056	-0.019888	-0.128689	1.950000
637	0.614689	0.003476	0.019240	1.950000
638	0.583374	-0.061960	0.184555	1.950000
639	0.602642	0.095153	0.077418	1.950000
640	0.614531	-0.009706	-0.021972	1.950000
641	0.560283	0.251747	-0.030512	1.950000
642	0.554203	0.232376	-0.130710	1.950000
643	0.581225	0.074314	-0.186762	1.950000
644	0.602356	0.072769	0.100485	1.950000
645	0.591370	0.167704	-0.019541	1.950000
646	0.599431	0.121942	0.063538	1.950000
647	0.565209	0.241571	-0.020184	1.950000
648	0.611654	0.062706	-0.013138	1.950000
649	0.569586	0.181897	0.143911	1.950000
650	0.517612	0.331137	0.025516	1.950000
651	0.612272	-0.057427	-0.007079	1.950000
652	0.507257	0.263085	-0.227379	1.950000
653	0.567161	0.183602	-0.151143	1.950000
654	0.610530	0.059003	-0.044687	1.950000
655	0.595916	0.147528	0.036673	1.950000
656	0.597647	0.115152	-0.088220	1.950000
657	0.563966	0.228013	-0.090426	1.950000
658	0.609404	0.031597	0.076506	1.950000
659	0.490955	-0.104929	0.355215	1.950000
660	0.589391	0.152881	-0.086430	1.950000
661	0.605485	0.094739	-0.051357	1.950000
662	0.601392	0.087843	-0.094004	1.950000
663	0.573378	-0.097039	-0.200116	1.950000
664	0.613256	-0.033109	0.032332	1.950000
665	0.569074	-0.093716	0.213534	1.950000
666	0.610565	-0.057581	0.046040	1.950000
667	0.541946	0.028612	0.289311	1.950000
668	0.607218	-0.097480	-0.003002	1.950000
669	0.599088	-0.138938	0.003777	1.950000
670	0.607206	-0.097234	0.008456	1.950000
671	0.591269	0.124897	0.114132	1.950000
672	0.603051	0.065612	-0.101240	1.950000
673	0.598855	-0.126567	0.059820	1.950000
674	0.595960	-0.147557	0.035826	1.950000
675	0.600194	0.054527	0.122551	1.950000
676	0.595993	0.091355	0.121126	1.950000
677	0.604764	-0.086177	0.071124	1.950000
678	0.608462	-0.087615	-0.017956	1.950000
679	0.567493	-0.106790	-0.211596	1.950000
680	0.604139	0.088896	0.073062	1.950000
681	0.595193	0.143830	0.057302	1.950000
682	0.593785	0.105282	0.120663	1.950000
683	0.605289	0.021460	0.106724	1.950000
684	0.604077	0.020038	0.113644	1.950000
685	0.590178	0.154091	-0.078557	1.950000
686	0.580377	-0.198447	-0.044797	1.950000
687	0.613049	0.028286	0.039949	1.950000
688	0.569238	0.232281	-0.015433	1.950000
689	0.588848	-0.048123	0.170785	1.950000
690	0.548804	0.177118	-0.213701	1.950000
691	0.611170	0.054358	-0.041734	1.950000
692	0.600175	0.131532	0.026739	1.950000
693	0.480653	0.377771	0.066979	1.950000
694	0.599992	0.130599	0.034329	1.950000
695	0.613383	-0.040703	-0.018156	1.950000
696	0.580298	-0.071139	-0.190835	1.950000
697	0.604627	-0.088104	-0.069920	1.950000
698	0.594726	0.094998	0.124505	1.950000
699	0.613357	-0.007048	0.044369	1.950000
700	0.594482	-0.157507	-0.002731	1.950000
701	0.422641	-0.392848	0.212768	1.950000
702	0.614860	0.002026	0.012976	1.950000
703	0.604843	0.111306	-0.000696	1.950000
704	0.601617	0.105668	-0.071532	1.950000
705	0.568907	0.050473	-0.228084	1.950000
706	0.580678	-0.012048	-0.202219	1.950000
707	0.605299	0.044771	-0.099165	1.950000
708	0.610028	0.002665	-0.077996	1.950000
709	0.612086	0.059586	0.005011	1.950000
710	0.567201	-0.236519	0.023814	1.950000
711	0.596897	-0.035295	-0.143850	1.950000
712	0.586079	0.000474	-0.186377	1.950000
713	0.592376	0.150833	-0.067564	1.950000
714	0.603517	-0.112854	0.035441	1.950000
715	0.607451	-0.003450	-0.096004	1.950000
716	0.554111	-0.132934	-0.231332	1.950000
717	0.574749	0.123011	-0.180990	1.950000
718	0.611281	-0.065693	0.015660	1.950000
719	0.555690	-0.023165	-0.262483	1.950000
720	0.475118	-0.232780	-0.313530	1.950000
721	0.605056	-0.103460	0.037788	1.950000
722	0.600745	0.123179	-0.046452	1.950000
723	0.606560	0.065193	-0.077846	1.950000
724	0.607265	0.035836	-0.090391	1.950000
725	0.571413	-0.166739	-0.154630	1.950000
726	0.613720	-0.039454	-0.004010	1.950000
727	0.603852	0.110873	0.035989	1.950000
728	0.568988	0.166845	-0.163218	1.950000
729	0.544841	-0.203011	0.200398	1.950000
730	0.594217	-0.101788	-0.121535	1.950000
731	0.607633	-0.036603	-0.087565	1.950000
732	0.593884	-0.159464	0.009890	1.950000
733	0.611557	-0.062427	0.018046	1.950000
734	0.547443	-0.248843	0.128874	1.950000
735	0.605830	-0.004595	0.105705	1.950000
736	0.604293	-0.101691	-0.052096	1.950000
737	0.574828	0.074506	0.205541	1.950000
738	0.580977	-0.195394	0.050123	1.950000
739	0.487760	-0.106487	-0.359131	1.950000
740	0.391251	-0.411219	-0.236742	1.950000
741	0.530489	-0.307719	-0.045997	1.950000
742	0.612031	-0.018204	0.057544	1.950000
743	0.595908	-0.084629	0.126320	1.950000
744	0.587181	-0.006977	-0.182742	1.950000
745	0.571753	-0.052563	0.220365	1.950000
746	0.595080	0.076353	0.135185	1.950000
747	0.605229	0.105934	-0.026463	1.950000
748	0.605803	0.013542	0.105094	1.950000
749	0.576885	0.134829	0.165074	1.950000
750	0.536588	0.223674	-0.200669	1.950000
751	0.550956	0.255461	-0.097018	1.950000
752	0.602558	-0.069081	-0.101866	1.950000
753	0.566895	0.170686	-0.166495	1.950000
754	0.611804	0.036928	0.050564	1.950000
755	0.597457	0.035782	-0.141384	1.950000
756	0.612777	0.043836	-0.028428	1.950000
757	0.587527	0.176045	-0.045223	1.950000
758	0.589848	-0.161037	-0.066117	1.950000
759	0.613231	0.008026	-0.045910	1.950000
760	0.596269	0.092168	-0.119135	1.950000
761	0.522509	0.313200	0.084349	1.950000
762	0.576541	0.168647	-0.131847	1.950000
763	0.590777	0.170695	-0.008410	1.950000
764	0.568352	-0.113035	0.205972	1.950000
765	0.606721	0.008311	0.100225	1.950000
766	0.610200	0.076592	0.003780	1.950000
767	0.601840	0.104201	-0.071800	1.950000
768	0.608901	0.059300	-0.062831	1.950000
769	0.612397	0.038742	-0.041158	1.950000
770	0.611680	0.027985	-0.057356	1.950000
771	0.586792	0.184108	0.001947	1.950000
772	0.593999	-0.121586	0.102989	1.950000
773	0.593634	-0.064589	-0.147147	1.950000
774	0.601440	0.103874	-0.075530	1.950000
775	0.580062	0.196398	-0.056399	1.950000
776	0.568317	0.213695	-0.097853	1.950000
777	0.564608	0.141453	-0.198580	1.950000
778	0.552248	-0.190066	0.192671	1.950000
779	0.586643	0.085521	0.163590	1.950000
780	0.610979	0.069991	-0.005543	1.950000
781	0.609439	-0.076738	-0.030335	1.950000
782	0.606072	-0.094654	-0.044072	1.950000
783	0.580576	-0.161248	-0.123109	1.950000
784	0.609695	-0.071403	-0.037402	1.950000
785	0.600950	0.103932	-0.079262	1.950000
786	0.606918	-0.039211	0.091313	1.950000
787	0.602992	-0.108915	0.052567	1.950000
788	0.596124	0.138472	0.060714	1.950000
789	0.608769	-0.086828	0.009316	1.950000
790	0.608633	0.082727	-0.030774	1.950000
791	0.599356	-0.002384	-0.137810	1.950000
792	0.608889	0.028584	-0.081624	1.950000
793	0.598650	0.140864	0.000446	1.950000
794	0.585572	-0.104611	0.156163	1.950000
795	0.577005	0.205412	0.055640	1.950000
796	0.609825	-0.078726	0.011858	1.950000
797	0.584877	-0.051958	-0.182878	1.950000
798	0.609023	-0.001622	-0.085521	1.950000
799	0.604802	-0.078784	-0.078945	1.950000
800	0.557593	0.216693	0.142685	1.950000
801	0.538648	0.061905	0.290260	1.950000
802	0.614558	-0.008805	0.021579	1.950000
803	0.555262	0.245878	0.097227	1.950000
804	0.550061	0.203244	-0.185337	1.950000
805	0.556095	-0.189344	-0.182022	1.950000
806	0.560390	-0.189357	-0.168323	1.950000
807	0.579106	-0.013399	0.206595	1.950000
808	0.540565	0.203345	-0.211342	1.950000
809	0.614700	0.019064	0.002255	1.950000
810	0.614516	0.001784	0.024320	1.950000
811	0.595014	0.155507	0.000665	1.950000
812	0.608666	0.078756	-0.039352	1.950000
813	0.604627	-0.104831	-0.040757	1.950000
814	0.597023	0.138204	-0.051851	1.950000
815	0.592677	0.103786	-0.127231	1.950000
816	0.607868	-0.000778	0.093384	1.950000
817	0.588148	-0.121990	-0.132006	1.950000
818	0.613282	-0.045901	0.001895	1.950000
819	0.584483	-0.130702	0.139718	1.950000
820	0.598973	0.105660	-0.091063	1.950000
821	0.606843	-0.020368	-0.097732	1.950000
822	0.607279	-0.055751	-0.079558	1.950000
823	0.477472	-0.099490	-0.374629	1.950000
824	0.599033	0.112618	0.081863	1.950000
825	0.581265	0.093365	0.177875	1.950000
826	0.612326	-0.011940	-0.056033	1.950000
827	0.528722	-0.111054	-0.293845	1.950000
828	0.599707	0.014416	-0.135532	1.950000
829	0.551147	0.020158	-0.272131	1.950000
830	0.593233	-0.162051	-0.006220	1.950000
831	0.614242	-0.023167	-0.019889	1.950000
832	0.590772	-0.092773	0.143550	1.950000
833	0.605721	0.054467	0.091436	1.950000
834	0.572076	0.218583	-0.056351	1.950000
835	0.591769	-0.154419	-0.064728	1.950000
836	0.573498	-0.182120	-0.127114	1.950000
837	0.517799	-0.284454	-0.170865	1.950000
838	0.607798	0.059281	0.072751	1.950000
839	0.581344	-0.099545	0.174226	1.950000
840	0.586310	0.077688	-0.168613	1.950000
841	0.601081	0.127250	-0.027086	1.950000
842	0.605078	0.001691	0.110012	1.950000
843	0.520787	-0.327118	0.000072	1.950000
844	0.573533	-0.196966	0.102418	1.950000
845	0.354651	-0.471741	-0.172940	1.950000
846	0.535351	-0.021940	0.301898	1.950000
847	0.572570	-0.010082	0.224248	1.950000
848	0.609476	0.040982	0.071304	1.950000
849	0.569821	-0.086562	0.214559	1.950000
850	0.606954	-0.085394	0.050395	1.950000
