1	-0.285323	0.536851	-0.092770	0.870000
2	-0.480896	0.353955	-0.147241	0.870000
3	-0.297539	0.465924	0.269463	0.870000
4	-0.467510	0.398836	0.024267	0.870000
5	-0.407499	0.457549	0.053091	0.870000
6	-0.376245	0.457228	-0.166155	0.870000
7	-0.256467	0.555621	-0.061119	0.870000
8	-0.266400	0.473120	0.288813	0.870000
9	-0.257817	0.518208	0.207885	0.870000
10	-0.474049	0.151105	-0.361483	0.870000
11	-0.385390	0.472204	0.081994	0.870000
12	-0.526735	0.260345	-0.181649	0.870000
13	-0.497525	0.344178	0.110613	0.870000
14	-0.360620	0.492400	0.075633	0.870000
15	-0.299844	0.529924	-0.086596	0.870000
16	-0.353420	0.398967	0.306830	0.870000
17	-0.206640	0.573867	0.078750	0.870000
18	-0.261845	0.546348	-0.105669	0.870000
19	-0.491223	0.343243	-0.138234	0.870000
20	-0.461499	0.355003	-0.198030	0.870000
21	-0.446580	0.395237	0.150262	0.870000
22	-0.303293	0.534982	-0.005764	0.870000
23	-0.435606	0.379690	0.210494	0.870000
24	-0.510173	0.335508	-0.073369	0.870000
25	-0.296153	0.538373	0.025935	0.870000
26	-0.254934	0.550444	0.101217	0.870000
27	-0.350606	0.493531	-0.108293	0.870000
28	-0.439286	0.429376	0.029825	0.870000
29	-0.566997	0.228049	-0.068799	0.870000
30	-0.501516	0.332320	-0.127555	0.870000
31	-0.384207	0.471141	0.092932	0.870000
32	-0.510209	0.247616	0.237904	0.870000
33	-0.155793	0.588377	0.088128	0.870000
34	-0.413882	0.448623	0.075263	0.870000
35	-0.505946	0.329355	0.117339	0.870000
36	-0.428607	0.437849	0.053005	0.870000
37	-0.313178	0.516898	-0.113845	0.870000
38	-0.540309	0.152989	-0.250769	0.870000
39	-0.598200	0.138763	-0.033563	0.870000
40	-0.549399	0.234245	0.146678	0.870000
41	-0.526042	0.286210	0.139961	0.870000
42	-0.395230	0.464486	0.079187	0.870000
43	-0.503780	0.327634	0.130718	0.870000
44	-0.440018	0.425850	-0.057098	0.870000
45	-0.527858	0.310711	0.055224	0.870000
46	-0.557889	0.255009	0.044224	0.870000
47	-0.572848	0.220669	-0.037089	0.870000
48	-0.493665	0.366696	-0.007304	0.870000
49	-0.543921	0.284532	0.037631	0.870000
50	-0.335697	0.497138	-0.135595	0.870000
51	-0.365546	0.493297	-0.035477	0.870000
52	-0.474391	0.365371	0.140292	0.870000
53	-0.510613	0.340893	0.035944	0.870000
54	-0.539487	0.295071	0.010593	0.870000
55	-0.400481	0.442726	0.147764	0.870000
56	-0.453451	0.313101	-0.273084	0.870000
57	-0.412461	0.451543	-0.064884	0.870000
58	-0.370016	0.481345	-0.098084	0.870000
59	-0.551758	0.261067	-0.075045	0.870000
60	-0.427063	0.352470	0.267596	0.870000
61	-0.529069	0.304930	0.072995	0.870000
62	-0.411879	0.456670	0.005736	0.870000
63	-0.500597	0.224134	0.278195	0.870000
64	-0.328964	0.481952	0.194242	0.870000
65	-0.381837	0.478651	-0.057608	0.870000
66	-0.340969	0.456640	0.231181	0.870000
67	-0.424343	0.445142	-0.002626	0.870000
68	-0.387598	0.476278	-0.033945	0.870000
69	-0.540423	0.277170	-0.096669	0.870000
70	-0.568657	0.204765	0.113691	0.870000
71	-0.576220	0.213872	0.021308	0.870000
72	-0.436588	0.382325	0.203577	0.870000
73	-0.216713	0.556731	0.145984	0.870000
74	-0.237881	0.539847	0.173792	0.870000
75	-0.384318	0.479477	0.025028	0.870000
76	-0.406044	0.461784	-0.010409	0.870000
77	-0.521724	0.325505	-0.008719	0.870000
78	-0.559168	0.251355	-0.048754	0.870000
79	-0.532332	0.205902	0.229023	0.870000
80	-0.535987	0.301563	-0.001773	0.870000
81	-0.466464	0.241980	0.319502	0.870000
82	-0.297538	0.536422	0.044133	0.870000
83	-0.514091	0.327524	0.081630	0.870000
84	-0.536722	0.299890	0.014857	0.870000
85	-0.491318	0.367040	-0.045970	0.870000
86	-0.459199	0.373278	-0.167407	0.870000
87	-0.441396	0.419890	-0.084181	0.870000
88	-0.410120	0.443869	0.114049	0.870000
89	-0.521045	0.312858	0.094114	0.870000
90	-0.590088	0.164660	-0.053925	0.870000
91	-0.448042	0.421285	0.001410	0.870000
92	-0.492701	0.341147	0.138165	0.870000
93	-0.522315	0.313400	-0.084808	0.870000
94	-0.371563	0.477030	0.112288	0.870000
95	-0.394227	0.464000	0.086685	0.870000
96	-0.564069	0.205567	0.133393	0.870000
97	-0.410522	0.450572	-0.081743	0.870000
98	-0.414795	0.450305	-0.058270	0.870000
99	-0.470699	0.314971	-0.239709	0.870000
100	-0.446015	0.423287	-0.011127	0.870000
101	-0.270197	0.522951	0.178159	0.870000
102	-0.185716	0.586253	-0.006438	0.870000
103	-0.306911	0.481794	-0.227828	0.870000
104	-0.224062	0.570849	-0.046394	0.870000
105	-0.343449	0.509862	-0.017569	0.870000
106	-0.518521	0.325116	-0.060501	0.870000
107	-0.425612	0.442601	0.034396	0.870000
108	-0.383862	0.469214	-0.103505	0.870000
109	-0.268939	0.542725	-0.106522	0.870000
110	-0.380761	0.470215	-0.110201	0.870000
111	-0.205140	0.549890	0.183750	0.870000
112	-0.281619	0.499105	-0.223182	0.870000
113	-0.213803	0.495061	-0.295682	0.870000
114	-0.206150	0.574471	0.075568	0.870000
115	-0.515520	0.226735	-0.247094	0.870000
116	-0.383999	0.420009	-0.233157	0.870000
117	-0.095270	0.607272	-0.019226	0.870000
118	-0.553575	0.259589	-0.066285	0.870000
119	-0.378040	0.462184	-0.147297	0.870000
120	-0.320978	0.522392	0.048004	0.870000
121	-0.475086	0.390474	0.006942	0.870000
122	-0.378000	0.468320	0.126561	0.870000
123	-0.522720	0.323156	-0.023639	0.870000
124	-0.167672	0.590573	0.036534	0.870000
125	-0.126889	0.601055	-0.029271	0.870000
126	-0.466846	0.301640	-0.263236	0.870000
127	-0.488648	0.330337	0.174144	0.870000
128	-0.416479	0.441443	-0.099491	0.870000
129	-0.145947	0.577509	0.152997	0.870000
130	-0.273227	0.544533	-0.083999	0.870000
131	-0.420207	0.410150	0.182832	0.870000
132	-0.236690	0.559205	0.097431	0.870000
133	-0.285069	0.543922	-0.033310	0.870000
134	-0.439890	0.427890	-0.040389	0.870000
135	-0.537113	0.298323	-0.027169	0.870000
136	-0.572505	0.207920	0.085042	0.870000
137	-0.426525	0.442452	-0.023194	0.870000
138	-0.397518	0.452425	0.124564	0.870000
139	-0.414222	0.417617	0.179558	0.870000
140	-0.301741	0.525665	0.104181	0.870000
141	-0.458481	0.394033	0.112951	0.870000
142	-0.483376	0.360851	-0.119828	0.870000
143	-0.484008	0.371150	-0.078794	0.870000
144	-0.414177	0.439824	0.115052	0.870000
145	-0.515883	0.334168	0.020525	0.870000
146	-0.352923	0.489460	0.118741	0.870000
147	-0.275850	0.512067	0.199797	0.870000
148	-0.426359	0.411792	0.163922	0.870000
149	-0.421276	0.443937	0.060595	0.870000
150	-0.503348	0.270609	-0.227237	0.870000
151	-0.582542	0.182485	-0.074629	0.870000
152	-0.577236	0.212186	0.000743	0.870000
153	-0.493720	0.295991	0.216460	0.870000
154	-0.462488	0.344357	0.213887	0.870000
155	-0.301740	0.525079	0.107098	0.870000
156	-0.496916	0.330863	0.147750	0.870000
157	-0.451293	0.413549	0.059469	0.870000
158	-0.545637	0.264395	0.102957	0.870000
159	-0.523514	0.287958	-0.145735	0.870000
160	-0.470210	0.382922	0.102462	0.870000
161	-0.586511	0.182808	-0.028479	0.870000
162	-0.518289	0.325263	0.061690	0.870000
163	-0.485102	0.346338	0.151498	0.870000
164	-0.537287	0.293470	0.058505	0.870000
165	-0.312330	0.514135	-0.127827	0.870000
166	-0.476320	0.384639	0.058282	0.870000
167	-0.222028	0.566985	-0.086349	0.870000
168	-0.300678	0.536146	-0.019109	0.870000
169	-0.310594	0.528277	0.051765	0.870000
170	-0.543311	0.286843	0.027550	0.870000
171	-0.481156	0.357529	0.137429	0.870000
172	-0.514787	0.300018	0.152344	0.870000
173	-0.497957	0.339325	0.122972	0.870000
174	-0.296783	0.522078	-0.132585	0.870000
175	-0.304808	0.501804	0.183057	0.870000
176	-0.395179	0.462647	0.089534	0.870000
177	-0.417694	0.450807	-0.023014	0.870000
178	-0.529469	0.293724	-0.107765	0.870000
179	-0.573138	0.221261	0.027947	0.870000
180	-0.564874	0.236377	0.057167	0.870000
181	-0.594469	0.055553	0.147463	0.870000
182	-0.348280	0.501599	0.072971	0.870000
183	-0.486874	0.343674	0.151879	0.870000
184	-0.420722	0.438089	0.096414	0.870000
185	-0.449736	0.350823	-0.229968	0.870000
186	-0.520694	0.314630	0.090058	0.870000
187	-0.503060	0.352226	0.033047	0.870000
188	-0.573052	0.142735	0.171647	0.870000
189	-0.573144	0.217729	0.048215	0.870000
190	-0.246749	0.545965	-0.138788	0.870000
191	-0.488125	0.315943	0.200347	0.870000
192	-0.437270	0.412750	0.129066	0.870000
193	-0.406603	0.456194	-0.069181	0.870000
194	-0.263792	0.549708	-0.080374	0.870000
195	-0.507479	0.337314	0.083125	0.870000
196	-0.487903	0.366659	-0.075739	0.870000
197	-0.435702	0.393739	-0.182643	0.870000
198	-0.541100	0.251876	0.148307	0.870000
199	-0.433219	0.331765	0.283688	0.870000
200	-0.267930	0.545745	-0.092738	0.870000
201	-0.308131	0.528568	0.062417	0.870000
202	-0.480530	0.379425	-0.057903	0.870000
203	-0.531128	0.309605	0.016500	0.870000
204	-0.300742	0.512521	-0.158433	0.870000
205	-0.324252	0.482502	-0.200692	0.870000
206	-0.331513	0.481602	0.190746	0.870000
207	-0.299050	0.532274	0.074017	0.870000
208	-0.153927	0.586844	-0.100724	0.870000
209	-0.215213	0.552626	-0.162829	0.870000
210	-0.089054	0.533880	-0.292004	0.870000
211	-0.247470	0.560733	0.050622	0.870000
212	-0.556030	0.235135	-0.117335	0.870000
213	-0.359420	0.487201	-0.108062	0.870000
214	-0.578406	0.161174	-0.133021	0.870000
215	-0.527334	0.305705	-0.081779	0.870000
216	-0.469423	0.368085	0.149601	0.870000
217	-0.354624	0.496859	-0.074820	0.870000
218	-0.474910	0.348124	0.177471	0.870000
219	-0.300087	0.511271	0.163629	0.870000
220	-0.146367	0.571103	0.175050	0.870000
221	-0.175771	0.589221	0.012156	0.870000
222	-0.158820	0.594032	-0.011263	0.870000
223	-0.463782	0.330705	-0.231874	0.870000
224	-0.513164	0.335331	0.049409	0.870000
225	-0.395883	0.459894	-0.099997	0.870000
226	-0.385591	0.473874	-0.070624	0.870000
227	-0.248423	0.561603	0.033361	0.870000
228	-0.410124	0.456857	-0.036127	0.870000
229	-0.215719	0.575925	-0.000874	0.870000
230	-0.320794	0.478847	0.214526	0.870000
231	-0.422721	0.446657	-0.005435	0.870000
232	-0.525562	0.312399	0.066454	0.870000
233	-0.550833	0.259211	0.087280	0.870000
234	-0.570506	0.225392	0.044119	0.870000
235	-0.375775	0.334729	0.353517	0.870000
236	-0.435116	0.434600	0.004668	0.870000
237	-0.319947	0.484603	0.202529	0.870000
238	-0.405453	0.424750	0.182812	0.870000
239	-0.373800	0.486004	0.047941	0.870000
240	-0.492493	0.317708	-0.186380	0.870000
241	-0.509866	0.340708	-0.046692	0.870000
242	-0.538614	0.294399	0.038063	0.870000
243	-0.470544	0.395722	-0.014766	0.870000
244	-0.477016	0.387712	0.018969	0.870000
245	-0.502635	0.206153	0.288244	0.870000
246	-0.280089	0.456978	0.301573	0.870000
247	-0.134087	0.535511	0.271060	0.870000
248	-0.272472	0.551326	0.004879	0.870000
249	-0.439079	0.427438	-0.052268	0.870000
250	-0.573848	0.058843	-0.213217	0.870000
251	-0.475535	0.316453	-0.227923	0.870000
252	-0.555490	0.255478	0.066231	0.870000
253	-0.475514	0.338820	-0.193164	0.870000
254	-0.509979	0.308664	0.151237	0.870000
255	-0.510884	0.330757	0.088445	0.870000
256	-0.444036	0.411121	0.109711	0.870000
257	-0.442301	0.425531	0.038962	0.870000
258	-0.424946	0.408135	0.176272	0.870000
259	-0.544690	0.252025	0.134242	0.870000
260	-0.524823	0.278338	-0.159101	0.870000
261	-0.339824	0.511512	-0.033171	0.870000
262	-0.507008	0.347893	0.011760	0.870000
263	-0.315094	0.513312	-0.124303	0.870000
264	-0.428163	0.356063	0.261000	0.870000
265	-0.289166	0.462164	0.284626	0.870000
266	-0.567314	0.210956	0.108985	0.870000
267	-0.607065	-0.069412	0.069853	0.870000
268	-0.383580	0.480658	0.007696	0.870000
269	-0.288256	0.521625	-0.151792	0.870000
270	-0.394699	0.453937	-0.127979	0.870000
271	-0.489912	0.365553	0.067696	0.870000
272	-0.503993	0.352393	-0.005996	0.870000
273	-0.494045	0.362245	0.054063	0.870000
274	-0.476507	0.387273	0.034443	0.870000
275	-0.524390	0.313441	0.070672	0.870000
276	-0.427510	0.433446	0.087089	0.870000
277	-0.466637	0.388455	-0.097862	0.870000
278	-0.279074	0.535867	0.114843	0.870000
279	-0.513675	0.317083	0.117564	0.870000
280	-0.498680	0.352880	-0.070849	0.870000
281	-0.473707	0.388388	0.054600	0.870000
282	-0.537707	0.296834	0.031390	0.870000
283	-0.505742	0.332202	0.109963	0.870000
284	-0.556024	0.259841	0.039312	0.870000
285	-0.574688	0.146354	0.162910	0.870000
286	-0.314490	0.464089	0.252869	0.870000
287	-0.346962	0.479030	0.168441	0.870000
288	-0.366430	0.423582	0.254033	0.870000
289	-0.292952	0.540526	0.015354	0.870000
290	-0.556640	0.260766	0.019448	0.870000
291	-0.530591	0.309546	-0.029648	0.870000
292	-0.502277	0.296853	0.194477	0.870000
293	-0.602019	0.124932	-0.013789	0.870000
294	-0.589783	0.160233	0.068602	0.870000
295	-0.402195	0.446774	-0.129835	0.870000
296	-0.416185	0.424202	0.158326	0.870000
297	-0.404884	0.412513	-0.210065	0.870000
298	-0.263557	0.550483	-0.075706	0.870000
299	-0.342899	0.477396	-0.180938	0.870000
300	-0.470598	0.333215	-0.213846	0.870000
301	-0.457585	0.406653	0.058945	0.870000
302	-0.546328	0.264758	-0.098251	0.870000
303	-0.466332	0.369362	-0.155984	0.870000
304	-0.387495	0.454719	0.145957	0.870000
305	-0.397607	0.452979	0.122243	0.870000
306	-0.262801	0.553804	0.049615	0.870000
307	-0.360379	0.488755	-0.097318	0.870000
308	-0.379484	0.482075	-0.042670	0.870000
309	-0.435332	0.433306	-0.030940	0.870000
310	-0.456126	0.405352	-0.076577	0.870000
311	-0.388618	0.428726	-0.208316	0.870000
312	-0.432153	0.423430	-0.110346	0.870000
313	-0.125641	0.585566	-0.139829	0.870000
314	-0.174318	0.565179	0.168557	0.870000
315	-0.366360	0.492058	0.043407	0.870000
316	-0.272579	0.391617	-0.388023	0.870000
317	-0.230801	0.515877	-0.242543	0.870000
318	-0.340033	0.508954	-0.059738	0.870000
319	-0.484642	0.375383	-0.049340	0.870000
320	-0.507241	0.331924	-0.103721	0.870000
321	-0.322045	0.489067	-0.187951	0.870000
322	-0.458954	0.228322	-0.339788	0.870000
323	-0.456320	0.399118	-0.103451	0.870000
324	-0.343444	0.509884	0.017022	0.870000
325	-0.467733	0.399153	-0.011320	0.870000
326	-0.356343	0.494110	0.084262	0.870000
327	-0.297850	0.518673	-0.143138	0.870000
328	-0.338506	0.498892	0.121431	0.870000
329	-0.216791	0.569324	0.084246	0.870000
330	-0.533517	0.289202	-0.099732	0.870000
331	-0.562953	0.245081	-0.035281	0.870000
332	-0.463683	0.378907	0.140188	0.870000
333	-0.346065	0.446439	0.243221	0.870000
334	-0.277853	0.541229	-0.089968	0.870000
335	-0.291176	0.423841	0.337342	0.870000
336	-0.222777	0.561781	-0.114006	0.870000
337	-0.234724	0.565888	0.053857	0.870000
338	-0.539727	0.268099	-0.122651	0.870000
339	-0.562903	0.238803	-0.065865	0.870000
340	-0.505330	0.343481	-0.069907	0.870000
341	-0.248378	0.562541	0.009017	0.870000
342	-0.247479	0.554649	0.096661	0.870000
343	-0.250268	0.555701	0.082386	0.870000
344	-0.445386	0.422316	0.038801	0.870000
345	-0.044502	0.613112	-0.018395	0.870000
346	-0.438564	0.367544	-0.225385	0.870000
347	-0.471747	0.391304	0.050605	0.870000
348	-0.594605	0.132747	0.083955	0.870000
349	-0.463507	0.384384	0.125039	0.870000
350	-0.438954	0.389977	0.182927	0.870000
351	-0.466243	0.394173	0.073960	0.870000
352	-0.400953	0.446892	0.133226	0.870000
353	-0.460077	0.405032	0.050030	0.870000
354	-0.560993	0.220684	-0.121698	0.870000
355	-0.539480	0.294473	-0.021724	0.870000
356	-0.446111	0.393429	0.156280	0.870000
357	-0.572864	0.215213	-0.061118	0.870000
358	-0.485638	0.309551	0.215774	0.870000
359	-0.255164	0.463342	0.313737	0.870000
360	-0.351009	0.497015	0.089409	0.870000
361	-0.505209	0.335868	0.100903	0.870000
362	-0.575376	0.170829	-0.134107	0.870000
363	-0.488759	0.347794	0.135569	0.870000
364	-0.548830	0.276480	-0.023851	0.870000
365	-0.475106	0.369911	-0.125159	0.870000
366	-0.464717	0.399289	0.053210	0.870000
367	-0.370964	0.486864	0.059785	0.870000
368	-0.496786	0.331926	0.145786	0.870000
369	-0.580128	0.163756	0.121905	0.870000
370	-0.436238	0.423822	-0.091080	0.870000
371	-0.408479	0.453927	-0.072940	0.870000
372	-0.557868	0.243483	0.087887	0.870000
373	-0.404147	0.460221	-0.055559	0.870000
374	-0.532304	0.295152	0.088108	0.870000
375	-0.534560	0.297708	-0.061968	0.870000
376	-0.585703	0.187306	0.009694	0.870000
377	-0.515350	0.272348	0.196126	0.870000
378	-0.382171	0.464612	-0.127692	0.870000
379	-0.418848	0.446094	0.061575	0.870000
380	-0.541582	0.284797	0.061687	0.870000
381	-0.304624	0.533960	0.017770	0.870000
382	-0.428394	0.412762	-0.155983	0.870000
383	-0.385330	0.476931	-0.047778	0.870000
384	-0.487053	0.375121	0.016987	0.870000
385	-0.570070	0.192791	0.126794	0.870000
386	-0.287215	0.539081	0.071581	0.870000
387	-0.385146	0.478232	0.034378	0.870000
388	-0.494024	0.342063	0.130991	0.870000
389	-0.480787	0.380213	0.050071	0.870000
390	-0.488469	0.370631	0.047489	0.870000
391	-0.570340	0.198571	0.116219	0.870000
392	-0.518198	0.215019	0.251918	0.870000
393	-0.532194	0.214824	0.221009	0.870000
394	-0.510162	0.341810	0.033554	0.870000
395	-0.481736	0.324346	0.202374	0.870000
396	-0.488330	0.237034	-0.289091	0.870000
397	-0.478317	0.386037	-0.020323	0.870000
398	-0.488157	0.365931	-0.077605	0.870000
399	-0.449227	0.410826	-0.087418	0.870000
400	-0.446209	0.418491	-0.063152	0.870000
401	-0.522704	0.308129	-0.100313	0.870000
402	-0.330190	0.509706	-0.096952	0.870000
403	-0.330597	0.511681	0.084339	0.870000
404	-0.370128	0.438195	-0.221845	0.870000
405	-0.370638	0.490738	-0.005368	0.870000
406	-0.324985	0.457070	-0.252382	0.870000
407	-0.441960	0.396764	-0.159607	0.870000
408	-0.479725	0.375627	-0.083629	0.870000
409	-0.459412	0.328942	-0.242822	0.870000
410	-0.145911	0.585610	0.118306	0.870000
411	-0.266376	0.543439	0.109286	0.870000
412	-0.278812	0.543381	-0.072295	0.870000
413	-0.129966	0.598955	-0.050861	0.870000
414	-0.422032	0.447290	-0.006797	0.870000
415	-0.286088	0.541866	0.052535	0.870000
416	-0.455598	0.330037	-0.248458	0.870000
417	-0.372142	0.489623	0.002256	0.870000
418	-0.273031	0.432930	0.340955	0.870000
419	-0.241872	0.549129	0.134833	0.870000
420	-0.444903	0.421881	-0.047982	0.870000
421	-0.477700	0.365499	-0.128213	0.870000
422	-0.119914	0.601530	-0.044808	0.870000
423	-0.252179	0.550286	-0.108701	0.870000
424	-0.337739	0.438296	-0.268428	0.870000
425	-0.269799	0.482835	-0.268895	0.870000
426	-0.300870	0.392521	-0.365554	0.870000
427	-0.453959	0.372043	-0.183657	0.870000
428	-0.459036	0.400561	0.084035	0.870000
429	-0.442174	0.405285	-0.135833	0.870000
430	-0.475622	0.385236	0.060012	0.870000
431	-0.277100	0.487408	0.252734	0.870000
432	-0.304032	0.492029	0.209039	0.870000
433	-0.232781	0.537451	0.187574	0.870000
434	-0.311888	0.523459	0.083319	0.870000
435	-0.402280	0.391139	-0.251807	0.870000
436	-0.518438	0.324154	0.066110	0.870000
437	-0.434719	0.409199	0.147650	0.870000
438	-0.232227	0.563000	-0.085593	0.870000
439	-0.478112	0.381657	0.063023	0.870000
440	-0.293968	0.517008	0.156558	0.870000
441	-0.211402	0.545655	0.189194	0.870000
442	-0.134612	0.547980	0.244587	0.870000
443	-0.321543	0.432283	0.296592	0.870000
444	-0.539168	0.260804	-0.139658	0.870000
445	-0.508226	0.343823	-0.041435	0.870000
446	-0.541380	0.291562	-0.011164	0.870000
447	-0.458106	0.405571	0.062256	0.870000
448	-0.314558	0.527507	-0.031849	0.870000
449	-0.135203	0.599773	0.014738	0.870000
450	-0.306868	0.528919	-0.065588	0.870000
451	-0.333989	0.500469	0.127305	0.870000
452	-0.312380	0.519399	0.104252	0.870000
453	-0.478836	0.363133	-0.130671	0.870000
454	-0.460686	0.403204	-0.058475	0.870000
455	-0.524151	0.181141	-0.265854	0.870000
456	-0.513990	0.337696	-0.000905	0.870000
457	-0.504708	0.350614	0.023769	0.870000
458	-0.411722	0.389738	0.238357	0.870000
459	-0.379617	0.457049	0.158814	0.870000
460	-0.278686	0.546126	-0.048019	0.870000
461	-0.455473	0.413241	-0.001172	0.870000
462	-0.512768	0.322555	0.106080	0.870000
463	-0.521215	0.322839	0.048325	0.870000
464	-0.530819	0.284398	0.124796	0.870000
465	-0.465886	0.252719	0.311942	0.870000
466	-0.487664	0.345143	0.145895	0.870000
467	-0.419972	0.438518	0.097726	0.870000
468	-0.324224	0.522588	0.002333	0.870000
469	-0.460663	0.393683	0.105017	0.870000
470	-0.450054	0.416948	0.042793	0.870000
471	-0.528923	0.271999	-0.156469	0.870000
472	-0.572891	0.206573	-0.085723	0.870000
473	-0.429783	0.431656	0.084761	0.870000
474	-0.417722	0.446812	-0.063975	0.870000
475	-0.525742	0.312601	-0.064036	0.870000
476	-0.524520	0.317670	0.046792	0.870000
477	-0.374323	0.464666	0.148972	0.870000
478	-0.271887	0.515629	0.196035	0.870000
479	-0.581318	0.198578	-0.029349	0.870000
480	-0.566580	0.238216	0.021564	0.870000
481	-0.431306	0.433170	-0.067558	0.870000
482	-0.477429	0.338189	-0.189513	0.870000
483	-0.463797	0.392026	-0.097122	0.870000
484	-0.549430	0.271795	0.049793	0.870000
485	-0.441073	0.425276	-0.053099	0.870000
486	-0.552948	0.261731	-0.063014	0.870000
487	-0.583096	0.185959	0.060362	0.870000
488	-0.487150	0.203376	0.315512	0.870000
489	-0.436154	0.433363	0.013827	0.870000
490	-0.447109	0.408821	-0.105753	0.870000
491	-0.494302	0.364080	0.036560	0.870000
492	-0.542375	0.283909	-0.058740	0.870000
493	-0.367519	0.400200	-0.288087	0.870000
494	-0.449854	0.419125	0.013813	0.870000
495	-0.566376	0.179668	0.158626	0.870000
496	-0.540967	0.261506	0.131127	0.870000
497	-0.580065	0.098524	0.179004	0.870000
498	-0.466251	0.371056	0.152160	0.870000
499	-0.315854	0.527128	0.024452	0.870000
500	-0.375324	0.487147	0.006688	0.870000
501	-0.452580	0.411435	0.064172	0.870000
502	-0.369630	0.491249	0.016530	0.870000
503	-0.452666	0.391820	0.140697	0.870000
504	-0.423575	0.432754	0.107393	0.870000
505	-0.564714	0.239664	0.043401	0.870000
506	-0.534856	0.303492	0.006805	0.870000
507	-0.363393	0.495193	-0.030894	0.870000
508	-0.409694	0.455141	0.056761	0.870000
509	-0.349068	0.483791	0.149408	0.870000
510	-0.411659	0.453694	-0.054072	0.870000
511	-0.429530	0.404288	-0.174011	0.870000
512	-0.503584	0.324115	-0.139921	0.870000
513	-0.490882	0.369574	0.025969	0.870000
514	-0.420621	0.416592	0.166596	0.870000
515	-0.427105	0.429759	-0.105418	0.870000
516	-0.371559	0.468241	0.144634	0.870000
517	-0.280801	0.546730	-0.021491	0.870000
518	-0.309955	0.531163	0.004336	0.870000
519	-0.422507	0.417153	-0.160302	0.870000
520	-0.332975	0.442621	-0.267282	0.870000
521	-0.350128	0.465903	-0.196391	0.870000
522	-0.294981	0.529014	-0.106560	0.870000
523	-0.488425	0.373435	0.014576	0.870000
524	-0.480463	0.352091	-0.153011	0.870000
525	-0.112996	0.601534	-0.060112	0.870000
526	-0.034700	0.613974	0.007549	0.870000
527	-0.316610	0.521549	-0.077269	0.870000
528	-0.180029	0.587868	0.015024	0.870000
529	-0.334522	0.511882	-0.065554	0.870000
530	-0.409550	0.407956	-0.209917	0.870000
531	-0.326381	0.519204	0.046125	0.870000
532	-0.423479	0.437261	-0.087713	0.870000
533	-0.391423	0.452581	-0.142069	0.870000
534	0.129296	0.595266	0.084654	0.870000
535	0.025862	0.613189	0.039439	0.870000
536	-0.360570	0.472658	-0.157508	0.870000
537	-0.439499	0.429987	-0.013289	0.870000
538	-0.370226	0.462363	-0.165463	0.870000
539	-0.263369	0.551396	-0.069460	0.870000
540	-0.267135	0.457665	-0.312101	0.870000
541	-0.192797	0.546339	-0.206321	0.870000
542	-0.278928	0.445915	-0.318723	0.870000
543	-0.559439	0.194877	-0.165155	0.870000
544	-0.354518	0.428595	-0.262390	0.870000
545	-0.305746	0.513606	0.144754	0.870000
546	-0.456828	0.408006	-0.055350	0.870000
547	-0.497854	0.319872	0.167474	0.870000
548	-0.304902	0.530259	0.063914	0.870000
549	-0.045730	0.589378	0.169609	0.870000
550	-0.099959	0.596947	0.109028	0.870000
551	-0.496445	0.248665	-0.264449	0.870000
552	-0.562332	0.247259	-0.029504	0.870000
553	-0.531367	0.273304	-0.145529	0.870000
554	-0.361332	0.491898	0.075503	0.870000
555	-0.322239	0.522559	0.036321	0.870000
556	-0.208933	0.574763	-0.064955	0.870000
557	-0.357421	0.499902	-0.023946	0.870000
558	-0.351444	0.498831	0.076676	0.870000
559	-0.509629	0.344229	-0.003120	0.870000
560	-0.593558	0.132454	0.091485	0.870000
561	-0.537253	0.290806	0.070822	0.870000
562	-0.373039	0.487215	0.041090	0.870000
563	-0.381614	0.468977	0.112500	0.870000
564	-0.172537	0.580708	0.105993	0.870000
565	-0.315047	0.514748	0.118342	0.870000
566	-0.290248	0.520269	0.152650	0.870000
567	-0.515099	0.325192	0.084548	0.870000
568	-0.473360	0.376606	-0.111008	0.870000
569	-0.450146	0.419009	0.005023	0.870000
570	-0.576829	0.204701	0.059917	0.870000
571	-0.448410	0.399537	0.132374	0.870000
572	-0.398161	0.267204	0.385091	0.870000
573	-0.428240	0.440277	-0.031489	0.870000
574	-0.388096	0.476697	-0.019142	0.870000
575	-0.550216	0.236243	-0.140272	0.870000
576	-0.485340	0.376410	0.031393	0.870000
577	-0.468088	0.395863	0.049101	0.870000
578	-0.597145	0.093386	0.113675	0.870000
579	-0.488706	0.340489	0.153163	0.870000
580	-0.409272	0.447807	0.100947	0.870000
581	-0.395086	0.454868	0.123397	0.870000
582	-0.459934	0.380667	-0.147575	0.870000
583	-0.484480	0.350756	-0.143090	0.870000
584	-0.411129	0.423667	-0.172349	0.870000
585	-0.462681	0.315421	-0.254285	0.870000
586	-0.418471	0.450014	-0.024378	0.870000
587	-0.428784	0.440331	0.021854	0.870000
588	-0.464133	0.367066	0.167536	0.870000
589	-0.441251	0.427792	-0.022734	0.870000
590	-0.566483	0.132674	0.199298	0.870000
591	-0.393866	0.444597	-0.159463	0.870000
592	-0.461892	0.405796	0.014494	0.870000
593	-0.483700	0.353082	-0.139975	0.870000
594	-0.527137	0.314079	0.041297	0.870000
595	-0.505494	0.338800	-0.088966	0.870000
596	-0.478401	0.382565	0.054782	0.870000
597	-0.578380	0.203250	0.048898	0.870000
598	-0.533622	0.259545	0.161583	0.870000
599	-0.321584	0.523420	-0.028990	0.870000
600	-0.493849	0.365820	0.022678	0.870000
601	-0.483938	0.379511	0.000692	0.870000
602	-0.371757	0.488024	-0.043068	0.870000
603	-0.382260	0.481380	-0.019378	0.870000
604	-0.541243	0.289300	-0.039837	0.870000
605	-0.460084	0.404425	0.054668	0.870000
606	-0.594830	0.152013	0.035971	0.870000
607	-0.279650	0.546890	-0.030536	0.870000
608	-0.348274	0.502800	0.064205	0.870000
609	-0.455169	0.389668	-0.138582	0.870000
610	-0.427650	0.440532	0.035666	0.870000
611	-0.446945	0.413737	0.085367	0.870000
612	-0.516043	0.324046	-0.083176	0.870000
613	-0.410246	0.408158	0.208160	0.870000
614	-0.586798	0.173954	-0.060274	0.870000
615	-0.288696	0.541518	-0.040470	0.870000
616	-0.408221	0.456768	-0.054261	0.870000
617	-0.285730	0.493454	-0.230406	0.870000
618	-0.394536	0.464515	-0.082413	0.870000
619	-0.440946	0.378730	-0.200884	0.870000
620	-0.485372	0.359757	-0.114953	0.870000
621	-0.478797	0.373083	0.098935	0.870000
622	-0.508344	0.345229	0.025061	0.870000
623	-0.132345	0.594727	-0.083727	0.870000
624	-0.344803	0.507630	-0.040591	0.870000
625	-0.272192	0.517650	-0.190197	0.870000
626	-0.179666	0.525987	-0.263217	0.870000
627	-0.158270	0.555310	-0.211676	0.870000
628	-0.461602	0.400789	0.067203	0.870000
629	-0.300774	0.523722	0.116083	0.870000
630	-0.453662	0.345831	-0.229818	0.870000
631	-0.199253	0.568990	0.121546	0.870000
632	-0.241162	0.538587	0.173175	0.870000
633	-0.420513	0.441298	-0.081542	0.870000
634	-0.550788	0.267325	-0.058266	0.870000
635	-0.392417	0.456354	-0.126393	0.870000
636	-0.248411	0.547468	-0.129600	0.870000
637	-0.463601	0.351186	-0.199918	0.870000
638	-0.307129	0.495850	-0.195014	0.870000
639	-0.356026	0.484264	-0.130228	0.870000
640	-0.440644	0.326286	-0.278560	0.870000
641	-0.412303	0.415843	0.187896	0.870000
642	-0.232929	0.555053	0.126035	0.870000
643	-0.403271	0.375341	0.273343	0.870000
644	-0.301038	0.527519	-0.096566	0.870000
645	-0.320854	0.459403	0.253430	0.870000
646	-0.346581	0.498766	0.096640	0.870000
647	-0.238422	0.480566	0.300727	0.870000
648	-0.519616	0.311369	-0.106173	0.870000
649	-0.530996	0.178505	-0.253780	0.870000
650	-0.470058	0.253402	-0.305054	0.870000
651	-0.370765	0.445999	0.204555	0.870000
652	-0.322677	0.508013	-0.126599	0.870000
653	-0.297779	0.451957	0.292041	0.870000
654	-0.193520	0.568612	-0.132121	0.870000
655	-0.322174	0.511234	0.114318	0.870000
656	-0.322677	0.509326	0.121208	0.870000
657	-0.609106	-0.065603	-0.053952	0.870000
658	-0.536342	0.220179	0.205142	0.870000
659	-0.576004	0.208317	0.055208	0.870000
660	-0.307379	0.487701	0.214222	0.870000
661	-0.185501	0.574797	0.115856	0.870000
662	-0.356811	0.421345	0.270886	0.870000
663	-0.238861	0.528623	0.204275	0.870000
664	-0.143410	0.560836	0.207658	0.870000
665	-0.411307	0.415722	0.190332	0.870000
666	-0.556017	0.236642	0.114329	0.870000
667	-0.507354	0.336030	-0.088887	0.870000
668	-0.587161	0.175199	-0.052651	0.870000
669	-0.501274	0.291587	0.204760	0.870000
670	-0.522890	0.246778	0.209550	0.870000
671	-0.432054	0.379633	0.217791	0.870000
672	-0.232025	0.568840	-0.028461	0.870000
673	-0.279380	0.498215	0.227934	0.870000
674	-0.487308	0.352533	-0.128359	0.870000
675	-0.554880	0.103788	-0.244052	0.870000
676	-0.562682	0.247124	0.023325	0.870000
677	-0.492995	0.239767	0.278733	0.870000
678	-0.484825	0.376076	-0.041671	0.870000
679	-0.494122	0.365544	-0.021129	0.870000
680	-0.495324	0.356469	0.076216	0.870000
681	-0.178202	0.588097	0.024725	0.870000
682	-0.400690	0.459326	-0.081808	0.870000
683	-0.444197	0.390086	0.169550	0.870000
684	-0.509906	0.000368	0.343833	0.870000
685	-0.435339	0.410985	-0.140699	0.870000
686	-0.535803	0.214632	-0.212304	0.870000
687	-0.442289	0.425369	-0.040823	0.870000
688	-0.531111	0.303633	-0.062878	0.870000
689	-0.404589	0.430147	0.171773	0.870000
690	-0.492816	0.352717	0.104631	0.870000
691	-0.356535	0.479306	0.146196	0.870000
692	-0.401344	0.383203	0.265147	0.870000
693	-0.487597	0.369573	-0.062365	0.870000
694	-0.326657	0.499776	-0.147459	0.870000
695	-0.534234	0.296094	-0.071744	0.870000
696	-0.271793	0.544127	-0.090993	0.870000
697	-0.441342	0.419374	0.086992	0.870000
698	-0.357984	0.494867	-0.071967	0.870000
699	-0.496364	0.280898	0.230096	0.870000
700	-0.565437	0.193967	0.144508	0.870000
701	-0.500377	0.251077	0.254575	0.870000
702	-0.268688	0.549957	0.059825	0.870000
703	-0.405373	0.422540	-0.188037	0.870000
704	-0.490811	0.350213	-0.121163	0.870000
705	-0.395360	0.396451	-0.254446	0.870000
706	-0.295464	0.538560	-0.029658	0.870000
707	-0.390988	0.469247	-0.071834	0.870000
708	-0.379080	0.484137	0.011593	0.870000
709	-0.498534	0.273625	0.234132	0.870000
710	-0.479192	0.380896	-0.059313	0.870000
711	-0.232755	0.566807	0.052724	0.870000
712	-0.230242	0.549347	-0.153074	0.870000
713	-0.463402	0.387109	-0.116746	0.870000
714	-0.488903	0.364566	-0.079314	0.870000
715	-0.421428	0.431386	-0.120537	0.870000
716	-0.530739	0.251992	0.181771	0.870000
717	-0.430979	0.438487	-0.014531	0.870000
718	-0.545122	0.277801	0.062400	0.870000
719	-0.444531	0.424556	-0.019218	0.870000
720	-0.321891	0.522942	-0.033810	0.870000
721	-0.340265	0.512278	0.003970	0.870000
722	-0.307138	0.532502	0.018250	0.870000
723	-0.250544	0.559254	0.051845	0.870000
724	-0.409774	0.444128	-0.114283	0.870000
725	-0.436293	0.359597	-0.241999	0.870000
726	-0.304221	0.502656	0.181690	0.870000
727	-0.306131	0.441641	0.299103	0.870000
728	-0.578795	0.107626	-0.177869	0.870000
729	0.111637	0.526526	-0.297545	0.870000
730	-0.012720	0.612182	-0.057417	0.870000
731	-0.389824	0.467152	-0.089617	0.870000
732	-0.355449	0.431889	-0.255642	0.870000
733	-0.143683	0.433797	-0.411583	0.870000
734	-0.462891	0.349702	-0.204121	0.870000
735	-0.375760	0.476964	-0.097648	0.870000
736	-0.469802	0.394867	-0.039897	0.870000
737	-0.472304	0.389252	0.060310	0.870000
738	-0.009064	0.609159	-0.084072	0.870000
739	-0.115089	0.601712	0.054054	0.870000
740	-0.434346	0.435395	0.000260	0.870000
741	-0.303369	0.534965	-0.002135	0.870000
742	-0.417943	0.445858	0.068987	0.870000
743	-0.334746	0.515590	0.018364	0.870000
744	-0.156300	0.540749	-0.247761	0.870000
745	-0.363798	0.414236	-0.272552	0.870000
746	-0.335301	0.475331	-0.199646	0.870000
747	-0.417355	0.318026	-0.320779	0.870000
748	-0.513818	0.337487	0.017854	0.870000
749	-0.462112	0.395814	0.089491	0.870000
750	-0.573198	0.221679	0.022963	0.870000
751	-0.388777	0.447564	0.163597	0.870000
752	-0.260776	0.543391	0.122258	0.870000
753	-0.270608	0.439335	0.334635	0.870000
754	-0.322621	0.421948	0.310000	0.870000
755	-0.464050	0.396355	-0.076061	0.870000
756	-0.427604	0.420922	0.134926	0.870000
757	-0.310364	0.530784	-0.012951	0.870000
758	-0.239633	0.518130	0.228784	0.870000
759	-0.415672	0.444511	0.088608	0.870000
760	-0.179827	0.578833	0.104114	0.870000
761	-0.221015	0.561685	0.117845	0.870000
762	-0.371393	0.380042	0.309614	0.870000
763	-0.518787	0.327451	-0.043139	0.870000
764	-0.467138	0.341145	0.208872	0.870000
765	-0.476424	0.388392	0.019911	0.870000
766	-0.460074	0.407997	-0.009760	0.870000
767	-0.118015	0.589949	0.127506	0.870000
768	-0.197120	0.525278	0.251895	0.870000
769	-0.233597	0.563467	0.078498	0.870000
770	-0.406536	0.443514	0.127469	0.870000
771	-0.498932	0.331611	0.139016	0.870000
772	-0.460818	0.364625	-0.181440	0.870000
773	-0.577218	0.204272	-0.057594	0.870000
774	-0.491545	0.362924	-0.069964	0.870000
775	-0.484581	0.361393	0.113143	0.870000
776	-0.264497	0.552290	0.056936	0.870000
777	-0.288017	0.466348	0.278909	0.870000
778	-0.284303	0.502051	0.212935	0.870000
779	-0.581318	0.181768	-0.085174	0.870000
780	-0.481293	0.382050	0.024890	0.870000
781	-0.562787	0.243727	-0.045754	0.870000
782	-0.448892	0.417789	0.046621	0.870000
783	-0.439131	0.430064	0.020839	0.870000
784	-0.310668	0.530694	0.008647	0.870000
785	-0.498288	0.360242	0.012623	0.870000
786	-0.375345	0.467022	-0.138678	0.870000
787	-0.534525	0.291446	-0.086993	0.870000
788	-0.467969	0.398282	0.024517	0.870000
789	-0.464652	0.402733	0.011376	0.870000
790	-0.469613	0.397087	0.003284	0.870000
791	-0.550993	0.269212	0.046434	0.870000
792	-0.383277	0.480363	-0.023987	0.870000
793	-0.328212	0.500937	0.139873	0.870000
794	-0.380808	0.411420	0.252872	0.870000
795	-0.426112	0.415365	0.155324	0.870000
796	-0.370618	0.455807	-0.181955	0.870000
797	-0.548543	0.259564	-0.099759	0.870000
798	-0.355123	0.495834	0.079130	0.870000
799	-0.463047	0.404728	-0.002735	0.870000
800	-0.380213	0.471601	0.106092	0.870000
801	-0.536440	0.259694	0.151710	0.870000
802	-0.470229	0.155804	0.364466	0.870000
803	-0.565499	0.205701	-0.126974	0.870000
804	-0.416787	0.433421	0.129074	0.870000
805	-0.398375	0.450694	-0.128053	0.870000
806	-0.243172	0.564858	-0.005299	0.870000
807	-0.399356	0.426440	-0.192065	0.870000
808	-0.361878	0.450788	0.209904	0.870000
809	-0.540383	0.235554	0.175287	0.870000
810	-0.563641	0.227055	0.094761	0.870000
811	-0.139221	0.596247	0.057720	0.870000
812	-0.471796	0.181550	-0.350248	0.870000
813	-0.479949	0.380718	-0.054108	0.870000
814	-0.291807	0.536851	0.069748	0.870000
815	-0.559625	0.239747	-0.086986	0.870000
816	-0.386900	0.467536	-0.099717	0.870000
817	-0.453977	0.393266	0.132178	0.870000
818	-0.555885	0.256226	0.059706	0.870000
819	-0.349172	0.505370	-0.030088	0.870000
820	-0.500194	0.320259	0.159578	0.870000
821	-0.324885	0.520224	-0.045181	0.870000
822	-0.437379	0.424646	-0.081241	0.870000
823	-0.480350	0.356116	-0.143773	0.870000
824	-0.350014	0.494820	-0.104254	0.870000
825	-0.420505	0.440011	0.088267	0.870000
826	-0.521973	0.296664	-0.133264	0.870000
827	-0.335213	0.512336	-0.058049	0.870000
828	-0.429786	0.436819	-0.051951	0.870000
829	-0.402160	0.463377	0.042115	0.870000
830	-0.156868	0.594279	0.021205	0.870000
831	-0.385748	0.451170	-0.160838	0.870000
832	-0.379905	0.355739	-0.327639	0.870000
833	-0.421030	0.445833	0.046818	0.870000
834	-0.511925	0.339540	-0.029500	0.870000
835	-0.189339	0.585074	0.008003	0.870000
836	-0.134289	0.600109	0.007777	0.870000
837	-0.367715	0.423204	-0.252804	0.870000
838	-0.267961	0.491112	-0.255402	0.870000
839	-0.184391	0.570716	-0.136045	0.870000
840	-0.500140	0.355886	-0.037821	0.870000
841	-0.329900	0.518973	-0.007617	0.870000
842	-0.419755	0.436235	-0.108304	0.870000
843	-0.028293	0.590125	0.170812	0.870000
844	-0.349097	0.501694	0.068260	0.870000
845	-0.488920	0.370991	-0.039343	0.870000
846	-0.355087	0.495862	0.079113	0.870000
847	-0.406965	0.452783	-0.087130	0.870000
848	-0.218232	0.514644	-0.256402	0.870000
849	-0.206020	0.375712	-0.441159	0.870000
850	-0.293907	0.496576	-0.212735	0.870000
