1	-0.578937	0.112425	0.174408	-2.210000
2	-0.606302	0.080388	0.064507	-2.210000
3	-0.528407	-0.213146	-0.231474	-2.210000
4	-0.547013	-0.235847	-0.152899	-2.210000
5	-0.530995	-0.112693	0.289084	-2.210000
6	-0.539567	-0.230313	-0.184523	-2.210000
7	-0.598149	-0.059066	-0.130209	-2.210000
8	-0.583310	0.182823	-0.067456	-2.210000
9	-0.613980	0.013215	0.032852	-2.210000
10	-0.569459	-0.196365	-0.124025	-2.210000
11	-0.579832	-0.194416	0.064980	-2.210000
12	-0.609742	0.032988	-0.073155	-2.210000
13	-0.609460	-0.025739	-0.078239	-2.210000
14	-0.599910	-0.102105	0.088926	-2.210000
15	-0.591401	-0.102265	-0.134206	-2.210000
16	-0.612306	0.053829	-0.020229	-2.210000
17	-0.613055	0.038547	0.030043	-2.210000
18	-0.593508	0.070380	0.144984	-2.210000
19	-0.609154	0.069329	0.048474	-2.210000
20	-0.601939	-0.039237	-0.119811	-2.210000
21	-0.611510	0.000691	-0.065420	-2.210000
22	-0.547749	0.013052	0.279331	-2.210000
23	-0.582426	-0.015758	0.196867	-2.210000
24	-0.599069	-0.038084	-0.133755	-2.210000
25	-0.600569	-0.131817	-0.012887	-2.210000
26	-0.613110	-0.041974	-0.023645	-2.210000
27	-0.557961	-0.042109	-0.255208	-2.210000
28	-0.573804	0.011046	0.221025	-2.210000
29	-0.611860	-0.025581	0.056555	-2.210000
30	-0.613267	0.005926	-0.045752	-2.210000
31	-0.500186	0.056146	0.353393	-2.210000
32	-0.614955	-0.004334	-0.006028	-2.210000
33	-0.600115	0.113497	-0.072144	-2.210000
34	-0.588062	-0.110808	-0.141880	-2.210000
35	-0.609663	0.030118	-0.075028	-2.210000
36	-0.584910	0.077526	-0.173479	-2.210000
37	-0.421428	0.371368	0.250418	-2.210000
38	-0.540029	0.278282	0.095669	-2.210000
39	-0.592419	-0.086669	-0.140548	-2.210000
40	-0.605805	0.083982	-0.064593	-2.210000
41	-0.563813	0.122502	-0.212917	-2.210000
42	-0.568493	0.225502	-0.064731	-2.210000
43	-0.612360	0.025294	-0.050990	-2.210000
44	-0.539798	0.111032	-0.272974	-2.210000
45	-0.531777	-0.307492	0.029780	-2.210000
46	-0.547899	0.266978	0.082182	-2.210000
47	-0.602308	-0.056390	-0.110772	-2.210000
48	-0.546627	0.043195	-0.278492	-2.210000
49	-0.589416	-0.048991	-0.168564	-2.210000
50	-0.608286	0.029490	-0.085693	-2.210000
51	-0.597455	0.138300	0.046326	-2.210000
52	-0.588736	0.003575	-0.177769	-2.210000
53	-0.578542	-0.039843	-0.204761	-2.210000
54	-0.577246	-0.186957	-0.100292	-2.210000
55	-0.580023	-0.025758	-0.202818	-2.210000
56	-0.512339	0.216570	-0.262358	-2.210000
57	-0.516300	0.289878	-0.166224	-2.210000
58	-0.613533	0.036714	-0.021316	-2.210000
59	-0.606242	0.103318	0.004572	-2.210000
60	-0.590009	0.093387	-0.146263	-2.210000
61	-0.606621	-0.044928	-0.090652	-2.210000
62	-0.470696	0.106330	-0.381267	-2.210000
63	-0.569201	-0.205402	-0.109749	-2.210000
64	-0.575420	0.213522	-0.039051	-2.210000
65	-0.580540	0.202538	0.013292	-2.210000
66	-0.555905	0.181925	-0.189995	-2.210000
67	-0.602891	-0.097760	-0.072048	-2.210000
68	-0.575266	0.184763	-0.114704	-2.210000
69	-0.605325	0.107281	0.017257	-2.210000
70	-0.598007	0.038436	0.138328	-2.210000
71	-0.541716	-0.108842	-0.270041	-2.210000
72	-0.582598	0.121469	-0.155081	-2.210000
73	-0.598434	-0.030528	-0.138454	-2.210000
74	-0.599373	0.103949	-0.090395	-2.210000
75	-0.572044	-0.222668	0.037548	-2.210000
76	-0.593330	0.136942	-0.086208	-2.210000
77	-0.562619	0.172791	-0.178403	-2.210000
78	-0.587830	-0.135668	-0.119480	-2.210000
79	-0.554863	0.023029	-0.264238	-2.210000
80	-0.584691	-0.025098	0.189028	-2.210000
81	-0.591549	-0.160849	0.049212	-2.210000
82	-0.563817	-0.174722	-0.172648	-2.210000
83	-0.584789	-0.042343	-0.185617	-2.210000
84	-0.605187	0.068332	0.085469	-2.210000
85	-0.576830	-0.144963	0.156455	-2.210000
86	-0.478336	-0.059141	0.381998	-2.210000
87	-0.595473	-0.058371	0.142233	-2.210000
88	-0.614277	-0.027704	0.011009	-2.210000
89	-0.583293	0.152497	-0.121404	-2.210000
90	-0.573634	0.189238	-0.115574	-2.210000
91	-0.454240	0.315209	0.269323	-2.210000
92	-0.480124	0.252208	0.289995	-2.210000
93	-0.580843	0.187496	0.075445	-2.210000
94	-0.577127	0.192769	0.089386	-2.210000
95	-0.585840	0.065350	-0.175344	-2.210000
96	-0.609588	0.044109	-0.068423	-2.210000
97	-0.603027	0.094176	-0.075593	-2.210000
98	-0.605926	-0.096107	0.042920	-2.210000
99	-0.482921	-0.233545	-0.300780	-2.210000
100	-0.417402	0.208606	0.400605	-2.210000
101	-0.567492	0.231234	0.052044	-2.210000
102	-0.583995	0.121724	-0.149528	-2.210000
103	-0.582807	-0.191043	-0.045429	-2.210000
104	-0.593545	0.119617	0.107801	-2.210000
105	-0.582513	0.019962	0.196227	-2.210000
106	-0.549666	0.275565	0.012489	-2.210000
107	-0.588809	0.029865	0.175033	-2.210000
108	-0.511812	0.005805	0.340939	-2.210000
109	-0.447648	0.120555	0.404107	-2.210000
110	-0.594123	-0.029182	0.156177	-2.210000
111	-0.571416	0.124266	0.190440	-2.210000
112	-0.523364	-0.104560	-0.305586	-2.210000
113	-0.608690	-0.086227	-0.016939	-2.210000
114	-0.606666	-0.035732	-0.094363	-2.210000
115	-0.591800	-0.163628	0.034976	-2.210000
116	-0.560054	0.093434	0.236292	-2.210000
117	-0.502678	-0.084351	0.344128	-2.210000
118	-0.613506	0.040762	-0.013175	-2.210000
119	-0.577687	-0.147386	-0.150932	-2.210000
120	-0.512794	0.190484	-0.281039	-2.210000
121	-0.561939	-0.193404	-0.158255	-2.210000
122	-0.510561	-0.341098	0.034711	-2.210000
123	-0.537535	-0.298336	-0.016640	-2.210000
124	-0.504421	0.259363	-0.237730	-2.210000
125	-0.567561	0.228477	-0.062438	-2.210000
126	-0.574690	-0.181289	-0.122844	-2.210000
127	-0.562535	-0.106886	-0.224400	-2.210000
128	-0.578007	-0.178962	0.110028	-2.210000
129	-0.565432	-0.150458	0.189405	-2.210000
130	-0.605516	-0.103379	-0.029793	-2.210000
131	-0.612938	-0.049421	-0.009480	-2.210000
132	-0.595234	0.082662	0.130723	-2.210000
133	-0.605993	-0.104844	-0.002201	-2.210000
134	-0.602594	0.041550	0.115667	-2.210000
135	-0.608501	0.020530	0.086778	-2.210000
136	-0.608089	0.083475	-0.038525	-2.210000
137	-0.612616	0.001998	0.054059	-2.210000
138	-0.610637	-0.008960	-0.072575	-2.210000
139	-0.585403	0.000320	-0.188490	-2.210000
140	-0.581925	-0.015021	-0.198399	-2.210000
141	-0.509777	0.019425	-0.343475	-2.210000
142	-0.583708	0.187323	0.049192	-2.210000
143	-0.602822	0.062662	0.104424	-2.210000
144	-0.574941	0.191470	0.104915	-2.210000
145	-0.566408	0.170286	0.168552	-2.210000
146	-0.580825	0.045338	-0.197006	-2.210000
147	-0.608038	0.092015	0.006944	-2.210000
148	-0.609319	0.026904	-0.078940	-2.210000
149	-0.534410	0.040619	-0.301631	-2.210000
150	-0.614376	-0.012994	0.024451	-2.210000
151	-0.602731	0.115296	-0.040588	-2.210000
152	-0.598060	0.143257	-0.005149	-2.210000
153	-0.613810	-0.024659	0.029234	-2.210000
154	-0.612893	0.047381	-0.018509	-2.210000
155	-0.568269	0.094614	-0.215277	-2.210000
156	-0.558608	0.029480	-0.255564	-2.210000
157	-0.541065	0.067436	-0.284474	-2.210000
158	-0.604121	0.114959	-0.006852	-2.210000
159	-0.505165	0.229495	-0.265264	-2.210000
160	-0.614230	-0.016106	-0.026224	-2.210000
161	-0.579459	0.124640	-0.164065	-2.210000
162	-0.596833	0.144505	-0.033670	-2.210000
163	-0.599452	0.089640	-0.104151	-2.210000
164	-0.583959	-0.055303	-0.184821	-2.210000
165	-0.603900	0.107211	-0.045118	-2.210000
166	-0.594056	0.106591	-0.118155	-2.210000
167	-0.592091	0.165604	-0.015101	-2.210000
168	-0.612877	0.010478	-0.049970	-2.210000
169	-0.593438	0.106525	0.121281	-2.210000
170	-0.610978	0.057872	-0.039774	-2.210000
171	-0.608751	0.071752	-0.049990	-2.210000
172	-0.614914	-0.002396	0.010001	-2.210000
173	-0.566916	0.030200	-0.236473	-2.210000
174	-0.613560	-0.014723	0.039406	-2.210000
175	-0.609210	0.072367	0.043025	-2.210000
176	-0.562048	0.249324	0.012847	-2.210000
177	-0.588294	0.175105	-0.038379	-2.210000
178	-0.594839	0.143938	-0.060607	-2.210000
179	-0.607588	-0.070793	-0.063636	-2.210000
180	-0.604649	-0.100283	-0.050673	-2.210000
181	-0.601183	-0.075224	-0.105570	-2.210000
182	-0.603406	-0.099165	-0.065517	-2.210000
183	-0.607007	0.041446	-0.089720	-2.210000
184	-0.608758	0.040358	-0.077526	-2.210000
185	-0.601695	0.084139	0.095441	-2.210000
186	-0.612792	-0.003770	0.051931	-2.210000
187	-0.554532	-0.091459	0.249709	-2.210000
188	-0.605038	0.105374	-0.032416	-2.210000
189	-0.605689	0.037593	-0.099760	-2.210000
190	-0.565424	0.216267	0.108395	-2.210000
191	-0.580633	-0.021186	0.201598	-2.210000
192	-0.608438	0.041044	0.079649	-2.210000
193	-0.613132	0.046094	0.013008	-2.210000
194	-0.612481	0.004153	-0.055454	-2.210000
195	-0.562149	-0.202441	0.145708	-2.210000
196	-0.603491	-0.022689	-0.116228	-2.210000
197	-0.574152	-0.074812	0.207309	-2.210000
198	-0.474823	0.248909	0.301350	-2.210000
199	-0.602881	0.118857	0.025158	-2.210000
200	-0.603630	0.110406	0.040815	-2.210000
201	-0.571374	0.221477	0.052009	-2.210000
202	-0.542696	-0.274438	-0.091595	-2.210000
203	-0.614865	-0.004810	0.011946	-2.210000
204	-0.608822	0.021714	0.084201	-2.210000
205	-0.556978	-0.144547	-0.217039	-2.210000
206	-0.584810	-0.029753	0.187981	-2.210000
207	-0.595618	0.122932	-0.091392	-2.210000
208	-0.605874	0.104014	-0.017963	-2.210000
209	-0.612238	-0.041070	-0.041273	-2.210000
210	-0.612966	0.049970	-0.000975	-2.210000
211	-0.611248	-0.066301	-0.014309	-2.210000
212	-0.546288	0.221210	0.175671	-2.210000
213	-0.531935	-0.169364	0.258042	-2.210000
214	-0.588829	-0.091369	-0.152176	-2.210000
215	-0.505161	-0.342671	-0.074923	-2.210000
216	-0.592450	-0.086093	-0.140770	-2.210000
217	-0.604503	0.026173	-0.110074	-2.210000
218	-0.572948	-0.062061	0.214717	-2.210000
219	-0.600955	-0.126228	0.033829	-2.210000
220	-0.601194	-0.128940	-0.012847	-2.210000
221	-0.611825	0.011946	0.061261	-2.210000
222	-0.541948	0.150596	0.248674	-2.210000
223	-0.503705	-0.328762	-0.128148	-2.210000
224	-0.589215	-0.175917	-0.010215	-2.210000
225	-0.548328	-0.241590	-0.138550	-2.210000
226	-0.614708	-0.015918	-0.010289	-2.210000
227	-0.599669	0.002870	0.136434	-2.210000
228	-0.614714	0.004525	0.018192	-2.210000
229	-0.594999	-0.149428	0.043272	-2.210000
230	-0.613868	-0.034355	-0.014528	-2.210000
231	-0.590968	0.117854	0.122852	-2.210000
232	-0.607236	-0.094132	0.025083	-2.210000
233	-0.614889	0.011351	-0.002832	-2.210000
234	-0.593195	0.071738	-0.145594	-2.210000
235	-0.602299	-0.021742	0.122428	-2.210000
236	-0.596576	0.078565	0.127083	-2.210000
237	-0.614948	-0.007111	-0.003628	-2.210000
238	-0.608826	-0.011329	-0.086185	-2.210000
239	-0.573419	0.049726	-0.216664	-2.210000
240	-0.606336	0.075885	-0.069451	-2.210000
241	-0.570605	0.153809	0.170228	-2.210000
242	-0.614749	0.009599	0.014721	-2.210000
243	-0.513246	0.338588	-0.012722	-2.210000
244	-0.604338	0.107753	-0.037284	-2.210000
245	-0.589015	-0.110948	-0.137757	-2.210000
246	-0.535769	0.298598	0.044901	-2.210000
247	-0.602718	0.000469	-0.122294	-2.210000
248	-0.607626	0.053275	-0.078594	-2.210000
249	-0.583638	-0.082233	-0.175584	-2.210000
250	-0.547159	0.238633	-0.147976	-2.210000
251	-0.614747	-0.005563	-0.016743	-2.210000
252	-0.580559	0.173477	-0.105272	-2.210000
253	-0.613564	-0.041475	-0.006670	-2.210000
254	-0.592906	0.153107	0.056969	-2.210000
255	-0.592170	0.148333	-0.074541	-2.210000
256	-0.569524	0.209077	-0.100770	-2.210000
257	-0.613754	0.016058	-0.035685	-2.210000
258	-0.487843	-0.370286	-0.055877	-2.210000
259	-0.587807	0.109770	-0.143730	-2.210000
260	-0.585843	-0.178078	-0.057451	-2.210000
261	-0.607829	0.091877	0.018105	-2.210000
262	-0.536975	0.178483	-0.240888	-2.210000
263	-0.613044	0.044696	-0.020104	-2.210000
264	-0.593393	0.068990	-0.146118	-2.210000
265	-0.612276	0.048547	0.031396	-2.210000
266	-0.499440	0.194848	-0.301361	-2.210000
267	-0.571062	0.109902	-0.200087	-2.210000
268	-0.516214	0.130940	-0.307575	-2.210000
269	-0.550942	0.241008	-0.128852	-2.210000
270	-0.604834	0.099220	-0.050561	-2.210000
271	-0.487724	0.366723	-0.076576	-2.210000
272	-0.582425	0.008860	-0.197301	-2.210000
273	-0.538129	0.078139	-0.287291	-2.210000
274	-0.612612	-0.050988	-0.018202	-2.210000
275	-0.604603	-0.046811	-0.102418	-2.210000
276	-0.556782	0.147612	-0.215475	-2.210000
277	-0.598779	0.140306	-0.001621	-2.210000
278	-0.579942	0.198024	-0.051752	-2.210000
279	-0.614604	-0.015702	-0.015516	-2.210000
280	-0.600430	0.025155	0.130673	-2.210000
281	-0.583496	0.190844	-0.036547	-2.210000
282	-0.599134	0.138549	0.008236	-2.210000
283	-0.594494	0.086928	-0.131320	-2.210000
284	-0.608519	0.048589	0.074627	-2.210000
285	-0.613172	0.040026	-0.025363	-2.210000
286	-0.608010	-0.011125	0.091787	-2.210000
287	-0.606511	-0.012074	-0.101113	-2.210000
288	-0.602293	0.122716	-0.020216	-2.210000
289	-0.598983	0.138341	0.017509	-2.210000
290	-0.601813	-0.099462	-0.078448	-2.210000
291	-0.613770	-0.035211	0.016489	-2.210000
292	-0.593047	0.092870	0.133773	-2.210000
293	-0.587700	-0.151841	0.098883	-2.210000
294	-0.556832	-0.247435	0.083301	-2.210000
295	-0.481629	0.310996	0.222576	-2.210000
296	-0.605756	0.031632	0.101410	-2.210000
297	-0.610968	0.065974	-0.024306	-2.210000
298	-0.604112	0.100791	0.055808	-2.210000
299	-0.585436	0.006579	0.188272	-2.210000
300	-0.597247	-0.146679	0.002425	-2.210000
301	-0.605602	0.106625	-0.010117	-2.210000
302	-0.605205	0.073594	-0.080844	-2.210000
303	-0.614203	-0.017935	-0.025653	-2.210000
304	-0.466051	0.358496	0.180284	-2.210000
305	-0.589920	0.171667	-0.027373	-2.210000
306	-0.571143	0.112247	-0.198549	-2.210000
307	-0.573126	0.206327	0.084738	-2.210000
308	-0.607871	-0.024518	0.090091	-2.210000
309	-0.613583	0.039780	0.012602	-2.210000
310	-0.591056	0.169926	-0.001601	-2.210000
311	-0.610367	-0.044529	-0.060783	-2.210000
312	-0.608651	-0.085806	0.020166	-2.210000
313	-0.509539	0.292348	0.182010	-2.210000
314	-0.587752	0.171660	-0.057497	-2.210000
315	-0.607485	0.017887	-0.094167	-2.210000
316	-0.602932	0.026728	-0.118253	-2.210000
317	-0.573397	-0.217696	0.045265	-2.210000
318	-0.599126	-0.059319	0.125517	-2.210000
319	-0.594779	-0.156368	-0.003446	-2.210000
320	-0.588178	-0.002235	0.179629	-2.210000
321	-0.573614	-0.071102	0.210087	-2.210000
322	-0.578906	-0.183201	-0.097624	-2.210000
323	-0.523118	-0.282712	-0.156993	-2.210000
324	-0.600098	0.118277	-0.064170	-2.210000
325	-0.611383	0.032767	0.057980	-2.210000
326	-0.606279	-0.028411	0.099214	-2.210000
327	-0.602237	-0.080256	0.095363	-2.210000
328	-0.591082	0.103163	-0.134924	-2.210000
329	-0.574362	0.183724	0.120743	-2.210000
330	-0.533505	-0.260923	-0.159739	-2.210000
331	-0.571991	-0.209899	-0.083631	-2.210000
332	-0.603620	-0.072927	-0.092464	-2.210000
333	-0.609088	-0.028820	0.080041	-2.210000
334	-0.594341	0.158058	0.000966	-2.210000
335	-0.612955	0.039024	-0.031434	-2.210000
336	-0.589274	0.153366	-0.086372	-2.210000
337	-0.562238	0.025938	0.247873	-2.210000
338	-0.609799	0.079553	0.006438	-2.210000
339	-0.612860	-0.001532	-0.051234	-2.210000
340	-0.614619	-0.009998	0.019208	-2.210000
341	-0.595022	-0.037760	0.150823	-2.210000
342	-0.611983	-0.004518	0.060678	-2.210000
343	-0.613078	0.043810	-0.020997	-2.210000
344	-0.586015	-0.141797	-0.121263	-2.210000
345	-0.613940	-0.000083	0.036094	-2.210000
346	-0.590204	-0.017446	0.171987	-2.210000
347	-0.614156	-0.028068	0.015788	-2.210000
348	-0.546899	0.225566	0.168068	-2.210000
349	-0.605884	-0.013137	0.104678	-2.210000
350	-0.527774	0.153322	-0.275992	-2.210000
351	-0.566576	0.227898	-0.072656	-2.210000
352	-0.612007	-0.055550	0.024209	-2.210000
353	-0.587324	-0.079543	-0.164158	-2.210000
354	-0.576401	0.194976	-0.089281	-2.210000
355	-0.602156	0.124989	0.003363	-2.210000
356	-0.589559	0.143087	-0.100851	-2.210000
357	-0.606364	0.006421	0.102498	-2.210000
358	-0.578850	0.128855	-0.162954	-2.210000
359	-0.602802	0.121735	-0.005909	-2.210000
360	-0.570942	0.228561	-0.003088	-2.210000
361	-0.604576	-0.032083	-0.108090	-2.210000
362	-0.586820	-0.011482	-0.183673	-2.210000
363	-0.585711	-0.097876	-0.159962	-2.210000
364	-0.611523	0.058476	0.029062	-2.210000
365	-0.592235	-0.062722	-0.153455	-2.210000
366	-0.613681	-0.025490	0.031154	-2.210000
367	-0.607071	0.030845	-0.093478	-2.210000
368	-0.608474	-0.084981	0.027624	-2.210000
369	-0.612632	0.049303	-0.021813	-2.210000
370	-0.612300	-0.010212	-0.056654	-2.210000
371	-0.598137	0.023100	-0.141151	-2.210000
372	-0.578165	0.089380	-0.189635	-2.210000
373	-0.595881	0.078496	-0.130341	-2.210000
374	-0.565869	0.035676	-0.238211	-2.210000
375	-0.578342	0.199405	-0.063117	-2.210000
376	-0.556049	0.230115	-0.126815	-2.210000
377	-0.591692	0.032494	-0.164528	-2.210000
378	-0.586093	0.184418	-0.026648	-2.210000
379	-0.545682	0.258404	-0.116980	-2.210000
380	-0.611212	-0.008612	-0.067605	-2.210000
381	-0.590991	0.169303	0.017060	-2.210000
382	-0.596122	0.112483	-0.101049	-2.210000
383	-0.605845	0.057433	-0.088761	-2.210000
384	-0.585030	0.184918	0.042073	-2.210000
385	-0.603312	-0.065712	-0.099609	-2.210000
386	-0.605928	0.013355	-0.104395	-2.210000
387	-0.609058	0.014833	0.083986	-2.210000
388	-0.520813	0.252876	-0.207444	-2.210000
389	-0.536957	0.275885	-0.117428	-2.210000
390	-0.607401	0.015674	-0.095097	-2.210000
391	-0.570218	0.205391	-0.104362	-2.210000
392	-0.608727	0.036009	0.079871	-2.210000
393	-0.608184	-0.088488	0.022510	-2.210000
394	-0.607184	0.096837	0.013250	-2.210000
395	-0.586597	0.170179	0.071893	-2.210000
396	-0.614448	-0.011174	-0.023536	-2.210000
397	-0.609514	-0.027526	0.077202	-2.210000
398	-0.607722	-0.002807	0.094295	-2.210000
399	-0.605186	0.064582	0.088342	-2.210000
400	-0.586447	0.149205	-0.109741	-2.210000
401	-0.607108	0.008482	-0.097840	-2.210000
402	-0.567310	0.229340	0.061548	-2.210000
403	-0.575275	0.177607	0.125459	-2.210000
404	-0.600188	0.132468	-0.021253	-2.210000
405	-0.604377	0.005534	-0.113680	-2.210000
406	-0.609433	-0.082539	0.001914	-2.210000
407	-0.606056	-0.072571	0.075196	-2.210000
408	-0.570889	0.194649	-0.120094	-2.210000
409	-0.577774	0.110708	0.179292	-2.210000
410	-0.539226	0.096941	0.279397	-2.210000
411	-0.570524	0.194028	-0.122803	-2.210000
412	-0.604686	0.095479	-0.058857	-2.210000
413	-0.603115	-0.036439	0.114669	-2.210000
414	-0.596089	0.126065	0.083732	-2.210000
415	-0.580006	-0.126284	-0.160843	-2.210000
416	-0.562193	0.193447	-0.157296	-2.210000
417	-0.606061	-0.097920	-0.036430	-2.210000
418	-0.570395	0.146163	0.177514	-2.210000
419	-0.596811	0.101405	-0.108436	-2.210000
420	-0.600333	0.118448	-0.061607	-2.210000
421	-0.577743	-0.030617	0.208569	-2.210000
422	-0.607522	-0.053509	-0.079238	-2.210000
423	-0.608985	-0.085175	0.010356	-2.210000
424	-0.595650	-0.144910	0.049272	-2.210000
425	-0.588867	-0.060098	0.166881	-2.210000
426	-0.600177	0.129387	-0.035660	-2.210000
427	-0.593897	-0.133907	0.087064	-2.210000
428	-0.590556	-0.037074	-0.167614	-2.210000
429	-0.594242	0.045090	0.151884	-2.210000
430	-0.601661	0.042188	0.120207	-2.210000
431	-0.590948	0.145000	0.089335	-2.210000
432	-0.574377	0.049031	-0.214272	-2.210000
433	-0.613583	-0.039555	-0.013288	-2.210000
434	-0.613201	0.015339	-0.044433	-2.210000
435	-0.556423	-0.021871	-0.261037	-2.210000
436	-0.581194	-0.184115	-0.080868	-2.210000
437	-0.604715	0.008170	-0.111707	-2.210000
438	-0.606302	0.074135	-0.071606	-2.210000
439	-0.596018	0.145588	0.042330	-2.210000
440	-0.604970	0.108020	0.023841	-2.210000
441	-0.604239	-0.012759	0.113831	-2.210000
442	-0.605785	0.094097	0.048941	-2.210000
443	-0.604113	0.011119	0.114669	-2.210000
444	-0.593413	0.158969	-0.028553	-2.210000
445	-0.597121	-0.076956	-0.125498	-2.210000
446	-0.601401	-0.104446	-0.075050	-2.210000
447	-0.604115	0.010136	-0.114750	-2.210000
448	-0.553980	-0.025543	0.265854	-2.210000
449	-0.613977	-0.026485	0.023565	-2.210000
450	-0.589615	-0.123021	0.124278	-2.210000
451	-0.596227	0.143937	-0.044951	-2.210000
452	-0.599707	0.010517	-0.135888	-2.210000
453	-0.595290	0.084736	0.129131	-2.210000
454	-0.614629	-0.003310	0.021092	-2.210000
455	-0.611852	0.043490	-0.044396	-2.210000
456	-0.595010	0.155071	0.011859	-2.210000
457	-0.597792	0.113708	0.089106	-2.210000
458	-0.587368	0.110816	0.144721	-2.210000
459	-0.589223	0.169629	-0.047621	-2.210000
460	-0.577676	0.065112	-0.200688	-2.210000
461	-0.598839	0.125654	0.061868	-2.210000
462	-0.596730	0.080771	0.124960	-2.210000
463	-0.600880	-0.028088	-0.127984	-2.210000
464	-0.558298	0.230071	-0.116599	-2.210000
465	-0.613846	0.034410	-0.015294	-2.210000
466	-0.609069	-0.062104	-0.058341	-2.210000
467	-0.581109	0.195882	-0.046563	-2.210000
468	-0.590367	0.172129	0.007953	-2.210000
469	-0.592152	0.021181	-0.164719	-2.210000
470	-0.565978	-0.063192	-0.232165	-2.210000
471	-0.574351	0.063737	-0.210436	-2.210000
472	-0.602812	-0.002843	-0.121798	-2.210000
473	-0.581916	0.167202	-0.107899	-2.210000
474	-0.596781	-0.103942	-0.106175	-2.210000
475	-0.611237	-0.015178	-0.066212	-2.210000
476	-0.604302	0.056551	-0.099229	-2.210000
477	-0.613716	0.022617	0.032645	-2.210000
478	-0.608747	0.058671	-0.064883	-2.210000
479	-0.596334	0.080367	0.127091	-2.210000
480	-0.560028	-0.232246	-0.103227	-2.210000
481	-0.612812	0.051825	0.000962	-2.210000
482	-0.606040	0.104525	-0.003831	-2.210000
483	-0.591678	0.138592	-0.094523	-2.210000
484	-0.601402	0.101941	-0.078411	-2.210000
485	-0.612779	0.036568	0.037284	-2.210000
486	-0.567867	0.202670	-0.121149	-2.210000
487	-0.504269	0.166838	-0.310004	-2.210000
488	-0.597981	0.073967	0.123179	-2.210000
489	-0.554967	0.223402	-0.142575	-2.210000
490	-0.598818	0.118213	0.075284	-2.210000
491	-0.571548	0.199743	-0.107984	-2.210000
492	-0.589316	0.166710	0.056027	-2.210000
493	-0.598900	-0.023055	-0.137885	-2.210000
494	-0.535418	0.238327	-0.186422	-2.210000
495	-0.593832	0.154057	-0.043070	-2.210000
496	-0.600212	0.111295	-0.074728	-2.210000
497	-0.583221	0.192080	-0.034404	-2.210000
498	-0.607845	-0.062592	-0.069510	-2.210000
499	-0.596224	0.119646	0.091800	-2.210000
500	-0.559403	0.251915	-0.042799	-2.210000
501	-0.611654	0.049367	0.040834	-2.210000
502	-0.613015	0.002398	-0.049319	-2.210000
503	-0.597481	0.117261	-0.086553	-2.210000
504	-0.560525	0.166986	-0.190139	-2.210000
505	-0.607922	0.028680	-0.088505	-2.210000
506	-0.586861	0.183852	-0.004252	-2.210000
507	-0.601133	-0.058774	0.115803	-2.210000
508	-0.577835	0.196594	-0.075380	-2.210000
509	-0.606700	0.094573	-0.034585	-2.210000
510	-0.601016	0.129143	-0.018092	-2.210000
511	-0.611226	-0.008670	0.067476	-2.210000
512	-0.589537	0.173780	0.021702	-2.210000
513	-0.598770	0.118031	-0.075951	-2.210000
514	-0.614885	0.006158	-0.010167	-2.210000
515	-0.602331	-0.093751	-0.081444	-2.210000
516	-0.577462	0.209716	0.027961	-2.210000
517	-0.566252	0.178273	0.160632	-2.210000
518	-0.552962	0.249223	-0.101718	-2.210000
519	-0.590442	-0.026480	-0.170004	-2.210000
520	-0.602199	0.058144	0.110455	-2.210000
521	-0.566931	-0.225271	0.077895	-2.210000
522	-0.576071	0.147742	-0.156652	-2.210000
523	-0.608000	-0.020825	-0.090155	-2.210000
524	-0.588475	0.039258	-0.174301	-2.210000
525	-0.502527	0.335147	0.115619	-2.210000
526	-0.612725	0.051101	0.013468	-2.210000
527	-0.579325	0.205037	-0.023828	-2.210000
528	-0.591411	0.168533	-0.007424	-2.210000
529	-0.606323	-0.001898	-0.102929	-2.210000
530	-0.613165	-0.007180	0.046921	-2.210000
531	-0.613690	0.029482	0.027210	-2.210000
532	-0.582063	0.161223	-0.115910	-2.210000
533	-0.587579	-0.052019	-0.173981	-2.210000
534	-0.588008	-0.133763	0.120742	-2.210000
535	-0.605094	-0.105543	-0.030779	-2.210000
536	-0.607682	-0.065397	0.068346	-2.210000
537	-0.607456	-0.094265	-0.018356	-2.210000
538	-0.599595	0.130403	-0.041296	-2.210000
539	-0.552416	0.107720	-0.247908	-2.210000
540	-0.611913	0.054292	0.028982	-2.210000
541	-0.592992	-0.159151	0.035441	-2.210000
542	-0.546280	0.152161	-0.238013	-2.210000
543	-0.598622	-0.132379	0.048499	-2.210000
544	-0.558211	-0.225463	0.125666	-2.210000
545	-0.614455	0.011184	0.023351	-2.210000
546	-0.586603	-0.131776	0.129449	-2.210000
547	-0.543595	0.183447	0.221532	-2.210000
548	-0.607396	0.093577	0.023211	-2.210000
549	-0.608142	0.036619	-0.083950	-2.210000
550	-0.613966	0.032893	-0.013734	-2.210000
551	-0.584624	0.062334	0.180429	-2.210000
552	-0.550561	-0.263350	0.075856	-2.210000
553	-0.611476	0.044507	-0.048383	-2.210000
554	-0.579076	0.200053	-0.053614	-2.210000
555	-0.600983	-0.079653	0.103440	-2.210000
556	-0.608105	0.061458	0.068233	-2.210000
557	-0.588656	-0.176399	-0.024333	-2.210000
558	-0.607222	0.088439	-0.041048	-2.210000
559	-0.599137	-0.091402	0.104432	-2.210000
560	-0.604027	-0.112196	-0.028085	-2.210000
561	-0.587742	0.135160	-0.120482	-2.210000
562	-0.586304	0.148897	0.110917	-2.210000
563	-0.600955	0.058618	0.116797	-2.210000
564	-0.598249	-0.113122	-0.086754	-2.210000
565	-0.612496	-0.044229	-0.033423	-2.210000
566	-0.612231	0.045665	-0.036234	-2.210000
567	-0.603204	0.109699	0.048336	-2.210000
568	-0.605285	0.066925	-0.085887	-2.210000
569	-0.575276	0.080395	0.202038	-2.210000
570	-0.595906	0.102705	-0.112127	-2.210000
571	-0.544026	0.255302	-0.130697	-2.210000
572	-0.613293	0.035173	-0.029321	-2.210000
573	-0.607509	-0.061826	-0.073045	-2.210000
574	-0.542304	-0.171707	-0.233770	-2.210000
575	-0.591392	0.106175	-0.131179	-2.210000
576	-0.610035	0.071937	-0.030121	-2.210000
577	-0.614601	-0.014179	-0.017024	-2.210000
578	-0.612411	-0.005546	0.056095	-2.210000
579	-0.610106	-0.003645	-0.077347	-2.210000
580	-0.612004	-0.033306	-0.050661	-2.210000
581	-0.605256	0.108462	-0.011245	-2.210000
582	-0.563453	-0.220815	-0.109481	-2.210000
583	-0.608856	0.033776	-0.079862	-2.210000
584	-0.605828	-0.072301	-0.077270	-2.210000
585	-0.601422	0.126565	-0.022324	-2.210000
586	-0.593128	0.147331	-0.068686	-2.210000
587	-0.601956	-0.068661	-0.105637	-2.210000
588	-0.597003	0.039098	0.142420	-2.210000
589	-0.599420	0.137419	-0.006101	-2.210000
590	-0.597422	0.044352	-0.139087	-2.210000
591	-0.581462	-0.190967	-0.060490	-2.210000
592	-0.601641	0.073229	-0.104361	-2.210000
593	-0.587618	0.171695	-0.058745	-2.210000
594	-0.605180	-0.051614	0.096528	-2.210000
595	-0.607291	0.073850	-0.062997	-2.210000
596	-0.606647	-0.012891	0.100188	-2.210000
597	-0.585286	0.043406	-0.183796	-2.210000
598	-0.572228	-0.086732	-0.207986	-2.210000
599	-0.521440	0.243814	-0.216519	-2.210000
600	-0.586264	0.182837	-0.033019	-2.210000
601	-0.555760	0.257501	0.055218	-2.210000
602	-0.587237	0.154763	0.097086	-2.210000
603	-0.609304	0.083492	0.001513	-2.210000
604	-0.573851	0.221116	-0.005253	-2.210000
605	-0.601735	0.046533	-0.118215	-2.210000
606	-0.572980	0.105169	-0.197125	-2.210000
607	-0.583357	0.185766	0.058405	-2.210000
608	-0.540988	0.108242	-0.271736	-2.210000
609	-0.610906	0.031814	-0.063297	-2.210000
610	-0.595618	0.135775	-0.070922	-2.210000
611	-0.594633	0.082465	-0.133553	-2.210000
612	-0.599799	-0.004549	0.135815	-2.210000
613	-0.580731	0.132522	-0.153016	-2.210000
614	-0.612399	-0.032571	0.046168	-2.210000
615	-0.605092	0.041123	0.101966	-2.210000
616	-0.557755	0.220061	-0.136774	-2.210000
617	-0.605480	0.094876	-0.051156	-2.210000
618	-0.570293	0.199271	0.115244	-2.210000
619	-0.606417	-0.010107	0.101889	-2.210000
620	-0.597846	0.140059	-0.034476	-2.210000
621	-0.585057	0.182688	-0.050584	-2.210000
622	-0.558239	-0.049760	-0.253216	-2.210000
623	-0.576137	0.180933	0.116423	-2.210000
624	-0.542976	0.275582	-0.086356	-2.210000
625	-0.600494	0.111065	-0.072777	-2.210000
626	-0.578273	0.169956	-0.122232	-2.210000
627	-0.608009	-0.066773	0.063969	-2.210000
628	-0.565305	0.063732	-0.233653	-2.210000
629	-0.581772	0.058051	-0.190778	-2.210000
630	-0.612780	0.003428	-0.052095	-2.210000
631	-0.503550	0.289199	0.202550	-2.210000
632	-0.585928	0.069189	0.173568	-2.210000
633	-0.596800	0.072169	-0.129792	-2.210000
634	-0.600060	-0.132823	-0.022619	-2.210000
635	-0.614440	-0.022903	-0.012826	-2.210000
636	-0.608433	0.029642	0.084594	-2.210000
637	-0.613741	-0.027363	0.028254	-2.210000
638	-0.605049	-0.101576	0.042696	-2.210000
639	-0.605342	0.057981	0.091782	-2.210000
640	-0.588072	-0.064396	-0.168075	-2.210000
641	-0.584439	-0.176925	-0.073171	-2.210000
642	-0.613742	-0.039174	0.003391	-2.210000
643	-0.591558	-0.059785	0.157192	-2.210000
644	-0.508723	0.345194	0.016348	-2.210000
645	-0.596163	0.067910	0.134917	-2.210000
646	-0.597178	0.146604	0.010498	-2.210000
647	-0.584050	0.155719	-0.113409	-2.210000
648	-0.602589	0.118377	-0.033135	-2.210000
649	-0.606353	-0.069786	-0.075440	-2.210000
650	-0.537684	-0.077347	-0.288338	-2.210000
651	-0.583860	-0.091664	-0.170090	-2.210000
652	-0.610262	-0.071330	0.026784	-2.210000
653	-0.496023	-0.363574	0.000486	-2.210000
654	-0.602972	-0.117214	0.030179	-2.210000
655	-0.604016	-0.019349	0.114086	-2.210000
656	-0.548999	0.262325	0.089504	-2.210000
657	-0.584804	-0.126838	-0.141919	-2.210000
658	-0.611723	0.002597	-0.063353	-2.210000
659	-0.614876	-0.012339	0.000504	-2.210000
660	-0.602140	0.086263	-0.090613	-2.210000
661	-0.605466	-0.055349	0.092590	-2.210000
662	-0.579692	-0.002040	0.205373	-2.210000
663	-0.612700	-0.044807	-0.028575	-2.210000
664	-0.604971	-0.096976	0.053201	-2.210000
665	-0.599616	-0.134542	0.024176	-2.210000
666	-0.453933	0.092261	0.404547	-2.210000
667	-0.568560	-0.143968	-0.185036	-2.210000
668	-0.576079	0.189038	0.103062	-2.210000
669	-0.604353	0.113383	-0.011232	-2.210000
670	-0.582376	0.170562	0.099861	-2.210000
671	-0.592848	0.163350	0.008532	-2.210000
672	-0.538219	0.042271	-0.294548	-2.210000
673	-0.599873	-0.126515	-0.048694	-2.210000
674	-0.556190	-0.176886	-0.193879	-2.210000
675	-0.576032	-0.128046	-0.173253	-2.210000
676	-0.584145	0.190086	-0.029446	-2.210000
677	-0.561648	0.133179	-0.212226	-2.210000
678	-0.556546	0.254223	0.062064	-2.210000
679	-0.532363	-0.107411	-0.288578	-2.210000
680	-0.604905	0.094977	0.057394	-2.210000
681	-0.569077	0.219510	-0.078689	-2.210000
682	-0.602364	-0.119110	0.034583	-2.210000
683	-0.596798	-0.124946	0.080282	-2.210000
684	-0.595440	-0.007974	-0.153665	-2.210000
685	-0.582128	-0.137561	-0.142930	-2.210000
686	-0.610845	0.060786	-0.037388	-2.210000
687	-0.597229	0.078524	0.124000	-2.210000
688	-0.575186	0.019177	-0.216837	-2.210000
689	-0.523133	0.323229	-0.008957	-2.210000
690	-0.603501	0.051747	-0.106460	-2.210000
691	-0.585254	0.156226	-0.106285	-2.210000
692	-0.559132	0.252705	0.041679	-2.210000
693	-0.610462	0.014991	-0.073053	-2.210000
694	-0.596445	0.078024	-0.128025	-2.210000
695	-0.605110	-0.082760	0.072230	-2.210000
696	-0.605163	0.046840	-0.099036	-2.210000
697	-0.605079	-0.108358	-0.019058	-2.210000
698	-0.569658	-0.117570	0.199729	-2.210000
699	-0.601001	-0.124325	0.039578	-2.210000
700	-0.597990	0.027505	-0.140984	-2.210000
701	-0.614207	-0.024094	-0.019856	-2.210000
702	-0.524531	0.290064	-0.137677	-2.210000
703	-0.567769	-0.097344	0.215377	-2.210000
704	-0.556593	0.245178	-0.091195	-2.210000
705	-0.597071	0.131559	0.066510	-2.210000
706	-0.609641	0.025365	0.076940	-2.210000
707	-0.550536	0.261096	0.083451	-2.210000
708	-0.599409	-0.112008	0.079923	-2.210000
709	-0.596319	-0.054056	-0.140379	-2.210000
710	-0.586089	0.186337	-0.001679	-2.210000
711	-0.587467	0.098137	-0.153219	-2.210000
712	-0.532072	0.174534	-0.254288	-2.210000
713	-0.565964	0.189222	-0.148676	-2.210000
714	-0.610724	0.064384	-0.033095	-2.210000
715	-0.584063	-0.170982	-0.088660	-2.210000
716	-0.582530	0.075540	-0.182148	-2.210000
717	-0.534428	0.295090	0.074390	-2.210000
718	-0.602879	0.116828	0.033367	-2.210000
719	-0.516265	-0.151609	-0.297842	-2.210000
720	-0.588163	0.149049	-0.100371	-2.210000
721	-0.505140	0.283710	-0.206319	-2.210000
722	-0.568649	0.131448	-0.193868	-2.210000
723	-0.604698	-0.002770	-0.112061	-2.210000
724	-0.550852	0.131504	0.239778	-2.210000
725	-0.572766	0.179790	0.133566	-2.210000
726	-0.603551	-0.116824	-0.017413	-2.210000
727	-0.591714	-0.021341	-0.166264	-2.210000
728	-0.579595	-0.110709	-0.173317	-2.210000
729	-0.586134	0.047310	0.180093	-2.210000
730	-0.562274	0.246237	-0.037947	-2.210000
731	-0.598125	0.118791	0.079747	-2.210000
732	-0.604977	-0.071570	-0.084293	-2.210000
733	-0.609625	0.081132	-0.000182	-2.210000
734	-0.612152	-0.030554	0.050615	-2.210000
735	-0.582094	0.195904	0.031822	-2.210000
736	-0.605596	-0.029923	0.102872	-2.210000
737	-0.571699	0.156938	-0.163571	-2.210000
738	-0.469808	0.243745	0.313199	-2.210000
739	-0.585947	0.045558	0.181152	-2.210000
740	-0.614938	0.005165	0.007060	-2.210000
741	-0.584324	0.152176	-0.116760	-2.210000
742	-0.549300	-0.188737	-0.202169	-2.210000
743	-0.605852	0.076970	-0.072411	-2.210000
744	-0.540361	0.229381	0.183356	-2.210000
745	-0.612245	0.044926	0.036918	-2.210000
746	-0.582470	0.183528	-0.072599	-2.210000
747	-0.613487	-0.027229	-0.033420	-2.210000
748	-0.600266	-0.050917	-0.123746	-2.210000
749	-0.579934	0.153852	0.135025	-2.210000
750	-0.542233	0.281752	-0.069453	-2.210000
751	-0.524437	0.303608	0.104946	-2.210000
752	-0.509894	0.270163	-0.212710	-2.210000
753	-0.560761	0.074788	-0.241204	-2.210000
754	-0.466378	-0.275217	-0.291499	-2.210000
755	-0.609177	0.083344	-0.013492	-2.210000
756	-0.453106	-0.324559	-0.259963	-2.210000
757	-0.564270	-0.222780	-0.100962	-2.210000
758	-0.592956	-0.019183	0.162048	-2.210000
759	-0.613764	0.038781	0.003793	-2.210000
760	-0.611771	0.053896	-0.032496	-2.210000
761	-0.578051	-0.149593	-0.147321	-2.210000
762	-0.608679	0.086808	0.014109	-2.210000
763	-0.548834	-0.073122	0.267693	-2.210000
764	-0.613857	0.019872	-0.031768	-2.210000
765	-0.592904	0.074752	-0.145264	-2.210000
766	-0.601454	-0.126839	0.019743	-2.210000
767	-0.575757	-0.073794	0.203183	-2.210000
768	-0.607696	0.093167	0.015815	-2.210000
769	-0.610535	-0.054048	-0.050505	-2.210000
770	-0.534722	0.160118	0.258186	-2.210000
771	-0.590224	0.142958	-0.097073	-2.210000
772	-0.567666	-0.194337	0.134957	-2.210000
773	-0.583114	0.179863	-0.076504	-2.210000
774	-0.591305	-0.119099	-0.119997	-2.210000
775	-0.590479	-0.037413	0.167809	-2.210000
776	-0.557392	-0.017533	0.259292	-2.210000
777	-0.590037	0.119133	-0.126051	-2.210000
778	-0.612741	-0.023000	0.047377	-2.210000
779	-0.613572	-0.025639	0.033129	-2.210000
780	-0.580424	0.201443	0.027459	-2.210000
781	-0.572808	-0.205805	-0.088090	-2.210000
782	-0.563822	0.097563	-0.225413	-2.210000
783	-0.599689	0.135520	0.015251	-2.210000
784	-0.608530	0.080288	0.038342	-2.210000
785	-0.600590	0.058980	0.118481	-2.210000
786	-0.600937	-0.069431	0.110809	-2.210000
787	-0.603120	-0.074033	-0.094817	-2.210000
788	-0.556940	0.145478	-0.216515	-2.210000
789	-0.564450	-0.092634	-0.225921	-2.210000
790	-0.602218	0.124534	-0.007037	-2.210000
791	-0.596264	0.147571	-0.030287	-2.210000
792	-0.604389	-0.068463	-0.090840	-2.210000
793	-0.612306	0.013567	-0.055877	-2.210000
794	-0.597984	-0.141766	-0.023301	-2.210000
795	-0.580122	0.114018	-0.169362	-2.210000
796	-0.526268	0.224399	-0.225636	-2.210000
797	-0.586963	0.008003	-0.183399	-2.210000
798	-0.573243	-0.072415	-0.210650	-2.210000
799	-0.590556	-0.036642	-0.167707	-2.210000
800	-0.567428	0.035287	0.234531	-2.210000
801	-0.602617	0.102299	0.067918	-2.210000
802	-0.611541	0.063532	0.014364	-2.210000
803	-0.597413	0.141345	-0.036667	-2.210000
804	-0.583711	0.141965	-0.131730	-2.210000
805	-0.599132	0.114580	-0.078337	-2.210000
806	-0.610685	-0.068459	0.024528	-2.210000
807	-0.532790	0.304196	-0.042712	-2.210000
808	-0.585694	-0.063874	0.176374	-2.210000
809	-0.607400	-0.026136	-0.092774	-2.210000
810	-0.570685	-0.045967	-0.224567	-2.210000
811	-0.548408	0.201303	0.192226	-2.210000
812	-0.600711	0.110066	0.072507	-2.210000
813	-0.600322	0.111777	0.073105	-2.210000
814	-0.613670	-0.024264	-0.032336	-2.210000
815	-0.574151	-0.063729	-0.210985	-2.210000
816	-0.534669	-0.096898	0.288036	-2.210000
817	-0.591195	0.169152	0.010085	-2.210000
818	-0.509610	0.041212	-0.341796	-2.210000
819	-0.596850	0.080481	0.124572	-2.210000
820	-0.508754	0.224947	-0.262285	-2.210000
821	-0.613038	0.000658	-0.049077	-2.210000
822	-0.612049	0.048518	-0.035589	-2.210000
823	-0.607695	0.059490	-0.073436	-2.210000
824	-0.556466	0.188124	0.182154	-2.210000
825	-0.591753	0.166041	0.022001	-2.210000
826	-0.593844	-0.054586	-0.150314	-2.210000
827	-0.551254	0.259504	0.083674	-2.210000
828	-0.556085	0.262630	-0.004414	-2.210000
829	-0.596109	-0.033855	0.147422	-2.210000
830	-0.610232	-0.053084	0.054994	-2.210000
831	-0.609225	-0.077468	0.032690	-2.210000
832	-0.608586	-0.050679	0.072658	-2.210000
833	-0.600245	0.044559	-0.126276	-2.210000
834	-0.600568	-0.123862	0.046919	-2.210000
835	-0.539443	0.255447	0.148233	-2.210000
836	-0.567928	0.223445	0.075865	-2.210000
837	-0.587607	0.181012	-0.013325	-2.210000
838	-0.567202	0.050530	-0.232279	-2.210000
839	-0.598933	0.134568	-0.037364	-2.210000
840	-0.603022	0.048193	0.110755	-2.210000
841	-0.607586	0.088752	-0.034449	-2.210000
842	-0.593701	0.049104	-0.152752	-2.210000
843	-0.562350	0.089359	0.232384	-2.210000
844	-0.560475	-0.115589	0.225237	-2.210000
845	-0.600633	0.131887	-0.008419	-2.210000
846	-0.587567	-0.007015	-0.181495	-2.210000
847	-0.607812	0.048593	-0.080178	-2.210000
848	-0.613512	0.036842	0.021695	-2.210000
849	-0.614581	0.016545	-0.015520	-2.210000
850	-0.597901	-0.027842	-0.141296	-2.210000
