1	-0.564958	0.144418	0.195424	-1.600000
2	-0.534231	0.302420	0.036934	-1.600000
3	-0.333322	0.515160	0.041607	-1.600000
4	-0.361446	0.430371	0.249724	-1.600000
5	-0.202633	0.575565	-0.076746	-1.600000
6	-0.422398	0.438915	-0.084608	-1.600000
7	-0.368980	0.491337	0.025834	-1.600000
8	-0.363506	0.483276	0.111949	-1.600000
9	-0.195969	0.580997	-0.047576	-1.600000
10	-0.469385	0.226532	-0.326474	-1.600000
11	-0.396211	0.451192	-0.132919	-1.600000
12	-0.293139	0.456947	-0.288954	-1.600000
13	-0.328643	0.519753	0.008696	-1.600000
14	-0.121280	0.527858	-0.291346	-1.600000
15	-0.194105	0.476444	-0.336971	-1.600000
16	-0.328262	0.510563	-0.098965	-1.600000
17	-0.469542	0.389823	-0.076113	-1.600000
18	-0.381116	0.482633	-0.006420	-1.600000
19	-0.502225	0.347496	-0.072395	-1.600000
20	-0.351043	0.471772	0.180071	-1.600000
21	-0.274411	0.529648	-0.149656	-1.600000
22	-0.474619	0.377344	0.102829	-1.600000
23	-0.292893	0.513794	0.168684	-1.600000
24	-0.467844	0.399170	0.003153	-1.600000
25	-0.406834	0.381802	-0.258725	-1.600000
26	-0.328218	0.473277	-0.215653	-1.600000
27	-0.480619	0.305719	0.231875	-1.600000
28	-0.339342	0.481991	0.175375	-1.600000
29	-0.428841	0.433433	0.080351	-1.600000
30	-0.445297	0.422973	-0.032082	-1.600000
31	-0.469269	0.386923	0.091114	-1.600000
32	-0.323056	0.521009	-0.049084	-1.600000
33	-0.480026	0.351832	-0.154964	-1.600000
34	-0.317670	0.497572	0.172432	-1.600000
35	-0.418639	0.450491	-0.004949	-1.600000
36	-0.484761	0.354700	-0.131986	-1.600000
37	-0.359226	0.416967	0.274445	-1.600000
38	-0.399146	0.467824	0.006941	-1.600000
39	-0.497131	0.351150	0.088200	-1.600000
40	-0.406590	0.460034	0.035763	-1.600000
41	-0.452304	0.378247	0.174857	-1.600000
42	-0.422727	0.446088	0.023059	-1.600000
43	-0.231570	0.569457	-0.017865	-1.600000
44	-0.478283	0.377809	0.082041	-1.600000
45	-0.530159	0.248313	-0.188407	-1.600000
46	-0.419296	0.324063	-0.312089	-1.600000
47	-0.413821	0.450820	-0.061139	-1.600000
48	-0.509613	0.335269	-0.078195	-1.600000
49	-0.453824	0.406510	-0.083776	-1.600000
50	-0.389335	0.475999	0.008256	-1.600000
51	-0.264223	0.545660	-0.103277	-1.600000
52	-0.189092	0.584831	-0.021016	-1.600000
53	-0.351706	0.503892	0.024920	-1.600000
54	-0.312093	0.524230	-0.077500	-1.600000
55	-0.456392	0.387863	-0.139618	-1.600000
56	-0.293388	0.497295	-0.211770	-1.600000
57	-0.279320	0.519790	-0.173274	-1.600000
58	-0.299202	0.487372	0.226212	-1.600000
59	-0.218843	0.573535	-0.037289	-1.600000
60	-0.081669	0.607208	0.053423	-1.600000
61	-0.297329	0.447521	-0.299241	-1.600000
62	-0.288301	0.543177	0.008124	-1.600000
63	-0.325324	0.399034	-0.336395	-1.600000
64	-0.363400	0.481333	0.120349	-1.600000
65	-0.345836	0.473722	-0.184961	-1.600000
66	-0.191010	0.573839	0.111572	-1.600000
67	-0.271492	0.550356	0.040312	-1.600000
68	-0.264962	0.554996	0.000214	-1.600000
69	-0.320806	0.513501	0.107820	-1.600000
70	-0.272647	0.542140	0.099865	-1.600000
71	-0.403676	0.455100	0.090304	-1.600000
72	-0.264866	0.549945	0.075042	-1.600000
73	-0.085675	0.553802	0.253354	-1.600000
74	-0.230273	0.566870	-0.062112	-1.600000
75	-0.343081	0.509375	0.032529	-1.600000
76	-0.049248	0.609376	0.066792	-1.600000
77	-0.098438	0.605107	0.048795	-1.600000
78	-0.019248	0.457361	0.410701	-1.600000
79	-0.149449	0.562457	0.198826	-1.600000
80	-0.249897	0.554520	0.091017	-1.600000
81	-0.175357	0.589449	0.004934	-1.600000
82	-0.072123	0.608929	0.047203	-1.600000
83	-0.286548	0.452316	0.302532	-1.600000
84	-0.054058	0.612422	0.015543	-1.600000
85	-0.182941	0.582223	-0.075989	-1.600000
86	-0.072453	0.582074	-0.184837	-1.600000
87	-0.218401	0.550711	0.165056	-1.600000
88	-0.136268	0.593251	-0.087801	-1.600000
89	-0.176247	0.587283	-0.047549	-1.600000
90	-0.475608	0.379446	-0.089679	-1.600000
91	-0.306462	0.490314	0.209519	-1.600000
92	-0.384111	0.477378	0.052859	-1.600000
93	-0.281570	0.538306	0.095762	-1.600000
94	-0.243299	0.560515	0.069671	-1.600000
95	-0.306609	0.513503	0.143284	-1.600000
96	-0.310244	0.475850	-0.235670	-1.600000
97	-0.323956	0.521584	0.035034	-1.600000
98	-0.085759	0.590348	-0.149532	-1.600000
99	-0.527334	0.258779	-0.182146	-1.600000
100	-0.122486	0.597978	0.075129	-1.600000
101	-0.334967	0.511718	0.064551	-1.600000
102	-0.379594	0.482640	0.034523	-1.600000
103	-0.271405	0.541516	-0.106420	-1.600000
104	0.043381	0.589382	-0.170212	-1.600000
105	-0.043022	0.598496	0.134819	-1.600000
106	-0.134381	0.599653	0.024146	-1.600000
107	-0.215122	0.574829	0.038971	-1.600000
108	-0.024521	0.606412	-0.099442	-1.600000
109	0.113305	0.596555	-0.097516	-1.600000
110	-0.253251	0.550539	0.104859	-1.600000
111	0.054698	0.612233	-0.020084	-1.600000
112	-0.407163	0.411854	0.206928	-1.600000
113	-0.149271	0.595736	0.032268	-1.600000
114	-0.229672	0.569215	0.038334	-1.600000
115	-0.200075	0.574765	-0.088543	-1.600000
116	-0.199464	0.492555	0.309562	-1.600000
117	0.087729	0.545127	-0.270859	-1.600000
118	-0.388266	0.475648	-0.035117	-1.600000
119	-0.493054	0.363230	-0.056447	-1.600000
120	-0.397191	0.460153	-0.093397	-1.600000
121	-0.280976	0.540116	-0.086908	-1.600000
122	-0.369654	0.453420	-0.189713	-1.600000
123	-0.503353	0.350227	-0.046924	-1.600000
124	-0.340124	0.500312	0.110581	-1.600000
125	-0.543957	0.286170	-0.021040	-1.600000
126	-0.354616	0.417956	-0.278900	-1.600000
127	-0.199737	0.580819	0.031306	-1.600000
128	-0.308554	0.531912	0.009471	-1.600000
129	-0.389350	0.442384	-0.175864	-1.600000
130	-0.467302	0.398380	-0.033879	-1.600000
131	-0.556687	0.239407	-0.104923	-1.600000
132	-0.411613	0.328584	-0.317542	-1.600000
133	-0.452233	0.413730	-0.050380	-1.600000
134	-0.392706	0.453177	0.136520	-1.600000
135	-0.275888	0.505151	0.216641	-1.600000
136	-0.338090	0.513584	0.012320	-1.600000
137	-0.442437	0.421689	0.068214	-1.600000
138	-0.321074	0.470273	-0.232334	-1.600000
139	-0.380006	0.483467	-0.008970	-1.600000
140	-0.421421	0.437641	-0.095395	-1.600000
141	-0.456710	0.407630	0.058986	-1.600000
142	-0.461988	0.394474	0.095822	-1.600000
143	-0.434051	0.411307	-0.143706	-1.600000
144	-0.441129	0.358828	-0.234249	-1.600000
145	-0.259808	0.546241	0.111110	-1.600000
146	-0.401721	0.447390	-0.129180	-1.600000
147	-0.360704	0.481709	0.126783	-1.600000
148	-0.299656	0.536513	-0.024177	-1.600000
149	-0.376937	0.424046	0.237336	-1.600000
150	-0.513095	0.339055	0.000051	-1.600000
151	-0.472372	0.387446	-0.070537	-1.600000
152	-0.259097	0.533129	0.163913	-1.600000
153	-0.463242	0.391580	0.101474	-1.600000
154	-0.370139	0.386427	0.303144	-1.600000
155	-0.416020	0.452875	-0.007525	-1.600000
156	-0.131027	0.589287	-0.117465	-1.600000
157	-0.452623	0.412153	-0.059056	-1.600000
158	-0.313534	0.509326	-0.143210	-1.600000
159	-0.334182	0.515864	-0.020790	-1.600000
160	-0.378250	0.484910	0.003814	-1.600000
161	-0.276200	0.528582	-0.150133	-1.600000
162	-0.241469	0.541384	-0.163771	-1.600000
163	-0.087984	0.559875	-0.238796	-1.600000
164	-0.344427	0.494286	0.123597	-1.600000
165	-0.206833	0.565627	-0.124545	-1.600000
166	-0.473206	0.385739	0.074203	-1.600000
167	-0.303342	0.527579	-0.088708	-1.600000
168	-0.351895	0.489827	0.120269	-1.600000
169	-0.150933	0.555901	0.215450	-1.600000
170	-0.126423	0.596615	-0.079328	-1.600000
171	-0.057043	0.609072	0.063260	-1.600000
172	-0.294572	0.520430	0.143543	-1.600000
173	-0.455690	0.393911	-0.124119	-1.600000
174	-0.263301	0.532001	0.160849	-1.600000
175	-0.200572	0.567912	-0.124389	-1.600000
176	-0.275882	0.515595	0.190462	-1.600000
177	-0.212696	0.570882	0.084136	-1.600000
178	-0.154894	0.574680	0.154841	-1.600000
179	-0.329835	0.479091	0.199764	-1.600000
180	0.019649	0.607979	0.090555	-1.600000
181	-0.320880	0.523218	0.038781	-1.600000
182	-0.082687	0.589041	-0.156265	-1.600000
183	-0.194652	0.578347	0.076488	-1.600000
184	-0.366521	0.493829	0.004557	-1.600000
185	-0.198230	0.579930	-0.051095	-1.600000
186	-0.251161	0.530836	0.182636	-1.600000
187	-0.096611	0.588374	0.150688	-1.600000
188	-0.505349	0.318765	-0.145726	-1.600000
189	-0.270058	0.551414	0.035157	-1.600000
190	-0.146108	0.493319	0.336918	-1.600000
191	-0.150190	0.595106	0.038951	-1.600000
192	-0.150933	0.594559	0.044093	-1.600000
193	-0.294988	0.539580	0.007756	-1.600000
194	-0.204175	0.570937	0.102804	-1.600000
195	-0.277850	0.548598	-0.008022	-1.600000
196	-0.158307	0.577500	0.140205	-1.600000
197	-0.309211	0.504654	-0.167146	-1.600000
198	-0.532805	0.301664	0.057820	-1.600000
199	-0.284406	0.534655	0.107155	-1.600000
200	-0.313264	0.506146	0.154619	-1.600000
201	-0.242063	0.563222	-0.049114	-1.600000
202	-0.077493	0.605278	0.076539	-1.600000
203	-0.119798	0.603126	-0.010589	-1.600000
204	-0.145927	0.594102	0.063036	-1.600000
205	-0.114461	0.573604	-0.190006	-1.600000
206	-0.115042	0.603799	-0.020435	-1.600000
207	-0.205202	0.538679	0.214342	-1.600000
208	-0.485955	0.376672	-0.013812	-1.600000
209	-0.187174	0.577735	0.097022	-1.600000
210	-0.202468	0.570697	-0.107408	-1.600000
211	-0.198017	0.548404	-0.195619	-1.600000
212	-0.098896	0.595320	0.118483	-1.600000
213	-0.243253	0.564443	0.021379	-1.600000
214	-0.402499	0.455456	-0.093699	-1.600000
215	-0.507704	0.341446	-0.062264	-1.600000
216	-0.237913	0.500474	-0.266735	-1.600000
217	-0.333659	0.504151	-0.112821	-1.600000
218	-0.399402	0.466986	-0.025048	-1.600000
219	-0.528652	0.308287	-0.060925	-1.600000
220	-0.392065	0.473807	-0.004119	-1.600000
221	-0.393787	0.472293	-0.009791	-1.600000
222	-0.490271	0.316501	0.194130	-1.600000
223	-0.384675	0.478216	-0.039488	-1.600000
224	-0.377656	0.469920	-0.121559	-1.600000
225	-0.308767	0.531763	0.010788	-1.600000
226	-0.302580	0.530680	-0.071062	-1.600000
227	-0.317183	0.498263	-0.171331	-1.600000
228	-0.433182	0.407353	-0.156976	-1.600000
229	-0.413128	0.455307	-0.015698	-1.600000
230	-0.369699	0.476752	0.119394	-1.600000
231	-0.494641	0.332763	0.151078	-1.600000
232	-0.519732	0.327645	0.027440	-1.600000
233	-0.392119	0.469649	-0.062429	-1.600000
234	-0.327946	0.518330	0.044837	-1.600000
235	-0.282167	0.542844	0.062670	-1.600000
236	-0.387256	0.470917	-0.080596	-1.600000
237	-0.380566	0.482809	-0.017016	-1.600000
238	-0.374490	0.478556	-0.094695	-1.600000
239	-0.398117	0.466519	0.045692	-1.600000
240	-0.570914	0.224508	0.043335	-1.600000
241	-0.464425	0.327550	0.235044	-1.600000
242	-0.310015	0.527806	-0.059474	-1.600000
243	-0.287524	0.540250	0.060706	-1.600000
244	-0.246513	0.559154	0.069300	-1.600000
245	-0.332583	0.387078	0.343197	-1.600000
246	-0.450486	0.390725	-0.150403	-1.600000
247	-0.162595	0.592988	0.012375	-1.600000
248	-0.296623	0.484810	0.234945	-1.600000
249	-0.327974	0.509496	0.105226	-1.600000
250	-0.370869	0.475021	0.122623	-1.600000
251	-0.409984	0.435700	-0.142491	-1.600000
252	-0.467361	0.367168	-0.158072	-1.600000
253	-0.180770	0.587833	0.000511	-1.600000
254	-0.403054	0.436835	0.157950	-1.600000
255	-0.308397	0.530919	-0.035239	-1.600000
256	-0.281130	0.546856	0.011779	-1.600000
257	-0.054532	0.609322	-0.063072	-1.600000
258	-0.280371	0.546422	0.032250	-1.600000
259	-0.397594	0.400343	-0.244683	-1.600000
260	-0.427800	0.439301	-0.047193	-1.600000
261	-0.409059	0.436570	-0.142486	-1.600000
262	-0.356293	0.486187	-0.122075	-1.600000
263	-0.384144	0.478665	-0.039214	-1.600000
264	-0.231454	0.562477	-0.090957	-1.600000
265	-0.422939	0.444398	0.043113	-1.600000
266	-0.207210	0.568873	-0.108039	-1.600000
267	-0.138861	0.571501	-0.179804	-1.600000
268	-0.320121	0.506257	-0.139468	-1.600000
269	-0.373766	0.488351	-0.006139	-1.600000
270	-0.290272	0.522481	0.144849	-1.600000
271	-0.152348	0.589129	0.089117	-1.600000
272	-0.323104	0.519596	0.062042	-1.600000
273	-0.183892	0.576065	-0.112062	-1.600000
274	-0.271847	0.535201	0.133730	-1.600000
275	-0.159853	0.568232	0.172582	-1.600000
276	-0.407790	0.456276	0.061193	-1.600000
277	-0.216019	0.575410	0.021546	-1.600000
278	-0.215039	0.574752	0.040543	-1.600000
279	-0.129632	0.597347	0.067802	-1.600000
280	-0.240030	0.522069	0.219214	-1.600000
281	-0.249269	0.561352	-0.031208	-1.600000
282	-0.273742	0.505677	0.218130	-1.600000
283	-0.153260	0.526658	0.278150	-1.600000
284	-0.274081	0.489337	0.252297	-1.600000
285	-0.244591	0.561902	0.051637	-1.600000
286	-0.185243	0.582920	0.064142	-1.600000
287	-0.352318	0.501431	-0.051610	-1.600000
288	-0.306211	0.486977	0.217515	-1.600000
289	-0.210169	0.566868	0.112762	-1.600000
290	-0.253492	0.560113	-0.015513	-1.600000
291	-0.134051	0.562203	0.210198	-1.600000
292	-0.338023	0.513153	-0.025284	-1.600000
293	-0.089073	0.599941	0.101790	-1.600000
294	-0.339952	0.502315	0.101671	-1.600000
295	-0.347670	0.459943	0.214017	-1.600000
296	-0.315718	0.496357	0.179379	-1.600000
297	-0.189129	0.567780	0.141707	-1.600000
298	-0.137239	0.590632	-0.102683	-1.600000
299	-0.180678	0.587858	-0.001780	-1.600000
300	-0.298743	0.533942	0.062315	-1.600000
301	-0.052339	0.611616	0.037565	-1.600000
302	-0.362278	0.494344	-0.051030	-1.600000
303	-0.297730	0.519821	-0.139167	-1.600000
304	-0.414068	0.450560	0.061388	-1.600000
305	-0.525446	0.303345	0.100567	-1.600000
306	-0.423186	0.446169	0.008491	-1.600000
307	-0.073598	0.595795	0.133553	-1.600000
308	-0.157644	0.588138	0.086412	-1.600000
309	-0.014465	0.609120	-0.083601	-1.600000
310	-0.295194	0.533262	-0.081957	-1.600000
311	-0.453629	0.336683	-0.243086	-1.600000
312	-0.237637	0.542088	-0.167016	-1.600000
313	-0.237004	0.535034	-0.189189	-1.600000
314	-0.096625	0.599473	-0.097572	-1.600000
315	-0.192557	0.577131	0.089816	-1.600000
316	-0.126136	0.596695	-0.079181	-1.600000
317	-0.087217	0.601850	-0.091621	-1.600000
318	-0.096253	0.593530	-0.129159	-1.600000
319	-0.184179	0.570825	-0.135877	-1.600000
320	-0.191943	0.583235	0.034920	-1.600000
321	-0.043133	0.612411	0.036303	-1.600000
322	-0.431601	0.434695	-0.054644	-1.600000
323	-0.363892	0.493100	-0.051579	-1.600000
324	-0.379120	0.481231	-0.053938	-1.600000
325	-0.358898	0.494700	0.068475	-1.600000
326	-0.473464	0.381830	-0.090901	-1.600000
327	-0.533522	0.297574	0.070918	-1.600000
328	-0.389958	0.466501	0.092382	-1.600000
329	-0.501667	0.353257	0.042009	-1.600000
330	-0.437705	0.428793	-0.052687	-1.600000
331	-0.358913	0.499320	-0.009229	-1.600000
332	-0.377874	0.475713	-0.095570	-1.600000
333	-0.290789	0.540736	0.035659	-1.600000
334	-0.453319	0.414962	-0.023101	-1.600000
335	-0.424895	0.440711	0.058846	-1.600000
336	-0.445137	0.424320	-0.005481	-1.600000
337	-0.418628	0.439845	0.097526	-1.600000
338	-0.440418	0.417145	-0.101229	-1.600000
339	-0.338912	0.488151	0.158343	-1.600000
340	-0.343203	0.483376	0.163659	-1.600000
341	-0.388362	0.470753	-0.076107	-1.600000
342	-0.191625	0.582714	-0.044154	-1.600000
343	-0.426499	0.438141	-0.066000	-1.600000
344	-0.528330	0.308250	-0.063833	-1.600000
345	-0.479430	0.374667	0.089422	-1.600000
346	-0.431051	0.406708	0.164344	-1.600000
347	-0.569602	0.223810	-0.060726	-1.600000
348	-0.457424	0.410690	-0.017946	-1.600000
349	-0.409351	0.458718	0.015319	-1.600000
350	-0.393057	0.438666	-0.176928	-1.600000
351	-0.370553	0.487619	0.056064	-1.600000
352	-0.304861	0.532459	-0.042104	-1.600000
353	-0.520067	0.317191	0.084529	-1.600000
354	-0.515895	0.334333	0.017265	-1.600000
355	-0.246791	0.563294	0.004382	-1.600000
356	-0.486338	0.374172	-0.041180	-1.600000
357	-0.283394	0.540421	0.076539	-1.600000
358	-0.236485	0.548471	0.146558	-1.600000
359	-0.289670	0.533216	0.099982	-1.600000
360	-0.263869	0.555341	0.013938	-1.600000
361	-0.232281	0.569047	-0.021346	-1.600000
362	-0.373008	0.486137	0.052545	-1.600000
363	-0.457064	0.411478	-0.001842	-1.600000
364	-0.475059	0.390482	-0.008223	-1.600000
365	-0.258072	0.557361	-0.031176	-1.600000
366	-0.332667	0.503630	0.117959	-1.600000
367	-0.224583	0.533396	-0.208029	-1.600000
368	-0.267386	0.549535	-0.068857	-1.600000
369	-0.172827	0.583947	0.085798	-1.600000
370	-0.219527	0.537682	-0.202315	-1.600000
371	-0.499259	0.352323	-0.069525	-1.600000
372	-0.067128	0.532984	0.299410	-1.600000
373	-0.304228	0.533157	0.037610	-1.600000
374	-0.269520	0.484265	-0.266592	-1.600000
375	-0.227774	0.562308	-0.100765	-1.600000
376	-0.397252	0.390101	0.261222	-1.600000
377	-0.273734	0.541843	0.098495	-1.600000
378	-0.276553	0.521336	-0.173068	-1.600000
379	-0.386573	0.469612	0.090832	-1.600000
380	-0.290047	0.527960	0.123918	-1.600000
381	-0.304211	0.491164	0.210806	-1.600000
382	-0.253813	0.543037	-0.137531	-1.600000
383	-0.053774	0.585676	0.179768	-1.600000
384	-0.221950	0.542596	0.185884	-1.600000
385	-0.351960	0.502848	0.038642	-1.600000
386	-0.407612	0.456321	0.062036	-1.600000
387	-0.028253	0.611586	0.058216	-1.600000
388	-0.178715	0.510933	0.291948	-1.600000
389	-0.274386	0.513207	0.198886	-1.600000
390	-0.041956	0.553045	0.265717	-1.600000
391	-0.259557	0.556375	0.036080	-1.600000
392	-0.253298	0.556401	-0.066956	-1.600000
393	-0.138221	0.599145	-0.012037	-1.600000
394	-0.280899	0.503395	0.214275	-1.600000
395	-0.331475	0.481765	0.190399	-1.600000
396	-0.128954	0.598177	-0.061486	-1.600000
397	-0.101253	0.594253	0.121806	-1.600000
398	-0.253415	0.558254	0.048560	-1.600000
399	-0.165216	0.580919	0.116025	-1.600000
400	-0.030261	0.612386	0.047885	-1.600000
401	-0.303222	0.533551	0.040058	-1.600000
402	-0.403327	0.464253	0.004642	-1.600000
403	-0.315390	0.526872	-0.034066	-1.600000
404	-0.284326	0.498690	0.220662	-1.600000
405	-0.124404	0.602185	0.011041	-1.600000
406	-0.247264	0.544685	0.142840	-1.600000
407	-0.251560	0.548004	0.120973	-1.600000
408	-0.231689	0.561250	0.097692	-1.600000
409	-0.249942	0.550917	-0.110653	-1.600000
410	-0.249813	0.561938	0.006625	-1.600000
411	-0.414357	0.448488	0.073428	-1.600000
412	-0.303553	0.524021	0.107155	-1.600000
413	-0.122921	0.600206	-0.053555	-1.600000
414	-0.197637	0.581222	0.036678	-1.600000
415	-0.078689	0.607372	-0.055968	-1.600000
416	-0.173621	0.588491	0.041939	-1.600000
417	-0.264436	0.552718	-0.052926	-1.600000
418	-0.196246	0.582635	-0.015779	-1.600000
419	-0.116430	0.590901	-0.124519	-1.600000
420	-0.219938	0.571759	-0.054256	-1.600000
421	-0.040575	0.610741	-0.059781	-1.600000
422	-0.301407	0.536001	0.009027	-1.600000
423	-0.345292	0.508918	-0.000965	-1.600000
424	-0.243094	0.564908	-0.003128	-1.600000
425	-0.084303	0.559288	-0.241485	-1.600000
426	-0.362432	0.418393	0.267984	-1.600000
427	-0.558755	0.225276	-0.123567	-1.600000
428	-0.294189	0.540044	0.005508	-1.600000
429	-0.502440	0.354037	0.020909	-1.600000
430	-0.574643	0.218471	-0.016756	-1.600000
431	-0.453364	0.389203	0.145626	-1.600000
432	-0.548732	0.180820	0.210766	-1.600000
433	-0.374551	0.424621	0.240070	-1.600000
434	-0.420536	0.416149	0.167912	-1.600000
435	-0.224473	0.532748	-0.209802	-1.600000
436	-0.316753	0.526759	-0.020448	-1.600000
437	-0.383722	0.442469	-0.187627	-1.600000
438	-0.308491	0.469280	-0.250668	-1.600000
439	-0.337741	0.425052	-0.288940	-1.600000
440	-0.449620	0.389233	-0.156729	-1.600000
441	-0.368904	0.490393	0.040616	-1.600000
442	-0.381027	0.477327	0.072124	-1.600000
443	-0.449883	0.416456	0.048931	-1.600000
444	-0.583045	0.190050	-0.046526	-1.600000
445	-0.494142	0.364981	0.028936	-1.600000
446	-0.283004	0.541838	0.067420	-1.600000
447	-0.428841	0.437242	-0.056031	-1.600000
448	-0.431653	0.400350	-0.177820	-1.600000
449	-0.428397	0.440780	-0.020339	-1.600000
450	-0.324312	0.512743	0.100707	-1.600000
451	-0.461849	0.402300	-0.055459	-1.600000
452	-0.503934	0.324648	0.137403	-1.600000
453	-0.458023	0.409773	0.022939	-1.600000
454	-0.428200	0.441166	-0.015570	-1.600000
455	-0.333910	0.504172	-0.111981	-1.600000
456	-0.356457	0.482228	-0.136454	-1.600000
457	-0.349554	0.498136	-0.088870	-1.600000
458	-0.467800	0.378584	-0.126737	-1.600000
459	-0.351672	0.502925	-0.040234	-1.600000
460	-0.424528	0.432339	0.105278	-1.600000
461	-0.311616	0.483385	0.217852	-1.600000
462	-0.435645	0.417094	-0.120296	-1.600000
463	-0.442602	0.419740	0.078402	-1.600000
464	-0.342247	0.500103	0.104832	-1.600000
465	-0.536338	0.292398	0.071200	-1.600000
466	-0.356065	0.494619	-0.082434	-1.600000
467	-0.426074	0.441407	0.042968	-1.600000
468	-0.331777	0.517265	0.024199	-1.600000
469	-0.343324	0.491219	0.138048	-1.600000
470	-0.106540	0.567331	0.212156	-1.600000
471	-0.329733	0.499190	-0.142517	-1.600000
472	-0.456276	0.410781	-0.036010	-1.600000
473	-0.423312	0.444053	-0.043003	-1.600000
474	-0.430119	0.429944	-0.091493	-1.600000
475	-0.265695	0.554225	-0.021581	-1.600000
476	-0.308962	0.530669	-0.034028	-1.600000
477	-0.147734	0.581163	0.136564	-1.600000
478	-0.217630	0.556001	0.147394	-1.600000
479	-0.327218	0.512992	0.089403	-1.600000
480	-0.227356	0.513875	-0.249933	-1.600000
481	-0.281045	0.546261	-0.028936	-1.600000
482	-0.252988	0.469064	0.306921	-1.600000
483	-0.225638	0.572077	0.006397	-1.600000
484	-0.326514	0.505668	-0.126148	-1.600000
485	-0.261040	0.545283	-0.112915	-1.600000
486	-0.284161	0.493418	0.232414	-1.600000
487	-0.315242	0.494447	0.185390	-1.600000
488	-0.255552	0.531011	0.175913	-1.600000
489	-0.393841	0.444937	-0.158573	-1.600000
490	-0.159810	0.563631	-0.187099	-1.600000
491	-0.298992	0.537318	0.010875	-1.600000
492	-0.362465	0.496193	-0.025231	-1.600000
493	-0.137184	0.597693	-0.046570	-1.600000
494	-0.214618	0.576024	-0.018976	-1.600000
495	-0.155964	0.582367	0.121444	-1.600000
496	-0.164783	0.532370	0.260104	-1.600000
497	-0.437078	0.427632	0.065716	-1.600000
498	-0.331008	0.467313	-0.224225	-1.600000
499	-0.271042	0.552000	0.007595	-1.600000
500	-0.193791	0.565364	0.145028	-1.600000
501	-0.183750	0.583254	0.065386	-1.600000
502	-0.138735	0.595326	-0.067565	-1.600000
503	-0.203563	0.544790	0.199979	-1.600000
504	-0.173369	0.570520	0.150583	-1.600000
505	-0.151585	0.584793	0.115170	-1.600000
506	0.028148	0.609490	-0.077168	-1.600000
507	-0.404300	0.462394	0.030962	-1.600000
508	-0.269995	0.549751	0.055690	-1.600000
509	-0.235216	0.565493	0.055826	-1.600000
510	-0.230942	0.526858	0.217511	-1.600000
511	-0.174764	0.572016	-0.143110	-1.600000
512	-0.178604	0.566956	0.157752	-1.600000
513	-0.263823	0.554845	0.027745	-1.600000
514	-0.146314	0.588546	-0.102133	-1.600000
515	-0.389197	0.447948	-0.161533	-1.600000
516	-0.198961	0.576291	-0.080798	-1.600000
517	-0.454660	0.410155	-0.057291	-1.600000
518	-0.131045	0.600869	-0.002864	-1.600000
519	-0.206248	0.569317	0.107544	-1.600000
520	-0.143661	0.589712	-0.099127	-1.600000
521	-0.161512	0.591714	-0.044870	-1.600000
522	-0.458201	0.409403	-0.025810	-1.600000
523	-0.060134	0.611096	-0.034218	-1.600000
524	-0.232086	0.568742	0.029892	-1.600000
525	-0.304882	0.530535	0.061683	-1.600000
526	-0.257657	0.544687	-0.123101	-1.600000
527	-0.268192	0.541070	0.116367	-1.600000
528	-0.224128	0.550856	-0.156681	-1.600000
529	-0.119182	0.602509	0.031670	-1.600000
530	-0.056774	0.597090	0.135959	-1.600000
531	-0.163189	0.581799	-0.114472	-1.600000
532	-0.165929	0.588121	0.069322	-1.600000
533	-0.144700	0.580871	0.140982	-1.600000
534	-0.536595	0.228279	-0.195397	-1.600000
535	-0.377823	0.479937	0.071662	-1.600000
536	-0.235897	0.566883	-0.034942	-1.600000
537	-0.217527	0.574184	-0.034922	-1.600000
538	-0.098067	0.599114	-0.098337	-1.600000
539	-0.129298	0.588961	0.120961	-1.600000
540	-0.129937	0.568229	-0.196105	-1.600000
541	-0.046486	0.610130	0.061684	-1.600000
542	0.076533	0.610000	0.016368	-1.600000
543	-0.453047	0.390092	-0.144228	-1.600000
544	-0.489297	0.365680	0.071357	-1.600000
545	-0.334261	0.515853	0.019756	-1.600000
546	-0.241606	0.559333	0.083656	-1.600000
547	-0.509629	0.342550	0.034105	-1.600000
548	-0.513642	0.333174	-0.058240	-1.600000
549	-0.463020	0.364413	0.176183	-1.600000
550	-0.286269	0.428013	0.336274	-1.600000
551	-0.481483	0.336524	-0.182074	-1.600000
552	-0.413744	0.453434	0.037917	-1.600000
553	-0.366889	0.479796	-0.115817	-1.600000
554	-0.210567	0.565527	-0.118599	-1.600000
555	-0.327484	0.483965	-0.191722	-1.600000
556	-0.464655	0.402846	0.005982	-1.600000
557	-0.410598	0.454221	-0.057600	-1.600000
558	-0.446330	0.420885	-0.043245	-1.600000
559	-0.552646	0.240171	-0.122986	-1.600000
560	-0.400054	0.465357	0.040308	-1.600000
561	-0.382966	0.477340	0.060898	-1.600000
562	-0.421469	0.439817	-0.084555	-1.600000
563	-0.493870	0.364979	0.033287	-1.600000
564	-0.345161	0.507197	-0.042900	-1.600000
565	-0.390359	0.475216	-0.003835	-1.600000
566	-0.466157	0.393004	0.080440	-1.600000
567	-0.521136	0.302820	0.122239	-1.600000
568	-0.452248	0.414754	-0.040928	-1.600000
569	-0.256016	0.526749	-0.187659	-1.600000
570	-0.328173	0.510729	-0.098404	-1.600000
571	-0.457905	0.390016	0.128201	-1.600000
572	-0.269569	0.529900	-0.157364	-1.600000
573	-0.309115	0.524271	-0.088388	-1.600000
574	-0.377496	0.446482	0.190724	-1.600000
575	-0.454384	0.411728	0.047327	-1.600000
576	-0.298584	0.504004	0.187224	-1.600000
577	-0.503319	0.336695	-0.107388	-1.600000
578	-0.258559	0.557431	-0.025363	-1.600000
579	-0.255406	0.557244	0.049719	-1.600000
580	-0.408009	0.449730	-0.097453	-1.600000
581	-0.286021	0.534610	0.103004	-1.600000
582	-0.175740	0.572675	0.139227	-1.600000
583	-0.447974	0.419644	0.037986	-1.600000
584	-0.308367	0.524432	0.090035	-1.600000
585	-0.347220	0.506695	-0.030382	-1.600000
586	-0.307718	0.522047	0.104891	-1.600000
587	-0.251643	0.554555	0.085846	-1.600000
588	-0.299892	0.527721	-0.098997	-1.600000
589	-0.243919	0.560862	0.064514	-1.600000
590	-0.270520	0.450610	0.319366	-1.600000
591	-0.259451	0.429653	-0.355400	-1.600000
592	-0.416718	0.424367	0.156473	-1.600000
593	-0.192591	0.575098	0.101961	-1.600000
594	-0.128602	0.601316	0.010282	-1.600000
595	-0.166219	0.591479	0.027355	-1.600000
596	-0.313673	0.525486	-0.060813	-1.600000
597	-0.385675	0.459051	0.136936	-1.600000
598	-0.240365	0.550224	0.133053	-1.600000
599	-0.489133	0.372737	0.006396	-1.600000
600	-0.120499	0.603078	-0.001568	-1.600000
601	-0.133186	0.573601	0.177393	-1.600000
602	-0.412661	0.450931	0.067803	-1.600000
603	-0.053647	0.611911	0.030208	-1.600000
604	-0.296433	0.520745	0.138481	-1.600000
605	-0.205108	0.533356	0.227348	-1.600000
606	-0.392529	0.462555	0.100937	-1.600000
607	-0.456119	0.412408	-0.009996	-1.600000
608	-0.224202	0.563934	0.099686	-1.600000
609	-0.205581	0.510013	0.275404	-1.600000
610	-0.173308	0.586133	-0.068100	-1.600000
611	-0.221342	0.568164	0.080140	-1.600000
612	-0.272454	0.533889	0.137683	-1.600000
613	-0.267493	0.548274	0.077901	-1.600000
614	-0.191106	0.580281	-0.070547	-1.600000
615	-0.390031	0.472790	-0.050695	-1.600000
616	-0.343754	0.508807	0.034258	-1.600000
617	-0.115161	0.599915	0.071172	-1.600000
618	-0.124877	0.600510	-0.044921	-1.600000
619	-0.179341	0.573205	0.132282	-1.600000
620	-0.207284	0.535126	0.221129	-1.600000
621	-0.125533	0.569082	0.196500	-1.600000
622	-0.178490	0.588286	-0.016898	-1.600000
623	-0.239337	0.566199	-0.019007	-1.600000
624	-0.447342	0.420667	-0.033899	-1.600000
625	-0.253320	0.560267	-0.012445	-1.600000
626	-0.207155	0.579055	-0.002714	-1.600000
627	-0.102724	0.531363	-0.292106	-1.600000
628	-0.161337	0.590287	0.061290	-1.600000
629	-0.089879	0.559185	-0.239705	-1.600000
630	-0.266133	0.552809	-0.042424	-1.600000
631	-0.422107	0.445163	0.043364	-1.600000
632	-0.344112	0.507046	0.052114	-1.600000
633	-0.245221	0.563132	-0.031209	-1.600000
634	-0.231300	0.569659	-0.014620	-1.600000
635	-0.035461	0.607114	0.091541	-1.600000
636	0.020844	0.613662	0.034786	-1.600000
637	-0.236486	0.567043	-0.027610	-1.600000
638	0.017003	0.602564	-0.121873	-1.600000
639	-0.347616	0.479997	-0.164289	-1.600000
640	-0.457283	0.394704	-0.115439	-1.600000
641	-0.329311	0.518832	-0.024337	-1.600000
642	-0.209273	0.576199	-0.049242	-1.600000
643	-0.439925	0.429068	-0.024322	-1.600000
644	-0.547990	0.279112	0.005346	-1.600000
645	-0.469009	0.391491	-0.070643	-1.600000
646	-0.558592	0.251801	-0.052881	-1.600000
647	-0.368960	0.370010	0.324324	-1.600000
648	-0.455491	0.355916	-0.209945	-1.600000
649	-0.571369	0.187979	-0.128164	-1.600000
650	-0.286522	0.543860	-0.018624	-1.600000
651	-0.316393	0.500674	-0.165667	-1.600000
652	-0.289140	0.524834	-0.138463	-1.600000
653	-0.162577	0.574868	-0.146017	-1.600000
654	-0.459863	0.315594	-0.259136	-1.600000
655	-0.362067	0.494067	-0.055044	-1.600000
656	-0.474280	0.372386	-0.120878	-1.600000
657	-0.583689	0.183374	0.062503	-1.600000
658	-0.553242	0.242726	-0.115034	-1.600000
659	-0.417382	0.430213	-0.137602	-1.600000
660	-0.277752	0.528681	-0.146887	-1.600000
661	-0.325981	0.511287	-0.102697	-1.600000
662	-0.426920	0.441886	-0.026479	-1.600000
663	-0.345124	0.484048	-0.157517	-1.600000
664	-0.358820	0.499355	-0.010852	-1.600000
665	-0.452229	0.374932	-0.182045	-1.600000
666	-0.520021	0.317167	0.084899	-1.600000
667	-0.352927	0.503653	-0.001095	-1.600000
668	-0.417728	0.439886	-0.101137	-1.600000
669	-0.423077	0.436565	-0.092961	-1.600000
670	-0.363528	0.452688	-0.202844	-1.600000
671	-0.364601	0.352282	-0.348121	-1.600000
672	-0.379960	0.415422	-0.247548	-1.600000
673	-0.333490	0.497406	-0.139989	-1.600000
674	-0.242340	0.522603	0.215365	-1.600000
675	-0.388500	0.470693	0.075766	-1.600000
676	-0.290725	0.520707	0.150228	-1.600000
677	-0.097831	0.607162	-0.002893	-1.600000
678	-0.357961	0.495210	-0.069687	-1.600000
679	-0.362917	0.467487	-0.167249	-1.600000
680	-0.338133	0.481410	-0.179265	-1.600000
681	-0.445739	0.414958	0.085743	-1.600000
682	-0.443273	0.422916	0.053630	-1.600000
683	-0.495666	0.354198	0.084168	-1.600000
684	-0.383169	0.455680	0.154150	-1.600000
685	-0.347222	0.505045	-0.050904	-1.600000
686	-0.413417	0.438352	0.123123	-1.600000
687	-0.268742	0.552393	0.029409	-1.600000
688	-0.199173	0.578276	-0.064437	-1.600000
689	-0.304290	0.519405	-0.125901	-1.600000
690	-0.280019	0.526061	0.151903	-1.600000
691	-0.236219	0.549600	0.142709	-1.600000
692	-0.251236	0.517606	0.217232	-1.600000
693	-0.363911	0.456358	-0.193731	-1.600000
694	-0.254267	0.555616	-0.069740	-1.600000
695	-0.163036	0.591532	-0.041642	-1.600000
696	-0.244984	0.558117	0.081936	-1.600000
697	-0.434300	0.432039	0.054316	-1.600000
698	-0.301956	0.511578	0.159174	-1.600000
699	-0.396820	0.467578	0.046147	-1.600000
700	-0.326789	0.440073	0.278873	-1.600000
701	-0.039217	0.569002	0.230051	-1.600000
702	-0.438654	0.379247	-0.204887	-1.600000
703	-0.395298	0.445787	0.152441	-1.600000
704	-0.234529	0.534870	0.192706	-1.600000
705	-0.398522	0.466179	-0.045636	-1.600000
706	-0.134171	0.550627	-0.238817	-1.600000
707	-0.184424	0.565926	0.154726	-1.600000
708	-0.285104	0.543695	0.036560	-1.600000
709	-0.226383	0.568474	0.061753	-1.600000
710	-0.301177	0.523854	0.114431	-1.600000
711	-0.361353	0.497512	0.011434	-1.600000
712	-0.137325	0.596697	0.057612	-1.600000
713	-0.220585	0.560920	-0.122213	-1.600000
714	-0.066064	0.610766	0.028730	-1.600000
715	-0.010723	0.590082	0.172953	-1.600000
716	-0.202921	0.577959	0.054877	-1.600000
717	-0.340008	0.503393	-0.095995	-1.600000
718	-0.318078	0.493457	-0.183170	-1.600000
719	-0.271675	0.551449	-0.017932	-1.600000
720	-0.308957	0.530868	0.030818	-1.600000
721	-0.353314	0.482277	-0.144234	-1.600000
722	-0.182803	0.571007	0.136965	-1.600000
723	-0.068504	0.604150	0.092384	-1.600000
724	-0.259567	0.555524	0.047366	-1.600000
725	0.053732	0.571990	0.219467	-1.600000
726	-0.403383	0.463618	-0.023782	-1.600000
727	-0.166876	0.588109	-0.067120	-1.600000
728	-0.363651	0.487382	-0.091881	-1.600000
729	-0.133141	0.600309	-0.011316	-1.600000
730	-0.192833	0.580727	-0.061614	-1.600000
731	-0.198361	0.577962	-0.069554	-1.600000
732	-0.222155	0.570674	0.056593	-1.600000
733	-0.217680	0.575181	0.002630	-1.600000
734	-0.060727	0.585399	-0.178453	-1.600000
735	-0.057894	0.596746	-0.136995	-1.600000
736	-0.300498	0.529143	0.089071	-1.600000
737	-0.075587	0.599207	0.116026	-1.600000
738	-0.376115	0.484717	-0.042568	-1.600000
739	-0.142316	0.594510	-0.067297	-1.600000
740	-0.319510	0.520242	-0.074070	-1.600000
741	-0.331050	0.492836	0.160449	-1.600000
742	-0.082927	0.600369	-0.104430	-1.600000
743	-0.134254	0.600167	-0.000703	-1.600000
744	-0.124874	0.590841	-0.116355	-1.600000
745	-0.038456	0.592154	-0.161555	-1.600000
746	-0.008748	0.598223	0.142398	-1.600000
747	-0.568102	0.234195	0.025250	-1.600000
748	-0.359176	0.499061	-0.012494	-1.600000
749	-0.310065	0.527761	0.059606	-1.600000
750	-0.483625	0.364529	0.107007	-1.600000
751	-0.593911	0.159289	0.011022	-1.600000
752	-0.535371	0.283130	-0.106962	-1.600000
753	-0.557287	0.213499	0.148575	-1.600000
754	-0.493978	0.269296	0.248376	-1.600000
755	-0.433931	0.422446	0.107089	-1.600000
756	-0.379293	0.479413	0.067269	-1.600000
757	-0.237915	0.563142	0.067022	-1.600000
758	-0.213477	0.574618	0.049667	-1.600000
759	-0.328928	0.501223	-0.137138	-1.600000
760	-0.401275	0.464594	0.036820	-1.600000
761	-0.530384	0.306669	-0.053592	-1.600000
762	-0.353055	0.449800	0.226400	-1.600000
763	-0.574205	0.182823	-0.122838	-1.600000
764	-0.467972	0.398940	-0.008598	-1.600000
765	-0.369039	0.491739	0.015108	-1.600000
766	-0.206731	0.562923	-0.136400	-1.600000
767	-0.356043	0.498044	-0.058405	-1.600000
768	-0.292946	0.521567	-0.142743	-1.600000
769	-0.468502	0.394641	-0.054674	-1.600000
770	-0.397223	0.305474	-0.356546	-1.600000
771	-0.581932	0.196399	0.031737	-1.600000
772	-0.395040	0.461737	0.094699	-1.600000
773	-0.386760	0.429948	-0.209253	-1.600000
774	-0.411413	0.441847	-0.117198	-1.600000
775	-0.300401	0.534147	0.051680	-1.600000
776	-0.438894	0.405269	-0.146132	-1.600000
777	-0.371799	0.480529	-0.095299	-1.600000
778	-0.359076	0.494783	0.066927	-1.600000
779	-0.497563	0.360863	0.020830	-1.600000
780	-0.431945	0.429370	-0.085383	-1.600000
781	-0.362120	0.496961	0.011115	-1.600000
782	-0.383241	0.452584	-0.162848	-1.600000
783	-0.413716	0.436701	-0.127890	-1.600000
784	-0.236152	0.567593	0.017194	-1.600000
785	-0.172552	0.587064	-0.061696	-1.600000
786	-0.306704	0.521133	0.112153	-1.600000
787	-0.240244	0.561441	-0.072746	-1.600000
788	-0.392222	0.472296	-0.036377	-1.600000
789	-0.249260	0.538014	0.163204	-1.600000
790	-0.348495	0.487476	-0.138361	-1.600000
791	-0.122384	0.601807	-0.032793	-1.600000
792	-0.413333	0.445560	-0.094115	-1.600000
793	-0.363118	0.495890	0.021542	-1.600000
794	-0.408533	0.422400	0.181394	-1.600000
795	-0.260764	0.442513	-0.338245	-1.600000
796	-0.223761	0.564644	-0.096607	-1.600000
797	-0.173256	0.589704	-0.021369	-1.600000
798	-0.225215	0.568633	0.064494	-1.600000
799	-0.455019	0.413645	0.008955	-1.600000
800	-0.263522	0.500150	-0.242138	-1.600000
801	-0.078253	0.574016	0.206414	-1.600000
802	-0.164070	0.562441	0.186993	-1.600000
803	-0.400270	0.392126	-0.253468	-1.600000
804	-0.250520	0.537123	0.164208	-1.600000
805	-0.376848	0.467348	0.133402	-1.600000
806	-0.131306	0.591691	0.104334	-1.600000
807	-0.218388	0.561010	-0.125698	-1.600000
808	-0.249417	0.538459	-0.161486	-1.600000
809	-0.393236	0.471579	0.034699	-1.600000
810	-0.222895	0.557249	0.134224	-1.600000
811	-0.389433	0.453187	0.145564	-1.600000
812	-0.239070	0.538655	0.175843	-1.600000
813	-0.351215	0.503493	0.036975	-1.600000
814	-0.300920	0.444535	-0.300101	-1.600000
815	-0.069051	0.607882	0.062742	-1.600000
816	-0.297277	0.510548	0.170856	-1.600000
817	-0.345028	0.508684	0.020530	-1.600000
818	-0.236045	0.567588	-0.018756	-1.600000
819	-0.327390	0.520064	0.023970	-1.600000
820	-0.200449	0.580778	0.027248	-1.600000
821	-0.044177	0.610462	0.060081	-1.600000
822	-0.045374	0.601809	-0.118286	-1.600000
823	0.028088	0.516198	0.333131	-1.600000
824	-0.200148	0.581520	0.000632	-1.600000
825	-0.278218	0.535642	-0.117930	-1.600000
826	-0.246477	0.546190	0.138385	-1.600000
827	-0.360655	0.497327	-0.028613	-1.600000
828	-0.020357	0.609883	-0.076508	-1.600000
829	0.042805	0.603540	0.110147	-1.600000
830	-0.147481	0.594367	-0.056585	-1.600000
831	-0.075132	0.608274	-0.050818	-1.600000
832	-0.158986	0.536261	-0.255681	-1.600000
833	-0.164934	0.587942	-0.073119	-1.600000
834	-0.021459	0.609594	0.078485	-1.600000
835	-0.382903	0.480324	0.029979	-1.600000
836	-0.200086	0.565380	-0.136147	-1.600000
837	-0.185697	0.585145	-0.036697	-1.600000
838	-0.167354	0.585491	-0.086127	-1.600000
839	-0.042230	0.587861	-0.175675	-1.600000
840	-0.245205	0.554580	-0.102666	-1.600000
841	-0.228348	0.567887	-0.059893	-1.600000
842	-0.233213	0.567810	-0.037795	-1.600000
843	-0.401199	0.404930	0.230860	-1.600000
844	-0.156874	0.592840	0.046441	-1.600000
845	-0.454747	0.413766	0.015106	-1.600000
846	-0.315185	0.525012	0.056969	-1.600000
847	-0.437577	0.431686	-0.019968	-1.600000
848	-0.022361	0.610459	0.071164	-1.600000
849	0.016086	0.613715	0.036335	-1.600000
850	0.062460	0.611016	-0.031354	-1.600000
