1	-0.574459	-0.168739	-0.140531	-2.940000
2	-0.588764	0.111665	0.138251	-2.940000
3	-0.578632	-0.057468	-0.200268	-2.940000
4	-0.594211	-0.025842	0.156431	-2.940000
5	-0.540854	-0.177633	0.232698	-2.940000
6	-0.599288	-0.132994	0.037312	-2.940000
7	-0.583615	-0.083700	-0.174966	-2.940000
8	-0.581353	0.113072	-0.165735	-2.940000
9	-0.551368	0.084368	-0.259038	-2.940000
10	-0.532051	-0.054982	-0.303518	-2.940000
11	-0.608312	0.002439	-0.090422	-2.940000
12	-0.574090	-0.117152	-0.186872	-2.940000
13	-0.560177	0.122498	-0.222308	-2.940000
14	-0.614486	-0.013933	0.020936	-2.940000
15	-0.599715	-0.112528	-0.076842	-2.940000
16	-0.614542	0.023323	-0.004372	-2.940000
17	-0.435770	0.430341	-0.056000	-2.940000
18	-0.596175	-0.143115	0.048147	-2.940000
19	-0.559995	0.072137	-0.243777	-2.940000
20	-0.608100	0.061156	-0.068549	-2.940000
21	-0.571260	-0.223483	-0.044074	-2.940000
22	-0.583047	-0.175551	-0.086390	-2.940000
23	-0.609645	0.037644	-0.071696	-2.940000
24	-0.614547	-0.007284	-0.022448	-2.940000
25	-0.609225	-0.007578	-0.083743	-2.940000
26	-0.588708	-0.038644	-0.173650	-2.940000
27	-0.416781	0.403867	-0.203494	-2.940000
28	-0.563475	-0.108890	0.221051	-2.940000
29	-0.583102	-0.144842	0.131291	-2.940000
30	-0.593549	0.085414	-0.136489	-2.940000
31	-0.596766	0.037637	0.143800	-2.940000
32	-0.614237	-0.025939	-0.016277	-2.940000
33	-0.575267	-0.186241	-0.112280	-2.940000
34	-0.584371	-0.008513	0.191476	-2.940000
35	-0.610154	-0.075799	0.013845	-2.940000
36	-0.537485	0.265346	-0.137574	-2.940000
37	-0.611992	0.047452	-0.037937	-2.940000
38	-0.585451	0.101557	-0.158615	-2.940000
39	-0.589461	-0.039154	-0.170963	-2.940000
40	-0.598220	-0.091374	0.109581	-2.940000
41	-0.585150	0.124672	-0.142413	-2.940000
42	-0.558103	-0.239094	-0.097875	-2.940000
43	-0.579507	-0.198327	0.055352	-2.940000
44	-0.598642	0.138496	0.025927	-2.940000
45	-0.594848	-0.127163	-0.090613	-2.940000
46	-0.390041	-0.304943	0.364833	-2.940000
47	-0.609934	-0.037188	0.069444	-2.940000
48	-0.607721	0.093713	-0.010861	-2.940000
49	-0.553955	0.241221	0.114765	-2.940000
50	-0.613673	-0.039380	-0.008920	-2.940000
51	-0.567065	-0.170078	-0.166542	-2.940000
52	-0.599878	-0.001886	-0.135526	-2.940000
53	-0.608740	-0.044582	0.075320	-2.940000
54	-0.508559	-0.134131	0.318750	-2.940000
55	-0.588005	0.171198	-0.056267	-2.940000
56	-0.585276	-0.159199	-0.101651	-2.940000
57	-0.591851	0.086223	-0.143188	-2.940000
58	-0.593810	0.066369	0.145634	-2.940000
59	-0.477433	-0.155426	-0.355141	-2.940000
60	-0.476189	-0.388749	0.018525	-2.940000
61	-0.492131	-0.263507	-0.258062	-2.940000
62	-0.571933	0.009157	0.225908	-2.940000
63	-0.601159	0.129445	0.008733	-2.940000
64	-0.600536	0.009968	-0.132222	-2.940000
65	-0.612020	0.023309	0.055791	-2.940000
66	-0.609664	-0.061209	-0.052805	-2.940000
67	-0.529295	-0.290373	-0.117284	-2.940000
68	-0.570825	-0.039695	-0.225407	-2.940000
69	-0.599897	-0.065018	-0.118831	-2.940000
70	-0.607523	-0.077366	-0.056171	-2.940000
71	-0.602846	-0.120777	-0.014655	-2.940000
72	-0.399659	-0.431899	-0.178776	-2.940000
73	-0.581414	0.182454	-0.083023	-2.940000
74	-0.536353	0.110615	-0.279847	-2.940000
75	-0.596908	0.074426	-0.128008	-2.940000
76	-0.596555	0.146244	0.030984	-2.940000
77	-0.451296	0.081118	-0.409850	-2.940000
78	-0.605889	-0.056414	0.089112	-2.940000
79	-0.600307	-0.123566	-0.050878	-2.940000
80	-0.610801	0.021333	0.068500	-2.940000
81	-0.577494	0.203056	0.059107	-2.940000
82	-0.603791	0.019865	-0.115179	-2.940000
83	-0.599215	-0.077979	-0.114390	-2.940000
84	-0.593311	0.118490	-0.110305	-2.940000
85	-0.575953	-0.106273	0.187642	-2.940000
86	-0.556996	-0.200551	0.166612	-2.940000
87	-0.608671	0.084042	0.026103	-2.940000
88	-0.542359	-0.180111	0.227226	-2.940000
89	-0.595440	-0.107606	0.109989	-2.940000
90	-0.535494	-0.210099	0.217553	-2.940000
91	-0.580842	-0.135360	-0.150084	-2.940000
92	-0.575090	0.095297	-0.195997	-2.940000
93	-0.602821	-0.115118	0.039747	-2.940000
94	-0.598738	0.108446	-0.089316	-2.940000
95	-0.611634	-0.057801	-0.028081	-2.940000
96	-0.602296	0.124352	0.000931	-2.940000
97	-0.613122	-0.017123	-0.044875	-2.940000
98	-0.609257	-0.076216	-0.034955	-2.940000
99	-0.587766	0.137302	0.117918	-2.940000
100	-0.613828	0.027949	0.025678	-2.940000
101	-0.604839	0.072714	-0.084302	-2.940000
102	-0.611256	-0.067728	-0.001927	-2.940000
103	-0.606504	0.025215	0.098700	-2.940000
104	-0.613920	0.035701	0.007226	-2.940000
105	-0.609665	0.012734	-0.079825	-2.940000
106	-0.594386	-0.147026	-0.057562	-2.940000
107	-0.512698	-0.335208	-0.054781	-2.940000
108	-0.591779	-0.159633	-0.050402	-2.940000
109	-0.488721	0.354852	-0.116004	-2.940000
110	-0.610904	0.026171	-0.065849	-2.940000
111	-0.589826	-0.104653	0.139205	-2.940000
112	-0.603142	-0.020099	0.118494	-2.940000
113	-0.407792	0.025467	0.459654	-2.940000
114	-0.459703	-0.396226	-0.099515	-2.940000
115	-0.544013	-0.131553	-0.254890	-2.940000
116	-0.607641	-0.092797	0.019648	-2.940000
117	-0.576560	0.064955	-0.203923	-2.940000
118	-0.549560	-0.276055	-0.001469	-2.940000
119	-0.595672	-0.031028	-0.149792	-2.940000
120	-0.611671	-0.004264	-0.063760	-2.940000
121	-0.587320	0.057828	-0.173021	-2.940000
122	-0.597257	0.008357	-0.146421	-2.940000
123	-0.561865	-0.111816	-0.223675	-2.940000
124	-0.612532	0.017193	-0.052284	-2.940000
125	-0.572710	0.224077	-0.004189	-2.940000
126	-0.591628	-0.148487	-0.078441	-2.940000
127	-0.596783	-0.128920	-0.073857	-2.940000
128	-0.569076	0.205105	-0.110948	-2.940000
129	-0.602112	-0.018825	-0.123819	-2.940000
130	-0.614153	-0.003567	-0.032063	-2.940000
131	-0.606693	-0.099037	0.018449	-2.940000
132	-0.578735	0.080990	0.191653	-2.940000
133	-0.611558	0.003219	-0.064891	-2.940000
134	-0.575185	0.068915	-0.206491	-2.940000
135	-0.589628	-0.172797	0.026556	-2.940000
136	-0.614148	0.018150	0.026782	-2.940000
137	-0.614935	-0.006505	0.006127	-2.940000
138	-0.577005	-0.014588	-0.212315	-2.940000
139	-0.572813	0.162945	0.153489	-2.940000
140	-0.593151	-0.146077	0.071125	-2.940000
141	-0.558923	0.193641	-0.168325	-2.940000
142	-0.585133	-0.179601	-0.059899	-2.940000
143	-0.573889	0.189707	-0.113524	-2.940000
144	-0.572916	-0.059853	-0.215429	-2.940000
145	-0.596686	0.085523	-0.121968	-2.940000
146	-0.608863	-0.025985	-0.082680	-2.940000
147	-0.542953	-0.117903	0.263677	-2.940000
148	-0.591719	0.165395	-0.027165	-2.940000
149	-0.598688	-0.135067	0.039434	-2.940000
150	-0.585475	0.188263	0.000811	-2.940000
151	-0.596714	-0.078128	0.126700	-2.940000
152	-0.607196	0.040543	-0.088850	-2.940000
153	-0.607767	0.093535	0.009770	-2.940000
154	-0.582052	-0.142732	0.138089	-2.940000
155	-0.597937	-0.143608	0.008527	-2.940000
156	-0.612063	0.030930	-0.051448	-2.940000
157	-0.556626	-0.258141	0.041905	-2.940000
158	-0.595542	0.072176	-0.135447	-2.940000
159	-0.605291	0.092281	-0.057721	-2.940000
160	-0.581376	0.131274	-0.151639	-2.940000
161	-0.589947	-0.107431	0.136552	-2.940000
162	-0.552985	-0.264859	0.047769	-2.940000
163	-0.589609	-0.162957	-0.063497	-2.940000
164	-0.608911	0.079178	-0.034398	-2.940000
165	-0.609036	0.051824	-0.067929	-2.940000
166	-0.575982	0.086444	-0.197477	-2.940000
167	-0.454435	-0.075663	-0.407417	-2.940000
168	-0.608949	-0.024192	0.082591	-2.940000
169	-0.610406	-0.074996	-0.002145	-2.940000
170	-0.470251	-0.332702	-0.215403	-2.940000
171	-0.561103	-0.146660	-0.204645	-2.940000
172	-0.510641	-0.324263	-0.111013	-2.940000
173	-0.586943	-0.180916	0.031505	-2.940000
174	-0.573979	0.180785	-0.126846	-2.940000
175	-0.614406	0.026771	0.003612	-2.940000
176	-0.586740	-0.174178	-0.060194	-2.940000
177	-0.606264	-0.074419	-0.071628	-2.940000
178	-0.598728	0.001258	-0.140529	-2.940000
179	-0.609185	-0.015760	-0.082888	-2.940000
180	-0.587786	0.139724	-0.114936	-2.940000
181	-0.600983	-0.107870	-0.073546	-2.940000
182	-0.604204	0.102640	-0.051263	-2.940000
183	-0.562837	-0.077297	-0.235511	-2.940000
184	-0.605979	0.053833	0.090090	-2.940000
185	-0.600147	-0.067331	0.116255	-2.940000
186	-0.557585	0.254875	-0.048607	-2.940000
187	-0.609756	-0.076254	0.024660	-2.940000
188	-0.580126	-0.188498	-0.078404	-2.940000
189	-0.600032	-0.008604	-0.134585	-2.940000
190	-0.580755	-0.119281	-0.163463	-2.940000
191	-0.586861	0.118477	-0.140648	-2.940000
192	-0.570545	-0.147545	0.175880	-2.940000
193	-0.607780	0.093351	-0.010696	-2.940000
194	-0.608162	-0.012748	0.090565	-2.940000
195	-0.613653	0.036310	0.018350	-2.940000
196	-0.608491	0.049219	0.074440	-2.940000
197	-0.602093	-0.121957	0.028894	-2.940000
198	-0.598528	0.080962	-0.115906	-2.940000
199	-0.574714	-0.014526	-0.218443	-2.940000
200	-0.605766	0.083076	0.066113	-2.940000
201	-0.579819	0.168736	0.116460	-2.940000
202	-0.569037	0.057995	0.225961	-2.940000
203	-0.607537	0.001960	0.095498	-2.940000
204	-0.592708	-0.137516	-0.089506	-2.940000
205	-0.602281	-0.124160	0.008217	-2.940000
206	-0.613315	0.018540	-0.041551	-2.940000
207	-0.586174	0.019352	-0.185067	-2.940000
208	-0.602679	0.069185	0.101074	-2.940000
209	-0.591336	0.150326	0.077133	-2.940000
210	-0.552958	0.029501	0.267567	-2.940000
211	-0.554268	-0.221061	0.148809	-2.940000
212	-0.613039	-0.027584	0.040586	-2.940000
213	-0.612925	0.042125	0.027814	-2.940000
214	-0.552997	-0.146742	-0.225579	-2.940000
215	-0.582367	-0.159448	-0.116832	-2.940000
216	-0.585909	-0.148386	-0.113654	-2.940000
217	-0.590644	-0.171150	0.008512	-2.940000
218	-0.614953	0.007317	-0.002074	-2.940000
219	-0.584249	-0.089594	-0.169856	-2.940000
220	-0.606405	-0.102107	-0.008496	-2.940000
221	-0.573804	0.220457	-0.019298	-2.940000
222	-0.604079	-0.050249	-0.103870	-2.940000
223	-0.608914	0.086037	-0.006792	-2.940000
224	-0.608849	0.081532	0.029676	-2.940000
225	-0.593765	-0.152542	0.048979	-2.940000
226	-0.579347	0.042641	-0.201900	-2.940000
227	-0.609390	-0.079211	0.024392	-2.940000
228	-0.601898	-0.111020	0.060153	-2.940000
229	-0.560155	0.162969	0.194661	-2.940000
230	-0.608231	0.063293	-0.065379	-2.940000
231	-0.592591	-0.146791	-0.074247	-2.940000
232	-0.593648	-0.108120	-0.118817	-2.940000
233	-0.612836	-0.033000	-0.039596	-2.940000
234	-0.552611	-0.188851	-0.192825	-2.940000
235	-0.592715	-0.021099	-0.162692	-2.940000
236	-0.580451	-0.128549	-0.157405	-2.940000
237	-0.590265	-0.005820	-0.172565	-2.940000
238	-0.603164	-0.003426	0.120028	-2.940000
239	-0.608552	-0.056885	-0.068220	-2.940000
240	-0.602454	0.108872	-0.058494	-2.940000
241	-0.604094	-0.114571	-0.013008	-2.940000
242	-0.602426	0.079974	-0.094407	-2.940000
243	-0.603163	0.067398	-0.099382	-2.940000
244	-0.594744	-0.130827	-0.085958	-2.940000
245	-0.609166	-0.083547	-0.012720	-2.940000
246	-0.533149	0.131403	-0.276967	-2.940000
247	-0.614178	0.031287	0.005617	-2.940000
248	-0.604279	-0.111662	0.024559	-2.940000
249	-0.587946	0.173968	-0.047746	-2.940000
250	-0.603430	0.085225	0.082667	-2.940000
251	-0.600412	-0.066733	-0.115227	-2.940000
252	-0.591809	0.034339	-0.163729	-2.940000
253	-0.603612	-0.113699	0.030817	-2.940000
254	-0.585741	-0.187417	-0.002750	-2.940000
255	-0.596817	-0.148237	0.007741	-2.940000
256	-0.608524	0.088995	0.001830	-2.940000
257	-0.613296	-0.045062	0.007934	-2.940000
258	-0.596693	-0.014197	0.148259	-2.940000
259	-0.574750	0.090213	-0.199372	-2.940000
260	-0.608331	0.082781	-0.036136	-2.940000
261	-0.607376	-0.026684	-0.092778	-2.940000
262	-0.576675	0.089056	-0.194267	-2.940000
263	-0.573403	-0.097915	-0.199618	-2.940000
264	-0.541200	-0.271488	0.107804	-2.940000
265	-0.590317	-0.098218	-0.141788	-2.940000
266	-0.570188	0.016310	0.229878	-2.940000
267	-0.585959	0.157095	0.100984	-2.940000
268	-0.590447	0.136982	-0.104080	-2.940000
269	-0.611410	-0.065799	-0.008581	-2.940000
270	-0.613189	0.038904	0.026669	-2.940000
271	-0.612103	-0.018948	0.056537	-2.940000
272	-0.584421	0.049337	-0.185050	-2.940000
273	-0.572115	-0.204966	0.094333	-2.940000
274	-0.603536	-0.075030	-0.091321	-2.940000
275	-0.613811	-0.000805	0.038217	-2.940000
276	-0.604044	0.088641	-0.074150	-2.940000
277	-0.571519	-0.144353	-0.175367	-2.940000
278	-0.613224	0.046444	0.004976	-2.940000
279	-0.600818	-0.020837	-0.129647	-2.940000
280	-0.614543	0.009185	0.021856	-2.940000
281	-0.614997	0.000023	-0.001934	-2.940000
282	-0.591174	-0.169509	0.002274	-2.940000
283	-0.608448	0.037950	-0.081095	-2.940000
284	-0.612846	-0.035367	0.037331	-2.940000
285	-0.612511	-0.050885	-0.021581	-2.940000
286	-0.603061	0.113843	-0.039785	-2.940000
287	-0.567145	0.135734	-0.195314	-2.940000
288	-0.559965	-0.011638	-0.254025	-2.940000
289	-0.598273	0.024146	0.140398	-2.940000
290	-0.612921	0.038658	-0.032526	-2.940000
291	-0.614695	-0.002264	0.019242	-2.940000
292	-0.595227	-0.147080	-0.047934	-2.940000
293	-0.597047	-0.102373	0.106204	-2.940000
294	-0.578559	-0.006517	0.208450	-2.940000
295	-0.573199	-0.021350	-0.221838	-2.940000
296	-0.575315	0.143503	-0.163233	-2.940000
297	-0.602381	0.005965	-0.123802	-2.940000
298	-0.614826	0.014609	0.000867	-2.940000
299	-0.600546	0.099747	-0.087292	-2.940000
300	-0.590763	-0.087716	0.146730	-2.940000
301	-0.593804	-0.160042	0.002772	-2.940000
302	-0.603936	-0.108031	-0.042610	-2.940000
303	-0.608556	-0.083109	-0.031257	-2.940000
304	-0.603168	-0.101943	0.063409	-2.940000
305	-0.580392	-0.135360	-0.151814	-2.940000
306	-0.614046	0.028411	-0.019103	-2.940000
307	-0.566816	0.169718	0.167750	-2.940000
308	-0.602572	0.116101	0.040651	-2.940000
309	-0.604766	0.025310	-0.108821	-2.940000
310	-0.608035	-0.041213	-0.082581	-2.940000
311	-0.578057	-0.076035	-0.195688	-2.940000
312	-0.604893	-0.049284	0.099500	-2.940000
313	-0.598734	-0.134885	0.039347	-2.940000
314	-0.614905	0.003004	-0.010392	-2.940000
315	-0.611195	-0.061092	0.030561	-2.940000
316	-0.555281	0.053826	0.258826	-2.940000
317	-0.555327	0.250200	0.085071	-2.940000
318	-0.578534	-0.195658	-0.072397	-2.940000
319	-0.589549	-0.060174	0.164426	-2.940000
320	-0.581662	-0.160039	0.119505	-2.940000
321	-0.610584	-0.011474	-0.072665	-2.940000
322	-0.599275	-0.025490	-0.135810	-2.940000
323	-0.581158	-0.185621	-0.077625	-2.940000
324	-0.614952	0.007650	-0.000827	-2.940000
325	-0.613852	0.021939	0.030481	-2.940000
326	-0.557170	-0.069576	0.250889	-2.940000
327	-0.597454	-0.033421	-0.141976	-2.940000
328	-0.566630	0.223255	0.085515	-2.940000
329	-0.594522	0.156543	-0.016210	-2.940000
330	-0.574197	-0.046122	0.215396	-2.940000
331	-0.613176	0.019599	0.043078	-2.940000
332	-0.602016	-0.038770	-0.119579	-2.940000
333	-0.608201	-0.045907	0.078799	-2.940000
334	-0.592762	0.053248	0.154992	-2.940000
335	-0.612322	-0.041614	0.039435	-2.940000
336	-0.538971	-0.012867	0.295922	-2.940000
337	-0.595647	0.043019	-0.146899	-2.940000
338	-0.609850	-0.052030	-0.060003	-2.940000
339	-0.582024	-0.197986	0.016582	-2.940000
340	-0.606518	-0.097632	0.028801	-2.940000
341	-0.604493	-0.081255	-0.078808	-2.940000
342	-0.604986	0.109928	-0.011501	-2.940000
343	-0.601857	0.078100	-0.099468	-2.940000
344	-0.578093	0.070075	0.197796	-2.940000
345	-0.608284	-0.065591	0.062562	-2.940000
346	-0.601066	0.130168	-0.000730	-2.940000
347	-0.607385	0.079352	0.054881	-2.940000
348	-0.611859	-0.046695	0.040897	-2.940000
349	-0.607108	-0.080553	-0.056180	-2.940000
350	-0.608156	-0.075178	-0.052150	-2.940000
351	-0.584018	0.152514	0.117846	-2.940000
352	-0.597635	-0.140951	-0.034504	-2.940000
353	-0.560639	0.210644	0.139779	-2.940000
354	-0.612897	0.011183	-0.049573	-2.940000
355	-0.612881	-0.050914	-0.003153	-2.940000
356	-0.609878	-0.056331	-0.055681	-2.940000
357	-0.606681	0.097772	-0.024563	-2.940000
358	-0.612285	-0.054502	-0.019029	-2.940000
359	-0.614291	0.003557	-0.029312	-2.940000
360	-0.612386	0.018934	0.053384	-2.940000
361	-0.607892	0.019905	0.091080	-2.940000
362	-0.607798	0.088924	0.029995	-2.940000
363	-0.608845	-0.025118	-0.083081	-2.940000
364	-0.583574	0.035732	-0.190759	-2.940000
365	-0.603475	-0.118348	0.006057	-2.940000
366	-0.603543	-0.116106	-0.021927	-2.940000
367	-0.579193	-0.206498	-0.010939	-2.940000
368	-0.610326	-0.075232	-0.008236	-2.940000
369	-0.614521	-0.022921	0.008006	-2.940000
370	-0.591854	0.165798	0.021095	-2.940000
371	-0.599417	-0.071751	0.117370	-2.940000
372	-0.605560	0.063324	-0.086672	-2.940000
373	-0.584609	-0.010957	-0.190624	-2.940000
374	-0.591327	-0.156825	0.062951	-2.940000
375	-0.589866	-0.173971	-0.004212	-2.940000
376	-0.596041	-0.151526	0.000127	-2.940000
377	-0.597500	-0.130532	0.064653	-2.940000
378	-0.578103	-0.160947	-0.134602	-2.940000
379	-0.605855	0.069740	-0.079382	-2.940000
380	-0.607296	-0.069557	-0.067665	-2.940000
381	-0.527730	-0.061200	0.309808	-2.940000
382	-0.605233	-0.104140	0.032750	-2.940000
383	-0.610850	-0.068625	-0.019453	-2.940000
384	-0.578908	0.057224	-0.199539	-2.940000
385	-0.599444	-0.061474	0.122932	-2.940000
386	-0.580903	0.022187	-0.200711	-2.940000
387	-0.578534	0.185237	-0.095972	-2.940000
388	-0.612723	-0.013675	0.051072	-2.940000
389	-0.585523	0.054551	-0.180033	-2.940000
390	-0.588332	-0.037648	-0.175138	-2.940000
391	-0.596769	-0.146260	0.026451	-2.940000
392	-0.604470	-0.015501	-0.112255	-2.940000
393	-0.601771	-0.090810	-0.088600	-2.940000
394	-0.583454	-0.024826	-0.192849	-2.940000
395	-0.603052	0.017317	-0.119389	-2.940000
396	-0.614346	0.019184	-0.020891	-2.940000
397	-0.592462	-0.140955	0.085706	-2.940000
398	-0.608533	0.087619	0.015328	-2.940000
399	-0.612734	0.026275	0.045733	-2.940000
400	-0.548108	-0.193462	-0.200936	-2.940000
401	-0.613394	-0.035620	0.026528	-2.940000
402	-0.601729	0.031507	0.123101	-2.940000
403	-0.598214	0.138889	0.032783	-2.940000
404	-0.573131	0.130727	0.180712	-2.940000
405	-0.614042	-0.002541	0.034218	-2.940000
406	-0.562518	0.239042	-0.068248	-2.940000
407	-0.594753	0.017640	-0.155506	-2.940000
408	-0.538883	0.001925	-0.296354	-2.940000
409	-0.582745	-0.168289	0.101550	-2.940000
410	-0.612076	0.055726	0.021974	-2.940000
411	-0.579419	0.178792	-0.102628	-2.940000
412	-0.610719	-0.060066	-0.040496	-2.940000
413	-0.578402	0.173311	-0.116787	-2.940000
414	-0.612540	0.019593	-0.051336	-2.940000
415	-0.565224	-0.176789	-0.165810	-2.940000
416	-0.600171	-0.128399	-0.039154	-2.940000
417	-0.571653	-0.080372	-0.212082	-2.940000
418	-0.609981	0.021020	0.075538	-2.940000
419	-0.610559	0.061177	-0.041226	-2.940000
420	-0.491497	0.362953	0.070149	-2.940000
421	-0.574195	-0.072556	0.207992	-2.940000
422	-0.612871	0.009029	0.050331	-2.940000
423	-0.599260	-0.068417	-0.120130	-2.940000
424	-0.562454	-0.229784	0.095235	-2.940000
425	-0.605644	-0.103138	0.027978	-2.940000
426	-0.557955	-0.241993	-0.091385	-2.940000
427	-0.598747	-0.111397	0.085547	-2.940000
428	-0.568324	-0.228553	0.054744	-2.940000
429	-0.605426	-0.031340	-0.103450	-2.940000
430	-0.585392	-0.036999	-0.184857	-2.940000
431	-0.606693	-0.076171	-0.065924	-2.940000
432	-0.614258	-0.030177	-0.001138	-2.940000
433	-0.611054	0.030847	-0.062339	-2.940000
434	-0.599653	0.036544	-0.131551	-2.940000
435	-0.606040	0.041010	0.096220	-2.940000
436	-0.591026	0.138037	-0.099291	-2.940000
437	-0.614135	-0.031251	-0.009278	-2.940000
438	-0.605098	-0.109293	-0.011692	-2.940000
439	-0.611752	0.018284	0.060422	-2.940000
440	-0.614411	0.004447	-0.026545	-2.940000
441	-0.604893	0.070059	-0.086143	-2.940000
442	-0.563752	0.190094	-0.155797	-2.940000
443	-0.560349	-0.171722	-0.186401	-2.940000
444	-0.598919	-0.028317	0.136818	-2.940000
445	-0.605274	0.004979	0.108828	-2.940000
446	-0.588190	-0.081581	0.160005	-2.940000
447	-0.566646	-0.238693	-0.012762	-2.940000
448	-0.613321	-0.044342	0.009815	-2.940000
449	-0.612259	-0.050695	0.028177	-2.940000
450	-0.603030	0.114444	0.038508	-2.940000
451	-0.590312	0.096019	-0.143309	-2.940000
452	-0.612299	-0.009570	-0.056774	-2.940000
453	-0.550312	-0.166179	-0.218554	-2.940000
454	-0.614016	0.001039	0.034752	-2.940000
455	-0.509703	0.014961	-0.343808	-2.940000
456	-0.599297	0.097480	-0.097805	-2.940000
457	-0.607083	-0.058459	0.079102	-2.940000
458	-0.609923	0.068364	0.039313	-2.940000
459	-0.609591	-0.062098	-0.052603	-2.940000
460	-0.608823	0.083266	-0.025019	-2.940000
461	-0.613689	0.009294	0.039048	-2.940000
462	-0.610893	0.040396	0.058336	-2.940000
463	-0.603732	-0.082772	-0.082958	-2.940000
464	-0.609782	0.051841	0.060859	-2.940000
465	-0.612894	0.044685	0.024277	-2.940000
466	-0.611547	0.051280	0.040064	-2.940000
467	-0.583745	0.145577	0.127568	-2.940000
468	-0.604298	0.089351	0.071168	-2.940000
469	-0.610974	-0.024605	-0.065809	-2.940000
470	-0.570819	-0.099114	-0.206318	-2.940000
471	-0.535409	0.212772	-0.215152	-2.940000
472	-0.588077	-0.099035	-0.150274	-2.940000
473	-0.588590	-0.177667	0.014869	-2.940000
474	-0.585289	-0.032643	-0.186001	-2.940000
475	-0.613764	0.011404	-0.037273	-2.940000
476	-0.614342	0.002020	0.028369	-2.940000
477	-0.542313	-0.164883	-0.238612	-2.940000
478	-0.611099	-0.063275	0.027917	-2.940000
479	-0.585630	0.026907	0.185847	-2.940000
480	-0.614952	0.001879	-0.007461	-2.940000
481	-0.612409	-0.002786	-0.056328	-2.940000
482	-0.600484	0.000904	-0.132828	-2.940000
483	-0.598888	-0.001906	-0.139838	-2.940000
484	-0.613912	-0.008811	-0.035493	-2.940000
485	-0.587069	-0.109425	-0.146975	-2.940000
486	-0.605049	-0.104126	-0.036029	-2.940000
487	-0.572390	-0.219381	-0.049665	-2.940000
488	-0.581234	0.169252	0.108375	-2.940000
489	-0.583787	0.136868	-0.136694	-2.940000
490	-0.607592	-0.079230	0.052723	-2.940000
491	-0.597983	-0.047357	-0.135640	-2.940000
492	-0.595813	-0.102948	0.112400	-2.940000
493	-0.612390	-0.042912	0.036908	-2.940000
494	-0.594115	-0.032195	-0.155614	-2.940000
495	-0.557513	-0.089355	-0.243763	-2.940000
496	-0.593182	0.161871	0.012570	-2.940000
497	-0.594154	0.153611	-0.040118	-2.940000
498	-0.602700	0.028875	-0.118929	-2.940000
499	-0.573450	0.222131	-0.006216	-2.940000
500	-0.607467	0.026451	0.092247	-2.940000
501	-0.606542	0.042537	0.092316	-2.940000
502	-0.607445	-0.036999	0.088691	-2.940000
503	-0.611839	0.011927	-0.061123	-2.940000
504	-0.576995	0.038871	-0.209263	-2.940000
505	-0.583751	-0.178814	0.074062	-2.940000
506	-0.595669	-0.088818	0.124558	-2.940000
507	-0.546337	0.220565	-0.176329	-2.940000
508	-0.607476	0.081371	-0.050765	-2.940000
509	-0.551115	-0.017171	-0.272401	-2.940000
510	-0.604292	-0.112282	-0.021196	-2.940000
511	-0.602227	0.108815	0.060883	-2.940000
512	-0.611309	-0.046318	-0.048800	-2.940000
513	-0.610064	-0.049057	-0.060338	-2.940000
514	-0.596094	0.058651	-0.139488	-2.940000
515	-0.611750	0.049448	0.039267	-2.940000
516	-0.614938	-0.007950	-0.003694	-2.940000
517	-0.613807	0.037165	-0.009179	-2.940000
518	-0.594668	0.109033	-0.112724	-2.940000
519	-0.600778	0.131362	0.005930	-2.940000
520	-0.590028	0.056335	-0.164068	-2.940000
521	-0.604568	0.062601	-0.093825	-2.940000
522	-0.607859	-0.076756	-0.053298	-2.940000
523	-0.605973	-0.104796	-0.006328	-2.940000
524	-0.589124	-0.117530	-0.131699	-2.940000
525	-0.604601	-0.104201	0.042713	-2.940000
526	-0.614781	0.015412	-0.005646	-2.940000
527	-0.599690	0.075600	-0.113495	-2.940000
528	-0.573505	0.202225	0.091769	-2.940000
529	-0.587958	0.160855	0.081584	-2.940000
530	-0.597234	0.040901	-0.140938	-2.940000
531	-0.607013	-0.049572	-0.085455	-2.940000
532	-0.613014	0.049375	-0.000752	-2.940000
533	-0.610994	0.056269	0.041778	-2.940000
534	-0.606099	-0.095945	0.040790	-2.940000
535	-0.608399	-0.024998	-0.086319	-2.940000
536	-0.498472	0.360188	-0.003886	-2.940000
537	-0.583035	0.194161	0.024432	-2.940000
538	-0.585668	0.177123	-0.062014	-2.940000
539	-0.564505	0.169338	-0.175739	-2.940000
540	-0.472425	-0.392079	-0.036239	-2.940000
541	-0.559351	-0.205192	0.152471	-2.940000
542	-0.593923	-0.080623	-0.137771	-2.940000
543	-0.605186	-0.045192	0.099662	-2.940000
544	-0.608860	0.045253	-0.073936	-2.940000
545	-0.563092	-0.245193	0.032145	-2.940000
546	-0.610776	-0.031944	-0.064478	-2.940000
547	-0.589367	0.003620	0.175666	-2.940000
548	-0.551164	0.083059	-0.259892	-2.940000
549	-0.580705	0.160055	-0.124051	-2.940000
550	-0.579780	0.157680	-0.131215	-2.940000
551	-0.610372	0.020777	0.072381	-2.940000
552	-0.599218	-0.124710	-0.060082	-2.940000
553	-0.602463	-0.065066	0.105022	-2.940000
554	-0.586003	-0.177718	0.056932	-2.940000
555	-0.558830	-0.208653	-0.149661	-2.940000
556	-0.609668	0.004035	0.080709	-2.940000
557	-0.597709	0.117558	-0.084551	-2.940000
558	-0.608166	0.036722	-0.083726	-2.940000
559	-0.597822	-0.085273	-0.116459	-2.940000
560	-0.588458	0.065843	-0.166155	-2.940000
561	-0.588596	-0.162330	-0.073678	-2.940000
562	-0.587504	0.042784	-0.176729	-2.940000
563	-0.600219	-0.119755	0.060170	-2.940000
564	-0.595587	-0.059259	-0.141382	-2.940000
565	-0.596301	0.130648	-0.074707	-2.940000
566	-0.602030	0.094509	0.082780	-2.940000
567	-0.587329	-0.178683	-0.036642	-2.940000
568	-0.609446	0.057140	-0.059463	-2.940000
569	-0.598170	-0.078630	-0.119311	-2.940000
570	-0.614459	-0.004346	-0.025423	-2.940000
571	-0.594197	0.145280	-0.063628	-2.940000
572	-0.577607	-0.113865	-0.177846	-2.940000
573	-0.590263	-0.047692	-0.165952	-2.940000
574	-0.571600	-0.062081	0.218277	-2.940000
575	-0.582431	0.120548	-0.156420	-2.940000
576	-0.613244	0.026771	-0.037951	-2.940000
577	-0.614434	0.021938	-0.014632	-2.940000
578	-0.614628	0.007696	0.019940	-2.940000
579	-0.607918	-0.052255	0.077009	-2.940000
580	-0.603279	0.108693	-0.049650	-2.940000
581	-0.583685	-0.089933	-0.171607	-2.940000
582	-0.596090	-0.113503	-0.100091	-2.940000
583	-0.602698	0.094078	-0.078291	-2.940000
584	-0.586558	-0.157586	-0.096651	-2.940000
585	-0.524829	0.277940	-0.159777	-2.940000
586	-0.601261	0.127362	0.022124	-2.940000
587	-0.605584	-0.022261	-0.104871	-2.940000
588	-0.578626	-0.177946	0.108410	-2.940000
589	-0.589676	-0.120616	0.126330	-2.940000
590	-0.594531	0.114153	0.108290	-2.940000
591	-0.582767	0.006739	-0.196371	-2.940000
592	-0.608945	-0.051963	0.068639	-2.940000
593	-0.609951	-0.066008	0.042746	-2.940000
594	-0.613478	0.015458	-0.040381	-2.940000
595	-0.609572	0.012500	-0.080562	-2.940000
596	-0.609935	-0.059973	-0.051058	-2.940000
597	-0.594754	-0.033812	-0.152804	-2.940000
598	-0.608177	-0.059859	0.069012	-2.940000
599	-0.582131	0.144796	-0.135583	-2.940000
600	-0.613805	-0.037791	0.006337	-2.940000
601	-0.609001	-0.076479	-0.038649	-2.940000
602	-0.612044	-0.031409	0.051385	-2.940000
603	-0.594481	-0.155579	-0.024753	-2.940000
604	-0.612135	0.002036	-0.059263	-2.940000
605	-0.603291	-0.005427	0.119314	-2.940000
606	-0.611745	0.063122	-0.002920	-2.940000
607	-0.572729	0.185204	-0.126117	-2.940000
608	-0.607166	0.095632	0.020704	-2.940000
609	-0.611431	0.059998	-0.027874	-2.940000
610	-0.605850	-0.029863	0.101387	-2.940000
611	-0.614463	0.003573	-0.025443	-2.940000
612	-0.601807	-0.036699	-0.121270	-2.940000
613	-0.611883	0.002100	0.061803	-2.940000
614	-0.598348	-0.082290	0.115902	-2.940000
615	-0.608303	0.049506	-0.075777	-2.940000
616	-0.506904	0.125778	-0.324735	-2.940000
617	-0.593426	0.146912	-0.066987	-2.940000
618	-0.606244	0.061965	-0.082787	-2.940000
619	-0.610253	-0.030131	-0.070063	-2.940000
620	-0.611490	0.064204	-0.013540	-2.940000
621	-0.567898	-0.037035	-0.233121	-2.940000
622	-0.595435	-0.148661	-0.039777	-2.940000
623	-0.607876	0.062599	0.069234	-2.940000
624	-0.611606	0.015744	-0.062570	-2.940000
625	-0.588762	0.174738	0.032415	-2.940000
626	-0.591948	0.156890	-0.056645	-2.940000
627	-0.607862	0.009923	-0.092899	-2.940000
628	-0.580454	-0.151286	-0.135687	-2.940000
629	-0.575170	0.056277	-0.210328	-2.940000
630	-0.610788	-0.071852	-0.000641	-2.940000
631	-0.574830	0.152119	-0.157022	-2.940000
632	-0.590876	0.170267	0.009990	-2.940000
633	-0.601079	-0.066517	0.111826	-2.940000
634	-0.600480	-0.054661	0.121080	-2.940000
635	-0.595997	0.053171	-0.142077	-2.940000
636	-0.554485	0.059995	-0.259175	-2.940000
637	-0.580644	-0.135173	-0.151017	-2.940000
638	-0.544601	-0.168744	-0.230565	-2.940000
639	-0.568767	-0.226081	0.060140	-2.940000
640	-0.590585	0.047754	0.164786	-2.940000
641	-0.567988	-0.235636	-0.009535	-2.940000
642	-0.613696	0.030895	0.025442	-2.940000
643	-0.608742	-0.085271	-0.019658	-2.940000
644	-0.612413	-0.047293	0.030646	-2.940000
645	-0.614023	-0.034578	0.002210	-2.940000
646	-0.563624	0.114440	0.217845	-2.940000
647	-0.566960	0.219931	-0.091717	-2.940000
648	-0.573422	0.153778	0.160514	-2.940000
649	-0.609614	-0.048670	0.065011	-2.940000
650	-0.604148	0.079844	0.082799	-2.940000
651	-0.588076	0.133337	0.120882	-2.940000
652	-0.611495	0.008158	0.065057	-2.940000
653	-0.594508	-0.062058	0.144686	-2.940000
654	-0.542839	0.288937	0.008134	-2.940000
655	-0.601503	0.061214	0.112572	-2.940000
656	-0.604093	0.015902	-0.114211	-2.940000
657	-0.519672	-0.328783	0.008242	-2.940000
658	-0.528713	-0.279343	-0.143719	-2.940000
659	-0.595492	-0.151568	-0.025339	-2.940000
660	-0.614176	0.001933	0.031771	-2.940000
661	-0.573035	-0.011566	0.222984	-2.940000
662	-0.606819	0.094817	-0.031703	-2.940000
663	-0.569659	-0.117504	0.199765	-2.940000
664	-0.588652	0.088542	0.154512	-2.940000
665	-0.591736	0.142167	0.088668	-2.940000
666	-0.575075	-0.197022	-0.093255	-2.940000
667	-0.603124	0.067135	-0.099796	-2.940000
668	-0.588299	0.059724	-0.169003	-2.940000
669	-0.524461	-0.010171	-0.321033	-2.940000
670	-0.603774	0.097216	-0.065047	-2.940000
671	-0.594083	-0.064840	0.145209	-2.940000
672	-0.603597	-0.055658	-0.103914	-2.940000
673	-0.613082	-0.010482	0.047383	-2.940000
674	-0.590070	0.086672	-0.150101	-2.940000
675	-0.544300	0.285861	0.015696	-2.940000
676	-0.614779	-0.012700	-0.010488	-2.940000
677	-0.597359	-0.146239	0.001240	-2.940000
678	-0.613050	0.048012	-0.009466	-2.940000
679	-0.602467	0.121740	0.020939	-2.940000
680	-0.580388	0.202746	0.016392	-2.940000
681	-0.576834	0.069664	-0.201581	-2.940000
682	-0.613236	-0.019598	-0.042225	-2.940000
683	-0.609813	-0.018771	-0.077462	-2.940000
684	-0.610051	-0.024645	-0.073859	-2.940000
685	-0.609469	0.050566	0.064930	-2.940000
686	-0.606264	0.040353	-0.095084	-2.940000
687	-0.595644	-0.110561	-0.105875	-2.940000
688	-0.611092	-0.068674	0.008705	-2.940000
689	-0.581717	-0.182451	0.080880	-2.940000
690	-0.604999	-0.011251	-0.109887	-2.940000
691	-0.589067	-0.011962	-0.176301	-2.940000
692	-0.565833	0.002476	0.240940	-2.940000
693	-0.609226	0.031998	0.077750	-2.940000
694	-0.579529	-0.174669	-0.108913	-2.940000
695	-0.610630	0.045912	0.056991	-2.940000
696	-0.610686	0.036113	0.063116	-2.940000
697	-0.598670	0.103749	0.095159	-2.940000
698	-0.609771	0.075931	0.025266	-2.940000
699	-0.606388	-0.032694	0.097207	-2.940000
700	-0.593052	0.147781	-0.068376	-2.940000
701	-0.560740	0.244815	0.062136	-2.940000
702	-0.503026	-0.314690	-0.161741	-2.940000
703	-0.611188	0.059565	-0.033560	-2.940000
704	-0.577382	-0.128010	-0.168725	-2.940000
705	-0.559760	-0.003414	0.254720	-2.940000
706	-0.585445	-0.165424	-0.090075	-2.940000
707	-0.612034	-0.020333	-0.056800	-2.940000
708	-0.613786	-0.018163	0.034087	-2.940000
709	-0.574030	-0.180068	0.127635	-2.940000
710	-0.540403	0.161927	0.244886	-2.940000
711	-0.565174	0.081162	-0.228509	-2.940000
712	-0.603091	-0.060451	-0.104172	-2.940000
713	-0.590137	-0.173094	0.001173	-2.940000
714	-0.596436	-0.149595	0.010503	-2.940000
715	-0.603685	0.005635	0.117293	-2.940000
716	-0.600366	-0.104009	0.083472	-2.940000
717	-0.603293	-0.103514	-0.059561	-2.940000
718	-0.611668	0.035338	0.053272	-2.940000
719	-0.564671	0.069541	0.233529	-2.940000
720	-0.598769	-0.121776	0.069796	-2.940000
721	-0.511273	0.327269	-0.098590	-2.940000
722	-0.582529	0.176867	-0.087199	-2.940000
723	-0.590544	0.169146	-0.029539	-2.940000
724	-0.577921	-0.132384	-0.163421	-2.940000
725	-0.575096	-0.081003	-0.202306	-2.940000
726	-0.603205	-0.083549	0.085955	-2.940000
727	-0.575377	-0.134041	0.170879	-2.940000
728	-0.592577	0.073534	-0.147208	-2.940000
729	-0.614642	0.017715	0.011258	-2.940000
730	-0.602545	0.000209	-0.123145	-2.940000
731	-0.380630	0.160155	-0.455737	-2.940000
732	-0.480610	0.288521	-0.252971	-2.940000
733	-0.612231	0.047422	0.033908	-2.940000
734	-0.614670	-0.015969	-0.012276	-2.940000
735	-0.581651	-0.199751	-0.002514	-2.940000
736	-0.597228	-0.145503	-0.019293	-2.940000
737	-0.534261	-0.249624	-0.174579	-2.940000
738	-0.556367	0.116867	-0.234569	-2.940000
739	-0.594362	-0.155099	-0.030050	-2.940000
740	-0.549867	0.231624	-0.149070	-2.940000
741	-0.610652	-0.006830	-0.072679	-2.940000
742	-0.562013	0.195546	0.155333	-2.940000
743	-0.539950	0.174879	-0.236846	-2.940000
744	-0.517055	-0.116054	-0.312107	-2.940000
745	-0.561411	-0.246386	-0.048335	-2.940000
746	-0.531299	-0.268959	-0.153647	-2.940000
747	-0.574285	-0.038059	0.216734	-2.940000
748	-0.595086	0.032032	0.151894	-2.940000
749	-0.408634	-0.375398	0.265178	-2.940000
750	-0.503485	0.070240	-0.346112	-2.940000
751	-0.602514	0.029835	-0.119629	-2.940000
752	-0.430355	-0.382958	-0.215320	-2.940000
753	-0.532271	0.051394	0.303761	-2.940000
754	-0.602347	-0.122364	-0.020730	-2.940000
755	-0.459610	0.406510	0.041634	-2.940000
756	-0.591674	-0.152230	-0.070517	-2.940000
757	-0.570195	-0.145620	0.178597	-2.940000
758	-0.561004	-0.228872	-0.105435	-2.940000
759	-0.600837	0.111980	0.068415	-2.940000
760	-0.525998	0.307716	0.082835	-2.940000
761	-0.612315	-0.047052	0.032892	-2.940000
762	-0.545831	0.270373	0.084803	-2.940000
763	-0.614729	-0.008735	0.016014	-2.940000
764	-0.614752	0.004372	-0.016890	-2.940000
765	-0.564332	-0.113538	0.216480	-2.940000
766	-0.604760	-0.086584	0.070663	-2.940000
767	-0.610562	0.066607	0.031667	-2.940000
768	-0.581119	0.048964	-0.195265	-2.940000
769	-0.608941	0.085785	0.007551	-2.940000
770	-0.606651	0.099897	-0.014817	-2.940000
771	-0.603731	-0.096359	0.066699	-2.940000
772	-0.592088	-0.106438	-0.127778	-2.940000
773	-0.586866	-0.182231	0.024600	-2.940000
774	-0.613119	-0.029203	0.038182	-2.940000
775	-0.614556	-0.018656	0.014051	-2.940000
776	-0.608950	-0.034744	-0.078727	-2.940000
777	-0.578600	-0.145820	-0.148944	-2.940000
778	-0.605305	0.092750	0.056820	-2.940000
779	-0.547777	0.046010	-0.275769	-2.940000
780	-0.610236	0.016387	-0.074621	-2.940000
781	-0.613059	-0.017968	0.045401	-2.940000
782	-0.585323	0.097494	-0.161607	-2.940000
783	-0.589917	0.172934	0.017782	-2.940000
784	-0.588493	0.013334	-0.178111	-2.940000
785	-0.604607	0.017659	-0.111192	-2.940000
786	-0.607289	0.011390	0.096409	-2.940000
787	-0.558198	0.194649	-0.169562	-2.940000
788	-0.544476	-0.257000	-0.125387	-2.940000
789	-0.575994	-0.138395	-0.165237	-2.940000
790	-0.602258	0.040009	-0.117938	-2.940000
791	-0.581438	-0.050873	0.193822	-2.940000
792	-0.590909	0.083530	-0.148573	-2.940000
793	-0.603627	-0.027216	-0.114536	-2.940000
794	-0.599025	-0.000591	-0.139259	-2.940000
795	-0.506062	-0.032820	-0.347922	-2.940000
796	-0.596430	-0.061491	-0.136804	-2.940000
797	-0.587894	-0.169382	-0.062575	-2.940000
798	-0.600488	-0.066107	-0.115191	-2.940000
799	-0.600541	0.042981	-0.125411	-2.940000
800	-0.599399	0.123173	0.061431	-2.940000
801	-0.607478	-0.095489	-0.008828	-2.940000
802	-0.611276	0.066515	0.011929	-2.940000
803	-0.612187	-0.022676	-0.054197	-2.940000
804	-0.584667	0.106796	-0.158063	-2.940000
805	-0.614490	0.001368	0.025005	-2.940000
806	-0.571579	0.102223	0.202664	-2.940000
807	-0.608074	-0.091228	-0.012211	-2.940000
808	-0.577833	-0.163020	0.133263	-2.940000
809	-0.605243	-0.024907	0.106236	-2.940000
810	-0.608255	0.037678	-0.082652	-2.940000
811	-0.600715	0.119622	-0.055289	-2.940000
812	-0.610322	-0.001636	-0.075696	-2.940000
813	-0.612444	-0.043922	-0.034759	-2.940000
814	-0.611978	-0.022149	-0.056725	-2.940000
815	-0.512446	-0.320918	0.112408	-2.940000
816	-0.549102	0.071953	-0.267460	-2.940000
817	-0.600374	-0.128256	-0.036422	-2.940000
818	-0.571248	-0.143919	0.176600	-2.940000
819	-0.564016	0.219669	-0.108888	-2.940000
820	-0.593705	0.144845	0.068990	-2.940000
821	-0.596906	-0.099461	-0.109707	-2.940000
822	-0.605944	-0.000058	0.105149	-2.940000
823	-0.557002	-0.238448	-0.105433	-2.940000
824	-0.613542	0.005067	-0.042016	-2.940000
825	-0.550218	-0.204475	-0.183508	-2.940000
826	-0.602271	-0.043890	0.116484	-2.940000
827	-0.579863	0.144556	0.145216	-2.940000
828	-0.528012	0.170377	-0.265331	-2.940000
829	-0.552426	0.048002	-0.265982	-2.940000
830	-0.576477	0.203988	0.065481	-2.940000
831	-0.608231	0.019296	0.088928	-2.940000
832	-0.562130	-0.190535	0.161030	-2.940000
833	-0.597027	-0.094664	0.113235	-2.940000
834	-0.593709	-0.122076	0.104075	-2.940000
835	-0.596188	0.140503	-0.055174	-2.940000
836	-0.585554	0.138812	-0.126820	-2.940000
837	-0.583460	0.194282	0.007348	-2.940000
838	-0.609418	-0.012678	0.081697	-2.940000
839	-0.584866	0.050388	0.183350	-2.940000
840	-0.592169	-0.080784	0.145035	-2.940000
841	-0.556870	-0.253145	-0.063543	-2.940000
842	-0.543155	-0.239564	0.160677	-2.940000
843	-0.603117	-0.103216	0.061819	-2.940000
844	-0.586658	0.034555	-0.181284	-2.940000
845	-0.550360	0.256004	-0.098948	-2.940000
846	-0.608408	0.082357	0.035797	-2.940000
847	-0.585960	-0.078160	-0.169610	-2.940000
848	-0.409689	-0.154054	-0.432027	-2.940000
849	-0.577778	-0.006824	-0.210596	-2.940000
850	-0.508982	0.113099	-0.326146	-2.940000
