1	0.445307	0.357889	0.227689	1.660000
2	0.448923	0.304527	-0.289752	1.660000
3	0.559746	-0.003304	0.254751	1.660000
4	0.600721	-0.029809	-0.128340	1.660000
5	0.570836	0.213511	0.082365	1.660000
6	0.614506	0.017660	-0.017202	1.660000
7	0.594525	-0.079964	0.135541	1.660000
8	0.571665	-0.056738	0.219556	1.660000
9	0.592152	-0.138897	-0.091044	1.660000
10	0.512413	0.004023	-0.340061	1.660000
11	0.607829	-0.015023	0.092432	1.660000
12	0.607357	0.091465	-0.031256	1.660000
13	0.538818	0.295293	-0.026497	1.660000
14	0.609997	-0.037841	-0.068535	1.660000
15	0.603878	-0.070350	0.092774	1.660000
16	0.573233	0.146724	-0.167635	1.660000
17	0.604398	-0.096713	-0.059785	1.660000
18	0.499111	-0.304012	0.191546	1.660000
19	0.595878	0.152128	0.003333	1.660000
20	0.612892	0.046864	-0.019797	1.660000
21	0.584113	-0.191364	0.020407	1.660000
22	0.614706	-0.014316	0.012496	1.660000
23	0.596051	0.064028	-0.137291	1.660000
24	0.556346	-0.091383	0.245670	1.660000
25	0.602832	0.068205	0.100828	1.660000
26	0.579166	-0.177998	0.105397	1.660000
27	0.561362	-0.246862	0.046436	1.660000
28	0.566182	-0.186330	-0.151473	1.660000
29	0.605102	0.003286	-0.109847	1.660000
30	0.582901	-0.015560	-0.195472	1.660000
31	0.612113	0.048600	-0.034369	1.660000
32	0.601971	0.044324	0.117860	1.660000
33	0.597313	-0.012534	0.145893	1.660000
34	0.590308	0.167080	0.042961	1.660000
35	0.563572	-0.111993	-0.219246	1.660000
36	0.465332	-0.263205	-0.303997	1.660000
37	0.513391	0.012544	-0.338375	1.660000
38	0.570977	0.137221	0.182703	1.660000
39	0.608169	-0.026185	-0.087581	1.660000
40	0.613253	0.001004	-0.046305	1.660000
41	0.577357	-0.188893	0.095935	1.660000
42	0.518656	0.226389	0.240769	1.660000
43	0.555345	0.022841	-0.263241	1.660000
44	0.596916	-0.097107	-0.111741	1.660000
45	0.557882	-0.243911	0.086606	1.660000
46	0.551743	-0.194273	0.189903	1.660000
47	0.575397	-0.157012	0.149968	1.660000
48	0.520067	-0.321431	0.066614	1.660000
49	0.570542	-0.004377	-0.229537	1.660000
50	0.603592	0.108191	0.046871	1.660000
51	0.517076	-0.323998	0.076703	1.660000
52	0.612131	-0.002389	-0.059285	1.660000
53	0.610791	-0.048563	-0.052924	1.660000
54	0.610810	0.050694	-0.050663	1.660000
55	0.574761	-0.107636	-0.190497	1.660000
56	0.592861	-0.162141	-0.021245	1.660000
57	0.571342	-0.226166	-0.025338	1.660000
58	0.612409	0.033456	0.045396	1.660000
59	0.546320	0.245120	-0.140268	1.660000
60	0.559696	0.089725	-0.238568	1.660000
61	0.577972	-0.174150	-0.117664	1.660000
62	0.610659	-0.071914	0.012211	1.660000
63	0.585667	0.176447	0.063918	1.660000
64	0.577214	-0.095546	-0.189526	1.660000
65	0.569252	-0.087595	-0.215648	1.660000
66	0.597419	-0.087346	0.116986	1.660000
67	0.600932	0.110175	-0.070477	1.660000
68	0.606206	0.101614	0.020352	1.660000
69	0.510992	0.059300	-0.337040	1.660000
70	0.571538	0.157804	0.163301	1.660000
71	0.609211	-0.082553	0.016496	1.660000
72	0.573685	0.203514	0.087705	1.660000
73	0.614532	0.022629	-0.007954	1.660000
74	0.591464	0.142773	-0.089508	1.660000
75	0.600801	0.108943	0.073446	1.660000
76	0.606495	0.074862	-0.069174	1.660000
77	0.609922	-0.004238	-0.078757	1.660000
78	0.546020	-0.282964	-0.004337	1.660000
79	0.562046	0.076641	-0.237604	1.660000
80	0.571440	-0.201486	-0.105282	1.660000
81	0.564262	-0.148775	-0.194162	1.660000
82	0.552637	0.196863	0.184560	1.660000
83	0.613615	0.019999	0.036080	1.660000
84	0.590844	0.169999	-0.015125	1.660000
85	0.598368	0.115070	-0.083307	1.660000
86	0.588125	-0.059994	-0.169514	1.660000
87	0.584862	0.075713	-0.174441	1.660000
88	0.590093	-0.130592	-0.113847	1.660000
89	0.599703	0.078699	-0.111301	1.660000
90	0.613327	0.002318	-0.045268	1.660000
91	0.468528	-0.301488	0.260406	1.660000
92	0.603215	-0.119218	-0.011995	1.660000
93	0.603615	0.112607	0.034547	1.660000
94	0.592392	0.163129	0.026180	1.660000
95	0.585444	-0.084997	0.168095	1.660000
96	0.571743	0.219487	0.056221	1.660000
97	0.568430	0.232336	0.033651	1.660000
98	0.600276	-0.109398	-0.076977	1.660000
99	0.552418	0.211933	0.167760	1.660000
100	0.497320	0.173741	-0.317351	1.660000
101	0.606534	-0.098284	-0.026109	1.660000
102	0.602316	-0.123699	0.011783	1.660000
103	0.582546	-0.178435	-0.083818	1.660000
104	0.588681	0.152591	0.091628	1.660000
105	0.530579	0.212017	0.227508	1.660000
106	0.593384	0.128890	-0.097510	1.660000
107	0.499046	0.351691	-0.074102	1.660000
108	0.604974	0.022065	-0.108373	1.660000
109	0.550995	-0.263801	-0.070978	1.660000
110	0.566288	0.111715	0.212280	1.660000
111	0.550879	-0.271965	0.028157	1.660000
112	0.583294	-0.072545	0.180916	1.660000
113	0.596247	0.099304	-0.113374	1.660000
114	0.585385	0.176343	-0.066731	1.660000
115	0.602402	-0.047277	0.114463	1.660000
116	0.515896	0.152785	0.297880	1.660000
117	0.497740	0.318264	0.170845	1.660000
118	0.506654	0.283519	-0.202839	1.660000
119	0.602808	-0.003595	-0.121796	1.660000
120	0.552675	0.083608	0.256486	1.660000
121	0.584126	0.162262	-0.103406	1.660000
122	0.612554	0.018786	0.051474	1.660000
123	0.550859	-0.128949	0.241147	1.660000
124	0.565443	-0.121648	0.209047	1.660000
125	0.558268	-0.168602	0.195283	1.660000
126	0.568852	0.160937	-0.169503	1.660000
127	0.604053	0.101375	-0.055391	1.660000
128	0.595899	0.151727	-0.010397	1.660000
129	0.577927	-0.133203	0.162735	1.660000
130	0.613685	-0.003462	-0.040052	1.660000
131	0.595196	0.150876	-0.034691	1.660000
132	0.607842	-0.029500	-0.088784	1.660000
133	0.542769	-0.121454	0.262442	1.660000
134	0.585761	0.013991	-0.186850	1.660000
135	0.605573	0.101832	0.033709	1.660000
136	0.593775	-0.019851	0.158941	1.660000
137	0.604801	0.105158	0.037174	1.660000
138	0.573114	0.127674	0.182934	1.660000
139	0.590716	-0.170751	0.011125	1.660000
140	0.572455	-0.087954	0.206845	1.660000
141	0.587539	-0.084259	0.161006	1.660000
142	0.594644	-0.121585	-0.099197	1.660000
143	0.601007	-0.119874	-0.051435	1.660000
144	0.612284	-0.036413	-0.044804	1.660000
145	0.609771	-0.080026	0.000789	1.660000
146	0.552539	0.023831	0.268993	1.660000
147	0.598053	0.094576	0.107763	1.660000
148	0.603369	-0.106169	0.053842	1.660000
149	0.564708	-0.173419	-0.171044	1.660000
150	0.608965	0.079778	-0.031974	1.660000
151	0.581062	0.068785	-0.189368	1.660000
152	0.568545	-0.232689	-0.028948	1.660000
153	0.601901	-0.123319	0.027072	1.660000
154	0.591760	-0.036302	0.163486	1.660000
155	0.601189	-0.127116	-0.025263	1.660000
156	0.597009	0.031166	-0.144338	1.660000
157	0.552293	-0.170305	-0.210223	1.660000
158	0.567399	-0.233343	-0.042827	1.660000
159	0.579247	-0.202874	-0.039236	1.660000
160	0.523561	0.062146	-0.316618	1.660000
161	0.606835	-0.016297	-0.098541	1.660000
162	0.605348	0.107032	0.017965	1.660000
163	0.565665	-0.124195	-0.206938	1.660000
164	0.584958	-0.039253	-0.185763	1.660000
165	0.578488	-0.153547	0.141422	1.660000
166	0.523633	-0.308250	-0.094948	1.660000
167	0.603139	-0.040422	-0.113203	1.660000
168	0.598526	0.043282	0.134603	1.660000
169	0.594304	0.151902	-0.044194	1.660000
170	0.572316	0.108459	-0.197271	1.660000
171	0.562783	-0.178982	-0.171656	1.660000
172	0.612280	-0.054116	-0.020229	1.660000
173	0.601224	0.098368	0.084133	1.660000
174	0.567447	0.086527	-0.220776	1.660000
175	0.578942	-0.063469	0.197543	1.660000
176	0.541514	-0.290866	0.019616	1.660000
177	0.588782	0.062294	0.166373	1.660000
178	0.591417	-0.060828	0.157325	1.660000
179	0.576875	0.213160	-0.001759	1.660000
180	0.573139	-0.197271	0.104021	1.660000
181	0.595833	0.138656	-0.063109	1.660000
182	0.605680	-0.049116	0.094682	1.660000
183	0.567698	0.231699	-0.047540	1.660000
184	0.519022	0.021573	-0.329204	1.660000
185	0.571165	-0.126530	-0.189698	1.660000
186	0.587914	-0.180502	0.000863	1.660000
187	0.602613	-0.119300	0.029157	1.660000
188	0.534373	0.115844	-0.281514	1.660000
189	0.596068	-0.088737	-0.122694	1.660000
190	0.505936	0.137406	0.321517	1.660000
191	0.611328	0.035223	-0.057122	1.660000
192	0.584310	0.173233	0.082445	1.660000
193	0.612012	0.004127	-0.060414	1.660000
194	0.545455	-0.281612	-0.037393	1.660000
195	0.597126	0.143535	-0.032599	1.660000
196	0.611854	0.025876	-0.056480	1.660000
197	0.614856	-0.013130	-0.002097	1.660000
198	0.595482	0.060188	-0.141436	1.660000
199	0.601687	0.124648	-0.025699	1.660000
200	0.572686	-0.221567	-0.034112	1.660000
201	0.613304	0.007392	0.045034	1.660000
202	0.611328	0.022281	0.063301	1.660000
203	0.591817	-0.072647	0.150665	1.660000
204	0.578718	-0.186092	-0.093166	1.660000
205	0.592555	0.164459	0.007550	1.660000
206	0.549710	-0.274817	0.022788	1.660000
207	0.546808	-0.268627	0.084057	1.660000
208	0.510220	-0.214231	0.268340	1.660000
209	0.604176	0.107611	0.040197	1.660000
210	0.609908	-0.070369	-0.035859	1.660000
211	0.609600	-0.039164	0.071270	1.660000
212	0.583598	0.121721	0.151072	1.660000
213	0.439052	0.425191	-0.068346	1.660000
214	0.444188	0.419311	-0.071415	1.660000
215	0.603791	0.036914	-0.110899	1.660000
216	0.602488	-0.006275	-0.123263	1.660000
217	0.612830	0.024823	-0.045255	1.660000
218	0.602702	0.104883	0.063048	1.660000
219	0.599227	0.060689	0.124375	1.660000
220	0.569900	-0.143355	0.181352	1.660000
221	0.581765	-0.129716	0.151488	1.660000
222	0.594638	-0.087867	-0.130039	1.660000
223	0.610289	0.003308	0.075907	1.660000
224	0.614102	0.020705	-0.025989	1.660000
225	0.602782	-0.117482	0.032820	1.660000
226	0.611080	-0.068743	0.008988	1.660000
227	0.613074	0.044688	-0.019191	1.660000
228	0.592421	-0.076040	-0.146563	1.660000
229	0.601284	-0.035156	0.124287	1.660000
230	0.567294	-0.189914	-0.142601	1.660000
231	0.528834	-0.245260	0.195977	1.660000
232	0.607214	-0.055197	-0.080435	1.660000
233	0.600752	-0.131523	-0.004848	1.660000
234	0.597659	-0.119172	-0.082627	1.660000
235	0.614118	-0.029705	-0.014212	1.660000
236	0.614513	-0.021489	0.011729	1.660000
237	0.610265	-0.072325	0.023880	1.660000
238	0.533765	-0.117524	0.281972	1.660000
239	0.604330	-0.092139	0.067237	1.660000
240	0.553799	-0.248962	0.097722	1.660000
241	0.555796	-0.027293	-0.261861	1.660000
242	0.607856	-0.092806	-0.011097	1.660000
243	0.568588	0.228755	0.051027	1.660000
244	0.606571	-0.097346	-0.028641	1.660000
245	0.571780	-0.226337	-0.008019	1.660000
246	0.607421	0.051638	0.081232	1.660000
247	0.608072	-0.055259	0.073620	1.660000
248	0.609450	-0.062425	-0.053842	1.660000
249	0.593573	-0.064010	-0.147646	1.660000
250	0.536799	-0.209119	-0.215269	1.660000
251	0.582811	-0.167484	-0.102495	1.660000
252	0.600471	0.013012	0.132249	1.660000
253	0.614925	-0.001020	-0.009543	1.660000
254	0.614284	0.017644	0.023839	1.660000
255	0.608457	-0.081813	0.036222	1.660000
256	0.605831	0.003776	0.105736	1.660000
257	0.568876	0.009732	-0.233475	1.660000
258	0.603020	0.013221	-0.120069	1.660000
259	0.539421	-0.171683	-0.240363	1.660000
260	0.496428	-0.054582	-0.358895	1.660000
261	0.611066	-0.069426	-0.001709	1.660000
262	0.576162	0.199314	-0.080844	1.660000
263	0.575635	-0.108610	-0.187277	1.660000
264	0.610963	-0.070175	0.005024	1.660000
265	0.591987	0.021820	-0.165229	1.660000
266	0.589372	-0.118963	-0.129280	1.660000
267	0.574725	-0.100361	-0.194536	1.660000
268	0.587499	-0.160797	-0.084935	1.660000
269	0.531614	-0.095447	-0.294110	1.660000
270	0.576129	-0.203669	-0.069419	1.660000
271	0.588360	0.148779	0.099613	1.660000
272	0.552783	0.017912	-0.268951	1.660000
273	0.584380	0.078262	-0.174929	1.660000
274	0.554191	-0.266098	-0.017004	1.660000
275	0.601051	-0.118364	0.054333	1.660000
276	0.580306	0.197159	-0.050973	1.660000
277	0.604604	0.031268	0.108172	1.660000
278	0.607825	-0.091694	-0.019135	1.660000
279	0.605593	-0.099301	-0.040267	1.660000
280	0.608386	-0.040793	-0.080172	1.660000
281	0.599047	0.017080	-0.138116	1.660000
282	0.604936	0.050255	-0.098752	1.660000
283	0.546967	0.113983	0.257022	1.660000
284	0.610761	-0.067512	-0.025258	1.660000
285	0.613713	-0.013528	0.037387	1.660000
286	0.502655	0.164463	0.313872	1.660000
287	0.596915	-0.025168	-0.145890	1.660000
288	0.603297	0.032919	0.114777	1.660000
289	0.596436	0.143463	-0.043670	1.660000
290	0.581194	-0.037686	-0.197529	1.660000
291	0.610002	-0.059429	0.050896	1.660000
292	0.576772	0.072299	-0.200827	1.660000
293	0.613390	0.027720	-0.034777	1.660000
294	0.613003	-0.043346	0.023938	1.660000
295	0.573275	-0.220515	0.030894	1.660000
296	0.596803	0.098944	0.110728	1.660000
297	0.591679	0.166687	0.018872	1.660000
298	0.608619	-0.048594	-0.073800	1.660000
299	0.609728	0.063843	0.048788	1.660000
300	0.589898	-0.152191	-0.084160	1.660000
301	0.605672	-0.004089	0.106630	1.660000
302	0.614809	-0.006381	0.013929	1.660000
303	0.606761	-0.099573	0.012305	1.660000
304	0.516009	-0.070752	0.327038	1.660000
305	0.563743	-0.200609	0.142037	1.660000
306	0.614861	-0.012176	0.004788	1.660000
307	0.595880	0.118970	0.094860	1.660000
308	0.606449	-0.099077	0.025059	1.660000
309	0.588737	0.150143	0.095239	1.660000
310	0.575695	-0.027065	0.214634	1.660000
311	0.610460	0.006007	0.074351	1.660000
312	0.607648	0.078626	-0.052984	1.660000
313	0.604672	0.111027	-0.016443	1.660000
314	0.569622	-0.227067	0.046869	1.660000
315	0.525908	-0.264621	0.177823	1.660000
316	0.527472	0.132503	0.287126	1.660000
317	0.601634	0.027365	0.124550	1.660000
318	0.593854	0.062561	0.147136	1.660000
319	0.614440	-0.002768	-0.026083	1.660000
320	0.567716	0.236261	0.010228	1.660000
321	0.481136	0.380980	-0.039841	1.660000
322	0.575677	0.174886	-0.127420	1.660000
323	0.589730	0.167583	0.048576	1.660000
324	0.564964	0.242001	-0.021827	1.660000
325	0.606980	0.085247	0.050334	1.660000
326	0.614366	0.014531	-0.023835	1.660000
327	0.607285	-0.077938	-0.057930	1.660000
328	0.608323	0.041875	0.080090	1.660000
329	0.607740	-0.093889	-0.007859	1.660000
330	0.593743	0.124888	-0.100488	1.660000
331	0.534042	-0.281869	-0.116508	1.660000
332	0.607631	0.093533	-0.016156	1.660000
333	0.600389	-0.040119	0.127078	1.660000
334	0.595111	0.142759	0.060726	1.660000
335	0.591812	-0.023036	0.165691	1.660000
336	0.610504	-0.041765	0.061368	1.660000
337	0.560726	-0.250497	0.032604	1.660000
338	0.599020	0.137754	-0.020596	1.660000
339	0.614296	-0.006588	-0.028672	1.660000
340	0.596485	-0.148770	0.017270	1.660000
341	0.607567	-0.073081	0.061205	1.660000
342	0.590192	-0.068320	-0.158843	1.660000
343	0.607964	-0.089295	0.025136	1.660000
344	0.597465	-0.111864	0.093524	1.660000
345	0.573513	-0.184993	0.122822	1.660000
346	0.613791	-0.037128	-0.010345	1.660000
347	0.580980	0.023087	-0.200385	1.660000
348	0.593246	-0.105626	0.122994	1.660000
349	0.611416	0.033357	-0.057298	1.660000
350	0.600406	0.128255	0.035900	1.660000
351	0.605382	0.094363	-0.053228	1.660000
352	0.594766	-0.147538	-0.052070	1.660000
353	0.605730	-0.078259	0.072053	1.660000
354	0.575923	-0.054810	-0.208646	1.660000
355	0.612126	-0.044038	0.039848	1.660000
356	0.614527	0.018519	0.015453	1.660000
357	0.596040	-0.104427	-0.109804	1.660000
358	0.608408	-0.066222	-0.060653	1.660000
359	0.614829	-0.011779	0.008490	1.660000
360	0.566384	-0.051210	-0.234118	1.660000
361	0.587912	-0.100865	-0.149702	1.660000
362	0.492400	-0.361932	-0.069081	1.660000
363	0.560429	-0.130086	-0.217306	1.660000
364	0.577559	-0.120086	0.173869	1.660000
365	0.607805	-0.082718	-0.044225	1.660000
366	0.598048	0.063586	0.128532	1.660000
367	0.596458	-0.139067	0.055887	1.660000
368	0.595850	-0.144474	-0.048117	1.660000
369	0.610089	-0.004713	-0.077425	1.660000
370	0.597034	-0.140813	-0.044121	1.660000
371	0.588147	-0.031239	-0.177008	1.660000
372	0.609783	0.062017	-0.050437	1.660000
373	0.610021	0.075503	-0.019955	1.660000
374	0.530318	0.246150	-0.190782	1.660000
375	0.605006	-0.100583	-0.045564	1.660000
376	0.603293	-0.060049	0.103229	1.660000
377	0.613954	0.026067	0.024618	1.660000
378	0.586286	-0.152391	-0.106161	1.660000
379	0.612065	-0.046859	0.037495	1.660000
380	0.583685	-0.161980	-0.106297	1.660000
381	0.599272	-0.122290	0.064373	1.660000
382	0.608667	-0.087597	0.008705	1.660000
383	0.588728	0.141948	-0.107121	1.660000
384	0.575221	0.050453	0.211661	1.660000
385	0.601543	0.007174	0.127748	1.660000
386	0.603252	-0.007129	0.119421	1.660000
387	0.602203	-0.044852	-0.116467	1.660000
388	0.606309	-0.100067	-0.024524	1.660000
389	0.604279	-0.106407	-0.041830	1.660000
390	0.600548	0.047339	-0.123800	1.660000
391	0.536478	0.111145	-0.279398	1.660000
392	0.600989	0.051738	-0.119833	1.660000
393	0.587641	-0.134797	0.121381	1.660000
394	0.609114	-0.075752	0.038302	1.660000
395	0.593854	0.145247	-0.066826	1.660000
396	0.601933	0.122578	-0.029608	1.660000
397	0.586198	0.094581	-0.160161	1.660000
398	0.561956	-0.145383	-0.203210	1.660000
399	0.565400	-0.162092	-0.179651	1.660000
400	0.603905	0.028202	-0.112818	1.660000
401	0.594164	0.155910	-0.029777	1.660000
402	0.540745	-0.075971	0.282928	1.660000
403	0.559735	-0.003842	-0.254769	1.660000
404	0.606143	-0.019190	0.102213	1.660000
405	0.612814	0.044493	0.026550	1.660000
406	0.607951	0.076979	-0.051915	1.660000
407	0.589216	0.164334	-0.063594	1.660000
408	0.611644	-0.060192	0.022228	1.660000
409	0.605159	0.048808	-0.098109	1.660000
410	0.584190	-0.192180	0.003730	1.660000
411	0.550397	-0.153174	0.227652	1.660000
412	0.598053	-0.097328	0.105286	1.660000
413	0.611931	-0.058944	0.017078	1.660000
414	0.609870	-0.062750	0.048437	1.660000
415	0.609288	-0.063770	0.054092	1.660000
416	0.613781	0.037744	-0.008575	1.660000
417	0.567391	0.214025	0.102401	1.660000
418	0.610332	-0.075606	0.001937	1.660000
419	0.609654	-0.057639	0.056784	1.660000
420	0.557787	-0.193208	0.172539	1.660000
421	0.598773	0.102532	-0.095830	1.660000
422	0.560918	0.207748	0.142957	1.660000
423	0.548758	-0.253387	0.113510	1.660000
424	0.612873	0.008444	0.050408	1.660000
425	0.556014	0.223639	-0.138056	1.660000
426	0.473885	0.384596	0.075791	1.660000
427	0.605098	0.006895	0.109699	1.660000
428	0.519285	0.122975	-0.305688	1.660000
429	0.596818	-0.117003	-0.091346	1.660000
430	0.607357	-0.043891	0.086114	1.660000
431	0.579829	0.182601	0.093170	1.660000
432	0.534189	-0.304621	-0.008569	1.660000
433	0.592004	-0.153248	0.065352	1.660000
434	0.565938	-0.232331	0.062940	1.660000
435	0.591398	0.117951	-0.120667	1.660000
436	0.550982	-0.054495	-0.267720	1.660000
437	0.614154	0.006424	-0.031605	1.660000
438	0.603491	0.015600	0.117388	1.660000
439	0.604711	0.103167	0.043658	1.660000
440	0.592142	-0.165551	0.013635	1.660000
441	0.599868	-0.132301	-0.029660	1.660000
442	0.609638	-0.070647	0.039686	1.660000
443	0.582612	-0.085406	0.177464	1.660000
444	0.560013	0.094333	-0.236033	1.660000
445	0.581619	0.097656	-0.174379	1.660000
446	0.609771	-0.049655	-0.062763	1.660000
447	0.614057	-0.032772	0.009252	1.660000
448	0.607254	0.068756	-0.068847	1.660000
449	0.604468	-0.082310	-0.077901	1.660000
450	0.569657	-0.177802	0.148669	1.660000
451	0.614170	-0.029602	-0.011990	1.660000
452	0.413742	-0.452144	0.051076	1.660000
453	0.585603	-0.178055	0.059926	1.660000
454	0.610548	-0.060755	-0.042015	1.660000
455	0.602974	0.113089	0.043106	1.660000
456	0.612876	0.037464	-0.034712	1.660000
457	0.609288	0.063384	0.054550	1.660000
458	0.600337	-0.115508	0.066920	1.660000
459	0.607315	-0.096881	-0.002809	1.660000
460	0.607461	-0.047292	-0.083541	1.660000
461	0.614687	0.001435	-0.019566	1.660000
462	0.594037	0.102343	-0.121949	1.660000
463	0.575393	-0.141000	-0.165128	1.660000
464	0.609813	-0.073352	0.031178	1.660000
465	0.594546	-0.154250	0.030763	1.660000
466	0.611329	-0.046665	-0.048204	1.660000
467	0.583872	0.192388	0.017479	1.660000
468	0.572858	-0.222928	0.019013	1.660000
469	0.535579	-0.289315	-0.087615	1.660000
470	0.601955	0.088758	-0.089429	1.660000
471	0.611720	-0.063433	-0.000638	1.660000
472	0.600228	-0.026114	-0.131415	1.660000
473	0.614884	0.011642	0.002756	1.660000
474	0.596786	0.095482	-0.113818	1.660000
475	0.588640	0.077430	-0.160415	1.660000
476	0.566840	-0.041623	-0.234914	1.660000
477	0.610061	0.064342	-0.043711	1.660000
478	0.612872	0.023268	-0.045518	1.660000
479	0.579738	-0.005390	-0.205182	1.660000
480	0.539118	-0.289295	-0.062329	1.660000
481	0.583441	-0.164093	-0.104378	1.660000
482	0.585683	0.159340	0.099051	1.660000
483	0.609920	-0.036293	0.070040	1.660000
484	0.559593	-0.058282	-0.248362	1.660000
485	0.595468	0.058479	-0.142206	1.660000
486	0.606019	-0.098422	-0.035764	1.660000
487	0.594346	-0.042750	-0.152152	1.660000
488	0.611370	-0.066070	0.009272	1.660000
489	0.554859	-0.229189	-0.133527	1.660000
490	0.607022	-0.057049	-0.080586	1.660000
491	0.610337	-0.005322	0.075404	1.660000
492	0.611454	0.062022	-0.022399	1.660000
493	0.574502	-0.202067	0.085684	1.660000
494	0.582315	0.151821	-0.126823	1.660000
495	0.565944	0.239897	0.019550	1.660000
496	0.589710	0.097107	-0.145042	1.660000
497	0.584926	0.180930	0.057890	1.660000
498	0.614756	0.012068	0.012419	1.660000
499	0.613838	-0.037757	0.001694	1.660000
500	0.599674	-0.045445	-0.128652	1.660000
501	0.604505	-0.014723	-0.112171	1.660000
502	0.563571	0.241400	-0.048364	1.660000
503	0.600111	0.028098	-0.131537	1.660000
504	0.602221	0.092911	-0.083202	1.660000
505	0.586687	0.179386	-0.042944	1.660000
506	0.517763	0.226639	0.242449	1.660000
507	0.606163	-0.089949	0.051970	1.660000
508	0.614829	-0.012580	0.007256	1.660000
509	0.613385	0.042572	-0.013089	1.660000
510	0.583481	-0.184634	-0.060709	1.660000
511	0.579196	-0.180323	-0.101194	1.660000
512	0.600172	0.111386	0.074910	1.660000
513	0.523884	0.110751	-0.302498	1.660000
514	0.605988	0.102716	-0.021273	1.660000
515	0.583957	-0.155982	0.113529	1.660000
516	0.607163	0.013572	0.096921	1.660000
517	0.580517	-0.101787	0.175681	1.660000
518	0.604848	0.108721	0.023733	1.660000
519	0.603959	0.098810	-0.060789	1.660000
520	0.594428	0.150307	-0.047833	1.660000
521	0.596643	-0.083273	-0.123725	1.660000
522	0.590333	0.172208	0.008746	1.660000
523	0.581648	0.181331	-0.083847	1.660000
524	0.581860	0.093194	0.176008	1.660000
525	0.569378	-0.161807	0.166890	1.660000
526	0.598289	-0.095073	0.106002	1.660000
527	0.613145	-0.016473	-0.044800	1.660000
528	0.599390	-0.102869	0.091511	1.660000
529	0.554133	-0.106965	0.244376	1.660000
530	0.574286	-0.086571	0.202302	1.660000
531	0.557819	0.011674	0.258702	1.660000
532	0.555031	0.231567	0.128615	1.660000
533	0.542926	0.272034	0.097231	1.660000
534	0.577922	-0.179829	0.109056	1.660000
535	0.587772	-0.140163	0.114471	1.660000
536	0.604374	-0.111791	-0.021436	1.660000
537	0.599005	0.091694	-0.104929	1.660000
538	0.608506	-0.071648	0.053023	1.660000
539	0.596725	-0.097593	0.112337	1.660000
540	0.593907	0.091574	0.130821	1.660000
541	0.604707	0.094438	-0.060299	1.660000
542	0.516402	0.243495	0.228613	1.660000
543	0.503261	0.343404	-0.083828	1.660000
544	0.588579	-0.046934	-0.172039	1.660000
545	0.594023	0.137253	-0.080767	1.660000
546	0.595766	0.102628	-0.112942	1.660000
547	0.612758	-0.051629	0.009304	1.660000
548	0.575979	-0.185012	0.110650	1.660000
549	0.605021	-0.017975	0.108864	1.660000
550	0.604102	-0.110888	0.031462	1.660000
551	0.568746	0.078223	-0.220530	1.660000
552	0.609919	0.040856	0.067484	1.660000
553	0.587863	0.177122	-0.035631	1.660000
554	0.611359	-0.009572	-0.066129	1.660000
555	0.612114	-0.037650	-0.046086	1.660000
556	0.555280	-0.242915	-0.104314	1.660000
557	0.596275	-0.079468	0.127929	1.660000
558	0.573066	-0.218216	0.046925	1.660000
559	0.608656	-0.006004	-0.087903	1.660000
560	0.608578	-0.001955	-0.088626	1.660000
561	0.581866	0.086368	0.179435	1.660000
562	0.603688	-0.037386	0.111302	1.660000
563	0.610583	-0.014827	-0.072066	1.660000
564	0.600051	-0.105177	0.084270	1.660000
565	0.612033	-0.058814	-0.013458	1.660000
566	0.532238	-0.098318	0.292029	1.660000
567	0.612078	0.059853	0.001622	1.660000
568	0.610036	-0.003296	-0.077912	1.660000
569	0.611131	-0.019415	-0.066087	1.660000
570	0.597310	-0.011521	-0.145991	1.660000
571	0.597233	0.075783	-0.125678	1.660000
572	0.597921	-0.133976	-0.052593	1.660000
573	0.607222	-0.014763	-0.096376	1.660000
574	0.592626	-0.036197	-0.160341	1.660000
575	0.567854	0.098104	-0.214808	1.660000
576	0.604195	-0.095644	0.063445	1.660000
577	0.604486	0.073942	0.085760	1.660000
578	0.595361	0.119127	-0.097872	1.660000
579	0.555789	0.011244	-0.263054	1.660000
580	0.600263	-0.106066	0.081605	1.660000
581	0.580362	-0.193759	-0.062143	1.660000
582	0.538848	-0.042580	-0.293351	1.660000
583	0.614751	0.005938	0.016471	1.660000
584	0.588628	0.053129	-0.170057	1.660000
585	0.606670	0.028980	-0.096628	1.660000
586	0.588826	0.125999	-0.125033	1.660000
587	0.572583	-0.067577	-0.214027	1.660000
588	0.578573	0.078829	-0.193039	1.660000
589	0.614718	0.010665	0.015261	1.660000
590	0.611447	-0.064915	0.011958	1.660000
591	0.582182	-0.178753	-0.085657	1.660000
592	0.581014	-0.182163	-0.086394	1.660000
593	0.537018	0.135966	-0.267114	1.660000
594	0.610680	0.072527	0.005933	1.660000
595	0.572096	0.224631	0.021723	1.660000
596	0.609587	0.078465	-0.021722	1.660000
597	0.596707	0.127085	0.077560	1.660000
598	0.607879	-0.053855	0.076206	1.660000
599	0.599388	-0.105933	-0.087963	1.660000
600	0.602553	-0.114003	-0.046455	1.660000
601	0.584107	-0.190731	0.025813	1.660000
602	0.543817	0.027971	-0.285841	1.660000
603	0.585054	0.187397	0.028629	1.660000
604	0.612942	-0.004108	0.050101	1.660000
605	0.586634	0.119823	-0.140458	1.660000
606	0.602823	0.114154	0.042401	1.660000
607	0.602312	-0.065605	0.105553	1.660000
608	0.612971	-0.037266	-0.033216	1.660000
609	0.614661	0.020428	-0.000199	1.660000
610	0.595528	0.114470	-0.102315	1.660000
611	0.601092	0.096381	0.087317	1.660000
612	0.577180	0.008200	-0.212183	1.660000
613	0.596665	0.144992	-0.034540	1.660000
614	0.614223	-0.000357	0.030893	1.660000
615	0.613418	0.018991	0.039778	1.660000
616	0.610447	0.072708	-0.017104	1.660000
617	0.611297	-0.025712	0.062290	1.660000
618	0.609990	-0.010149	-0.077680	1.660000
619	0.580372	-0.164237	-0.120079	1.660000
620	0.613523	-0.030004	-0.030243	1.660000
621	0.608342	0.047850	-0.076521	1.660000
622	0.588815	-0.176318	0.020836	1.660000
623	0.565097	-0.150434	0.190422	1.660000
624	0.574489	-0.162533	0.147550	1.660000
625	0.610165	0.064596	0.041839	1.660000
626	0.611453	-0.018780	0.063222	1.660000
627	0.610402	0.052780	0.053376	1.660000
628	0.540257	-0.022904	0.292956	1.660000
629	0.589008	0.023676	0.175311	1.660000
630	0.587369	0.162661	-0.082247	1.660000
631	0.564455	-0.240791	0.040442	1.660000
632	0.605124	-0.098279	-0.048898	1.660000
633	0.574363	-0.157717	0.153156	1.660000
634	0.600749	-0.067441	0.113039	1.660000
635	0.576841	0.146024	0.155422	1.660000
636	0.613802	-0.019790	0.032878	1.660000
637	0.600590	0.098540	0.088357	1.660000
638	0.542206	0.279637	0.077722	1.660000
639	0.503239	0.077285	-0.344967	1.660000
640	0.590551	0.157331	-0.068716	1.660000
641	0.556548	-0.070530	-0.252001	1.660000
642	0.613462	-0.041960	0.011329	1.660000
643	0.613692	-0.017989	0.035819	1.660000
644	0.613628	0.004137	-0.040855	1.660000
645	0.598746	-0.135519	0.036918	1.660000
646	0.547209	-0.241345	0.143319	1.660000
647	0.614865	-0.011508	0.005841	1.660000
648	0.440580	0.297035	-0.309652	1.660000
649	0.552694	0.087986	-0.254976	1.660000
650	0.598239	0.117907	-0.080203	1.660000
651	0.605987	-0.097266	0.039300	1.660000
652	0.607255	0.076880	0.059630	1.660000
653	0.541670	-0.226033	-0.183650	1.660000
654	0.566987	-0.165820	-0.171041	1.660000
655	0.550088	-0.236594	0.140186	1.660000
656	0.605355	-0.078801	0.074571	1.660000
657	0.575604	0.203632	-0.073750	1.660000
658	0.596036	-0.114082	-0.099754	1.660000
659	0.590061	0.171167	0.027481	1.660000
660	0.609969	0.073730	-0.026955	1.660000
661	0.578358	-0.015451	0.208539	1.660000
662	0.609279	0.058961	-0.059393	1.660000
663	0.602909	0.095060	0.075427	1.660000
664	0.530310	-0.285925	-0.123465	1.660000
665	0.610986	0.023606	0.066062	1.660000
666	0.602428	-0.116179	-0.042519	1.660000
667	0.589710	0.048602	-0.167647	1.660000
668	0.603823	-0.083934	-0.081105	1.660000
669	0.611256	0.025732	0.062680	1.660000
670	0.609942	0.078600	0.004275	1.660000
671	0.612452	-0.045692	0.032251	1.660000
672	0.583659	-0.186525	0.052682	1.660000
673	0.613324	0.036764	0.026589	1.660000
674	0.609905	0.033503	0.071540	1.660000
675	0.611515	-0.046545	-0.045908	1.660000
676	0.609384	-0.075674	-0.033910	1.660000
677	0.611521	-0.041174	-0.050715	1.660000
678	0.578172	-0.203464	-0.050442	1.660000
679	0.569362	0.146704	-0.180360	1.660000
680	0.598095	0.142793	0.010836	1.660000
681	0.581230	-0.200269	-0.017008	1.660000
682	0.587383	0.105876	-0.148313	1.660000
683	0.605857	-0.077698	-0.071593	1.660000
684	0.534452	-0.146744	-0.266556	1.660000
685	0.556852	-0.008844	-0.260889	1.660000
686	0.571844	-0.011459	-0.226028	1.660000
687	0.611031	0.011171	-0.068860	1.660000
688	0.591214	0.169036	0.010844	1.660000
689	0.540842	-0.245103	-0.160123	1.660000
690	0.593141	0.093934	-0.132609	1.660000
691	0.613247	-0.009975	0.045312	1.660000
692	0.597162	-0.007747	-0.146840	1.660000
693	0.549688	-0.270949	0.051522	1.660000
694	0.533027	-0.260032	-0.162761	1.660000
695	0.603504	0.111892	-0.038576	1.660000
696	0.597134	0.132200	-0.064646	1.660000
697	0.574952	-0.193423	-0.101204	1.660000
698	0.571550	0.216503	-0.068428	1.660000
699	0.581830	-0.026401	-0.197490	1.660000
700	0.606351	-0.094796	0.039708	1.660000
701	0.594457	-0.151034	0.045106	1.660000
702	0.568021	-0.222405	-0.078189	1.660000
703	0.608563	-0.088716	0.002242	1.660000
704	0.572750	-0.147440	-0.168651	1.660000
705	0.591301	0.132491	0.105044	1.660000
706	0.499932	0.063981	-0.352420	1.660000
707	0.569375	0.197648	-0.122360	1.660000
708	0.582050	-0.178295	0.087483	1.660000
709	0.555532	0.263799	-0.004376	1.660000
710	0.530826	0.281499	0.131174	1.660000
711	0.587080	-0.135163	0.123666	1.660000
712	0.599338	0.044704	0.130461	1.660000
713	0.531512	-0.051459	-0.305077	1.660000
714	0.594792	-0.050431	0.147999	1.660000
715	0.604916	0.090503	-0.064111	1.660000
716	0.584241	-0.051025	-0.185160	1.660000
717	0.602216	0.124626	0.005418	1.660000
718	0.571945	0.101653	0.201917	1.660000
719	0.543526	-0.220171	-0.185281	1.660000
720	0.589380	-0.127631	0.120690	1.660000
721	0.558714	-0.119268	0.227680	1.660000
722	0.612681	-0.050404	-0.017521	1.660000
723	0.598375	0.070008	0.123576	1.660000
724	0.532370	-0.303392	-0.052542	1.660000
725	0.595753	-0.145746	0.045408	1.660000
726	0.611192	0.059927	0.032836	1.660000
727	0.582957	0.044033	-0.190911	1.660000
728	0.521359	0.097276	-0.311364	1.660000
729	0.423757	-0.409779	0.175317	1.660000
730	0.578237	-0.172776	-0.118386	1.660000
731	0.611136	-0.020531	0.065696	1.660000
732	0.593561	-0.160693	0.009405	1.660000
733	0.599044	0.134260	0.036676	1.660000
734	0.568987	0.026819	0.231860	1.660000
735	0.608641	-0.086566	-0.016945	1.660000
736	0.592127	0.161926	-0.037288	1.660000
737	0.531156	0.221749	-0.216623	1.660000
738	0.590688	-0.093510	-0.143419	1.660000
739	0.571747	-0.125709	-0.188486	1.660000
740	0.555245	-0.124277	-0.233416	1.660000
741	0.603711	0.020139	0.115551	1.660000
742	0.606098	0.082644	0.063561	1.660000
743	0.584419	-0.114659	0.153403	1.660000
744	0.592870	0.127614	-0.102200	1.660000
745	0.547751	0.238630	0.145771	1.660000
746	0.449906	0.419181	0.009807	1.660000
747	0.574179	0.218887	-0.025130	1.660000
748	0.593736	0.028392	-0.157786	1.660000
749	0.614075	-0.028090	-0.018654	1.660000
750	0.569147	-0.042587	-0.229092	1.660000
751	0.614962	-0.002645	-0.006339	1.660000
752	0.573001	0.221933	0.025307	1.660000
753	0.591036	-0.161810	0.052145	1.660000
754	0.513478	-0.335698	-0.043264	1.660000
755	0.548828	0.111262	-0.254231	1.660000
756	0.573452	-0.127864	-0.181737	1.660000
757	0.613784	-0.026348	-0.028278	1.660000
758	0.602504	0.049294	-0.113067	1.660000
759	0.614281	-0.001038	-0.029703	1.660000
760	0.579772	0.065130	-0.194545	1.660000
761	0.579254	-0.198354	-0.057840	1.660000
762	0.605166	-0.109289	0.007406	1.660000
763	0.602226	-0.124607	0.004709	1.660000
764	0.603912	-0.105936	0.047886	1.660000
765	0.567438	0.143732	0.188628	1.660000
766	0.607562	0.075774	0.057892	1.660000
767	0.610510	0.004405	0.074047	1.660000
768	0.594012	-0.144661	0.066697	1.660000
769	0.613814	-0.011293	0.036473	1.660000
770	0.427320	-0.434140	0.084529	1.660000
771	0.503854	-0.176658	-0.305202	1.660000
772	0.599680	0.124990	0.054647	1.660000
773	0.603665	-0.039943	-0.110533	1.660000
774	0.567429	-0.231853	-0.049936	1.660000
775	0.610521	-0.041964	-0.061054	1.660000
776	0.603490	-0.102309	0.059647	1.660000
777	0.590695	-0.088652	0.146442	1.660000
778	0.605394	0.032129	0.103397	1.660000
779	0.567165	0.220837	-0.088202	1.660000
780	0.581114	-0.193941	-0.054019	1.660000
781	0.594556	-0.104486	0.117519	1.660000
782	0.594870	0.152651	0.032445	1.660000
783	0.583058	0.065844	-0.184210	1.660000
784	0.609260	0.041158	-0.073028	1.660000
785	0.577876	-0.024270	-0.209034	1.660000
786	0.563210	0.027007	-0.245540	1.660000
787	0.560404	-0.110328	-0.228036	1.660000
788	0.602080	-0.093109	0.083997	1.660000
789	0.607275	-0.036908	-0.089889	1.660000
790	0.610844	0.055509	-0.044876	1.660000
791	0.612482	-0.014168	0.053757	1.660000
792	0.608666	-0.078779	-0.039308	1.660000
793	0.600090	0.054828	0.122929	1.660000
794	0.611116	-0.067568	-0.014016	1.660000
795	0.612060	0.055467	0.023031	1.660000
796	0.534035	0.234332	0.195246	1.660000
797	0.603469	0.065977	-0.098477	1.660000
798	0.605661	0.021251	-0.104635	1.660000
799	0.539084	0.083557	-0.283957	1.660000
800	0.484704	0.332703	-0.180544	1.660000
801	0.582445	-0.170849	-0.098961	1.660000
802	0.609889	-0.058031	-0.053790	1.660000
803	0.606991	-0.074063	-0.065584	1.660000
804	0.595413	0.002913	0.153949	1.660000
805	0.595694	-0.126966	0.085170	1.660000
806	0.602552	-0.043897	-0.115016	1.660000
807	0.577455	0.010545	-0.211327	1.660000
808	0.614853	0.002902	0.013144	1.660000
809	0.610547	0.031103	-0.067011	1.660000
810	0.613322	0.034315	0.029715	1.660000
811	0.604444	-0.083718	0.076579	1.660000
812	0.577906	0.188478	-0.093412	1.660000
813	0.603990	-0.099685	-0.059021	1.660000
814	0.542077	-0.116817	-0.265953	1.660000
815	0.514799	0.312716	-0.124160	1.660000
816	0.575395	-0.144498	-0.162069	1.660000
817	0.612193	-0.022788	0.054092	1.660000
818	0.611328	0.066625	0.008008	1.660000
819	0.580312	0.077974	0.188104	1.660000
820	0.578861	0.118695	-0.170460	1.660000
821	0.566937	0.120778	0.205476	1.660000
822	0.604941	-0.088262	0.066938	1.660000
823	0.598062	-0.141385	0.023604	1.660000
824	0.576973	0.132491	-0.166655	1.660000
825	0.597253	-0.031199	0.143317	1.660000
826	0.608182	-0.005729	0.091142	1.660000
827	0.608292	0.010028	0.090028	1.660000
828	0.603639	-0.110398	0.040714	1.660000
829	0.613282	0.035694	0.028925	1.660000
830	0.607406	-0.073393	0.062421	1.660000
831	0.572558	0.191987	-0.116376	1.660000
832	0.579144	0.112935	0.173387	1.660000
833	0.597405	0.090187	0.114887	1.660000
834	0.584387	0.179381	0.067376	1.660000
835	0.548757	-0.268208	0.071795	1.660000
836	0.566589	-0.156701	0.180683	1.660000
837	0.612803	0.040273	-0.032787	1.660000
838	0.603436	0.032305	0.114221	1.660000
839	0.592944	0.025711	0.161186	1.660000
840	0.564948	-0.099253	0.221829	1.660000
841	0.603262	0.073755	0.094129	1.660000
842	0.563991	0.219006	0.110341	1.660000
843	0.496644	-0.359990	-0.044467	1.660000
844	0.500140	-0.357604	0.014311	1.660000
845	0.561535	-0.250803	-0.001325	1.660000
846	0.614341	0.006651	-0.027675	1.660000
847	0.610434	0.057115	0.048306	1.660000
848	0.500129	-0.269650	0.235341	1.660000
849	0.595805	0.125533	0.086506	1.660000
850	0.491201	0.227568	0.291821	1.660000
