1	-0.545990	-0.275678	0.064203	-2.080000
2	-0.561391	-0.072353	0.240479	-2.080000
3	-0.583533	0.162671	0.106077	-2.080000
4	-0.612867	-0.038062	0.034208	-2.080000
5	-0.597844	0.053775	0.133851	-2.080000
6	-0.418434	-0.442466	-0.085804	-2.080000
7	-0.595834	-0.147856	0.036682	-2.080000
8	-0.604244	0.022652	-0.112256	-2.080000
9	-0.525285	0.311028	0.074576	-2.080000
10	-0.578382	-0.208983	-0.005045	-2.080000
11	-0.593362	0.161614	0.005180	-2.080000
12	-0.596519	-0.053474	0.139754	-2.080000
13	-0.540378	-0.075749	-0.283687	-2.080000
14	-0.560228	-0.090106	-0.237172	-2.080000
15	-0.525788	-0.124476	-0.293731	-2.080000
16	-0.597806	0.144190	-0.007876	-2.080000
17	-0.597019	0.056675	0.136311	-2.080000
18	-0.608498	-0.088900	-0.007222	-2.080000
19	-0.604010	-0.108562	0.040147	-2.080000
20	-0.613993	-0.034920	0.004257	-2.080000
21	-0.602203	-0.123306	0.019293	-2.080000
22	-0.577684	-0.206086	0.045111	-2.080000
23	-0.569278	-0.206230	-0.107780	-2.080000
24	-0.613171	0.037696	0.028732	-2.080000
25	-0.605501	-0.105979	0.019031	-2.080000
26	-0.598242	-0.092655	0.108379	-2.080000
27	-0.582301	0.183254	0.074626	-2.080000
28	-0.600872	0.112396	0.067414	-2.080000
29	-0.576378	0.187677	-0.103876	-2.080000
30	-0.610033	-0.052878	0.057341	-2.080000
31	-0.602533	-0.120371	-0.026264	-2.080000
32	-0.602386	-0.001945	0.123904	-2.080000
33	-0.585045	0.050854	0.182650	-2.080000
34	-0.613917	0.031449	-0.018484	-2.080000
35	-0.600268	0.084000	-0.104150	-2.080000
36	-0.611240	0.015698	0.066061	-2.080000
37	-0.609138	0.083567	-0.013887	-2.080000
38	-0.584460	0.032066	0.188689	-2.080000
39	-0.494630	-0.276138	0.239403	-2.080000
40	-0.589406	-0.135147	0.112074	-2.080000
41	-0.587137	-0.086584	0.161239	-2.080000
42	-0.608725	-0.009834	0.087077	-2.080000
43	-0.581339	0.179391	-0.089938	-2.080000
44	-0.595732	0.149146	0.032921	-2.080000
45	-0.603105	-0.059103	0.104861	-2.080000
46	-0.605386	-0.053434	0.094220	-2.080000
47	-0.555598	-0.263338	0.013750	-2.080000
48	-0.600906	-0.008613	-0.130623	-2.080000
49	-0.608292	-0.070970	0.056299	-2.080000
50	-0.605798	-0.095544	0.045876	-2.080000
51	-0.607712	0.043856	0.083594	-2.080000
52	-0.611224	0.055060	0.039981	-2.080000
53	-0.612152	-0.053519	-0.025110	-2.080000
54	-0.571633	0.217329	0.065029	-2.080000
55	-0.555223	-0.092293	0.247859	-2.080000
56	-0.603048	-0.083728	0.086881	-2.080000
57	-0.605573	0.096506	-0.046831	-2.080000
58	-0.611325	0.054371	0.039382	-2.080000
59	-0.595068	-0.153508	-0.023548	-2.080000
60	-0.561143	-0.198555	-0.154659	-2.080000
61	-0.597152	-0.098971	-0.108810	-2.080000
62	-0.582596	-0.127897	-0.149829	-2.080000
63	-0.611037	0.045990	-0.052377	-2.080000
64	-0.487120	0.191559	-0.322869	-2.080000
65	-0.608970	0.030038	-0.080485	-2.080000
66	-0.574065	-0.114140	-0.188802	-2.080000
67	-0.578382	0.175642	0.113355	-2.080000
68	-0.519868	0.247784	-0.215789	-2.080000
69	-0.556823	0.199256	-0.168731	-2.080000
70	-0.598488	-0.137048	-0.035422	-2.080000
71	-0.597208	-0.112949	0.093864	-2.080000
72	-0.590815	-0.121174	0.120332	-2.080000
73	-0.607205	-0.095522	-0.020078	-2.080000
74	-0.565638	0.214511	-0.110744	-2.080000
75	-0.492768	-0.223967	-0.291964	-2.080000
76	-0.604671	-0.044283	0.103138	-2.080000
77	-0.607928	0.017958	-0.091244	-2.080000
78	-0.580030	0.202044	0.031117	-2.080000
79	-0.597704	0.125706	0.071922	-2.080000
80	-0.549491	0.267797	-0.067598	-2.080000
81	-0.490445	0.361127	0.085298	-2.080000
82	-0.568447	-0.186638	-0.142335	-2.080000
83	-0.596871	-0.099610	-0.109765	-2.080000
84	-0.585589	-0.128387	-0.137213	-2.080000
85	-0.574828	0.194462	-0.099914	-2.080000
86	-0.585478	0.011472	-0.187905	-2.080000
87	-0.608080	-0.016522	0.090503	-2.080000
88	-0.583018	0.060621	-0.186118	-2.080000
89	-0.605490	0.062372	-0.087844	-2.080000
90	-0.494696	-0.127620	0.342364	-2.080000
91	-0.587792	0.180692	-0.008723	-2.080000
92	-0.614550	0.018629	-0.014376	-2.080000
93	-0.549751	0.269229	-0.059280	-2.080000
94	-0.546146	0.272767	0.074483	-2.080000
95	-0.581308	0.101371	-0.173292	-2.080000
96	-0.593563	0.111931	-0.115667	-2.080000
97	-0.563154	0.207723	-0.133915	-2.080000
98	-0.595124	-0.110600	0.108719	-2.080000
99	-0.588394	0.096027	-0.150986	-2.080000
100	-0.584066	0.185190	-0.052879	-2.080000
101	-0.608877	-0.085803	-0.011493	-2.080000
102	-0.589728	0.060718	-0.163584	-2.080000
103	-0.614556	0.012104	0.019993	-2.080000
104	-0.613125	0.030746	-0.036849	-2.080000
105	-0.575651	0.189468	-0.104655	-2.080000
106	-0.603327	-0.063856	0.100719	-2.080000
107	-0.570626	-0.219904	0.065220	-2.080000
108	-0.613825	-0.000676	-0.037986	-2.080000
109	-0.458685	0.240092	0.331947	-2.080000
110	-0.552233	0.175816	-0.205797	-2.080000
111	-0.526339	0.180820	-0.261719	-2.080000
112	-0.583803	0.185920	-0.053225	-2.080000
113	-0.610778	0.010165	0.071214	-2.080000
114	-0.606214	0.062161	-0.082861	-2.080000
115	-0.597549	0.130179	-0.064912	-2.080000
116	-0.608562	0.016045	0.087294	-2.080000
117	-0.552434	-0.181494	0.200253	-2.080000
118	-0.612835	-0.034456	0.038353	-2.080000
119	-0.592900	-0.135150	0.091812	-2.080000
120	-0.582896	0.193880	-0.029452	-2.080000
121	-0.608113	-0.089808	0.018919	-2.080000
122	-0.576181	-0.198414	-0.082900	-2.080000
123	-0.428867	-0.142755	-0.417036	-2.080000
124	-0.612328	0.031261	0.047977	-2.080000
125	-0.544777	0.005185	0.285335	-2.080000
126	-0.598837	-0.137470	0.026858	-2.080000
127	-0.609455	0.082185	-0.005881	-2.080000
128	-0.598592	0.052169	-0.131116	-2.080000
129	-0.587388	-0.117343	-0.139397	-2.080000
130	-0.591491	-0.050151	-0.160773	-2.080000
131	-0.584497	0.189544	-0.025724	-2.080000
132	-0.605738	-0.083686	0.065602	-2.080000
133	-0.607908	0.024050	0.089966	-2.080000
134	-0.611699	-0.030417	0.055897	-2.080000
135	-0.608102	-0.028122	0.087439	-2.080000
136	-0.444937	-0.415083	-0.089229	-2.080000
137	-0.594915	-0.092104	0.125771	-2.080000
138	-0.612560	-0.039197	-0.038202	-2.080000
139	-0.582807	-0.125130	-0.151338	-2.080000
140	-0.600206	0.080865	0.106952	-2.080000
141	-0.606156	0.053467	-0.089112	-2.080000
142	-0.601955	-0.046494	0.117106	-2.080000
143	-0.603835	-0.107878	0.044387	-2.080000
144	-0.613306	-0.040692	0.020609	-2.080000
145	-0.603567	-0.117850	0.006595	-2.080000
146	-0.599388	-0.136179	0.020363	-2.080000
147	-0.594560	0.034489	0.153409	-2.080000
148	-0.610267	0.075680	-0.008499	-2.080000
149	-0.544865	-0.139985	-0.248497	-2.080000
150	-0.581043	-0.188832	-0.070401	-2.080000
151	-0.587398	-0.172880	0.057457	-2.080000
152	-0.600692	-0.014064	0.131135	-2.080000
153	-0.540144	-0.279215	0.092238	-2.080000
154	-0.598840	0.140004	-0.003738	-2.080000
155	-0.576070	-0.113462	-0.183017	-2.080000
156	-0.584727	-0.087601	-0.169251	-2.080000
157	-0.594471	0.081041	0.135137	-2.080000
158	-0.565355	-0.103617	0.218775	-2.080000
159	-0.579285	-0.161862	-0.128277	-2.080000
160	-0.605776	0.022166	-0.103774	-2.080000
161	-0.580483	-0.180418	0.093347	-2.080000
162	-0.607592	-0.053160	0.078935	-2.080000
163	-0.613954	0.013852	0.033073	-2.080000
164	-0.604044	-0.041884	-0.107712	-2.080000
165	-0.565258	0.242197	-0.006995	-2.080000
166	-0.582864	0.175312	0.088092	-2.080000
167	-0.575417	0.037492	-0.213811	-2.080000
168	-0.599515	0.029380	-0.133952	-2.080000
169	-0.612231	-0.017966	0.055459	-2.080000
170	-0.586035	0.031140	-0.183897	-2.080000
171	-0.590340	0.171581	0.016837	-2.080000
172	-0.573151	-0.222932	0.004956	-2.080000
173	-0.576566	0.149040	0.153571	-2.080000
174	-0.589418	0.163239	-0.064530	-2.080000
175	-0.591975	-0.104411	-0.129956	-2.080000
176	-0.580062	-0.181231	-0.094384	-2.080000
177	-0.595850	0.022619	-0.150587	-2.080000
178	-0.546105	0.154951	-0.236610	-2.080000
179	-0.589272	0.168936	0.049434	-2.080000
180	-0.601847	-0.037173	0.120929	-2.080000
181	-0.614035	-0.025641	-0.022983	-2.080000
182	-0.605206	0.056687	-0.093476	-2.080000
183	-0.577541	-0.181476	-0.108340	-2.080000
184	-0.607983	0.029107	0.087942	-2.080000
185	-0.595954	0.124354	0.087176	-2.080000
186	-0.585006	0.143555	0.124037	-2.080000
187	-0.595685	0.149616	0.031613	-2.080000
188	-0.554517	0.124408	-0.235072	-2.080000
189	-0.541159	0.290365	-0.032555	-2.080000
190	-0.613504	-0.037019	-0.021629	-2.080000
191	-0.602768	-0.066281	0.102480	-2.080000
192	-0.563826	0.243702	-0.030567	-2.080000
193	-0.499782	0.052845	-0.354472	-2.080000
194	-0.610316	0.032943	0.068220	-2.080000
195	-0.609485	-0.070238	0.042652	-2.080000
196	-0.610553	0.063823	-0.037109	-2.080000
197	-0.604072	-0.052956	0.102558	-2.080000
198	-0.591041	0.055654	-0.160618	-2.080000
199	-0.588423	-0.053718	-0.170580	-2.080000
200	-0.609175	-0.044409	0.071824	-2.080000
201	-0.614747	-0.015352	0.008670	-2.080000
202	-0.593350	0.058350	-0.150850	-2.080000
203	-0.547574	-0.108041	-0.258292	-2.080000
204	-0.596676	-0.104201	0.106513	-2.080000
205	-0.609041	0.047103	-0.071240	-2.080000
206	-0.542632	0.246011	-0.152495	-2.080000
207	-0.561935	0.020379	-0.249076	-2.080000
208	-0.562440	0.240962	-0.061836	-2.080000
209	-0.611175	0.066480	-0.016441	-2.080000
210	-0.599278	-0.044376	-0.130852	-2.080000
211	-0.610700	0.016814	0.070621	-2.080000
212	-0.607703	0.001414	0.094444	-2.080000
213	-0.573254	-0.167089	0.147261	-2.080000
214	-0.592786	0.115671	0.115972	-2.080000
215	-0.598815	-0.002075	0.140147	-2.080000
216	-0.605155	-0.016291	0.108382	-2.080000
217	-0.563494	-0.102951	0.223832	-2.080000
218	-0.579133	-0.201079	0.048962	-2.080000
219	-0.542256	-0.289753	0.015071	-2.080000
220	-0.588774	-0.170664	0.049436	-2.080000
221	-0.575716	-0.117312	0.181696	-2.080000
222	-0.571611	0.094552	0.206268	-2.080000
223	-0.555238	-0.183657	-0.190278	-2.080000
224	-0.597096	-0.144098	0.030610	-2.080000
225	-0.598156	-0.121262	0.075697	-2.080000
226	-0.555964	-0.261234	0.029761	-2.080000
227	-0.481403	-0.291453	0.248055	-2.080000
228	-0.608975	0.022980	-0.082740	-2.080000
229	-0.607304	0.079379	-0.055727	-2.080000
230	-0.599085	-0.137274	0.021859	-2.080000
231	-0.609042	0.016636	0.083761	-2.080000
232	-0.592775	-0.008836	-0.163599	-2.080000
233	-0.571047	0.220745	-0.058331	-2.080000
234	-0.611768	0.046327	-0.042650	-2.080000
235	-0.598743	-0.059771	0.127119	-2.080000
236	-0.591201	-0.037100	0.165317	-2.080000
237	-0.610163	0.072747	0.025175	-2.080000
238	-0.610329	-0.039903	0.064279	-2.080000
239	-0.562912	-0.205665	0.138049	-2.080000
240	-0.595312	0.140511	-0.063915	-2.080000
241	-0.570815	0.039255	-0.225510	-2.080000
242	-0.575511	-0.071541	0.204682	-2.080000
243	-0.590421	-0.171954	-0.007720	-2.080000
244	-0.608630	-0.075110	-0.046400	-2.080000
245	-0.608259	0.010254	0.090227	-2.080000
246	-0.558825	-0.197127	0.164563	-2.080000
247	-0.613641	-0.039559	0.010257	-2.080000
248	-0.600224	-0.133132	-0.015237	-2.080000
249	-0.612701	-0.010232	-0.052132	-2.080000
250	-0.522970	-0.233486	-0.224079	-2.080000
251	-0.589279	-0.121098	0.127715	-2.080000
252	-0.614494	-0.024885	-0.001843	-2.080000
253	-0.602472	0.051748	0.112138	-2.080000
254	-0.610040	-0.009668	0.077346	-2.080000
255	-0.574515	0.193925	-0.102717	-2.080000
256	-0.598867	0.083578	-0.112241	-2.080000
257	-0.601028	0.114604	0.062097	-2.080000
258	-0.542190	0.190503	-0.219007	-2.080000
259	-0.601036	0.054197	0.118505	-2.080000
260	-0.610637	-0.070600	0.019049	-2.080000
261	-0.593341	-0.006314	-0.161652	-2.080000
262	-0.599306	-0.112567	0.079915	-2.080000
263	-0.610842	0.066504	0.025969	-2.080000
264	-0.614233	0.003256	-0.030537	-2.080000
265	-0.582888	0.176004	-0.086541	-2.080000
266	-0.614493	-0.017283	-0.018028	-2.080000
267	-0.557682	0.253637	0.053702	-2.080000
268	-0.597272	0.045236	-0.139445	-2.080000
269	-0.603139	0.039846	-0.113406	-2.080000
270	-0.563767	0.045718	-0.241457	-2.080000
271	-0.613888	-0.002134	0.036911	-2.080000
272	-0.611745	0.052800	0.034712	-2.080000
273	-0.589302	0.013265	-0.175420	-2.080000
274	-0.609903	0.006920	-0.078711	-2.080000
275	-0.613177	0.024397	-0.040547	-2.080000
276	-0.612817	-0.006955	-0.051300	-2.080000
277	-0.604653	0.030618	-0.108087	-2.080000
278	-0.611679	0.054632	-0.033006	-2.080000
279	-0.558586	-0.005814	-0.257241	-2.080000
280	-0.606820	0.039339	-0.091906	-2.080000
281	-0.611086	0.001640	-0.069259	-2.080000
282	-0.579135	0.183703	-0.095297	-2.080000
283	-0.614105	0.005495	0.032701	-2.080000
284	-0.601229	0.122467	0.041838	-2.080000
285	-0.599102	-0.072813	-0.118323	-2.080000
286	-0.581454	-0.186397	0.073430	-2.080000
287	-0.610741	0.070692	-0.014934	-2.080000
288	-0.604592	0.106515	-0.036718	-2.080000
289	-0.591544	0.144210	-0.086627	-2.080000
290	-0.614349	0.028278	-0.000828	-2.080000
291	-0.604845	0.014355	-0.110369	-2.080000
292	-0.592492	-0.107775	0.124751	-2.080000
293	-0.609229	0.031857	-0.077780	-2.080000
294	-0.578221	0.038989	0.205829	-2.080000
295	-0.484901	0.068270	-0.372068	-2.080000
296	-0.605424	-0.095261	-0.051108	-2.080000
297	-0.606280	0.100072	0.025201	-2.080000
298	-0.605474	-0.036861	-0.101329	-2.080000
299	-0.571468	0.177491	-0.141937	-2.080000
300	-0.591317	-0.155925	-0.065242	-2.080000
301	-0.588695	0.075098	0.161319	-2.080000
302	-0.612337	0.055349	0.014326	-2.080000
303	-0.595545	0.041803	-0.147660	-2.080000
304	-0.606343	0.092020	-0.045892	-2.080000
305	-0.596365	0.132334	-0.071145	-2.080000
306	-0.586224	0.156176	0.100872	-2.080000
307	-0.609514	0.049934	-0.064997	-2.080000
308	-0.561888	0.053279	-0.244270	-2.080000
309	-0.565270	0.223694	-0.093034	-2.080000
310	-0.612154	0.024203	-0.053916	-2.080000
311	-0.609969	-0.009418	0.077940	-2.080000
312	-0.612771	0.049654	-0.016478	-2.080000
313	-0.585119	0.119799	0.146658	-2.080000
314	-0.612254	-0.049999	0.029509	-2.080000
315	-0.596253	0.141424	-0.052023	-2.080000
316	-0.576052	0.210378	0.046157	-2.080000
317	-0.596727	0.054724	0.138371	-2.080000
318	-0.558856	0.125738	-0.223820	-2.080000
319	-0.594522	0.047162	0.150146	-2.080000
320	-0.592518	-0.042086	0.159298	-2.080000
321	-0.547429	0.133082	-0.246649	-2.080000
322	-0.603092	-0.118771	0.019963	-2.080000
323	-0.601889	-0.108312	0.064988	-2.080000
324	-0.610292	0.070603	0.028009	-2.080000
325	-0.576892	-0.149157	0.152225	-2.080000
326	-0.590926	-0.132619	-0.106972	-2.080000
327	-0.514430	-0.335966	-0.026716	-2.080000
328	-0.578019	0.014311	-0.209557	-2.080000
329	-0.611411	0.003421	0.066255	-2.080000
330	-0.590325	-0.056172	0.163053	-2.080000
331	-0.598260	-0.130148	0.058063	-2.080000
332	-0.596439	-0.047888	-0.142098	-2.080000
333	-0.574425	-0.119278	0.184483	-2.080000
334	-0.596134	-0.146163	-0.038545	-2.080000
335	-0.599679	-0.119767	-0.065312	-2.080000
336	-0.613799	0.006299	-0.037890	-2.080000
337	-0.595122	0.049512	0.146982	-2.080000
338	-0.564236	-0.145214	0.196916	-2.080000
339	-0.612795	-0.050135	-0.013925	-2.080000
340	-0.595170	0.071879	0.137226	-2.080000
341	-0.525257	-0.317743	0.037004	-2.080000
342	-0.562387	-0.245640	0.040079	-2.080000
343	-0.591681	-0.055296	-0.158369	-2.080000
344	-0.614707	0.006030	-0.017987	-2.080000
345	-0.555906	-0.071024	0.253277	-2.080000
346	-0.611389	-0.055555	-0.036636	-2.080000
347	-0.606208	0.090313	0.050796	-2.080000
348	-0.601452	-0.074169	-0.104785	-2.080000
349	-0.543418	-0.275237	0.084651	-2.080000
350	-0.613046	-0.022842	-0.043328	-2.080000
351	-0.606334	-0.085448	-0.057297	-2.080000
352	-0.579723	0.077364	-0.190160	-2.080000
353	-0.612067	-0.059869	-0.003859	-2.080000
354	-0.558086	-0.117563	0.230097	-2.080000
355	-0.610420	-0.002823	-0.074865	-2.080000
356	-0.600914	-0.073079	0.108564	-2.080000
357	-0.599702	-0.125947	0.052150	-2.080000
358	-0.589169	-0.162419	-0.068736	-2.080000
359	-0.601882	-0.003600	0.126295	-2.080000
360	-0.592303	0.096594	-0.134433	-2.080000
361	-0.599610	0.125050	-0.055279	-2.080000
362	-0.558345	-0.250345	0.061670	-2.080000
363	-0.588648	-0.170977	-0.049857	-2.080000
364	-0.610766	-0.072011	0.002149	-2.080000
365	-0.611124	0.048796	0.048697	-2.080000
366	-0.596557	0.101143	0.110070	-2.080000
367	-0.589094	-0.088500	-0.152841	-2.080000
368	-0.589155	0.144883	-0.100649	-2.080000
369	-0.585965	0.145433	-0.117131	-2.080000
370	-0.613030	-0.011344	0.047857	-2.080000
371	-0.614403	-0.020347	-0.017879	-2.080000
372	-0.604156	0.112574	0.023399	-2.080000
373	-0.574458	-0.109435	0.190388	-2.080000
374	-0.606176	0.096340	0.038658	-2.080000
375	-0.600628	0.041003	-0.125659	-2.080000
376	-0.593891	0.102206	-0.122769	-2.080000
377	-0.613675	-0.018416	-0.035893	-2.080000
378	-0.597099	0.117770	-0.088475	-2.080000
379	-0.605995	-0.093065	0.048306	-2.080000
380	-0.569375	0.071754	-0.221108	-2.080000
381	-0.606271	-0.040867	0.094817	-2.080000
382	-0.499317	0.334444	-0.130593	-2.080000
383	-0.603807	-0.047921	-0.106517	-2.080000
384	-0.612253	-0.017184	0.055464	-2.080000
385	-0.596092	-0.118973	-0.093513	-2.080000
386	-0.583813	-0.030591	-0.190923	-2.080000
387	-0.607057	-0.078426	-0.059632	-2.080000
388	-0.590295	0.171660	0.017581	-2.080000
389	-0.579932	0.158243	-0.129857	-2.080000
390	-0.614853	-0.006524	0.011733	-2.080000
391	-0.494670	0.276211	0.239237	-2.080000
392	-0.609375	0.071695	-0.041799	-2.080000
393	-0.555362	0.180631	-0.192798	-2.080000
394	-0.602400	0.091497	-0.083472	-2.080000
395	-0.606911	0.083551	0.053887	-2.080000
396	-0.588138	0.078498	-0.161729	-2.080000
397	-0.562631	-0.186322	-0.164182	-2.080000
398	-0.601676	0.025629	0.124715	-2.080000
399	-0.602038	-0.101789	-0.073580	-2.080000
400	-0.612395	-0.033267	-0.045729	-2.080000
401	-0.598582	0.028994	-0.138143	-2.080000
402	-0.593971	0.067377	-0.144512	-2.080000
403	-0.614459	0.025201	-0.005469	-2.080000
404	-0.573910	0.143957	0.167716	-2.080000
405	-0.611515	-0.060539	-0.024684	-2.080000
406	-0.596101	0.097740	-0.115477	-2.080000
407	-0.584663	0.160126	-0.103703	-2.080000
408	-0.603023	0.001865	-0.120767	-2.080000
409	-0.609334	0.026339	-0.079012	-2.080000
410	-0.606880	-0.014075	-0.098606	-2.080000
411	-0.571522	0.178634	-0.140277	-2.080000
412	-0.595436	0.094594	0.121379	-2.080000
413	-0.608388	-0.082378	0.036098	-2.080000
414	-0.610240	0.058859	0.048656	-2.080000
415	-0.611314	0.066189	0.011781	-2.080000
416	-0.607793	0.086205	-0.037167	-2.080000
417	-0.602596	-0.115392	-0.042283	-2.080000
418	-0.575332	0.175745	0.127796	-2.080000
419	-0.607227	0.097295	-0.005876	-2.080000
420	-0.581887	0.198236	0.018301	-2.080000
421	-0.596770	0.083770	-0.122773	-2.080000
422	-0.592523	0.080101	-0.143962	-2.080000
423	-0.593016	0.157989	-0.039947	-2.080000
424	-0.600960	-0.015406	0.129748	-2.080000
425	-0.575436	-0.206558	0.066579	-2.080000
426	-0.587690	0.091983	0.156156	-2.080000
427	-0.608960	0.085143	-0.011974	-2.080000
428	-0.602643	0.120804	-0.021268	-2.080000
429	-0.612970	-0.002122	0.049885	-2.080000
430	-0.520349	-0.260261	0.199314	-2.080000
431	-0.591178	-0.107890	0.130743	-2.080000
432	-0.604770	-0.098956	-0.051831	-2.080000
433	-0.583641	-0.123287	0.149628	-2.080000
434	-0.572873	-0.187777	0.121578	-2.080000
435	-0.603065	0.071768	0.096888	-2.080000
436	-0.571515	-0.206955	0.093623	-2.080000
437	-0.577504	-0.042612	0.207119	-2.080000
438	-0.594357	0.095050	0.126217	-2.080000
439	-0.410848	-0.411343	0.200564	-2.080000
440	-0.531255	-0.253944	-0.177498	-2.080000
441	-0.601720	-0.125442	-0.020542	-2.080000
442	-0.591079	0.141995	0.093208	-2.080000
443	-0.609077	-0.085104	-0.002665	-2.080000
444	-0.604966	-0.105674	0.032777	-2.080000
445	-0.589253	0.164540	-0.062711	-2.080000
446	-0.581549	-0.138204	-0.144657	-2.080000
447	-0.611793	-0.016299	-0.060565	-2.080000
448	-0.548430	-0.243778	-0.134244	-2.080000
449	-0.521242	-0.252411	0.206932	-2.080000
450	-0.596394	-0.091112	-0.119323	-2.080000
451	-0.523903	0.000850	0.322102	-2.080000
452	-0.533180	0.074144	0.297401	-2.080000
453	-0.588991	-0.144335	-0.102380	-2.080000
454	-0.593388	-0.052597	-0.152805	-2.080000
455	-0.612888	0.029293	0.041657	-2.080000
456	-0.610488	-0.057555	0.047079	-2.080000
457	-0.596621	-0.137717	-0.057462	-2.080000
458	-0.608560	0.052924	-0.071269	-2.080000
459	-0.611663	-0.050254	-0.039602	-2.080000
460	-0.599720	-0.106489	-0.084977	-2.080000
461	-0.609395	0.072505	0.040065	-2.080000
462	-0.614729	0.014092	0.011592	-2.080000
463	-0.608263	-0.086196	-0.028494	-2.080000
464	-0.610097	-0.041887	-0.065207	-2.080000
465	-0.602596	-0.110415	0.053963	-2.080000
466	-0.581393	-0.103522	0.171728	-2.080000
467	-0.573679	0.221161	0.014304	-2.080000
468	-0.603204	0.114587	-0.035204	-2.080000
469	-0.604820	0.042103	-0.103176	-2.080000
470	-0.612441	-0.055978	-0.002743	-2.080000
471	-0.580524	-0.058370	0.194448	-2.080000
472	-0.603388	0.098731	0.066335	-2.080000
473	-0.606818	0.091111	-0.041175	-2.080000
474	-0.598103	-0.085240	0.115029	-2.080000
475	-0.585640	0.187542	-0.008876	-2.080000
476	-0.586331	0.138190	-0.123874	-2.080000
477	-0.612094	-0.032232	-0.050271	-2.080000
478	-0.590762	-0.092401	0.143832	-2.080000
479	-0.582596	0.124416	-0.152734	-2.080000
480	-0.608151	-0.033817	-0.085049	-2.080000
481	-0.611805	-0.017873	0.060000	-2.080000
482	-0.602031	-0.125355	-0.008318	-2.080000
483	-0.613678	0.029368	-0.027606	-2.080000
484	-0.611340	0.065692	-0.013137	-2.080000
485	-0.587465	0.134336	-0.122736	-2.080000
486	-0.610335	0.059226	-0.046993	-2.080000
487	-0.604494	0.103861	-0.044998	-2.080000
488	-0.613568	-0.033877	0.024733	-2.080000
489	-0.572299	0.199825	-0.103770	-2.080000
490	-0.587818	0.047064	-0.174586	-2.080000
491	-0.612812	0.003746	-0.051696	-2.080000
492	-0.594971	0.153232	-0.027468	-2.080000
493	-0.587620	-0.170466	-0.062202	-2.080000
494	-0.613165	0.008043	0.046786	-2.080000
495	-0.613869	-0.022523	0.029711	-2.080000
496	-0.611667	-0.003375	0.063855	-2.080000
497	-0.600818	0.042562	0.124223	-2.080000
498	-0.595674	0.009128	-0.152690	-2.080000
499	-0.599026	0.036445	-0.134404	-2.080000
500	-0.606347	0.081914	0.062120	-2.080000
501	-0.580799	0.201972	-0.010245	-2.080000
502	-0.610847	-0.070213	0.012698	-2.080000
503	-0.605574	0.070247	0.081058	-2.080000
504	-0.610211	0.067921	-0.035417	-2.080000
505	-0.596656	-0.145072	-0.034357	-2.080000
506	-0.577173	0.046941	-0.207105	-2.080000
507	-0.567570	-0.096943	-0.216082	-2.080000
508	-0.595308	-0.058934	-0.142690	-2.080000
509	-0.598800	0.104807	0.093165	-2.080000
510	-0.606443	0.073956	0.070585	-2.080000
511	-0.608668	-0.039128	-0.078851	-2.080000
512	-0.601239	-0.124920	0.033637	-2.080000
513	-0.600728	0.127139	0.034441	-2.080000
514	-0.610968	0.069808	-0.008396	-2.080000
515	-0.610459	0.070553	-0.024227	-2.080000
516	-0.584706	0.135928	-0.133671	-2.080000
517	-0.571523	0.121097	0.192152	-2.080000
518	-0.584477	0.164648	0.097483	-2.080000
519	-0.610167	0.014088	0.075648	-2.080000
520	-0.609846	-0.034791	-0.071428	-2.080000
521	-0.578741	0.198474	-0.062384	-2.080000
522	-0.605620	0.104746	-0.021847	-2.080000
523	-0.608915	0.001408	-0.086287	-2.080000
524	-0.603859	0.052442	-0.104062	-2.080000
525	-0.589824	0.117390	-0.128655	-2.080000
526	-0.588979	0.113911	-0.135474	-2.080000
527	-0.544822	0.207911	-0.195364	-2.080000
528	-0.529657	0.226716	-0.215147	-2.080000
529	-0.595405	0.149404	0.037363	-2.080000
530	-0.562883	0.181396	-0.168770	-2.080000
531	-0.604427	0.112719	-0.013688	-2.080000
532	-0.576080	0.150728	0.153748	-2.080000
533	-0.605399	0.000809	0.108244	-2.080000
534	-0.538690	0.285822	-0.079652	-2.080000
535	-0.522984	0.125336	-0.298334	-2.080000
536	-0.543690	0.189371	-0.216251	-2.080000
537	-0.544330	0.278634	0.065519	-2.080000
538	-0.589532	0.142943	-0.101215	-2.080000
539	-0.593116	-0.051659	-0.154175	-2.080000
540	-0.610133	0.068346	0.035939	-2.080000
541	-0.612518	-0.053332	0.014224	-2.080000
542	-0.537516	0.256213	0.153807	-2.080000
543	-0.612814	0.040471	-0.032335	-2.080000
544	-0.608947	-0.069223	0.051152	-2.080000
545	-0.608242	-0.089814	0.014139	-2.080000
546	-0.531903	-0.221525	0.215014	-2.080000
547	-0.587905	-0.057934	-0.170985	-2.080000
548	-0.606646	-0.100461	-0.010618	-2.080000
549	-0.611685	-0.048623	0.041251	-2.080000
550	-0.604339	-0.088989	0.071273	-2.080000
551	-0.603162	-0.067321	0.099439	-2.080000
552	-0.603933	-0.023849	-0.113669	-2.080000
553	-0.605932	-0.070059	0.078505	-2.080000
554	-0.561080	-0.250165	0.028851	-2.080000
555	-0.552289	-0.262826	-0.064219	-2.080000
556	-0.547697	-0.243820	-0.137131	-2.080000
557	-0.591825	0.148362	0.077185	-2.080000
558	-0.577239	0.100563	0.186834	-2.080000
559	-0.593982	-0.150054	0.053794	-2.080000
560	-0.607018	-0.081290	0.056088	-2.080000
561	-0.609525	-0.000684	-0.081875	-2.080000
562	-0.571242	-0.227774	-0.005144	-2.080000
563	-0.582195	-0.188281	0.061843	-2.080000
564	-0.541963	0.089013	-0.276728	-2.080000
565	-0.607222	-0.097186	-0.007825	-2.080000
566	-0.593903	0.030725	0.156718	-2.080000
567	-0.605272	-0.050333	-0.096633	-2.080000
568	-0.608011	-0.040813	-0.082955	-2.080000
569	-0.602720	-0.097073	0.074366	-2.080000
570	-0.599305	-0.055819	0.126262	-2.080000
571	-0.590483	-0.170302	0.023485	-2.080000
572	-0.580995	-0.022786	-0.200376	-2.080000
573	-0.607345	0.054133	-0.080166	-2.080000
574	-0.604391	-0.100061	0.054074	-2.080000
575	-0.598036	-0.142015	-0.020243	-2.080000
576	-0.610587	-0.040246	0.061554	-2.080000
577	-0.601154	0.111964	-0.065594	-2.080000
578	-0.568533	0.193068	0.133116	-2.080000
579	-0.602572	0.099370	-0.072511	-2.080000
580	-0.610351	0.030355	-0.069101	-2.080000
581	-0.607324	-0.096770	0.004268	-2.080000
582	-0.606440	-0.098084	0.028893	-2.080000
583	-0.594443	-0.134787	-0.081821	-2.080000
584	-0.605240	-0.096837	0.050318	-2.080000
585	-0.595380	0.038939	0.149103	-2.080000
586	-0.612585	-0.012982	0.052877	-2.080000
587	-0.552466	0.139639	-0.231316	-2.080000
588	-0.612799	-0.031452	-0.041396	-2.080000
589	-0.596189	0.095025	-0.117277	-2.080000
590	-0.598164	0.128606	-0.062330	-2.080000
591	-0.610119	0.059520	-0.049368	-2.080000
592	-0.611328	0.066071	0.011714	-2.080000
593	-0.614537	0.022595	0.007690	-2.080000
594	-0.613982	-0.030975	-0.017070	-2.080000
595	-0.612157	-0.045172	0.038056	-2.080000
596	-0.576722	0.021594	-0.212485	-2.080000
597	-0.572277	-0.059178	-0.217306	-2.080000
598	-0.594521	0.083844	0.133192	-2.080000
599	-0.599586	0.036997	-0.131732	-2.080000
600	-0.611528	0.056476	0.032694	-2.080000
601	-0.573067	0.216354	-0.054861	-2.080000
602	-0.612236	-0.007041	0.057818	-2.080000
603	-0.606333	0.102000	-0.013483	-2.080000
604	-0.607214	-0.055425	0.080274	-2.080000
605	-0.591372	-0.089174	-0.143358	-2.080000
606	-0.611833	-0.026492	-0.056419	-2.080000
607	-0.573796	-0.052201	-0.215078	-2.080000
608	-0.578695	0.017340	0.207451	-2.080000
609	-0.590783	0.076940	-0.152582	-2.080000
610	-0.595037	0.115597	-0.103893	-2.080000
611	-0.593291	-0.016895	0.161076	-2.080000
612	-0.607464	0.055779	0.078107	-2.080000
613	-0.597576	0.012579	-0.144808	-2.080000
614	-0.608659	0.060177	0.064326	-2.080000
615	-0.585638	0.092622	-0.163324	-2.080000
616	-0.572567	0.207081	-0.086661	-2.080000
617	-0.597063	0.146866	-0.013078	-2.080000
618	-0.611839	0.027286	-0.055977	-2.080000
619	-0.591736	0.079109	-0.147699	-2.080000
620	-0.590578	0.154226	0.075215	-2.080000
621	-0.609055	-0.011165	0.084572	-2.080000
622	-0.608045	0.081321	-0.043507	-2.080000
623	-0.579227	0.148377	-0.143895	-2.080000
624	-0.571448	0.180833	-0.137738	-2.080000
625	-0.595453	0.047473	0.146312	-2.080000
626	-0.613875	-0.033069	0.016987	-2.080000
627	-0.587018	0.180804	0.030728	-2.080000
628	-0.591841	0.165625	0.022758	-2.080000
629	-0.599419	0.096768	-0.097763	-2.080000
630	-0.611074	-0.058137	-0.037861	-2.080000
631	-0.603633	-0.054989	-0.104057	-2.080000
632	-0.613408	-0.022993	-0.037767	-2.080000
633	-0.499167	0.347979	0.089264	-2.080000
634	-0.602404	0.117612	-0.038760	-2.080000
635	-0.565257	0.165723	-0.176764	-2.080000
636	-0.589284	0.167510	-0.053942	-2.080000
637	-0.609483	-0.066851	0.047813	-2.080000
638	-0.614085	0.030745	-0.013396	-2.080000
639	-0.605274	-0.047912	-0.097840	-2.080000
640	-0.610656	-0.044381	0.057916	-2.080000
641	-0.611574	-0.045737	0.045944	-2.080000
642	-0.597352	0.110313	0.096052	-2.080000
643	-0.520724	-0.316710	0.082257	-2.080000
644	-0.587466	0.018374	0.181028	-2.080000
645	-0.572400	-0.180586	-0.134061	-2.080000
646	-0.585752	-0.162521	0.093309	-2.080000
647	-0.599295	-0.135891	-0.024577	-2.080000
648	-0.600140	0.063269	-0.118549	-2.080000
649	-0.556562	-0.117566	0.233755	-2.080000
650	-0.600519	-0.088823	-0.098549	-2.080000
651	-0.485698	-0.373043	0.056223	-2.080000
652	-0.445440	-0.412776	0.097079	-2.080000
653	-0.585950	-0.140869	0.122652	-2.080000
654	-0.579499	-0.170373	-0.115669	-2.080000
655	-0.586764	0.148813	0.108574	-2.080000
656	-0.544236	-0.180955	0.222007	-2.080000
657	-0.470775	-0.364078	0.155059	-2.080000
658	-0.606246	0.020850	0.101271	-2.080000
659	-0.586157	-0.176754	0.058331	-2.080000
660	-0.610393	-0.005210	-0.074952	-2.080000
661	-0.545809	-0.195071	0.205584	-2.080000
662	-0.583387	0.097093	-0.168692	-2.080000
663	-0.610067	-0.059494	0.050039	-2.080000
664	-0.609614	-0.009754	0.080626	-2.080000
665	-0.578536	-0.128479	0.164359	-2.080000
666	-0.600999	-0.045232	0.122388	-2.080000
667	-0.521267	-0.166456	0.280710	-2.080000
668	-0.560895	-0.001884	0.252226	-2.080000
669	-0.600510	-0.022486	0.130793	-2.080000
670	-0.601484	-0.104201	-0.074728	-2.080000
671	-0.597755	-0.144459	0.006718	-2.080000
672	-0.586993	0.027847	-0.181352	-2.080000
673	-0.583567	-0.193986	-0.006601	-2.080000
674	-0.589472	0.006841	-0.175216	-2.080000
675	-0.486385	-0.263121	-0.269114	-2.080000
676	-0.612025	-0.053162	0.028703	-2.080000
677	-0.602349	-0.120705	0.028826	-2.080000
678	-0.569439	0.090491	0.213954	-2.080000
679	-0.584489	-0.092611	0.167393	-2.080000
680	-0.584475	0.162525	-0.100993	-2.080000
681	-0.595803	0.138266	-0.064233	-2.080000
682	-0.545019	-0.242730	0.149201	-2.080000
683	-0.606308	-0.057036	-0.085808	-2.080000
684	-0.453456	-0.414894	0.021584	-2.080000
685	-0.597962	-0.143753	-0.001431	-2.080000
686	-0.590373	-0.027263	0.170122	-2.080000
687	-0.591483	0.130431	0.106585	-2.080000
688	-0.545938	0.281219	0.033057	-2.080000
689	-0.538450	0.029055	-0.295723	-2.080000
690	-0.604373	0.093400	-0.065070	-2.080000
691	-0.607872	-0.091790	0.017066	-2.080000
692	-0.584334	-0.123585	-0.146646	-2.080000
693	-0.604102	0.107277	-0.042166	-2.080000
694	-0.597324	0.127680	-0.071600	-2.080000
695	-0.605688	0.105627	0.014504	-2.080000
696	-0.604108	0.101478	-0.054592	-2.080000
697	-0.601365	0.097455	-0.084188	-2.080000
698	-0.592250	-0.165724	-0.000671	-2.080000
699	-0.547232	0.135437	-0.245804	-2.080000
700	-0.605634	-0.095511	-0.048057	-2.080000
701	-0.601082	0.089833	0.094103	-2.080000
702	-0.602809	-0.113812	0.043511	-2.080000
703	-0.570043	0.067706	-0.220663	-2.080000
704	-0.609715	-0.007048	-0.080140	-2.080000
705	-0.584676	0.164337	-0.096812	-2.080000
706	-0.609096	-0.076248	0.037587	-2.080000
707	-0.610784	-0.051281	-0.050380	-2.080000
708	-0.602126	-0.120778	0.032897	-2.080000
709	-0.570299	-0.103341	-0.205680	-2.080000
710	-0.601522	0.115765	-0.054724	-2.080000
711	-0.509074	0.271241	-0.213301	-2.080000
712	-0.603169	0.116076	-0.030640	-2.080000
713	-0.557407	0.223116	0.133200	-2.080000
714	-0.564607	0.238583	-0.050221	-2.080000
715	-0.578167	0.087361	-0.190569	-2.080000
716	-0.588010	-0.012499	0.179759	-2.080000
717	-0.603214	0.097084	0.070231	-2.080000
718	-0.589166	-0.140904	0.106089	-2.080000
719	-0.565653	0.170019	-0.171333	-2.080000
720	-0.578476	0.156130	-0.138613	-2.080000
721	-0.610335	0.037112	-0.065871	-2.080000
722	-0.558677	0.142701	-0.213871	-2.080000
723	-0.577784	0.040911	-0.206681	-2.080000
724	-0.487261	0.187657	-0.324941	-2.080000
725	-0.568201	0.235283	0.003744	-2.080000
726	-0.486873	-0.357123	0.116804	-2.080000
727	-0.611128	0.022623	0.065080	-2.080000
728	-0.546015	0.253532	-0.125753	-2.080000
729	-0.573534	0.221944	0.005008	-2.080000
730	-0.557272	0.238922	0.102906	-2.080000
731	-0.593896	0.127109	-0.096725	-2.080000
732	-0.599079	0.101438	-0.095076	-2.080000
733	-0.561162	0.151821	-0.200680	-2.080000
734	-0.585526	0.163933	-0.092254	-2.080000
735	-0.587574	0.129187	0.127641	-2.080000
736	-0.600175	-0.092404	-0.097345	-2.080000
737	-0.613463	0.015192	0.040718	-2.080000
738	-0.520572	0.191305	-0.265767	-2.080000
739	-0.553604	-0.040788	-0.264733	-2.080000
740	-0.581188	0.149236	-0.134809	-2.080000
741	-0.587562	0.129952	-0.126921	-2.080000
742	-0.589433	0.080798	-0.155774	-2.080000
743	-0.612565	0.052745	-0.014382	-2.080000
744	-0.609104	0.081587	-0.023670	-2.080000
745	-0.611960	-0.004923	-0.060876	-2.080000
746	-0.465447	-0.189020	0.354762	-2.080000
747	-0.610634	0.017119	0.071119	-2.080000
748	-0.604373	0.101005	0.052504	-2.080000
749	-0.587181	0.030137	0.180375	-2.080000
750	-0.520593	-0.325659	-0.033974	-2.080000
751	-0.590847	-0.095007	-0.141768	-2.080000
752	-0.552128	0.118005	0.243832	-2.080000
753	-0.568304	-0.227981	0.057271	-2.080000
754	-0.546968	-0.136057	0.246048	-2.080000
755	-0.586228	-0.165163	-0.085339	-2.080000
756	-0.576481	-0.138868	0.163127	-2.080000
757	-0.588322	-0.148338	0.100488	-2.080000
758	-0.569198	-0.216608	0.085554	-2.080000
759	-0.571580	-0.207150	-0.092790	-2.080000
760	-0.590469	-0.165289	-0.047445	-2.080000
761	-0.568313	-0.235042	-0.001131	-2.080000
762	-0.584481	-0.089876	-0.168905	-2.080000
763	-0.561304	-0.234957	-0.089205	-2.080000
764	-0.588839	-0.094105	-0.150458	-2.080000
765	-0.611002	-0.052228	0.046622	-2.080000
766	-0.608379	-0.075823	-0.048480	-2.080000
767	-0.583343	-0.194636	-0.007304	-2.080000
768	-0.596410	-0.001554	-0.150058	-2.080000
769	-0.601264	0.070954	0.108036	-2.080000
770	-0.498217	-0.013842	0.360297	-2.080000
771	-0.580875	-0.167278	-0.113260	-2.080000
772	-0.587506	-0.018363	0.180898	-2.080000
773	-0.604020	0.028010	0.112252	-2.080000
774	-0.582665	-0.177845	0.084248	-2.080000
775	-0.607777	-0.035306	-0.087095	-2.080000
776	-0.588509	-0.166865	0.063549	-2.080000
777	-0.602658	-0.122119	-0.010760	-2.080000
778	-0.612107	-0.054770	-0.023452	-2.080000
779	-0.612240	0.015465	-0.056103	-2.080000
780	-0.605447	-0.038178	0.101001	-2.080000
781	-0.597321	0.141684	0.036853	-2.080000
782	-0.609799	-0.071776	0.034898	-2.080000
783	-0.587534	-0.164443	-0.077376	-2.080000
784	-0.595282	-0.149102	0.040416	-2.080000
785	-0.577012	-0.212159	0.016447	-2.080000
786	-0.602281	0.087174	0.088789	-2.080000
787	-0.548494	-0.101204	-0.259109	-2.080000
788	-0.610970	0.070258	-0.002232	-2.080000
789	-0.588014	0.112901	0.140420	-2.080000
790	-0.608495	0.069938	-0.055382	-2.080000
791	-0.541855	0.203256	-0.208099	-2.080000
792	-0.601975	0.124246	-0.020353	-2.080000
793	-0.595529	-0.065065	0.139055	-2.080000
794	-0.607337	-0.034180	0.090547	-2.080000
795	-0.607749	0.003490	-0.094098	-2.080000
796	-0.614711	0.009771	0.016124	-2.080000
797	-0.607381	-0.091483	0.030733	-2.080000
798	-0.598758	0.084238	0.112327	-2.080000
799	-0.578026	0.046820	-0.204740	-2.080000
800	-0.552473	0.258668	-0.078034	-2.080000
801	-0.597336	-0.108814	-0.097848	-2.080000
802	-0.565233	-0.072586	0.231231	-2.080000
803	-0.532956	0.278818	-0.128231	-2.080000
804	-0.599430	-0.023055	-0.135561	-2.080000
805	-0.612621	0.054030	0.001011	-2.080000
806	-0.610968	-0.000630	-0.070305	-2.080000
807	-0.554604	-0.156058	-0.215140	-2.080000
808	-0.610336	0.039251	0.064609	-2.080000
809	-0.595963	0.151556	-0.009132	-2.080000
810	-0.595497	0.149553	0.035252	-2.080000
811	-0.591091	-0.038205	-0.165460	-2.080000
812	-0.595847	0.104574	-0.110702	-2.080000
813	-0.570681	0.200903	0.110391	-2.080000
814	-0.591688	0.026721	-0.165579	-2.080000
815	-0.602831	-0.017630	0.120454	-2.080000
816	-0.566533	0.237075	0.032562	-2.080000
817	-0.610946	0.049722	0.049975	-2.080000
818	-0.614592	0.017076	-0.014485	-2.080000
819	-0.541835	-0.121549	-0.264321	-2.080000
820	-0.585660	0.186534	0.020790	-2.080000
821	-0.597681	0.115354	-0.087725	-2.080000
822	-0.559756	0.038128	-0.251881	-2.080000
823	-0.607573	-0.061661	0.072645	-2.080000
824	-0.568649	0.091900	0.215447	-2.080000
825	-0.607671	-0.018266	0.092886	-2.080000
826	-0.608396	0.051269	0.073831	-2.080000
827	-0.551514	0.270199	-0.032397	-2.080000
828	-0.601860	0.085323	-0.093326	-2.080000
829	-0.596668	0.069176	-0.132010	-2.080000
830	-0.555599	0.260683	-0.039741	-2.080000
831	-0.587058	0.124792	-0.134219	-2.080000
832	-0.571289	0.219187	-0.061734	-2.080000
833	-0.586968	0.183496	0.004779	-2.080000
834	-0.606342	0.086626	-0.055413	-2.080000
835	-0.586612	0.176052	-0.055832	-2.080000
836	-0.567448	0.004878	-0.237073	-2.080000
837	-0.569352	0.229477	-0.037473	-2.080000
838	-0.602094	0.051459	-0.114277	-2.080000
839	-0.607136	-0.022451	-0.095429	-2.080000
840	-0.597580	0.058881	-0.132878	-2.080000
841	-0.528297	0.249085	0.192571	-2.080000
842	-0.601003	-0.118156	0.055309	-2.080000
843	-0.611647	0.060917	0.020052	-2.080000
844	-0.550646	-0.021341	-0.273055	-2.080000
845	-0.492425	0.342629	-0.135456	-2.080000
846	-0.589590	0.139610	-0.105440	-2.080000
847	-0.608198	0.078782	0.045975	-2.080000
848	-0.594070	0.051179	0.150621	-2.080000
849	-0.614971	0.005824	-0.001335	-2.080000
850	-0.608737	-0.014196	0.086387	-2.080000
