1	0.587653	-0.115712	0.139642	0.610000
2	0.543994	0.220476	-0.183537	0.610000
3	0.566424	0.153953	-0.183542	0.610000
4	0.572272	-0.206592	-0.089719	0.610000
5	0.598473	0.060882	-0.127860	0.610000
6	0.506450	-0.141393	0.318969	0.610000
7	0.559198	0.240078	0.088800	0.610000
8	0.603159	0.050953	0.108757	0.610000
9	0.579122	0.113628	0.173006	0.610000
10	0.601015	0.108814	-0.071871	0.610000
11	0.557430	0.082411	-0.246384	0.610000
12	0.591847	0.088638	-0.141722	0.610000
13	0.598030	-0.105731	0.096984	0.610000
14	0.575897	-0.189086	0.103992	0.610000
15	0.547706	-0.261069	0.100429	0.610000
16	0.579590	-0.198136	0.055156	0.610000
17	0.594322	-0.090736	0.129512	0.610000
18	0.610857	-0.055477	-0.044734	0.610000
19	0.570747	0.141229	-0.180353	0.610000
20	0.597576	-0.089562	-0.114484	0.610000
21	0.593603	-0.073611	0.142975	0.610000
22	0.604930	-0.109528	-0.016967	0.610000
23	0.572622	-0.099277	-0.201180	0.610000
24	0.590687	-0.078675	0.152065	0.610000
25	0.556145	-0.235670	-0.115704	0.610000
26	0.606240	0.098188	0.032515	0.610000
27	0.610168	-0.026969	-0.072063	0.610000
28	0.514105	-0.172921	-0.289862	0.610000
29	0.588711	-0.080831	-0.158462	0.610000
30	0.596859	-0.144852	-0.031664	0.610000
31	0.605060	-0.015035	0.109095	0.610000
32	0.580965	0.198898	0.033825	0.610000
33	0.609806	-0.027509	-0.074868	0.610000
34	0.542607	0.255933	-0.135282	0.610000
35	0.592630	-0.111993	0.120302	0.610000
36	0.606912	0.003103	0.099363	0.610000
37	0.466141	-0.160726	0.367566	0.610000
38	0.614969	0.003711	-0.004954	0.610000
39	0.572198	0.057170	0.218050	0.610000
40	0.594881	-0.065428	0.141637	0.610000
41	0.612034	-0.024574	0.055091	0.610000
42	0.605872	0.068137	-0.080633	0.610000
43	0.606449	-0.101749	-0.009546	0.610000
44	0.505758	0.207199	-0.281961	0.610000
45	0.390501	-0.277627	-0.385561	0.610000
46	0.548467	-0.058678	0.271967	0.610000
47	0.579687	-0.138263	0.151891	0.610000
48	0.602876	-0.108731	0.054255	0.610000
49	0.613797	-0.012265	-0.036444	0.610000
50	0.614115	0.011722	0.030829	0.610000
51	0.583032	-0.168458	0.099605	0.610000
52	0.589083	0.143596	-0.102889	0.610000
53	0.595430	-0.141621	-0.060268	0.610000
54	0.591997	-0.035963	-0.162702	0.610000
55	0.606498	-0.053829	-0.086530	0.610000
56	0.580626	-0.163769	0.119493	0.610000
57	0.583542	0.034772	-0.191034	0.610000
58	0.598607	-0.066786	-0.124233	0.610000
59	0.614054	0.034077	-0.001222	0.610000
60	0.593661	-0.065791	0.146503	0.610000
61	0.531121	0.217939	-0.220539	0.610000
62	0.537459	0.292810	-0.060204	0.610000
63	0.578197	-0.037447	-0.206183	0.610000
64	0.575946	-0.177567	0.122399	0.610000
65	0.611028	0.069065	-0.010007	0.610000
66	0.614499	-0.024761	0.001624	0.610000
67	0.588472	0.108007	0.142340	0.610000
68	0.553519	-0.047260	0.263833	0.610000
69	0.605774	-0.018727	0.104462	0.610000
70	0.613520	-0.037326	-0.020605	0.610000
71	0.603974	-0.001251	-0.115925	0.610000
72	0.600513	-0.061073	0.117811	0.610000
73	0.482826	-0.380828	-0.008603	0.610000
74	0.524038	-0.243509	0.210506	0.610000
75	0.591914	0.020930	-0.165605	0.610000
76	0.545778	0.246818	-0.139400	0.610000
77	0.614044	0.034035	0.004083	0.610000
78	0.609533	-0.076356	0.029395	0.610000
79	0.593722	0.007820	-0.160182	0.610000
80	0.604305	-0.046661	-0.104224	0.610000
81	0.598638	0.040386	-0.135007	0.610000
82	0.545646	-0.236973	0.156010	0.610000
83	0.583105	-0.163026	-0.107869	0.610000
84	0.553502	-0.267656	-0.014871	0.610000
85	0.614369	0.003381	-0.027637	0.610000
86	0.522708	-0.138577	-0.292912	0.610000
87	0.611197	0.068194	0.003662	0.610000
88	0.571957	0.206281	0.092403	0.610000
89	0.609586	0.081120	-0.007024	0.610000
90	0.583865	0.165995	-0.098856	0.610000
91	0.613098	-0.046072	0.014609	0.610000
92	0.576430	-0.118104	0.178900	0.610000
93	0.578594	0.144694	0.150060	0.610000
94	0.605561	-0.085310	-0.065142	0.610000
95	0.587165	0.123354	-0.135077	0.610000
96	0.604265	0.032176	0.109789	0.610000
97	0.581249	0.188416	-0.069814	0.610000
98	0.544034	0.113523	-0.263371	0.610000
99	0.606197	0.096005	-0.039153	0.610000
100	0.575014	-0.175944	0.128947	0.610000
101	0.607918	-0.039781	0.084130	0.610000
102	0.478640	-0.382508	0.053070	0.610000
103	0.598224	0.003068	0.142633	0.610000
104	0.597225	-0.107550	-0.099903	0.610000
105	0.596771	0.132783	0.066772	0.610000
106	0.610145	-0.048687	0.059813	0.610000
107	0.600452	0.095997	0.092015	0.610000
108	0.557865	0.255965	-0.038651	0.610000
109	0.533057	-0.282258	-0.120021	0.610000
110	0.609027	0.081573	0.025619	0.610000
111	0.465753	-0.288970	0.278917	0.610000
112	0.516382	-0.240392	0.231918	0.610000
113	0.602548	0.123002	0.005647	0.610000
114	0.607727	0.080931	-0.048412	0.610000
115	0.591653	0.117526	0.119828	0.610000
116	0.602110	0.070613	0.103453	0.610000
117	0.319785	0.509780	-0.126836	0.610000
118	0.586408	0.168586	-0.077003	0.610000
119	0.601525	0.099633	0.080410	0.610000
120	0.584155	-0.073057	-0.177905	0.610000
121	0.605212	-0.081381	0.072944	0.610000
122	0.556650	-0.233199	0.118255	0.610000
123	0.584814	-0.063601	0.179368	0.610000
124	0.608796	0.045051	0.074583	0.610000
125	0.599612	0.136335	-0.010152	0.610000
126	0.545087	0.223763	-0.176167	0.610000
127	0.605012	0.078374	-0.077736	0.610000
128	0.602562	-0.105967	0.062570	0.610000
129	0.588241	-0.148925	-0.100093	0.610000
130	0.600516	-0.104846	0.081318	0.610000
131	0.590278	-0.135294	0.107204	0.610000
132	0.609180	-0.047411	-0.069837	0.610000
133	0.598161	0.049225	0.134183	0.610000
134	0.453665	-0.124541	-0.396110	0.610000
135	0.579380	-0.148868	-0.142764	0.610000
136	0.588571	0.130079	0.122020	0.610000
137	0.563709	-0.245590	0.011923	0.610000
138	0.614237	-0.001897	-0.030562	0.610000
139	0.603437	-0.116820	-0.021018	0.610000
140	0.612684	-0.011408	0.052092	0.610000
141	0.573597	-0.086616	-0.204229	0.610000
142	0.608740	-0.079981	-0.035545	0.610000
143	0.612019	-0.012711	0.059130	0.610000
144	0.606947	0.096748	0.021920	0.610000
145	0.611289	-0.043843	-0.051264	0.610000
146	0.590096	-0.169880	-0.033945	0.610000
147	0.613770	0.034007	0.018835	0.610000
148	0.613331	-0.044981	0.005185	0.610000
149	0.603697	-0.071101	-0.093382	0.610000
150	0.597523	-0.094786	0.110485	0.610000
151	0.571519	-0.146935	0.173209	0.610000
152	0.607331	0.079337	0.055498	0.610000
153	0.570931	-0.058897	0.220894	0.610000
154	0.603147	-0.102088	-0.063379	0.610000
155	0.598187	-0.116549	-0.082545	0.610000
156	0.586215	0.013874	-0.185430	0.610000
157	0.584848	0.154044	-0.111573	0.610000
158	0.588646	-0.138156	-0.112400	0.610000
159	0.570954	-0.209106	-0.092255	0.610000
160	0.603934	-0.022317	-0.113978	0.610000
161	0.595045	-0.135145	-0.076696	0.610000
162	0.607252	0.006748	0.097083	0.610000
163	0.580123	0.146661	0.142030	0.610000
164	0.548430	0.264036	-0.087948	0.610000
165	0.608160	-0.000730	-0.091465	0.610000
166	0.609938	0.011713	-0.077870	0.610000
167	0.612846	-0.026742	-0.043924	0.610000
168	0.583932	0.078429	-0.176345	0.610000
169	0.588556	0.166816	-0.063235	0.610000
170	0.611216	0.066930	-0.012667	0.610000
171	0.597454	-0.142345	0.031801	0.610000
172	0.612969	0.045566	0.020434	0.610000
173	0.557361	0.238347	-0.103751	0.610000
174	0.578720	-0.204357	0.039326	0.610000
175	0.612831	-0.048687	-0.017098	0.610000
176	0.600679	0.067965	-0.113094	0.610000
177	0.590362	0.141582	0.098245	0.610000
178	0.569069	0.135217	0.190003	0.610000
179	0.579774	-0.144409	-0.145716	0.610000
180	0.568482	0.075604	-0.222120	0.610000
181	0.548074	0.143518	-0.239255	0.610000
182	0.569252	-0.179520	0.148155	0.610000
183	0.561794	-0.249454	0.019637	0.610000
184	0.609939	-0.042080	-0.066546	0.610000
185	0.603589	-0.117694	0.007300	0.610000
186	0.600823	0.065154	-0.113981	0.610000
187	0.595119	-0.029299	-0.152317	0.610000
188	0.611453	0.064402	0.014255	0.610000
189	0.613734	-0.039363	0.002511	0.610000
190	0.469677	-0.390742	-0.070349	0.610000
191	0.597938	-0.089643	-0.112513	0.610000
192	0.598536	0.062246	-0.126908	0.610000
193	0.591363	0.130138	-0.107603	0.610000
194	0.601471	0.059227	-0.113797	0.610000
195	0.599372	-0.104961	0.089225	0.610000
196	0.580167	-0.077811	-0.188618	0.610000
197	0.600949	0.130438	-0.008430	0.610000
198	0.609242	-0.061253	0.057426	0.610000
199	0.606550	-0.005147	0.101467	0.610000
200	0.572392	0.165164	0.152685	0.610000
201	0.612555	0.026800	-0.047786	0.610000
202	0.592864	0.064113	-0.150420	0.610000
203	0.575729	-0.185739	0.110736	0.610000
204	0.598911	-0.074638	0.118152	0.610000
205	0.608339	0.020868	0.087824	0.610000
206	0.531931	-0.246343	-0.185984	0.610000
207	0.556726	0.119582	-0.232339	0.610000
208	0.462434	-0.319472	0.249634	0.610000
209	0.585585	-0.143554	0.121274	0.610000
210	0.613139	0.030327	0.036963	0.610000
211	0.473454	0.348321	-0.180937	0.610000
212	0.612941	-0.014078	-0.048274	0.610000
213	0.581419	0.189459	0.065440	0.610000
214	0.586489	0.146322	-0.113337	0.610000
215	0.545186	0.196178	-0.206183	0.610000
216	0.597091	0.119653	-0.085969	0.610000
217	0.598251	-0.131276	0.055564	0.610000
218	0.568739	-0.112102	0.205413	0.610000
219	0.543868	-0.100843	0.268819	0.610000
220	0.600261	-0.035592	0.129015	0.610000
221	0.610167	0.061126	0.046747	0.610000
222	0.539954	0.205156	0.211153	0.610000
223	0.598816	0.136058	-0.033661	0.610000
224	0.602989	0.115686	-0.035304	0.610000
225	0.584220	-0.095900	0.166479	0.610000
226	0.610960	-0.045791	0.053446	0.610000
227	0.609475	-0.008872	-0.081771	0.610000
228	0.565758	-0.240264	-0.020410	0.610000
229	0.595449	-0.139821	-0.064154	0.610000
230	0.594873	0.155989	-0.004299	0.610000
231	0.562535	-0.105872	0.224878	0.610000
232	0.567647	0.172316	-0.162199	0.610000
233	0.586862	0.031683	-0.181147	0.610000
234	0.604241	0.084992	-0.076770	0.610000
235	0.597203	-0.050220	-0.138029	0.610000
236	0.614647	0.020768	0.001498	0.610000
237	0.613691	-0.027079	0.029573	0.610000
238	0.612517	-0.050356	-0.022625	0.610000
239	0.609187	-0.079813	-0.027303	0.610000
240	0.540734	-0.081865	0.281301	0.610000
241	0.606462	-0.044256	-0.092031	0.610000
242	0.605190	0.038647	-0.102354	0.610000
243	0.611598	-0.035262	-0.054130	0.610000
244	0.580949	-0.125749	0.157830	0.610000
245	0.607496	0.055437	0.078108	0.610000
246	0.608757	-0.054441	0.068380	0.610000
247	0.607965	0.027285	-0.088653	0.610000
248	0.531423	-0.120003	-0.285331	0.610000
249	0.596863	-0.035533	-0.143934	0.610000
250	0.579793	0.042163	-0.200717	0.610000
251	0.581457	-0.094368	0.176713	0.610000
252	0.603686	-0.100729	0.060350	0.610000
253	0.591424	0.134025	-0.102373	0.610000
254	0.583910	-0.051143	0.186168	0.610000
255	0.581634	0.096890	-0.174755	0.610000
256	0.569132	-0.087199	-0.216125	0.610000
257	0.600020	0.021852	-0.133129	0.610000
258	0.594619	-0.135945	-0.078564	0.610000
259	0.599736	0.104425	0.087387	0.610000
260	0.610181	-0.010554	-0.076114	0.610000
261	0.609071	0.060131	-0.060347	0.610000
262	0.614275	0.007775	-0.028827	0.610000
263	0.581507	-0.197000	0.035580	0.610000
264	0.604533	-0.092214	0.065280	0.610000
265	0.603386	-0.094661	-0.072041	0.610000
266	0.598947	0.089744	-0.106930	0.610000
267	0.534726	-0.059854	-0.297843	0.610000
268	0.602328	-0.123952	0.007841	0.610000
269	0.603750	-0.102591	0.056439	0.610000
270	0.583465	0.138369	-0.136556	0.610000
271	0.591193	0.147401	0.083601	0.610000
272	0.596286	0.141304	-0.051969	0.610000
273	0.602483	0.025894	0.120703	0.610000
274	0.605857	0.026512	-0.102272	0.610000
275	0.614519	0.018673	0.015591	0.610000
276	0.593759	-0.042077	-0.154610	0.610000
277	0.606379	-0.089421	-0.050338	0.610000
278	0.596354	-0.137026	0.061736	0.610000
279	0.612129	0.005584	0.059089	0.610000
280	0.613176	0.013550	0.045356	0.610000
281	0.594366	0.099716	0.122518	0.610000
282	0.608472	0.033359	0.082909	0.610000
283	0.604558	0.068905	-0.089371	0.610000
284	0.613771	-0.006181	-0.038373	0.610000
285	0.586492	0.157817	0.096674	0.610000
286	0.612419	0.024425	0.050712	0.610000
287	0.609453	-0.081651	-0.011211	0.610000
288	0.605863	-0.104919	0.012115	0.610000
289	0.611070	-0.055991	0.041027	0.610000
290	0.589745	0.038056	-0.170230	0.610000
291	0.612319	-0.051501	-0.025265	0.610000
292	0.569908	0.222016	0.064337	0.610000
293	0.595316	0.141325	0.062058	0.610000
294	0.604689	-0.110200	-0.020785	0.610000
295	0.589170	-0.175810	0.013965	0.610000
296	0.610485	0.057109	0.047660	0.610000
297	0.603068	0.087910	0.082499	0.610000
298	0.613721	0.039095	0.006540	0.610000
299	0.609506	-0.020805	0.079335	0.610000
300	0.602641	-0.014604	-0.121802	0.610000
301	0.578959	0.198364	-0.060689	0.610000
302	0.551648	0.015455	-0.271423	0.610000
303	0.527489	0.307904	-0.071945	0.610000
304	0.552006	-0.143521	0.230036	0.610000
305	0.603738	-0.092791	-0.071523	0.610000
306	0.543869	0.286721	-0.014917	0.610000
307	0.614647	0.017392	-0.011457	0.610000
308	0.611067	0.067659	0.015622	0.610000
309	0.614993	-0.002014	-0.002269	0.610000
310	0.607541	0.057318	0.076377	0.610000
311	0.595203	0.134870	-0.075953	0.610000
312	0.601638	0.100988	0.077838	0.610000
313	0.500154	-0.324470	-0.150964	0.610000
314	0.577182	-0.190494	-0.093797	0.610000
315	0.533782	-0.193510	0.236339	0.610000
316	0.576416	-0.201290	0.073835	0.610000
317	0.577352	0.117696	-0.176174	0.610000
318	0.518042	0.041463	-0.328844	0.610000
319	0.605248	-0.093904	0.055512	0.610000
320	0.605516	-0.052853	0.093712	0.610000
321	0.565094	0.241340	-0.025474	0.610000
322	0.423152	0.311549	-0.319537	0.610000
323	0.552283	0.240778	-0.123429	0.610000
324	0.538927	-0.176139	-0.238239	0.610000
325	0.613271	-0.011363	0.044662	0.610000
326	0.573901	-0.148605	0.163644	0.610000
327	0.594647	-0.153863	-0.030748	0.610000
328	0.601770	-0.064598	0.109202	0.610000
329	0.614671	-0.001757	0.020038	0.610000
330	0.508303	0.340795	-0.060927	0.610000
331	0.607984	0.084892	-0.037062	0.610000
332	0.584417	-0.136767	0.134075	0.610000
333	0.577988	0.143617	0.153391	0.610000
334	0.565217	-0.242335	0.005320	0.610000
335	0.588017	-0.105990	0.145696	0.610000
336	0.603169	-0.082516	0.087196	0.610000
337	0.604080	-0.105513	0.046684	0.610000
338	0.587208	0.124446	-0.133885	0.610000
339	0.599957	-0.124971	-0.051559	0.610000
340	0.583096	-0.001230	0.195505	0.610000
341	0.605403	-0.034316	0.102641	0.610000
342	0.613639	0.019478	-0.035959	0.610000
343	0.592629	-0.074770	-0.146374	0.610000
344	0.609004	-0.085464	0.005940	0.610000
345	0.609341	-0.079279	0.025368	0.610000
346	0.605631	-0.056197	-0.090981	0.610000
347	0.603546	0.117165	-0.015154	0.610000
348	0.614000	0.033533	-0.010226	0.610000
349	0.607828	0.006916	-0.093391	0.610000
350	0.610927	-0.049656	-0.050272	0.610000
351	0.582708	0.095207	0.172082	0.610000
352	0.609383	0.060749	-0.056457	0.610000
353	0.611135	0.055420	0.040833	0.610000
354	0.535515	0.152216	-0.261303	0.610000
355	0.606784	0.003647	-0.100123	0.610000
356	0.598514	-0.123052	0.069745	0.610000
357	0.589798	0.122143	0.124277	0.610000
358	0.577364	0.159584	-0.139313	0.610000
359	0.592143	-0.144472	-0.081968	0.610000
360	0.605978	0.058730	-0.086987	0.610000
361	0.569567	0.125598	-0.195048	0.610000
362	0.588580	-0.163654	0.070822	0.610000
363	0.607520	-0.023772	0.092625	0.610000
364	0.585376	-0.038642	-0.184571	0.610000
365	0.606428	-0.070775	-0.073902	0.610000
366	0.595654	-0.032680	-0.149509	0.610000
367	0.608002	-0.030048	-0.087498	0.610000
368	0.612377	-0.016366	-0.054331	0.610000
369	0.613276	-0.030048	-0.034847	0.610000
370	0.609122	-0.037433	0.076119	0.610000
371	0.593981	-0.159063	0.010513	0.610000
372	0.600016	-0.047569	0.126264	0.610000
373	0.583539	-0.008555	0.193995	0.610000
374	0.600208	-0.086542	0.102403	0.610000
375	0.603014	-0.109796	0.050442	0.610000
376	0.604341	0.005474	-0.113871	0.610000
377	0.614641	0.018786	-0.009405	0.610000
378	0.610335	-0.058094	0.048384	0.610000
379	0.607318	-0.006326	-0.096697	0.610000
380	0.598833	0.140086	-0.000281	0.610000
381	0.597959	0.000712	0.143767	0.610000
382	0.502721	0.244904	0.255965	0.610000
383	0.614530	-0.004037	-0.023690	0.610000
384	0.612767	0.017358	-0.049403	0.610000
385	0.608768	-0.086294	0.013419	0.610000
386	0.605804	-0.101085	0.031751	0.610000
387	0.590389	-0.108632	0.133661	0.610000
388	0.579202	0.123172	0.166069	0.610000
389	0.609924	-0.008646	0.078377	0.610000
390	0.611452	0.039976	0.052472	0.610000
391	0.582454	-0.068395	-0.185187	0.610000
392	0.609635	0.039642	0.070705	0.610000
393	0.582789	0.110426	-0.162443	0.610000
394	0.605438	0.106966	-0.015121	0.610000
395	0.560423	-0.168937	0.188710	0.610000
396	0.602938	0.015930	0.120155	0.610000
397	0.595373	-0.116183	-0.101281	0.610000
398	0.603354	-0.113026	0.037606	0.610000
399	0.607696	0.078089	-0.053223	0.610000
400	0.598234	-0.141731	-0.015933	0.610000
401	0.586584	0.061037	-0.174410	0.610000
402	0.593991	-0.004716	0.159304	0.610000
403	0.610518	-0.059133	0.044683	0.610000
404	0.601778	0.035270	0.121837	0.610000
405	0.607000	-0.079384	0.058946	0.610000
406	0.606306	0.014962	-0.101949	0.610000
407	0.583285	0.181018	-0.072359	0.610000
408	0.614833	-0.006571	-0.012756	0.610000
409	0.582073	0.012979	-0.198110	0.610000
410	0.601654	-0.124971	-0.024896	0.610000
411	0.609835	0.032605	0.072548	0.610000
412	0.581645	-0.067467	0.188049	0.610000
413	0.562566	-0.183541	-0.167502	0.610000
414	0.605117	0.068623	-0.085730	0.610000
415	0.610499	0.014161	0.072909	0.610000
416	0.600931	-0.014387	-0.130002	0.610000
417	0.577478	0.140869	0.157797	0.610000
418	0.596989	-0.128296	-0.073277	0.610000
419	0.605556	0.030603	0.102909	0.610000
420	0.453916	-0.414909	0.005966	0.610000
421	0.488300	-0.285908	0.240926	0.610000
422	0.607580	0.070801	-0.063712	0.610000
423	0.563807	0.218778	-0.111727	0.610000
424	0.587117	-0.146534	0.109755	0.610000
425	0.561238	0.231256	0.098780	0.610000
426	0.373181	0.352845	0.338321	0.610000
427	0.524698	0.265569	-0.179973	0.610000
428	0.611195	-0.046369	-0.050161	0.610000
429	0.543512	-0.283801	0.047711	0.610000
430	0.569096	-0.211004	-0.099157	0.610000
431	0.613369	-0.037139	0.024994	0.610000
432	0.538285	-0.290896	-0.062081	0.610000
433	0.612627	-0.042497	0.033265	0.610000
434	0.577468	-0.159096	0.139444	0.610000
435	0.578870	0.202212	-0.047385	0.610000
436	0.612918	-0.050012	-0.007466	0.610000
437	0.587199	0.086221	-0.161211	0.610000
438	0.529892	-0.134070	0.281895	0.610000
439	0.609182	-0.057452	0.061821	0.610000
440	0.586524	-0.043625	0.179755	0.610000
441	0.586401	-0.162549	0.089089	0.610000
442	0.607380	0.019204	0.094584	0.610000
443	0.601269	-0.122838	0.040143	0.610000
444	0.597697	0.140940	0.033450	0.610000
445	0.513261	-0.181601	-0.286023	0.610000
446	0.611681	0.038950	-0.050534	0.610000
447	0.600817	0.006915	0.131135	0.610000
448	0.611329	-0.061894	-0.025892	0.610000
449	0.584208	-0.152048	0.117505	0.610000
450	0.588619	-0.166480	-0.063535	0.610000
451	0.609125	-0.036946	-0.076333	0.610000
452	0.611226	-0.042986	-0.052730	0.610000
453	0.521053	-0.254649	-0.204654	0.610000
454	0.603265	-0.109633	-0.047722	0.610000
455	0.607877	0.063895	0.068031	0.610000
456	0.596920	0.114552	0.093750	0.610000
457	0.580675	0.160947	0.123036	0.610000
458	0.611374	-0.064500	0.016942	0.610000
459	0.608182	-0.065116	-0.064026	0.610000
460	0.573608	-0.081028	-0.206478	0.610000
461	0.607288	0.023868	-0.094107	0.610000
462	0.573946	-0.220930	0.000560	0.610000
463	0.612604	0.044076	0.031591	0.610000
464	0.561439	-0.187619	0.166766	0.610000
465	0.596961	-0.144692	-0.030448	0.610000
466	0.614097	0.012228	0.030987	0.610000
467	0.614275	0.028775	0.007929	0.610000
468	0.583565	-0.189721	-0.041018	0.610000
469	0.605862	0.055932	-0.089597	0.610000
470	0.573575	-0.016659	-0.221268	0.610000
471	0.584492	0.034933	-0.188078	0.610000
472	0.611183	0.050584	0.046060	0.610000
473	0.610655	0.053264	0.049887	0.610000
474	0.610796	-0.070847	0.011599	0.610000
475	0.572337	-0.172722	0.144301	0.610000
476	0.598445	-0.077101	-0.118930	0.610000
477	0.606856	0.027943	-0.095759	0.610000
478	0.611942	-0.030405	0.053169	0.610000
479	0.593561	0.149540	0.059562	0.610000
480	0.594202	-0.016533	0.157719	0.610000
481	0.613144	-0.047518	-0.004598	0.610000
482	0.603768	0.091817	-0.072521	0.610000
483	0.586212	0.185738	0.009046	0.610000
484	0.612011	0.044769	0.040783	0.610000
485	0.603923	0.014190	0.115327	0.610000
486	0.602726	-0.082900	-0.089853	0.610000
487	0.611447	-0.065999	0.001190	0.610000
488	0.606572	0.008579	-0.101105	0.610000
489	0.608281	0.089107	0.016711	0.610000
490	0.597308	-0.135932	0.054505	0.610000
491	0.576322	-0.210057	-0.044203	0.610000
492	0.608215	-0.071961	-0.055869	0.610000
493	0.574019	-0.018330	0.219981	0.610000
494	0.612120	0.048690	-0.034112	0.610000
495	0.594273	0.157506	-0.016010	0.610000
496	0.572023	0.169647	-0.149112	0.610000
497	0.566213	0.216570	-0.103562	0.610000
498	0.596628	-0.149142	-0.004058	0.610000
499	0.607331	-0.095395	0.016550	0.610000
500	0.574186	-0.183064	0.122567	0.610000
501	0.613898	-0.034572	-0.012589	0.610000
502	0.603490	-0.042968	0.110356	0.610000
503	0.603787	-0.050781	-0.105295	0.610000
504	0.603575	0.044882	-0.109125	0.610000
505	0.613000	0.017085	-0.046516	0.610000
506	0.604761	-0.079047	0.078996	0.610000
507	0.583678	-0.093237	0.169860	0.610000
508	0.599534	-0.048281	0.128269	0.610000
509	0.604174	-0.034547	-0.109569	0.610000
510	0.608403	0.004424	0.089728	0.610000
511	0.613555	-0.035074	-0.023346	0.610000
512	0.595989	0.086214	-0.124857	0.610000
513	0.608652	0.085296	-0.022202	0.610000
514	0.609157	-0.002712	0.084527	0.610000
515	0.595962	0.094820	-0.118589	0.610000
516	0.578135	0.047082	0.204373	0.610000
517	0.601745	0.125649	0.018456	0.610000
518	0.602627	0.006115	-0.122589	0.610000
519	0.612965	-0.012888	0.048298	0.610000
520	0.596334	0.146839	-0.032391	0.610000
521	0.603187	0.022423	0.117846	0.610000
522	0.607994	0.021729	-0.089978	0.610000
523	0.608851	-0.032104	-0.080591	0.610000
524	0.598269	-0.052780	0.132338	0.610000
525	0.592658	-0.137370	0.090063	0.610000
526	0.613640	0.036392	-0.018617	0.610000
527	0.559201	0.164160	0.196395	0.610000
528	0.606299	-0.009111	0.102684	0.610000
529	0.597975	-0.041767	-0.137502	0.610000
530	0.608985	-0.007935	-0.085433	0.610000
531	0.590770	0.150279	0.081437	0.610000
532	0.608237	0.058830	-0.069365	0.610000
533	0.551880	0.259848	0.078310	0.610000
534	0.540002	-0.246427	-0.160926	0.610000
535	0.604704	-0.071665	0.086151	0.610000
536	0.611377	-0.008508	-0.066115	0.610000
537	0.553604	-0.267568	-0.012452	0.610000
538	0.558117	0.191285	-0.173610	0.610000
539	0.595118	-0.087440	-0.128118	0.610000
540	0.592542	0.016185	0.163881	0.610000
541	0.573917	-0.102517	0.195793	0.610000
542	0.527696	0.262112	0.176235	0.610000
543	0.526159	0.316701	-0.032898	0.610000
544	0.590094	0.173087	0.007411	0.610000
545	0.595297	0.141517	-0.061798	0.610000
546	0.595644	0.011802	0.152624	0.610000
547	0.603704	-0.071556	-0.092983	0.610000
548	0.576929	-0.175864	0.120206	0.610000
549	0.589597	-0.110645	0.135492	0.610000
550	0.613607	-0.016618	0.037892	0.610000
551	0.585963	0.102816	-0.155890	0.610000
552	0.614516	-0.017653	-0.016820	0.610000
553	0.576808	-0.013676	0.212908	0.610000
554	0.552043	0.067696	0.262471	0.610000
555	0.610121	0.076658	-0.010018	0.610000
556	0.587195	-0.181760	0.019765	0.610000
557	0.599764	0.008904	-0.135751	0.610000
558	0.614336	0.022851	-0.017133	0.610000
559	0.612352	0.041250	0.039354	0.610000
560	0.602162	-0.012381	-0.124391	0.610000
561	0.612151	0.000924	-0.059120	0.610000
562	0.597022	0.143833	0.033199	0.610000
563	0.612207	-0.034645	0.047195	0.610000
564	0.599038	-0.125119	0.061025	0.610000
565	0.588737	-0.095911	-0.149717	0.610000
566	0.614121	-0.030759	0.011602	0.610000
567	0.608181	0.074538	-0.052769	0.610000
568	0.569352	0.065035	-0.223235	0.610000
569	0.595100	0.046837	0.147942	0.610000
570	0.603887	0.114087	0.023008	0.610000
571	0.613406	-0.001259	0.044229	0.610000
572	0.606735	-0.001134	0.100481	0.610000
573	0.610468	-0.053888	-0.051480	0.610000
574	0.575741	-0.067827	-0.205298	0.610000
575	0.576495	-0.177546	0.119815	0.610000
576	0.603236	0.073910	-0.094176	0.610000
577	0.612807	0.027210	0.044180	0.610000
578	0.576268	0.039590	-0.211123	0.610000
579	0.601577	0.023863	0.125541	0.610000
580	0.588980	-0.064669	-0.164758	0.610000
581	0.607796	-0.091259	-0.021932	0.610000
582	0.607506	-0.073915	-0.060809	0.610000
583	0.601377	-0.114128	-0.059543	0.610000
584	0.599877	0.100774	-0.090650	0.610000
585	0.553540	0.013432	-0.267653	0.610000
586	0.600613	-0.013239	-0.131583	0.610000
587	0.600940	0.092625	0.092290	0.610000
588	0.606334	-0.079776	-0.064959	0.610000
589	0.596236	-0.148869	-0.023777	0.610000
590	0.614131	-0.012310	-0.030274	0.610000
591	0.612131	-0.004103	0.059190	0.610000
592	0.607309	-0.096582	0.008504	0.610000
593	0.614960	-0.007022	0.000074	0.610000
594	0.588189	0.179359	0.009464	0.610000
595	0.609706	-0.056115	0.057744	0.610000
596	0.612435	-0.006784	0.055701	0.610000
597	0.605247	0.102465	-0.037450	0.610000
598	0.610502	-0.058709	-0.045451	0.610000
599	0.613543	-0.041163	0.009751	0.610000
600	0.612503	0.035828	0.042200	0.610000
601	0.599480	-0.096265	0.097888	0.610000
602	0.578044	-0.061291	0.200831	0.610000
603	0.593553	-0.041490	0.155559	0.610000
604	0.594473	0.150944	0.045195	0.610000
605	0.596338	0.132870	-0.070371	0.610000
606	0.582505	0.072059	-0.183631	0.610000
607	0.611652	-0.059388	-0.024093	0.610000
608	0.613608	-0.025250	-0.032745	0.610000
609	0.609726	0.072359	-0.034975	0.610000
610	0.605785	0.088736	-0.058102	0.610000
611	0.595965	-0.148619	-0.031031	0.610000
612	0.603500	0.111831	-0.038816	0.610000
613	0.613143	-0.041423	0.023758	0.610000
614	0.611519	-0.018844	0.062570	0.610000
615	0.593261	0.054546	-0.152614	0.610000
616	0.603636	-0.018559	0.116207	0.610000
617	0.612394	-0.010043	-0.055658	0.610000
618	0.611055	0.021795	0.066042	0.610000
619	0.606970	-0.046557	0.087433	0.610000
620	0.610027	0.011541	-0.077195	0.610000
621	0.614253	-0.012728	-0.027510	0.610000
622	0.585649	0.180276	0.052358	0.610000
623	0.597058	-0.007927	0.147255	0.610000
624	0.588179	0.019633	0.178562	0.610000
625	0.594480	-0.050579	0.149199	0.610000
626	0.603283	-0.077397	-0.091021	0.610000
627	0.607390	0.088067	-0.039330	0.610000
628	0.547859	0.194110	-0.200989	0.610000
629	0.613171	0.047338	-0.002426	0.610000
630	0.576173	0.010561	0.214799	0.610000
631	0.508472	-0.331651	-0.098431	0.610000
632	0.564808	-0.055770	0.236869	0.610000
633	0.596019	-0.084649	0.125780	0.610000
634	0.600964	0.088079	-0.096486	0.610000
635	0.610645	0.073055	0.000449	0.610000
636	0.607821	0.080298	0.048274	0.610000
637	0.571345	0.168323	0.153160	0.610000
638	0.599308	0.086305	0.107734	0.610000
639	0.382336	0.387125	0.286668	0.610000
640	0.559802	0.253540	0.023767	0.610000
641	0.592462	-0.050696	-0.156982	0.610000
642	0.570116	-0.151814	0.173623	0.610000
643	0.610241	0.057436	-0.050314	0.610000
644	0.593748	0.090908	0.131999	0.610000
645	0.490817	-0.368947	-0.034661	0.610000
646	0.603154	0.120110	0.002035	0.610000
647	0.598654	-0.130864	-0.052090	0.610000
648	0.560335	0.253472	-0.001402	0.610000
649	0.578344	0.086143	0.190584	0.610000
650	0.583072	0.191562	-0.039448	0.610000
651	0.602133	0.078364	0.097572	0.610000
652	0.552484	-0.212672	0.166606	0.610000
653	0.609572	-0.081517	-0.001593	0.610000
654	0.581503	-0.045254	-0.195016	0.610000
655	0.592308	0.106991	-0.126290	0.610000
656	0.612317	0.055734	-0.013678	0.610000
657	0.605075	-0.053521	-0.096148	0.610000
658	0.549567	-0.155136	-0.228328	0.610000
659	0.611148	-0.065633	0.020391	0.610000
660	0.600417	-0.038181	0.127541	0.610000
661	0.539285	0.277545	0.101811	0.610000
662	0.610160	-0.075867	0.013178	0.610000
663	0.611992	-0.026059	0.054884	0.610000
664	0.578135	-0.174251	-0.116714	0.610000
665	0.583780	-0.052502	-0.186197	0.610000
666	0.555205	-0.227594	-0.134808	0.610000
667	0.595885	-0.055943	-0.141481	0.610000
668	0.595296	0.058695	-0.142836	0.610000
669	0.605181	0.068499	0.085374	0.610000
670	0.604923	-0.030009	0.106734	0.610000
671	0.597299	-0.067520	0.130000	0.610000
672	0.607041	-0.003339	0.098565	0.610000
673	0.569540	-0.082635	0.216842	0.610000
674	0.572981	-0.195225	-0.108650	0.610000
675	0.601464	-0.006744	0.128144	0.610000
676	0.493581	-0.326499	-0.167336	0.610000
677	0.601016	-0.119108	0.053080	0.610000
678	0.575725	0.093546	-0.194974	0.610000
679	0.552599	0.204647	0.176010	0.610000
680	0.602356	0.117563	-0.039639	0.610000
681	0.591552	-0.167910	0.009890	0.610000
682	0.578365	-0.170538	-0.120976	0.610000
683	0.592274	0.000835	-0.165638	0.610000
684	0.589738	-0.157035	0.075991	0.610000
685	0.585880	-0.156834	0.101848	0.610000
686	0.614079	0.026093	0.021233	0.610000
687	0.579471	0.182165	-0.096201	0.610000
688	0.597576	-0.084775	-0.118074	0.610000
689	0.610981	-0.056796	-0.041248	0.610000
690	0.546559	0.240707	-0.146827	0.610000
691	0.599067	-0.136482	0.026771	0.610000
692	0.609022	-0.085487	0.003043	0.610000
693	0.606930	0.086454	0.048859	0.610000
694	0.611567	-0.054320	-0.035493	0.610000
695	0.576038	-0.161597	-0.142449	0.610000
696	0.613022	0.005960	0.048922	0.610000
697	0.474790	-0.004017	0.390875	0.610000
698	0.592385	-0.133048	-0.097998	0.610000
699	0.582204	-0.021929	-0.196934	0.610000
700	0.600210	-0.108197	0.079163	0.610000
701	0.580390	-0.070159	0.190921	0.610000
702	0.581710	-0.087809	-0.179243	0.610000
703	0.585228	-0.180510	0.056122	0.610000
704	0.581541	0.016391	0.199414	0.610000
705	0.492205	-0.348557	-0.120279	0.610000
706	0.605202	-0.094362	0.055237	0.610000
707	0.592371	0.110543	-0.122892	0.610000
708	0.568665	0.234103	-0.006357	0.610000
709	0.584250	0.100408	-0.163694	0.610000
710	0.572710	0.129036	-0.183242	0.610000
711	0.582534	-0.193051	0.040134	0.610000
712	0.607601	-0.008540	0.094724	0.610000
713	0.605699	-0.000494	0.106551	0.610000
714	0.574847	-0.121896	-0.181431	0.610000
715	0.611659	-0.012093	-0.062865	0.610000
716	0.576656	0.178104	-0.118202	0.610000
717	0.426052	0.239730	-0.373142	0.610000
718	0.594196	-0.031956	0.155354	0.610000
719	0.544831	-0.163773	-0.233586	0.610000
720	0.563042	-0.067491	0.238021	0.610000
721	0.613203	0.046629	-0.005708	0.610000
722	0.559843	-0.152776	-0.203619	0.610000
723	0.614095	-0.033314	0.001539	0.610000
724	0.573128	-0.216152	-0.055021	0.610000
725	0.567230	0.154582	-0.180497	0.610000
726	0.597251	0.006390	-0.146547	0.610000
727	0.595718	-0.018772	-0.151634	0.610000
728	0.512288	0.309588	-0.141215	0.610000
729	0.614831	-0.010393	-0.009967	0.610000
730	0.486712	0.279354	0.251590	0.610000
731	0.591258	0.168929	0.010090	0.610000
732	0.567279	-0.236702	0.019799	0.610000
733	0.604442	-0.084935	0.075237	0.610000
734	0.550355	0.251258	0.110471	0.610000
735	0.544009	0.037003	-0.284448	0.610000
736	0.587737	0.119283	-0.136242	0.610000
737	0.605524	0.075175	-0.076905	0.610000
738	0.456161	-0.410834	0.036844	0.610000
739	0.597683	0.084423	0.117784	0.610000
740	0.589825	-0.109134	0.135727	0.610000
741	0.575153	0.066938	0.207227	0.610000
742	0.580941	-0.184103	0.082697	0.610000
743	0.603768	0.104045	0.053512	0.610000
744	0.575993	-0.176785	0.123304	0.610000
745	0.595538	-0.002277	0.153473	0.610000
746	0.578525	0.093726	0.186411	0.610000
747	0.496834	0.360595	0.036780	0.610000
748	0.563716	0.216428	-0.116655	0.610000
749	0.600532	-0.048888	-0.123275	0.610000
750	0.606175	0.102881	0.013863	0.610000
751	0.554524	0.116821	-0.238917	0.610000
752	0.605403	0.100156	0.040998	0.610000
753	0.584231	-0.170294	0.088874	0.610000
754	0.539578	0.025855	-0.293959	0.610000
755	0.505614	0.270374	0.222435	0.610000
756	0.548869	0.159368	-0.227090	0.610000
757	0.575491	-0.185865	-0.111754	0.610000
758	0.545683	-0.115693	0.258980	0.610000
759	0.577528	0.202567	0.060439	0.610000
760	0.569687	-0.202006	0.113468	0.610000
761	0.610764	-0.066333	0.028143	0.610000
762	0.603809	0.067232	0.095495	0.610000
763	0.579125	-0.142580	-0.150035	0.610000
764	0.591407	0.091178	-0.141949	0.610000
765	0.551191	0.029470	0.271192	0.610000
766	0.604088	-0.058592	-0.099348	0.610000
767	0.599954	0.026392	0.132605	0.610000
768	0.572637	0.114474	0.192893	0.610000
769	0.608561	-0.057604	-0.067525	0.610000
770	0.601437	0.051561	-0.117642	0.610000
771	0.508700	-0.324988	-0.117612	0.610000
772	0.606634	-0.100829	-0.007300	0.610000
773	0.602769	0.058539	0.107087	0.610000
774	0.587728	0.175051	0.046455	0.610000
775	0.583029	0.195622	-0.005812	0.610000
776	0.598629	-0.085889	0.111766	0.610000
777	0.595595	-0.049406	0.145090	0.610000
778	0.589457	-0.166076	0.056425	0.610000
779	0.592666	-0.000110	-0.164231	0.610000
780	0.607659	-0.061216	-0.072304	0.610000
781	0.614215	0.027647	-0.014179	0.610000
782	0.610553	0.068035	0.028664	0.610000
783	0.562585	0.055235	0.242224	0.610000
784	0.590590	-0.146896	0.088602	0.610000
785	0.585627	-0.134265	-0.131298	0.610000
786	0.588676	-0.175041	0.032344	0.610000
787	0.601182	-0.089603	0.093680	0.610000
788	0.608845	0.084914	0.017945	0.610000
789	0.596541	-0.040239	-0.144030	0.610000
790	0.614019	0.031481	-0.014644	0.610000
791	0.610879	0.043680	-0.056076	0.610000
792	0.553432	-0.095273	-0.250721	0.610000
793	0.604552	-0.035259	-0.107233	0.610000
794	0.603651	0.102469	-0.057715	0.610000
795	0.580160	-0.176124	0.103051	0.610000
796	0.608611	-0.087726	-0.011017	0.610000
797	0.521062	0.183532	-0.270250	0.610000
798	0.608918	0.008178	-0.085890	0.610000
799	0.611861	-0.058216	-0.021486	0.610000
800	0.594405	0.122174	-0.099903	0.610000
801	0.548291	0.213987	0.178359	0.610000
802	0.608286	-0.052424	0.073924	0.610000
803	0.587726	0.010444	0.180814	0.610000
804	0.608862	0.074886	-0.043638	0.610000
805	0.585331	-0.101572	0.159048	0.610000
806	0.578291	-0.204732	-0.043465	0.610000
807	0.582483	-0.000696	0.197326	0.610000
808	0.596304	-0.145047	0.040099	0.610000
809	0.607543	-0.028815	-0.091027	0.610000
810	0.590063	-0.014556	-0.172739	0.610000
811	0.576475	-0.084859	0.196725	0.610000
812	0.581696	0.049386	0.193431	0.610000
813	0.558999	0.232258	-0.108636	0.610000
814	0.558113	-0.257986	0.013334	0.610000
815	0.605546	0.035297	-0.101452	0.610000
816	0.603789	0.095863	0.066888	0.610000
817	0.537174	0.287093	-0.085128	0.610000
818	0.561134	-0.249158	-0.035684	0.610000
819	0.592242	-0.061251	0.154022	0.610000
820	0.607061	0.052954	-0.083050	0.610000
821	0.551302	0.007964	-0.272448	0.610000
822	0.594044	0.061121	0.146972	0.610000
823	0.604679	0.025674	-0.109222	0.610000
824	0.528029	-0.036004	-0.313232	0.610000
825	0.598705	0.139941	-0.013943	0.610000
826	0.606863	0.096743	-0.024133	0.610000
827	0.612086	0.058217	0.013672	0.610000
828	0.609455	0.028126	0.077453	0.610000
829	0.477860	-0.364799	-0.129603	0.610000
830	0.584723	-0.098295	-0.163286	0.610000
831	0.586255	0.036586	-0.182187	0.610000
832	0.606415	-0.021493	-0.100122	0.610000
833	0.524461	-0.198217	-0.252737	0.610000
834	0.584328	0.191790	0.001428	0.610000
835	0.565000	0.026214	-0.241481	0.610000
836	0.587864	0.110345	-0.143054	0.610000
837	0.577354	-0.003920	0.211831	0.610000
838	0.563287	-0.090909	0.229495	0.610000
839	0.589775	0.095175	-0.146053	0.610000
840	0.605536	0.005434	-0.107340	0.610000
841	0.578456	0.198475	0.064977	0.610000
842	0.588390	0.056572	0.169770	0.610000
843	0.493299	-0.083819	-0.357570	0.610000
844	0.608176	0.088433	-0.022956	0.610000
845	0.591698	-0.152500	0.069731	0.610000
846	0.601418	-0.120052	0.045930	0.610000
847	0.597119	-0.104435	0.103762	0.610000
848	0.593375	-0.134431	-0.089774	0.610000
849	0.600888	0.035414	0.126114	0.610000
850	0.609349	0.076964	-0.031548	0.610000
