1	0.544071	-0.257007	-0.127117	1.500000
2	0.556205	0.262033	-0.014125	1.500000
3	0.579407	-0.200890	0.046428	1.500000
4	0.439389	-0.357270	-0.239834	1.500000
5	0.540924	0.276281	0.096410	1.500000
6	0.553554	0.055753	-0.262096	1.500000
7	0.574817	-0.150348	-0.158762	1.500000
8	0.554999	-0.061174	0.257796	1.500000
9	0.580287	-0.175938	0.102657	1.500000
10	0.592714	-0.162918	0.019296	1.500000
11	0.580236	0.197211	-0.051564	1.500000
12	0.611875	0.017299	0.059458	1.500000
13	0.557197	0.211239	-0.152101	1.500000
14	0.597730	0.142970	-0.022429	1.500000
15	0.606087	0.025390	-0.101190	1.500000
16	0.583271	-0.194988	-0.000157	1.500000
17	0.597616	-0.129529	-0.065595	1.500000
18	0.560828	-0.123997	-0.219821	1.500000
19	0.595066	0.022149	0.153724	1.500000
20	0.469505	0.156973	0.364897	1.500000
21	0.604781	-0.099336	0.050964	1.500000
22	0.528286	0.154875	0.274139	1.500000
23	0.597240	0.094269	0.112439	1.500000
24	0.580112	-0.103049	-0.176285	1.500000
25	0.614777	0.016534	-0.000999	1.500000
26	0.591705	-0.150393	0.074111	1.500000
27	0.554812	-0.263728	0.029267	1.500000
28	0.412835	-0.446295	0.092811	1.500000
29	0.614780	0.011162	0.012078	1.500000
30	0.569312	0.020483	0.231708	1.500000
31	0.575234	-0.109972	-0.187714	1.500000
32	0.596703	0.148161	0.014788	1.500000
33	0.569756	-0.087963	-0.214164	1.500000
34	0.586534	-0.123648	0.137528	1.500000
35	0.542183	0.113951	0.266979	1.500000
36	0.565638	-0.157638	-0.182836	1.500000
37	0.605688	0.100118	0.036644	1.500000
38	0.593359	0.055215	0.151993	1.500000
39	0.551540	0.180098	0.203944	1.500000
40	0.578024	0.056583	0.202265	1.500000
41	0.604682	-0.052965	-0.098891	1.500000
42	0.614670	0.006278	0.019126	1.500000
43	0.589483	-0.149560	0.091471	1.500000
44	0.528672	0.288862	0.123654	1.500000
45	0.582430	0.172648	0.095876	1.500000
46	0.524575	0.320459	-0.018759	1.500000
47	0.600982	-0.004056	0.130494	1.500000
48	0.610052	-0.064374	-0.043793	1.500000
49	0.613735	0.037830	0.011123	1.500000
50	0.595993	0.142862	0.051070	1.500000
51	0.603632	-0.066673	0.096994	1.500000
52	0.614439	-0.025877	0.004529	1.500000
53	0.611406	-0.052581	-0.040528	1.500000
54	0.576165	0.169780	-0.132035	1.500000
55	0.561179	0.236772	0.085100	1.500000
56	0.604305	-0.104561	0.045909	1.500000
57	0.595859	-0.120466	-0.093084	1.500000
58	0.555802	-0.161349	-0.208028	1.500000
59	0.614080	-0.010780	0.031843	1.500000
60	0.600923	-0.123481	-0.043238	1.500000
61	0.608619	0.086386	0.018580	1.500000
62	0.611485	0.050307	0.042187	1.500000
63	0.607070	0.056712	-0.080466	1.500000
64	0.538280	0.229946	-0.188691	1.500000
65	0.598401	-0.141898	-0.002591	1.500000
66	0.590485	-0.162624	-0.055730	1.500000
67	0.610689	-0.015532	0.071014	1.500000
68	0.580375	0.198249	-0.045694	1.500000
69	0.573495	0.142314	-0.170515	1.500000
70	0.561695	0.227316	0.105126	1.500000
71	0.564682	0.224751	0.094057	1.500000
72	0.542117	0.287879	-0.038214	1.500000
73	0.600583	-0.090836	-0.096299	1.500000
74	0.594768	-0.155796	-0.014281	1.500000
75	0.573565	0.221880	0.004127	1.500000
76	0.606656	-0.091959	0.041673	1.500000
77	0.597909	-0.143464	0.012154	1.500000
78	0.580982	0.172219	0.105003	1.500000
79	0.603012	0.094325	-0.075524	1.500000
80	0.581211	0.200840	0.009079	1.500000
81	0.592549	-0.024912	-0.162757	1.500000
82	0.576820	0.202712	-0.066417	1.500000
83	0.575452	-0.206560	0.066432	1.500000
84	0.599253	0.135248	-0.028784	1.500000
85	0.587606	-0.032545	0.178563	1.500000
86	0.576972	-0.052297	0.206381	1.500000
87	0.567947	-0.147862	0.183842	1.500000
88	0.606707	0.092714	0.039188	1.500000
89	0.601326	-0.082886	0.098805	1.500000
90	0.494508	0.310273	0.193437	1.500000
91	0.586802	-0.161026	-0.089217	1.500000
92	0.533022	0.244945	-0.184701	1.500000
93	0.592122	0.160647	-0.042526	1.500000
94	0.612756	0.005239	0.052223	1.500000
95	0.517819	0.266942	0.197055	1.500000
96	0.576427	0.060919	0.205537	1.500000
97	0.612068	0.049299	0.034168	1.500000
98	0.609488	0.041072	-0.071152	1.500000
99	0.608473	0.057171	-0.068685	1.500000
100	0.550714	-0.269528	0.047892	1.500000
101	0.611074	0.029565	0.062762	1.500000
102	0.569195	0.060449	-0.224917	1.500000
103	0.553746	-0.249034	-0.097840	1.500000
104	0.613598	0.010086	-0.040260	1.500000
105	0.583582	0.193160	0.018611	1.500000
106	0.612263	-0.038268	-0.043524	1.500000
107	0.571355	-0.030711	-0.225467	1.500000
108	0.607683	-0.012830	-0.093713	1.500000
109	0.442825	0.406567	-0.129748	1.500000
110	0.581211	-0.199293	0.026480	1.500000
111	0.579973	-0.178457	0.100045	1.500000
112	0.611985	-0.060471	-0.006535	1.500000
113	0.556473	-0.038809	0.258952	1.500000
114	0.597170	-0.101268	0.106571	1.500000
115	0.600585	0.077222	0.107515	1.500000
116	0.587384	0.149030	0.104855	1.500000
117	0.508038	0.286152	-0.195548	1.500000
118	0.587103	0.074333	-0.167359	1.500000
119	0.599475	-0.130954	0.041295	1.500000
120	0.552137	-0.147075	0.227461	1.500000
121	0.610857	0.067630	-0.022473	1.500000
122	0.607711	-0.094312	0.004132	1.500000
123	0.569544	-0.024283	-0.230771	1.500000
124	0.601491	-0.124193	-0.031769	1.500000
125	0.603043	-0.115014	-0.036555	1.500000
126	0.614559	-0.010480	0.020806	1.500000
127	0.536456	-0.110161	0.279830	1.500000
128	0.574988	0.057197	0.210576	1.500000
129	0.597296	0.143208	0.030894	1.500000
130	0.583011	-0.079161	-0.179043	1.500000
131	0.558085	-0.217904	-0.138866	1.500000
132	0.542093	-0.281245	0.072533	1.500000
133	0.580170	-0.202545	0.024575	1.500000
134	0.594119	-0.132043	0.088390	1.500000
135	0.570601	0.085013	0.213102	1.500000
136	0.613087	0.044642	0.018870	1.500000
137	0.591113	0.145538	-0.087344	1.500000
138	0.567850	-0.048592	-0.231107	1.500000
139	0.585649	-0.172559	-0.073920	1.500000
140	0.601067	-0.109452	-0.070457	1.500000
141	0.580861	-0.093232	0.179258	1.500000
142	0.609148	0.030984	0.078765	1.500000
143	0.595436	-0.076749	0.133381	1.500000
144	0.597225	-0.017482	0.145743	1.500000
145	0.603647	-0.060263	0.101014	1.500000
146	0.574502	0.146022	-0.163859	1.500000
147	0.596333	0.150342	0.003112	1.500000
148	0.600697	0.123882	-0.045177	1.500000
149	0.576257	-0.120329	0.177971	1.500000
150	0.547290	0.235663	0.152190	1.500000
151	0.614769	0.014337	0.008832	1.500000
152	0.588732	0.177418	-0.011941	1.500000
153	0.608671	0.080649	0.035224	1.500000
154	0.580197	0.202668	0.022851	1.500000
155	0.610891	-0.039287	0.059107	1.500000
156	0.608752	0.085808	-0.016803	1.500000
157	0.580227	0.202715	-0.021639	1.500000
158	0.602047	-0.104981	0.068875	1.500000
159	0.606777	0.088927	0.046250	1.500000
160	0.604320	-0.113840	0.007952	1.500000
161	0.608080	-0.082733	-0.040238	1.500000
162	0.596067	-0.104962	-0.109144	1.500000
163	0.603233	-0.043669	-0.111482	1.500000
164	0.589825	0.142469	-0.100171	1.500000
165	0.502286	0.311840	-0.169379	1.500000
166	0.564769	0.239242	0.044993	1.500000
167	0.601975	-0.063665	-0.108619	1.500000
168	0.510044	-0.067816	-0.336870	1.500000
169	0.537620	-0.174338	-0.242479	1.500000
170	0.581506	0.182687	-0.081861	1.500000
171	0.600977	0.064737	0.113407	1.500000
172	0.608352	-0.009266	-0.089703	1.500000
173	0.559410	0.211564	0.143271	1.500000
174	0.579519	0.197828	0.056985	1.500000
175	0.576998	-0.011751	-0.212510	1.500000
176	0.563486	0.215863	-0.118792	1.500000
177	0.605594	-0.106816	-0.008433	1.500000
178	0.601274	0.128946	-0.008207	1.500000
179	0.560390	0.142200	-0.209684	1.500000
180	0.608919	-0.080880	0.030010	1.500000
181	0.591286	0.151512	-0.075168	1.500000
182	0.572646	-0.224225	-0.005001	1.500000
183	0.609606	-0.081255	-0.001633	1.500000
184	0.600348	0.118776	-0.060823	1.500000
185	0.612129	-0.020869	0.055563	1.500000
186	0.556156	0.194969	0.175791	1.500000
187	0.614291	-0.027624	-0.010402	1.500000
188	0.612643	0.013589	-0.052041	1.500000
189	0.610192	-0.046016	0.061429	1.500000
190	0.612585	-0.052776	0.013405	1.500000
191	0.611993	-0.055927	-0.023691	1.500000
192	0.544411	0.253028	0.133485	1.500000
193	0.598422	0.064066	0.126538	1.500000
194	0.612170	0.011263	-0.057842	1.500000
195	0.544749	-0.013588	0.285112	1.500000
196	0.609249	0.049581	-0.067691	1.500000
197	0.609929	-0.075522	0.022544	1.500000
198	0.606318	0.036392	0.096327	1.500000
199	0.581770	0.165941	-0.110600	1.500000
200	0.595051	0.130092	-0.084944	1.500000
201	0.582268	0.061514	-0.188163	1.500000
202	0.604310	0.002653	0.114138	1.500000
203	0.611091	-0.066396	0.019616	1.500000
204	0.609848	0.040561	-0.068301	1.500000
205	0.597713	-0.126723	-0.070042	1.500000
206	0.568266	-0.138492	0.190050	1.500000
207	0.510517	-0.148362	0.309169	1.500000
208	0.593429	0.006323	-0.161328	1.500000
209	0.598995	0.109318	0.086487	1.500000
210	0.591225	0.167008	-0.028050	1.500000
211	0.614879	-0.011619	0.003705	1.500000
212	0.576980	0.156994	0.143779	1.500000
213	0.613553	0.024240	0.034497	1.500000
214	0.608402	-0.069867	0.056485	1.500000
215	0.568824	-0.005739	-0.233734	1.500000
216	0.614630	-0.009993	-0.018831	1.500000
217	0.612135	0.033972	0.048592	1.500000
218	0.599933	0.127549	0.045133	1.500000
219	0.594094	-0.122995	-0.100747	1.500000
220	0.573855	-0.122002	-0.184475	1.500000
221	0.558669	-0.256386	-0.019490	1.500000
222	0.544617	-0.271331	0.089429	1.500000
223	0.612695	-0.032367	0.042216	1.500000
224	0.589684	-0.168017	0.047621	1.500000
225	0.573118	0.200386	0.098010	1.500000
226	0.610676	0.066216	-0.030247	1.500000
227	0.594721	0.026328	0.154399	1.500000
228	0.610237	-0.066020	-0.038440	1.500000
229	0.579361	-0.134382	-0.156548	1.500000
230	0.606307	-0.099509	-0.026726	1.500000
231	0.600407	0.011243	-0.132703	1.500000
232	0.603411	-0.020347	0.117073	1.500000
233	0.575641	0.130440	0.172765	1.500000
234	0.565772	0.107143	0.215980	1.500000
235	0.609977	0.071111	-0.033110	1.500000
236	0.614734	0.006246	-0.016984	1.500000
237	0.580291	-0.124103	-0.161510	1.500000
238	0.612583	-0.033408	0.043019	1.500000
239	0.610244	-0.001119	0.076332	1.500000
240	0.561294	-0.225440	0.111134	1.500000
241	0.570492	-0.051302	0.223902	1.500000
242	0.595226	0.145609	0.052241	1.500000
243	0.593060	0.129683	0.098421	1.500000
244	0.601219	-0.114373	-0.060655	1.500000
245	0.611712	-0.031623	-0.055078	1.500000
246	0.589824	-0.173880	0.009921	1.500000
247	0.594946	0.149181	0.044818	1.500000
248	0.611842	0.061998	-0.005572	1.500000
249	0.607868	-0.040600	0.084105	1.500000
250	0.565766	-0.001162	-0.241107	1.500000
251	0.607306	0.087251	0.042332	1.500000
252	0.549608	0.275826	-0.008687	1.500000
253	0.608235	0.044067	0.079579	1.500000
254	0.613263	0.008389	-0.045422	1.500000
255	0.562799	-0.077683	0.235474	1.500000
256	0.614204	-0.001860	0.031222	1.500000
257	0.608239	0.050132	-0.075875	1.500000
258	0.596102	0.130853	0.075929	1.500000
259	0.588341	0.040517	0.174465	1.500000
260	0.606703	0.084066	-0.055397	1.500000
261	0.599706	-0.033640	0.132083	1.500000
262	0.579909	-0.194669	-0.063515	1.500000
263	0.594283	-0.051401	-0.149700	1.500000
264	0.609645	-0.051169	0.062766	1.500000
265	0.609458	0.005755	-0.082179	1.500000
266	0.568864	0.215211	-0.091119	1.500000
267	0.574625	0.143728	0.165449	1.500000
268	0.565344	0.216355	-0.108635	1.500000
269	0.611707	0.063321	0.005456	1.500000
270	0.609145	-0.062065	-0.057581	1.500000
271	0.601789	-0.033602	-0.122254	1.500000
272	0.604121	-0.108036	0.039888	1.500000
273	0.592406	0.161811	0.033130	1.500000
274	0.573521	0.215980	-0.051490	1.500000
275	0.612662	0.028179	0.045564	1.500000
276	0.612814	-0.044516	0.026513	1.500000
277	0.602210	-0.041633	0.117623	1.500000
278	0.564673	-0.243647	-0.002333	1.500000
279	0.611541	0.035901	0.054343	1.500000
280	0.607763	-0.093591	0.009479	1.500000
281	0.604147	0.063517	-0.095899	1.500000
282	0.605180	0.025909	0.106352	1.500000
283	0.614796	0.004784	0.015106	1.500000
284	0.594421	0.154967	-0.029557	1.500000
285	0.519083	0.306554	-0.121666	1.500000
286	0.589956	-0.069688	-0.159124	1.500000
287	0.570955	-0.226701	0.029023	1.500000
288	0.596365	0.062595	-0.136585	1.500000
289	0.613946	-0.030127	-0.019678	1.500000
290	0.603097	0.008993	0.120075	1.500000
291	0.614070	0.028168	-0.018702	1.500000
292	0.601702	-0.016026	0.126187	1.500000
293	0.605217	-0.107669	0.018567	1.500000
294	0.584912	-0.073416	-0.175252	1.500000
295	0.520379	-0.061824	-0.321883	1.500000
296	0.577098	0.173298	-0.123089	1.500000
297	0.603153	0.007705	-0.119885	1.500000
298	0.585201	-0.007035	0.188984	1.500000
299	0.610228	-0.035096	0.067930	1.500000
300	0.543977	-0.219064	0.185269	1.500000
301	0.584780	0.022452	0.189086	1.500000
302	0.592278	0.059189	0.154688	1.500000
303	0.600902	0.130843	0.004697	1.500000
304	0.555869	-0.260683	-0.035765	1.500000
305	0.614244	0.019983	-0.023031	1.500000
306	0.581248	0.156779	0.125682	1.500000
307	0.591199	0.164702	0.039780	1.500000
308	0.594863	-0.095052	-0.123808	1.500000
309	0.605576	0.018336	0.105673	1.500000
310	0.599347	0.001437	-0.137862	1.500000
311	0.582363	0.173224	-0.095246	1.500000
312	0.579669	0.195658	-0.062667	1.500000
313	0.592039	0.165364	0.019218	1.500000
314	0.581940	-0.041517	0.194543	1.500000
315	0.604956	-0.066603	0.088416	1.500000
316	0.575609	-0.103086	-0.190453	1.500000
317	0.611246	-0.035061	-0.058091	1.500000
318	0.611026	-0.008501	0.069286	1.500000
319	0.568227	-0.176730	0.155274	1.500000
320	0.607786	0.047029	0.081301	1.500000
321	0.607545	0.058564	0.075393	1.500000
322	0.571452	0.226262	-0.021753	1.500000
323	0.556368	0.083086	0.248548	1.500000
324	0.606998	-0.072290	0.067471	1.500000
325	0.609015	0.004724	-0.085458	1.500000
326	0.578738	0.065276	-0.197552	1.500000
327	0.476879	-0.098030	-0.375768	1.500000
328	0.518348	-0.319238	-0.087334	1.500000
329	0.586239	-0.175372	-0.061587	1.500000
330	0.614969	-0.006198	0.000036	1.500000
331	0.604400	0.025562	-0.110783	1.500000
332	0.613013	0.044492	0.021463	1.500000
333	0.606168	-0.095387	-0.041069	1.500000
334	0.497336	-0.293636	0.211328	1.500000
335	0.585507	-0.149987	-0.113626	1.500000
336	0.599750	-0.129093	-0.043121	1.500000
337	0.598118	-0.142823	0.009024	1.500000
338	0.614587	0.008649	0.020805	1.500000
339	0.597678	-0.025061	0.142752	1.500000
340	0.601916	-0.016739	0.125067	1.500000
341	0.568870	0.187308	0.139740	1.500000
342	0.613473	-0.030001	-0.031247	1.500000
343	0.566859	-0.222387	-0.086257	1.500000
344	0.582265	-0.161657	0.114280	1.500000
345	0.573344	-0.211198	-0.069974	1.500000
346	0.599943	0.052107	0.124815	1.500000
347	0.565926	0.108501	0.214897	1.500000
348	0.610353	0.021640	0.072293	1.500000
349	0.588609	0.157152	-0.084069	1.500000
350	0.597017	-0.147592	-0.003424	1.500000
351	0.613437	-0.010911	-0.042436	1.500000
352	0.586373	0.003582	-0.185416	1.500000
353	0.588247	-0.179412	-0.001399	1.500000
354	0.604323	-0.008132	0.113808	1.500000
355	0.591308	0.168430	-0.014522	1.500000
356	0.590314	0.115009	0.128561	1.500000
357	0.614522	-0.020369	-0.013137	1.500000
358	0.549834	0.265496	-0.073616	1.500000
359	0.580971	-0.089614	0.180740	1.500000
360	0.576632	0.212323	-0.025290	1.500000
361	0.598642	0.041704	0.134587	1.500000
362	0.603693	0.114857	-0.024246	1.500000
363	0.572752	-0.170774	-0.144970	1.500000
364	0.609150	0.065319	0.053806	1.500000
365	0.612346	-0.056738	-0.006177	1.500000
366	0.611665	0.011986	-0.062823	1.500000
367	0.604755	0.033323	0.106704	1.500000
368	0.603053	0.021653	0.118671	1.500000
369	0.605943	0.080019	-0.068231	1.500000
370	0.614287	0.000168	-0.029613	1.500000
371	0.601108	-0.109411	-0.070166	1.500000
372	0.614620	0.008185	-0.020012	1.500000
373	0.574527	-0.202910	-0.083490	1.500000
374	0.594887	-0.099282	-0.120322	1.500000
375	0.582703	0.123668	0.152933	1.500000
376	0.614904	0.010553	-0.002695	1.500000
377	0.608480	0.078323	-0.042924	1.500000
378	0.558170	0.226283	-0.124367	1.500000
379	0.592213	-0.154587	-0.060096	1.500000
380	0.601338	-0.113890	-0.060387	1.500000
381	0.578571	-0.051247	-0.202125	1.500000
382	0.577216	0.033233	-0.209623	1.500000
383	0.606535	0.101387	0.007795	1.500000
384	0.608787	0.086837	-0.007881	1.500000
385	0.576203	0.166580	-0.135891	1.500000
386	0.547181	-0.279840	-0.022523	1.500000
387	0.592558	-0.157654	0.047381	1.500000
388	0.612134	-0.051235	-0.029861	1.500000
389	0.609968	-0.008429	-0.078055	1.500000
390	0.597547	0.106928	-0.098634	1.500000
391	0.563784	0.245331	-0.013611	1.500000
392	0.603186	0.100929	-0.064842	1.500000
393	0.593577	0.156524	-0.037312	1.500000
394	0.602723	-0.115357	-0.040531	1.500000
395	0.609057	-0.056526	-0.063873	1.500000
396	0.600052	-0.035892	-0.129901	1.500000
397	0.582312	-0.179280	0.083642	1.500000
398	0.592777	-0.060850	0.152110	1.500000
399	0.569523	-0.038647	0.228857	1.500000
400	0.614262	-0.002218	-0.030028	1.500000
401	0.577017	0.183498	-0.107727	1.500000
402	0.614769	-0.015117	0.007449	1.500000
403	0.610204	-0.019631	-0.074098	1.500000
404	0.611593	0.055856	-0.032551	1.500000
405	0.613607	-0.039660	-0.011766	1.500000
406	0.598437	-0.075449	-0.120022	1.500000
407	0.586539	-0.044861	0.179401	1.500000
408	0.599205	0.111102	0.082674	1.500000
409	0.602314	0.124257	0.001591	1.500000
410	0.608230	-0.080794	0.041873	1.500000
411	0.559459	0.075383	0.244025	1.500000
412	0.590408	0.171862	-0.010357	1.500000
413	0.595581	0.026841	0.150958	1.500000
414	0.610438	0.074760	-0.001095	1.500000
415	0.598413	-0.040605	0.135932	1.500000
416	0.588625	-0.063728	0.166385	1.500000
417	0.586344	0.184015	0.023758	1.500000
418	0.610812	-0.055361	0.045479	1.500000
419	0.599037	-0.099676	0.097182	1.500000
420	0.612691	0.016495	0.050618	1.500000
421	0.594981	-0.155344	-0.009523	1.500000
422	0.592344	0.090131	0.138670	1.500000
423	0.588566	0.137775	0.113285	1.500000
424	0.607952	0.034681	0.086122	1.500000
425	0.524545	0.194289	0.255597	1.500000
426	0.605449	0.045876	0.097736	1.500000
427	0.597589	0.124984	-0.074104	1.500000
428	0.604757	0.023995	-0.109171	1.500000
429	0.581544	-0.125877	0.155521	1.500000
430	0.605833	-0.105063	0.012389	1.500000
431	0.592979	-0.010585	-0.162754	1.500000
432	0.502060	-0.286444	-0.210025	1.500000
433	0.587733	-0.173387	-0.052267	1.500000
434	0.605046	-0.098189	-0.050027	1.500000
435	0.593808	-0.113071	-0.113281	1.500000
436	0.603354	0.117115	-0.021739	1.500000
437	0.589034	0.017776	-0.175920	1.500000
438	0.613565	0.027736	0.031526	1.500000
439	0.605226	-0.093938	0.055693	1.500000
440	0.607333	-0.050368	-0.082672	1.500000
441	0.614668	0.015481	-0.012962	1.500000
442	0.607997	0.039964	-0.083473	1.500000
443	0.595727	-0.152455	0.009551	1.500000
444	0.573857	0.134895	0.175261	1.500000
445	0.611885	0.026690	0.055764	1.500000
446	0.565274	0.241448	0.019817	1.500000
447	0.575555	0.216639	-0.005441	1.500000
448	0.576249	-0.048619	0.209279	1.500000
449	0.566248	-0.238212	-0.029040	1.500000
450	0.608184	-0.071548	0.056730	1.500000
451	0.577044	-0.127106	-0.170555	1.500000
452	0.593708	0.065294	-0.146536	1.500000
453	0.569179	0.020052	0.232074	1.500000
454	0.568961	0.211659	0.098534	1.500000
455	0.612974	0.045542	0.020329	1.500000
456	0.611403	0.024901	0.061570	1.500000
457	0.605134	-0.094331	0.056033	1.500000
458	0.557394	-0.259031	-0.020982	1.500000
459	0.580772	-0.053911	-0.194993	1.500000
460	0.595787	-0.152486	0.003358	1.500000
461	0.583572	-0.172268	-0.089400	1.500000
462	0.613523	-0.042571	0.001511	1.500000
463	0.549296	0.248587	0.121259	1.500000
464	0.598722	-0.056911	0.128524	1.500000
465	0.581275	0.186608	0.074310	1.500000
466	0.608592	0.084878	0.025226	1.500000
467	0.606821	-0.099906	0.003534	1.500000
468	0.595707	0.132770	-0.075701	1.500000
469	0.592592	0.044547	0.158354	1.500000
470	0.599499	-0.109588	-0.082560	1.500000
471	0.582977	-0.054972	0.187993	1.500000
472	0.609211	-0.032040	-0.077846	1.500000
473	0.600118	-0.058246	0.121205	1.500000
474	0.578780	-0.204074	0.039906	1.500000
475	0.609346	-0.078421	0.027786	1.500000
476	0.543228	-0.136017	0.254219	1.500000
477	0.609916	-0.000619	-0.078913	1.500000
478	0.613779	0.035592	0.015275	1.500000
479	0.602033	0.031163	0.121696	1.500000
480	0.596302	0.149118	0.020324	1.500000
481	0.612324	0.044159	-0.036527	1.500000
482	0.562260	-0.059398	0.241993	1.500000
483	0.599185	0.135366	-0.029637	1.500000
484	0.595091	-0.155186	-0.002957	1.500000
485	0.607185	0.094748	-0.023963	1.500000
486	0.583690	0.167839	0.096756	1.500000
487	0.611616	-0.022375	-0.060419	1.500000
488	0.489023	-0.037684	0.371027	1.500000
489	0.453878	0.313443	0.271980	1.500000
490	0.584831	-0.056446	0.181691	1.500000
491	0.598529	-0.132050	-0.050510	1.500000
492	0.571542	0.144406	-0.175247	1.500000
493	0.611186	-0.006912	0.068033	1.500000
494	0.609782	-0.019958	0.077415	1.500000
495	0.572955	0.183803	-0.127138	1.500000
496	0.567624	0.236020	-0.017954	1.500000
497	0.559454	-0.217788	-0.133433	1.500000
498	0.538553	-0.293284	0.046582	1.500000
499	0.572342	-0.225043	-0.002293	1.500000
500	0.603095	-0.118786	0.019771	1.500000
501	0.577123	-0.210970	-0.025408	1.500000
502	0.604287	0.059297	-0.097705	1.500000
503	0.590209	-0.076994	-0.154760	1.500000
504	0.613425	-0.012560	0.042148	1.500000
505	0.614439	0.025577	0.005926	1.500000
506	0.600770	0.131420	0.005364	1.500000
507	0.550611	0.168882	-0.215710	1.500000
508	0.582410	-0.069653	-0.184856	1.500000
509	0.609472	-0.062552	-0.053442	1.500000
510	0.576669	0.073345	0.200745	1.500000
511	0.613752	0.038956	-0.003982	1.500000
512	0.597287	-0.123669	0.078608	1.500000
513	0.610489	0.024527	0.070192	1.500000
514	0.589526	-0.049949	0.167895	1.500000
515	0.578402	0.205361	-0.038777	1.500000
516	0.594214	0.019545	0.157328	1.500000
517	0.604456	0.060547	0.095873	1.500000
518	0.608094	-0.053849	-0.074478	1.500000
519	0.606562	0.097140	0.029521	1.500000
520	0.612340	-0.056741	0.006742	1.500000
521	0.614498	0.019513	-0.015367	1.500000
522	0.607587	0.017527	0.093571	1.500000
523	0.603496	0.091762	-0.074818	1.500000
524	0.597458	0.102300	-0.103939	1.500000
525	0.543698	-0.284679	-0.039687	1.500000
526	0.610653	-0.072354	-0.009602	1.500000
527	0.585714	-0.015656	0.186867	1.500000
528	0.612491	0.051588	0.020448	1.500000
529	0.611747	-0.034950	-0.052620	1.500000
530	0.602976	-0.120151	-0.014435	1.500000
531	0.537706	-0.168792	0.246184	1.500000
532	0.607775	0.059771	0.072540	1.500000
533	0.573723	-0.028233	0.219704	1.500000
534	0.584984	-0.124699	0.143070	1.500000
535	0.614250	-0.016488	-0.025508	1.500000
536	0.543204	0.146351	0.248467	1.500000
537	0.602959	0.106266	-0.058074	1.500000
538	0.604890	-0.039522	0.103786	1.500000
539	0.601721	0.074403	-0.103060	1.500000
540	0.497532	0.156332	0.325955	1.500000
541	0.600743	-0.012359	0.131072	1.500000
542	0.603029	0.032317	-0.116348	1.500000
543	0.608703	0.077188	-0.041808	1.500000
544	0.570077	0.215677	-0.081979	1.500000
545	0.581234	0.026812	-0.199180	1.500000
546	0.613549	0.012205	-0.040417	1.500000
547	0.579596	-0.164320	-0.123665	1.500000
548	0.576149	-0.154085	-0.150118	1.500000
549	0.587480	-0.147688	-0.106212	1.500000
550	0.597971	-0.135729	-0.047255	1.500000
551	0.588664	-0.051645	0.170388	1.500000
552	0.610653	0.035270	0.063901	1.500000
553	0.576815	0.140378	-0.160633	1.500000
554	0.609727	0.031241	0.074040	1.500000
555	0.567390	-0.237217	-0.004676	1.500000
556	0.596059	-0.127195	0.082219	1.500000
557	0.597030	-0.147582	0.000238	1.500000
558	0.613589	-0.039784	-0.012287	1.500000
559	0.600391	-0.070581	0.113020	1.500000
560	0.604181	0.110941	0.029698	1.500000
561	0.613648	0.035139	-0.020660	1.500000
562	0.595018	0.115848	0.103723	1.500000
563	0.605999	0.017456	0.103373	1.500000
564	0.610306	-0.069105	0.031236	1.500000
565	0.610365	-0.069414	-0.029349	1.500000
566	0.592355	-0.087568	0.140257	1.500000
567	0.591966	0.165182	-0.022716	1.500000
568	0.604670	-0.013192	0.111466	1.500000
569	0.606108	0.065453	0.081077	1.500000
570	0.522665	0.321896	-0.037799	1.500000
571	0.586312	0.117689	-0.143569	1.500000
572	0.606617	-0.035305	0.094839	1.500000
573	0.611725	-0.010645	-0.062480	1.500000
574	0.601808	-0.125672	-0.016083	1.500000
575	0.596578	-0.084871	-0.122948	1.500000
576	0.613982	0.035355	-0.000929	1.500000
577	0.608167	-0.040641	-0.081895	1.500000
578	0.607120	-0.066149	0.072490	1.500000
579	0.593370	-0.161513	-0.007120	1.500000
580	0.595436	-0.150269	-0.033176	1.500000
581	0.583912	-0.022400	-0.191756	1.500000
582	0.607784	0.089702	-0.027880	1.500000
583	0.593800	0.031235	0.157006	1.500000
584	0.580810	-0.180240	0.091639	1.500000
585	0.604095	-0.106234	0.044823	1.500000
586	0.603938	-0.115662	0.010312	1.500000
587	0.610927	0.030290	0.063844	1.500000
588	0.599536	0.027498	0.134258	1.500000
589	0.585610	0.186770	-0.020065	1.500000
590	0.591054	0.080991	-0.149401	1.500000
591	0.559384	0.251346	-0.046256	1.500000
592	0.596058	-0.149058	0.026868	1.500000
593	0.597491	-0.029817	-0.142620	1.500000
594	0.607411	-0.096301	0.001882	1.500000
595	0.605792	-0.101831	-0.029521	1.500000
596	0.589114	0.164517	0.064065	1.500000
597	0.582222	0.079411	0.181483	1.500000
598	0.603680	-0.058896	-0.101621	1.500000
599	0.605934	-0.103575	0.018456	1.500000
600	0.517502	-0.327761	-0.054678	1.500000
601	0.609400	-0.064893	-0.051431	1.500000
602	0.613490	0.020025	0.038139	1.500000
603	0.606136	0.035634	-0.097748	1.500000
604	0.572937	-0.212492	-0.069391	1.500000
605	0.596190	0.125135	0.084401	1.500000
606	0.612368	0.017909	-0.053946	1.500000
607	0.612853	-0.031545	0.040506	1.500000
608	0.598984	-0.128057	-0.055174	1.500000
609	0.613824	-0.003782	-0.037832	1.500000
610	0.599346	-0.137364	0.011829	1.500000
611	0.614062	-0.029186	-0.017368	1.500000
612	0.604555	-0.060915	0.095014	1.500000
613	0.600528	0.020228	0.131082	1.500000
614	0.610592	-0.043447	-0.059283	1.500000
615	0.598578	0.009672	-0.140841	1.500000
616	0.597880	-0.090403	0.112214	1.500000
617	0.605912	-0.042913	0.096200	1.500000
618	0.585778	-0.023867	0.185794	1.500000
619	0.594994	-0.112161	0.107829	1.500000
620	0.578346	-0.208759	0.012673	1.500000
621	0.606365	0.093734	0.041965	1.500000
622	0.582804	0.195612	0.017326	1.500000
623	0.605604	-0.092618	0.053770	1.500000
624	0.603497	0.011372	-0.117845	1.500000
625	0.542543	0.285024	0.051319	1.500000
626	0.600003	-0.071521	0.114482	1.500000
627	0.592220	-0.034261	0.162254	1.500000
628	0.589125	0.165892	0.060301	1.500000
629	0.579946	0.116759	0.168092	1.500000
630	0.602573	0.121082	-0.021677	1.500000
631	0.572212	-0.042174	0.221405	1.500000
632	0.534071	-0.151516	0.264643	1.500000
633	0.611421	0.065726	0.008340	1.500000
634	0.592510	-0.140595	-0.085961	1.500000
635	0.595544	0.055801	0.142965	1.500000
636	0.597843	-0.142031	-0.025230	1.500000
637	0.591365	-0.004237	0.168802	1.500000
638	0.564846	0.181013	0.162507	1.500000
639	0.567800	-0.122728	0.201906	1.500000
640	0.589953	0.169817	0.036647	1.500000
641	0.579315	0.161955	-0.128022	1.500000
642	0.523844	0.302280	0.111534	1.500000
643	0.599227	-0.077442	0.114693	1.500000
644	0.563056	-0.076399	-0.235279	1.500000
645	0.548473	-0.012574	-0.277928	1.500000
646	0.610483	-0.003989	-0.074293	1.500000
647	0.582552	-0.137563	-0.141188	1.500000
648	0.590882	0.153693	-0.073909	1.500000
649	0.609324	-0.024133	-0.079796	1.500000
650	0.575023	0.130084	-0.175076	1.500000
651	0.558887	0.216580	-0.137705	1.500000
652	0.588310	-0.099487	0.149059	1.500000
653	0.549009	-0.258765	-0.099273	1.500000
654	0.603745	-0.056564	-0.102553	1.500000
655	0.547971	-0.144409	-0.238954	1.500000
656	0.590121	-0.034724	-0.169638	1.500000
657	0.609935	-0.023084	-0.075308	1.500000
658	0.597935	0.113483	0.088435	1.500000
659	0.593668	0.150798	-0.055167	1.500000
660	0.594972	-0.087635	0.128661	1.500000
661	0.572462	-0.089867	0.206002	1.500000
662	0.567837	-0.127739	0.198668	1.500000
663	0.600887	-0.119473	-0.053726	1.500000
664	0.613214	-0.020879	-0.041924	1.500000
665	0.551347	0.039676	-0.269570	1.500000
666	0.519928	0.269279	0.188120	1.500000
667	0.598569	0.070107	0.122576	1.500000
668	0.553162	0.071060	0.259205	1.500000
669	0.573229	0.129090	0.181575	1.500000
670	0.599775	-0.006375	0.135847	1.500000
671	0.593776	0.154877	-0.040842	1.500000
672	0.587019	0.163602	-0.082872	1.500000
673	0.600502	-0.105768	-0.080220	1.500000
674	0.572973	-0.140806	0.173494	1.500000
675	0.584850	-0.026536	-0.188339	1.500000
676	0.612796	-0.008785	-0.051273	1.500000
677	0.596752	-0.137350	0.056980	1.500000
678	0.592782	0.094322	0.133931	1.500000
679	0.608297	-0.014924	-0.089316	1.500000
680	0.575656	-0.214521	0.028744	1.500000
681	0.583636	-0.179849	0.072448	1.500000
682	0.579703	0.073497	-0.191750	1.500000
683	0.559479	-0.157758	0.200799	1.500000
684	0.600842	0.044505	-0.123425	1.500000
685	0.596400	0.052045	-0.140794	1.500000
686	0.592140	0.002853	0.166092	1.500000
687	0.552760	-0.190547	-0.190716	1.500000
688	0.592336	0.030248	-0.162630	1.500000
689	0.540285	-0.014283	0.293450	1.500000
690	0.609903	0.078592	-0.008126	1.500000
691	0.611016	-0.061034	-0.034053	1.500000
692	0.611880	-0.052621	0.032549	1.500000
693	0.514638	0.325191	0.087315	1.500000
694	0.519767	0.027851	0.327554	1.500000
695	0.568747	-0.232941	0.022128	1.500000
696	0.582374	0.072550	-0.183854	1.500000
697	0.611646	0.026018	0.058629	1.500000
698	0.569217	0.194041	0.128706	1.500000
699	0.582006	0.150968	-0.129240	1.500000
700	0.603507	0.090278	0.076510	1.500000
701	0.547027	-0.208770	0.188153	1.500000
702	0.603220	0.046252	-0.110506	1.500000
703	0.611057	-0.002121	0.069498	1.500000
704	0.595762	-0.130409	0.079286	1.500000
705	0.603103	0.023519	-0.118064	1.500000
706	0.607653	-0.005681	-0.094606	1.500000
707	0.598065	0.119963	0.078432	1.500000
708	0.595809	-0.136189	-0.068482	1.500000
709	0.592718	0.090192	-0.137023	1.500000
710	0.550500	0.057866	-0.268003	1.500000
711	0.601301	-0.078426	0.102527	1.500000
712	0.583857	0.041034	-0.188819	1.500000
713	0.594422	-0.156170	-0.022315	1.500000
714	0.571559	0.069295	0.216203	1.500000
715	0.517511	-0.331213	0.026554	1.500000
716	0.565887	-0.193543	-0.143313	1.500000
717	0.514069	-0.299718	0.155328	1.500000
718	0.603483	-0.107504	0.049757	1.500000
719	0.586788	0.083302	0.164214	1.500000
720	0.609693	0.049717	-0.063461	1.500000
721	0.579948	-0.131601	-0.156738	1.500000
722	0.587735	-0.077927	0.163462	1.500000
723	0.588538	-0.001732	0.178452	1.500000
724	0.563013	0.223060	0.107170	1.500000
725	0.608977	-0.084178	-0.016911	1.500000
726	0.592804	0.160508	-0.032343	1.500000
727	0.613471	-0.043336	-0.000416	1.500000
728	0.564510	0.243710	0.012594	1.500000
729	0.533889	-0.303179	-0.035640	1.500000
730	0.605005	-0.083658	-0.072082	1.500000
731	0.606860	0.069442	0.071584	1.500000
732	0.609119	0.052617	0.066566	1.500000
733	0.612488	-0.042244	-0.036047	1.500000
734	0.604641	0.083672	0.075053	1.500000
735	0.607672	0.079843	-0.050840	1.500000
736	0.595282	0.044977	0.147787	1.500000
737	0.588685	0.113537	0.137055	1.500000
738	0.336854	-0.466903	0.216231	1.500000
739	0.602165	-0.011817	-0.124431	1.500000
740	0.607533	0.001940	0.095522	1.500000
741	0.590178	-0.151029	-0.084296	1.500000
742	0.614713	0.010797	-0.015362	1.500000
743	0.572789	0.027167	0.222260	1.500000
744	0.472038	0.311878	0.241116	1.500000
745	0.597426	0.111739	-0.093921	1.500000
746	0.575377	-0.054220	0.210300	1.500000
747	0.578225	0.056257	0.201782	1.500000
748	0.562254	0.230097	0.095658	1.500000
749	0.612740	-0.042668	-0.030886	1.500000
750	0.536012	-0.221018	0.205103	1.500000
751	0.604141	0.047658	-0.104724	1.500000
752	0.612002	0.056353	0.022417	1.500000
753	0.382948	-0.367580	-0.310581	1.500000
754	0.526398	-0.255117	-0.189857	1.500000
755	0.583282	0.181604	0.070902	1.500000
756	0.604756	-0.094298	0.060030	1.500000
757	0.540477	0.272672	0.108441	1.500000
758	0.600986	0.130010	0.011748	1.500000
759	0.611340	0.007847	-0.066532	1.500000
760	0.608234	-0.083908	0.035153	1.500000
761	0.560878	0.007820	-0.252150	1.500000
762	0.590291	0.089248	-0.147703	1.500000
763	0.613424	0.024885	-0.036284	1.500000
764	0.533916	0.179562	-0.246811	1.500000
765	0.609876	0.076495	0.020623	1.500000
766	0.610870	-0.003206	-0.071080	1.500000
767	0.607080	-0.048915	0.085356	1.500000
768	0.604288	-0.077478	-0.084015	1.500000
769	0.610071	0.068224	-0.037201	1.500000
770	0.613512	-0.028921	-0.031482	1.500000
771	0.609072	0.068026	0.051268	1.500000
772	0.600040	-0.015931	0.133878	1.500000
773	0.614358	-0.013920	-0.024413	1.500000
774	0.594943	0.144917	0.057151	1.500000
775	0.558288	0.212756	0.145857	1.500000
776	0.604526	-0.040842	0.105381	1.500000
777	0.574624	0.039679	-0.215539	1.500000
778	0.489481	-0.331363	0.169800	1.500000
779	0.575713	0.215687	-0.016071	1.500000
780	0.597743	0.137214	-0.045826	1.500000
781	0.575614	0.183519	-0.114955	1.500000
782	0.612792	-0.051493	0.007720	1.500000
783	0.600636	-0.131151	-0.016159	1.500000
784	0.533257	-0.306140	-0.011847	1.500000
785	0.595213	0.017843	-0.153715	1.500000
786	0.590285	0.136831	0.105195	1.500000
787	0.590421	0.024826	-0.170330	1.500000
788	0.598880	-0.136350	-0.031245	1.500000
789	0.598563	-0.117552	-0.078284	1.500000
790	0.576563	-0.181487	0.113415	1.500000
791	0.601090	-0.128295	-0.021358	1.500000
792	0.590920	0.116840	0.124043	1.500000
793	0.607472	-0.083858	-0.046591	1.500000
794	0.583241	0.133898	-0.141867	1.500000
795	0.607067	0.056891	-0.080359	1.500000
796	0.552591	-0.141543	0.229856	1.500000
797	0.605609	0.005443	-0.106926	1.500000
798	0.535925	-0.278386	0.116236	1.500000
799	0.607401	0.075589	0.059789	1.500000
800	0.599750	0.134334	0.021886	1.500000
801	0.609260	0.082797	0.013103	1.500000
802	0.613111	-0.045638	-0.015397	1.500000
803	0.605431	0.020684	0.106068	1.500000
804	0.562182	-0.228135	0.100651	1.500000
805	0.595079	0.140734	-0.065575	1.500000
806	0.606206	-0.094331	-0.042913	1.500000
807	0.597355	0.073185	0.126634	1.500000
808	0.613863	-0.032102	-0.019154	1.500000
809	0.591616	0.114274	-0.123112	1.500000
810	0.602378	-0.067153	0.104196	1.500000
811	0.600187	-0.100132	-0.089301	1.500000
812	0.565750	-0.228486	-0.077108	1.500000
813	0.595332	-0.148306	-0.042547	1.500000
814	0.591580	-0.049938	0.160513	1.500000
815	0.604763	0.080751	0.077237	1.500000
816	0.569673	-0.225257	-0.054377	1.500000
817	0.542027	-0.248035	0.151362	1.500000
818	0.608507	0.057825	-0.067827	1.500000
819	0.569603	0.009544	-0.231702	1.500000
820	0.614283	-0.028254	-0.009140	1.500000
821	0.612404	-0.048015	-0.029678	1.500000
822	0.607277	-0.062528	-0.074366	1.500000
823	0.596019	-0.030362	-0.148542	1.500000
824	0.537321	-0.284314	-0.093147	1.500000
825	0.588718	-0.151766	0.092757	1.500000
826	0.614485	-0.007260	-0.024098	1.500000
827	0.605971	-0.011394	-0.104375	1.500000
828	0.588641	0.032832	-0.175069	1.500000
829	0.594566	-0.122173	0.098945	1.500000
830	0.570886	0.185911	0.133234	1.500000
831	0.588427	-0.124634	-0.128236	1.500000
832	0.600916	0.128759	0.023375	1.500000
833	0.574787	-0.165875	-0.142585	1.500000
834	0.600870	-0.108637	0.073340	1.500000
835	0.565438	-0.233102	-0.064562	1.500000
836	0.550690	-0.150024	0.229037	1.500000
837	0.575768	0.042724	0.211876	1.500000
838	0.609656	-0.043605	-0.068144	1.500000
839	0.589786	-0.091489	0.148350	1.500000
840	0.586403	0.175340	0.060101	1.500000
841	0.589925	0.173793	0.003145	1.500000
842	0.602236	0.065728	0.105912	1.500000
843	0.563903	-0.243555	-0.030330	1.500000
844	0.498306	0.175617	0.314762	1.500000
845	0.613553	-0.036532	-0.021048	1.500000
846	0.599374	-0.135567	0.024444	1.500000
847	0.545341	-0.157649	0.236590	1.500000
848	0.528605	0.308116	0.062175	1.500000
849	0.520578	-0.098404	0.312314	1.500000
850	0.601743	-0.010876	0.126541	1.500000
