1	0.612597	-0.051432	0.017459	2.500000
2	0.586078	0.184818	0.024093	2.500000
3	0.510309	-0.332492	0.085201	2.500000
4	0.567793	0.207810	-0.112478	2.500000
5	0.581517	0.123874	0.157222	2.500000
6	0.578330	-0.097953	0.184836	2.500000
7	0.473113	-0.277495	-0.278183	2.500000
8	0.591490	-0.167756	0.014932	2.500000
9	0.613983	0.027167	0.022614	2.500000
10	0.575722	-0.214906	-0.024172	2.500000
11	0.591371	-0.146749	-0.083484	2.500000
12	0.584149	-0.135776	-0.136236	2.500000
13	0.599069	0.046014	0.131242	2.500000
14	0.604580	-0.057016	-0.097245	2.500000
15	0.611174	-0.061362	0.030437	2.500000
16	0.596214	-0.084113	0.125215	2.500000
17	0.614086	0.027379	-0.019348	2.500000
18	0.503778	-0.302194	-0.181966	2.500000
19	0.593171	0.162282	-0.006177	2.500000
20	0.559938	-0.254347	0.001528	2.500000
21	0.583116	0.007908	-0.195289	2.500000
22	0.551799	0.124137	-0.241521	2.500000
23	0.586020	-0.175116	-0.064338	2.500000
24	0.579843	-0.198325	-0.051709	2.500000
25	0.557193	-0.260246	0.005787	2.500000
26	0.593885	-0.136656	0.082769	2.500000
27	0.574716	-0.218104	0.018888	2.500000
28	0.527919	0.290801	-0.122316	2.500000
29	0.582541	-0.003356	-0.197128	2.500000
30	0.601757	-0.055271	-0.114274	2.500000
31	0.571282	-0.192882	-0.121070	2.500000
32	0.601574	0.111707	-0.062089	2.500000
33	0.593133	-0.162501	0.003439	2.500000
34	0.478455	0.024254	-0.385640	2.500000
35	0.609341	-0.042124	0.071794	2.500000
36	0.607389	0.013715	0.095478	2.500000
37	0.598777	0.000129	-0.140326	2.500000
38	0.614757	-0.013766	-0.010465	2.500000
39	0.593742	-0.014450	-0.159647	2.500000
40	0.590809	0.084694	-0.148313	2.500000
41	0.596670	-0.148725	-0.009507	2.500000
42	0.599176	0.109494	0.084997	2.500000
43	0.602803	0.042405	-0.114258	2.500000
44	0.574397	0.064844	0.209973	2.500000
45	0.611890	-0.056515	0.024924	2.500000
46	0.562634	-0.054179	0.242348	2.500000
47	0.614896	0.003882	-0.010613	2.500000
48	0.606834	0.067476	-0.073650	2.500000
49	0.606999	0.026574	-0.095245	2.500000
50	0.565323	-0.010360	0.241925	2.500000
51	0.574883	0.183325	0.118855	2.500000
52	0.614792	-0.014219	0.007322	2.500000
53	0.607701	-0.063896	0.069587	2.500000
54	0.343734	0.171412	0.480302	2.500000
55	0.607784	-0.059494	0.072694	2.500000
56	0.567355	0.183264	-0.150823	2.500000
57	0.590621	0.171390	-0.004088	2.500000
58	0.608541	-0.044834	-0.076761	2.500000
59	0.594876	0.019771	0.154779	2.500000
60	0.613187	-0.043470	-0.018368	2.500000
61	0.579905	-0.181695	-0.094456	2.500000
62	0.613167	0.037202	0.029451	2.500000
63	0.609523	0.052635	0.062744	2.500000
64	0.575289	-0.200638	0.083738	2.500000
65	0.613429	-0.040617	0.016721	2.500000
66	0.593594	0.102006	-0.124364	2.500000
67	0.609764	0.069698	-0.039441	2.500000
68	0.577570	-0.210226	-0.021033	2.500000
69	0.614741	0.012410	-0.012848	2.500000
70	0.614083	0.006235	-0.032983	2.500000
71	0.587425	0.111146	-0.144233	2.500000
72	0.555504	0.135250	0.226599	2.500000
73	0.599390	0.135697	0.023301	2.500000
74	0.574252	0.040950	0.216293	2.500000
75	0.533025	-0.286669	0.109224	2.500000
76	0.610820	0.069335	-0.017792	2.500000
77	0.607819	0.072280	0.059641	2.500000
78	0.576469	-0.211231	0.035916	2.500000
79	0.605913	-0.105198	0.005245	2.500000
80	0.573899	-0.189211	0.114299	2.500000
81	0.599380	-0.130166	0.045006	2.500000
82	0.486322	0.375629	0.024879	2.500000
83	0.569511	0.181011	0.145318	2.500000
84	0.605112	-0.047911	0.098840	2.500000
85	0.614766	0.007506	0.015205	2.500000
86	0.607462	0.093398	-0.022170	2.500000
87	0.611345	-0.057924	-0.033572	2.500000
88	0.608792	0.064180	0.058975	2.500000
89	0.604186	0.005832	0.114675	2.500000
90	0.601091	-0.023740	0.127871	2.500000
91	0.614230	0.022916	-0.020527	2.500000
92	0.579845	0.202392	0.032288	2.500000
93	0.610544	-0.001899	-0.073870	2.500000
94	0.612127	-0.055253	0.021738	2.500000
95	0.606894	0.099186	-0.008150	2.500000
96	0.608757	0.020633	0.084933	2.500000
97	0.597530	0.131207	-0.062991	2.500000
98	0.579599	0.194833	-0.065804	2.500000
99	0.609267	-0.013099	-0.082744	2.500000
100	0.604208	-0.109754	-0.033337	2.500000
101	0.552555	-0.001478	0.270011	2.500000
102	0.589663	-0.173858	0.017213	2.500000
103	0.587454	0.174457	0.051842	2.500000
104	0.611902	0.053750	0.030204	2.500000
105	0.610068	-0.058071	-0.051671	2.500000
106	0.600915	0.023613	0.128721	2.500000
107	0.595737	-0.034823	-0.148692	2.500000
108	0.593615	-0.080766	-0.139006	2.500000
109	0.575613	0.098166	-0.193024	2.500000
110	0.587144	-0.182064	-0.018420	2.500000
111	0.608823	-0.068761	0.053213	2.500000
112	0.531274	-0.239760	-0.196183	2.500000
113	0.605867	0.034636	0.099755	2.500000
114	0.610067	0.003081	0.077674	2.500000
115	0.611160	-0.068496	0.004116	2.500000
116	0.580947	0.200001	0.026938	2.500000
117	0.605278	0.108885	0.002847	2.500000
118	0.518693	-0.185423	-0.273497	2.500000
119	0.596567	-0.095286	-0.115124	2.500000
120	0.609483	0.007941	-0.081807	2.500000
121	0.605825	-0.102923	-0.024651	2.500000
122	0.550506	-0.248181	-0.116511	2.500000
123	0.583764	-0.005597	-0.193426	2.500000
124	0.608061	-0.018965	0.090149	2.500000
125	0.603453	-0.020288	-0.116868	2.500000
126	0.609460	-0.082044	0.007185	2.500000
127	0.552343	-0.221680	-0.154919	2.500000
128	0.613057	-0.048053	-0.008779	2.500000
129	0.567378	-0.237161	0.007898	2.500000
130	0.610102	-0.077301	-0.005012	2.500000
131	0.571778	-0.082580	-0.210892	2.500000
132	0.597514	-0.139785	0.040766	2.500000
133	0.539029	-0.260486	-0.140783	2.500000
134	0.595112	-0.132065	0.081396	2.500000
135	0.594986	-0.021294	-0.154154	2.500000
136	0.582395	-0.066342	-0.186118	2.500000
137	0.594919	-0.035296	-0.151822	2.500000
138	0.604541	-0.077593	-0.082061	2.500000
139	0.601322	-0.117013	-0.054269	2.500000
140	0.551228	-0.272208	0.016605	2.500000
141	0.567427	-0.225723	-0.072808	2.500000
142	0.549002	0.274379	-0.039217	2.500000
143	0.556909	-0.219117	-0.141650	2.500000
144	0.603527	0.116428	-0.020608	2.500000
145	0.600754	0.047583	-0.122702	2.500000
146	0.522524	-0.297820	-0.128440	2.500000
147	0.609515	-0.077507	0.026632	2.500000
148	0.605016	-0.080985	-0.074981	2.500000
149	0.608506	-0.029588	-0.084081	2.500000
150	0.539746	0.006890	-0.294707	2.500000
151	0.593306	-0.135853	-0.088075	2.500000
152	0.577243	-0.059924	-0.203531	2.500000
153	0.603975	0.026144	-0.112939	2.500000
154	0.611427	-0.009914	-0.065454	2.500000
155	0.609408	0.079787	0.021929	2.500000
156	0.549983	-0.183201	0.205382	2.500000
157	0.608554	0.029077	0.083913	2.500000
158	0.611652	-0.024274	-0.059307	2.500000
159	0.593320	0.084153	-0.138255	2.500000
160	0.611034	-0.068663	-0.012180	2.500000
161	0.591044	0.091698	-0.143120	2.500000
162	0.602758	-0.014220	-0.121267	2.500000
163	0.585198	-0.175656	-0.070093	2.500000
164	0.597318	-0.104462	-0.102587	2.500000
165	0.546133	0.101510	0.263931	2.500000
166	0.598734	-0.139073	-0.020038	2.500000
167	0.533620	0.170224	0.253965	2.500000
168	0.562181	0.016522	-0.248806	2.500000
169	0.584138	0.171667	-0.086820	2.500000
170	0.607013	0.054039	0.082702	2.500000
171	0.604264	-0.114072	-0.008832	2.500000
172	0.610762	-0.070859	-0.013167	2.500000
173	0.580262	0.169077	0.113728	2.500000
174	0.613094	-0.035612	0.032740	2.500000
175	0.602979	-0.066299	0.101223	2.500000
176	0.567254	-0.184400	-0.149815	2.500000
177	0.613320	0.009692	0.044385	2.500000
178	0.610792	0.065725	0.028962	2.500000
179	0.608758	-0.023388	-0.084211	2.500000
180	0.598584	0.089457	-0.109177	2.500000
181	0.577547	-0.056145	-0.203746	2.500000
182	0.601883	-0.030438	-0.122620	2.500000
183	0.611643	0.058622	0.026099	2.500000
184	0.611521	-0.062947	-0.017457	2.500000
185	0.564019	0.244836	-0.012742	2.500000
186	0.599721	-0.110933	0.079080	2.500000
187	0.611232	-0.067570	-0.007404	2.500000
188	0.612832	0.036840	0.036115	2.500000
189	0.612325	0.056648	-0.008635	2.500000
190	0.606303	0.008784	0.102684	2.500000
191	0.598506	-0.070170	0.122850	2.500000
192	0.612309	0.030798	0.048522	2.500000
193	0.598229	-0.057496	-0.130541	2.500000
194	0.606944	-0.080469	0.058046	2.500000
195	0.614636	0.019867	-0.007267	2.500000
196	0.582144	0.183261	0.075820	2.500000
197	0.611019	0.026764	-0.064534	2.500000
198	0.597182	-0.027590	0.144354	2.500000
199	0.606311	0.034708	0.096989	2.500000
200	0.601683	-0.118082	0.047525	2.500000
201	0.560723	-0.178917	-0.178334	2.500000
202	0.599939	-0.092845	0.098375	2.500000
203	0.567851	-0.022142	-0.235116	2.500000
204	0.565722	0.149532	-0.189271	2.500000
205	0.579592	-0.037357	-0.202243	2.500000
206	0.534979	0.300894	-0.038541	2.500000
207	0.610001	-0.046953	-0.062600	2.500000
208	0.583197	-0.188983	-0.048905	2.500000
209	0.613892	0.023789	0.028211	2.500000
210	0.606283	-0.103038	-0.005379	2.500000
211	0.578896	0.153058	-0.140277	2.500000
212	0.574355	0.043454	-0.215529	2.500000
213	0.614222	-0.029622	0.008904	2.500000
214	0.569198	-0.213876	0.092170	2.500000
215	0.612409	0.056397	-0.000201	2.500000
216	0.555731	-0.255351	0.064681	2.500000
217	0.584903	0.054801	-0.181964	2.500000
218	0.609775	-0.072935	-0.032866	2.500000
219	0.598103	-0.128689	-0.062749	2.500000
220	0.613929	-0.035390	-0.008021	2.500000
221	0.607581	0.041221	0.085855	2.500000
222	0.595549	-0.074813	0.133977	2.500000
223	0.589012	0.061419	0.165886	2.500000
224	0.562606	-0.223321	-0.108753	2.500000
225	0.557706	-0.227820	-0.123639	2.500000
226	0.585656	-0.154076	-0.107203	2.500000
227	0.612627	0.009556	0.053118	2.500000
228	0.582087	-0.194098	-0.041540	2.500000
229	0.606012	0.089513	-0.054426	2.500000
230	0.599796	-0.044005	-0.128581	2.500000
231	0.579075	-0.134032	-0.157901	2.500000
232	0.577034	-0.035946	-0.209679	2.500000
233	0.600855	-0.043948	-0.123558	2.500000
234	0.563814	0.120006	-0.214329	2.500000
235	0.580430	-0.181116	-0.092323	2.500000
236	0.601705	0.083796	-0.095680	2.500000
237	0.577274	-0.155891	-0.143797	2.500000
238	0.603132	-0.119588	-0.012479	2.500000
239	0.591047	-0.117459	-0.122849	2.500000
240	0.583993	0.099488	0.165164	2.500000
241	0.549811	0.212236	-0.175751	2.500000
242	0.549609	-0.198080	-0.192145	2.500000
243	0.524905	-0.312192	-0.072354	2.500000
244	0.585943	-0.121595	-0.141810	2.500000
245	0.599521	-0.025505	-0.134718	2.500000
246	0.610704	0.034397	0.063892	2.500000
247	0.594460	-0.115786	-0.106936	2.500000
248	0.568980	-0.228699	-0.046726	2.500000
249	0.583979	-0.038731	-0.188929	2.500000
250	0.570570	-0.163755	-0.160809	2.500000
251	0.605449	-0.107349	-0.011491	2.500000
252	0.599283	-0.130616	0.044997	2.500000
253	0.597405	0.120335	-0.082774	2.500000
254	0.606600	-0.059740	-0.081807	2.500000
255	0.591694	-0.117578	0.119576	2.500000
256	0.578033	-0.166507	-0.127979	2.500000
257	0.612026	-0.012445	0.059110	2.500000
258	0.607916	-0.092914	0.005437	2.500000
259	0.554617	0.067323	-0.257085	2.500000
260	0.600520	0.120639	-0.055194	2.500000
261	0.607507	0.073634	-0.061143	2.500000
262	0.613796	-0.016916	-0.034538	2.500000
263	0.553009	-0.261970	0.061465	2.500000
264	0.613214	0.043905	0.016326	2.500000
265	0.564472	-0.157170	0.186800	2.500000
266	0.614247	0.005784	-0.029865	2.500000
267	0.572849	0.122911	0.186981	2.500000
268	0.534884	0.172411	0.249797	2.500000
269	0.612440	0.054340	-0.013759	2.500000
270	0.612608	0.032093	-0.043658	2.500000
271	0.582786	-0.196275	0.007870	2.500000
272	0.612401	0.045336	0.033692	2.500000
273	0.601905	0.074687	0.101770	2.500000
274	0.591893	-0.149063	-0.075287	2.500000
275	0.605201	0.104631	-0.031764	2.500000
276	0.518733	0.251117	0.214664	2.500000
277	0.590470	-0.156736	-0.070741	2.500000
278	0.587855	0.177451	0.034091	2.500000
279	0.604015	0.016364	-0.114556	2.500000
280	0.608935	0.079120	0.034107	2.500000
281	0.595515	0.049336	0.145439	2.500000
282	0.597684	-0.054646	-0.134209	2.500000
283	0.608863	0.085688	-0.012997	2.500000
284	0.608149	0.073049	-0.055168	2.500000
285	0.546975	-0.154292	0.235025	2.500000
286	0.613665	0.005429	0.040135	2.500000
287	0.599962	0.135157	-0.001799	2.500000
288	0.613779	0.030656	0.023686	2.500000
289	0.605780	-0.001818	-0.106077	2.500000
290	0.604116	0.091114	-0.070473	2.500000
291	0.593392	-0.118054	0.110338	2.500000
292	0.562608	0.025794	-0.247047	2.500000
293	0.613652	0.004634	-0.040438	2.500000
294	0.562273	0.244424	-0.048283	2.500000
295	0.610038	0.031897	-0.071146	2.500000
296	0.583782	0.189975	-0.036517	2.500000
297	0.602919	0.069736	-0.099250	2.500000
298	0.606043	0.044062	-0.094847	2.500000
299	0.592156	0.145258	0.080479	2.500000
300	0.612647	-0.010386	-0.052729	2.500000
301	0.612405	-0.054333	-0.015267	2.500000
302	0.613448	0.040162	-0.017135	2.500000
303	0.603716	0.096332	0.066876	2.500000
304	0.608266	-0.077061	0.047945	2.500000
305	0.609879	0.079182	-0.001680	2.500000
306	0.606566	-0.049108	0.088831	2.500000
307	0.610437	-0.074233	-0.009024	2.500000
308	0.600787	0.012532	-0.130853	2.500000
309	0.587083	-0.133903	0.125013	2.500000
310	0.579114	-0.072514	-0.193892	2.500000
311	0.596170	0.098284	0.114659	2.500000
312	0.600857	0.129839	0.018365	2.500000
313	0.607572	0.013611	-0.094317	2.500000
314	0.612570	-0.008271	0.053990	2.500000
315	0.587448	-0.053237	0.174056	2.500000
316	0.603525	0.104237	-0.055833	2.500000
317	0.578847	0.081909	0.190925	2.500000
318	0.585959	0.146882	-0.115340	2.500000
319	0.581418	0.081927	-0.182938	2.500000
320	0.605083	0.099444	-0.047018	2.500000
321	0.588350	0.167908	-0.062258	2.500000
322	0.604049	0.069713	-0.092141	2.500000
323	0.603739	-0.114957	-0.022571	2.500000
324	0.610488	0.009578	0.073739	2.500000
325	0.604228	0.087097	0.074483	2.500000
326	0.573314	0.183430	0.126053	2.500000
327	0.599298	-0.060790	-0.123984	2.500000
328	0.602354	-0.104468	0.066940	2.500000
329	0.611914	-0.061474	0.002778	2.500000
330	0.609495	-0.080809	-0.014512	2.500000
331	0.566477	-0.145258	-0.190338	2.500000
332	0.583057	-0.057805	-0.186889	2.500000
333	0.588829	-0.158576	-0.079746	2.500000
334	0.608749	0.081064	-0.032839	2.500000
335	0.612438	-0.049534	-0.026293	2.500000
336	0.610932	-0.041343	0.057254	2.500000
337	0.598929	-0.109166	0.087128	2.500000
338	0.612028	0.057126	0.019590	2.500000
339	0.569366	-0.131856	-0.191471	2.500000
340	0.608525	0.082002	-0.034609	2.500000
341	0.573931	0.186148	-0.119065	2.500000
342	0.602904	0.062904	0.103801	2.500000
343	0.564718	-0.242683	-0.020574	2.500000
344	0.611681	-0.029319	-0.056677	2.500000
345	0.608712	0.080066	0.035837	2.500000
346	0.568745	0.160098	-0.170652	2.500000
347	0.587497	-0.168977	-0.067224	2.500000
348	0.561730	-0.098843	-0.230032	2.500000
349	0.587133	-0.023528	-0.181511	2.500000
350	0.586938	-0.154103	-0.099908	2.500000
351	0.602630	-0.115141	-0.042488	2.500000
352	0.590747	0.003107	-0.170978	2.500000
353	0.514890	-0.192848	-0.275542	2.500000
354	0.582253	-0.069580	-0.185378	2.500000
355	0.556079	-0.151064	-0.214897	2.500000
356	0.599459	-0.057335	-0.124847	2.500000
357	0.610016	-0.025963	-0.073700	2.500000
358	0.614930	-0.008715	-0.003126	2.500000
359	0.608696	0.038214	-0.079082	2.500000
360	0.607163	-0.056179	0.080139	2.500000
361	0.608087	-0.085546	0.033725	2.500000
362	0.611663	0.036276	0.052705	2.500000
363	0.572432	-0.139908	-0.175988	2.500000
364	0.576254	-0.031495	-0.212518	2.500000
365	0.584994	-0.118157	-0.148477	2.500000
366	0.605112	0.067134	0.086933	2.500000
367	0.575320	0.216879	0.013966	2.500000
368	0.612938	0.029498	0.040772	2.500000
369	0.584037	-0.143084	0.129047	2.500000
370	0.586577	0.184216	0.014718	2.500000
371	0.574430	0.209983	-0.064518	2.500000
372	0.593382	-0.158434	-0.031952	2.500000
373	0.613956	-0.035395	-0.005480	2.500000
374	0.584614	-0.161517	0.101804	2.500000
375	0.610613	-0.071733	-0.015191	2.500000
376	0.597917	-0.141270	0.027629	2.500000
377	0.587190	0.179855	-0.032944	2.500000
378	0.606771	-0.011314	0.099627	2.500000
379	0.596652	0.115384	-0.094435	2.500000
380	0.586082	-0.097922	-0.158571	2.500000
381	0.572633	-0.074975	-0.211411	2.500000
382	0.573574	0.219608	0.031793	2.500000
383	0.584562	0.169439	-0.088337	2.500000
384	0.601398	0.092095	0.089798	2.500000
385	0.611104	0.021855	-0.065567	2.500000
386	0.593716	0.159942	0.012028	2.500000
387	0.613950	-0.034956	0.008302	2.500000
388	0.597454	-0.099193	0.106934	2.500000
389	0.586207	0.185210	0.016841	2.500000
390	0.603919	-0.083155	0.081189	2.500000
391	0.607210	0.086152	0.045809	2.500000
392	0.607096	0.095190	-0.024469	2.500000
393	0.588981	-0.014906	0.176365	2.500000
394	0.612920	0.046994	-0.018599	2.500000
395	0.585684	0.169253	-0.080947	2.500000
396	0.581199	0.127747	0.155284	2.500000
397	0.613357	0.039838	0.020756	2.500000
398	0.607150	-0.001991	0.097929	2.500000
399	0.603446	-0.008622	-0.118338	2.500000
400	0.608426	0.081044	-0.038410	2.500000
401	0.602556	0.056257	-0.109481	2.500000
402	0.579061	0.207034	-0.007114	2.500000
403	0.600349	-0.020069	0.131923	2.500000
404	0.561246	0.199273	-0.153358	2.500000
405	0.584923	-0.075017	-0.174535	2.500000
406	0.601003	-0.059922	0.115887	2.500000
407	0.606014	-0.100950	-0.027951	2.500000
408	0.613746	-0.002377	-0.039182	2.500000
409	0.608621	0.003303	0.088290	2.500000
410	0.570957	-0.186647	-0.131892	2.500000
411	0.564501	-0.183369	0.161058	2.500000
412	0.586884	-0.073120	-0.168659	2.500000
413	0.608713	-0.086187	0.016299	2.500000
414	0.602264	0.018742	0.123093	2.500000
415	0.564769	0.241533	-0.030382	2.500000
416	0.598695	0.139822	0.015480	2.500000
417	0.577798	0.186146	-0.098609	2.500000
418	0.583511	-0.030770	-0.191815	2.500000
419	0.597478	0.090292	0.114423	2.500000
420	0.603262	-0.081440	-0.087560	2.500000
421	0.607410	-0.093774	-0.022002	2.500000
422	0.589093	0.140547	0.106965	2.500000
423	0.598415	0.125075	0.066935	2.500000
424	0.525322	-0.086390	-0.307894	2.500000
425	0.592062	0.132076	0.101210	2.500000
426	0.604337	0.012070	-0.113383	2.500000
427	0.612181	0.039585	-0.043502	2.500000
428	0.608448	-0.012637	0.088634	2.500000
429	0.496466	0.009697	0.362840	2.500000
430	0.603747	0.106702	0.048259	2.500000
431	0.562374	0.161465	-0.189445	2.500000
432	0.604270	-0.012266	-0.113721	2.500000
433	0.591373	-0.162774	-0.044808	2.500000
434	0.561606	-0.196445	0.155669	2.500000
435	0.609873	0.075503	-0.024061	2.500000
436	0.613941	-0.021125	-0.029234	2.500000
437	0.579602	-0.179228	-0.100817	2.500000
438	0.559037	-0.171986	-0.190060	2.500000
439	0.602412	-0.122042	-0.020755	2.500000
440	0.557333	-0.259856	0.008905	2.500000
441	0.608892	-0.026200	0.082398	2.500000
442	0.614652	-0.012870	0.016183	2.500000
443	0.604290	0.030922	0.110011	2.500000
444	0.579082	0.000442	-0.207097	2.500000
445	0.610946	-0.034769	-0.061326	2.500000
446	0.576402	-0.057792	-0.206510	2.500000
447	0.563732	-0.204763	-0.136028	2.500000
448	0.614749	-0.013301	0.011464	2.500000
449	0.596286	-0.135712	0.065192	2.500000
450	0.583576	0.121384	0.151427	2.500000
451	0.599877	0.116089	0.069970	2.500000
452	0.604150	0.114353	0.012280	2.500000
453	0.606007	-0.079298	0.068504	2.500000
454	0.602537	0.112974	-0.049097	2.500000
455	0.535941	-0.244698	-0.176395	2.500000
456	0.510976	-0.339611	-0.042349	2.500000
457	0.582301	-0.039979	-0.193784	2.500000
458	0.578995	-0.204348	0.035093	2.500000
459	0.600739	-0.000991	0.131670	2.500000
460	0.595615	-0.121136	0.093777	2.500000
461	0.612022	0.050449	0.033308	2.500000
462	0.597844	-0.081375	-0.119103	2.500000
463	0.602465	-0.054568	-0.110831	2.500000
464	0.587958	-0.070646	-0.165950	2.500000
465	0.487079	-0.186603	-0.325820	2.500000
466	0.575821	-0.110228	-0.185754	2.500000
467	0.612822	-0.034823	-0.038230	2.500000
468	0.565063	-0.054405	-0.236577	2.500000
469	0.599714	0.130860	0.038000	2.500000
470	0.609485	-0.013614	-0.081045	2.500000
471	0.471245	-0.288553	-0.269981	2.500000
472	0.602375	-0.066999	-0.104312	2.500000
473	0.608713	0.085522	-0.019488	2.500000
474	0.588757	0.164866	-0.066401	2.500000
475	0.578296	0.205291	-0.040681	2.500000
476	0.611864	0.060714	-0.012710	2.500000
477	0.592099	0.086446	0.142023	2.500000
478	0.580158	0.191880	0.069454	2.500000
479	0.601918	0.044058	0.118230	2.500000
480	0.603698	-0.036573	0.111517	2.500000
481	0.614422	0.024191	0.011219	2.500000
482	0.595166	0.037507	-0.150320	2.500000
483	0.608257	-0.035314	0.083677	2.500000
484	0.577622	-0.067632	-0.200008	2.500000
485	0.580622	0.202733	-0.001453	2.500000
486	0.613973	-0.021626	-0.028197	2.500000
487	0.603145	0.057671	-0.105426	2.500000
488	0.567702	0.236078	-0.014381	2.500000
489	0.600750	0.115321	0.063451	2.500000
490	0.610871	0.070494	-0.009589	2.500000
491	0.604198	0.006512	-0.114574	2.500000
492	0.561226	-0.155072	-0.197998	2.500000
493	0.602852	0.037304	-0.115772	2.500000
494	0.604182	-0.085237	-0.076964	2.500000
495	0.605331	0.055868	-0.093156	2.500000
496	0.608790	0.053078	-0.069153	2.500000
497	0.597374	-0.144914	0.019215	2.500000
498	0.585858	0.056521	0.178328	2.500000
499	0.614253	0.029518	0.006809	2.500000
500	0.606003	0.019650	-0.102955	2.500000
501	0.611847	0.037033	0.049970	2.500000
502	0.602494	0.079760	0.094152	2.500000
503	0.593067	-0.031781	0.159646	2.500000
504	0.587191	0.180193	0.031027	2.500000
505	0.605076	-0.075314	0.080225	2.500000
506	0.597900	-0.019020	-0.142753	2.500000
507	0.601357	0.043470	-0.121266	2.500000
508	0.612044	-0.036395	0.047981	2.500000
509	0.596331	-0.114985	-0.096914	2.500000
510	0.613564	-0.038723	-0.016258	2.500000
511	0.593823	0.159367	-0.014190	2.500000
512	0.608769	0.083597	-0.025235	2.500000
513	0.570317	0.099572	-0.207481	2.500000
514	0.612647	-0.053326	0.006727	2.500000
515	0.614456	0.016248	0.020108	2.500000
516	0.559102	0.229692	-0.113454	2.500000
517	0.592453	-0.060517	0.153501	2.500000
518	0.584550	0.035539	-0.187786	2.500000
519	0.613456	0.029305	-0.032215	2.500000
520	0.612632	-0.041207	-0.034765	2.500000
521	0.614239	-0.006246	-0.029948	2.500000
522	0.584234	-0.170008	-0.089403	2.500000
523	0.609487	-0.017400	-0.080301	2.500000
524	0.612534	-0.013672	-0.053288	2.500000
525	0.490995	-0.293463	-0.225894	2.500000
526	0.608973	0.023890	-0.082500	2.500000
527	0.590005	-0.172617	0.017961	2.500000
528	0.606788	-0.016661	-0.098773	2.500000
529	0.612078	-0.020307	0.056329	2.500000
530	0.598176	0.059122	0.130059	2.500000
531	0.595648	0.148170	-0.038399	2.500000
532	0.598043	0.017489	-0.142350	2.500000
533	0.481860	0.359817	0.128716	2.500000
534	0.549854	-0.035560	-0.273170	2.500000
535	0.582389	0.083444	-0.179123	2.500000
536	0.585964	-0.090851	0.163147	2.500000
537	0.598373	-0.038248	0.136792	2.500000
538	0.593654	-0.137825	0.082489	2.500000
539	0.609222	-0.083653	-0.008673	2.500000
540	0.592837	0.082483	0.141299	2.500000
541	0.609960	-0.073661	0.027355	2.500000
542	0.602104	0.123272	0.022346	2.500000
543	0.594282	0.134493	0.083456	2.500000
544	0.606155	0.055105	-0.088117	2.500000
545	0.590012	-0.167080	0.046856	2.500000
546	0.594545	-0.113375	0.109029	2.500000
547	0.609698	0.059101	0.054771	2.500000
548	0.609508	-0.031827	-0.075581	2.500000
549	0.554071	-0.266008	-0.021687	2.500000
550	0.603065	-0.067029	0.100223	2.500000
551	0.587775	-0.151522	0.098926	2.500000
552	0.586066	-0.133491	-0.130123	2.500000
553	0.610109	-0.073798	-0.023374	2.500000
554	0.610757	-0.053085	-0.048820	2.500000
555	0.613948	-0.008899	-0.034833	2.500000
556	0.607800	-0.065093	0.067582	2.500000
557	0.601842	0.118490	0.044407	2.500000
558	0.595872	0.149516	0.028395	2.500000
559	0.609660	0.026881	-0.076272	2.500000
560	0.594534	-0.117268	-0.104896	2.500000
561	0.591877	-0.122676	-0.113390	2.500000
562	0.591990	-0.058112	-0.156190	2.500000
563	0.549915	-0.179448	-0.208847	2.500000
564	0.563911	-0.239930	0.051606	2.500000
565	0.581036	-0.103225	0.173108	2.500000
566	0.603866	0.032180	0.111960	2.500000
567	0.599156	0.094997	-0.101057	2.500000
568	0.607598	-0.095091	0.002644	2.500000
569	0.544169	-0.283693	0.040291	2.500000
570	0.546643	-0.270437	-0.079188	2.500000
571	0.604331	-0.035063	0.108533	2.500000
572	0.583771	-0.164112	-0.102487	2.500000
573	0.603798	0.020319	-0.115064	2.500000
574	0.607306	0.087637	0.041529	2.500000
575	0.611759	-0.055204	0.030471	2.500000
576	0.569635	-0.212168	-0.093412	2.500000
577	0.607257	-0.016403	-0.095889	2.500000
578	0.546258	-0.153476	-0.237218	2.500000
579	0.614617	0.016039	-0.014636	2.500000
580	0.600898	0.035814	-0.125953	2.500000
581	0.603980	0.115412	-0.010626	2.500000
582	0.602461	-0.123553	0.000004	2.500000
583	0.578308	0.181551	-0.104037	2.500000
584	0.607329	0.019981	-0.094747	2.500000
585	0.613857	0.008252	-0.036554	2.500000
586	0.611672	0.060440	-0.020717	2.500000
587	0.597880	-0.134447	-0.051853	2.500000
588	0.610778	0.060869	-0.038348	2.500000
589	0.612844	-0.043631	-0.027261	2.500000
590	0.601493	-0.073902	-0.104734	2.500000
591	0.551877	0.223891	0.153394	2.500000
592	0.577048	0.167232	0.131430	2.500000
593	0.608117	-0.025320	-0.088188	2.500000
594	0.593588	-0.028830	-0.158263	2.500000
595	0.614856	0.010671	0.007989	2.500000
596	0.594897	0.050772	-0.147462	2.500000
597	0.610863	0.070782	0.007823	2.500000
598	0.566914	0.160485	0.176289	2.500000
599	0.601706	0.020970	0.125442	2.500000
600	0.605041	-0.095736	0.054641	2.500000
601	0.598090	0.130234	0.059600	2.500000
602	0.586359	-0.050141	0.178589	2.500000
603	0.586300	0.185523	0.007623	2.500000
604	0.600591	0.113964	-0.067290	2.500000
605	0.609826	-0.020629	0.076891	2.500000
606	0.609447	0.078694	0.024629	2.500000
607	0.598608	0.139491	0.020872	2.500000
608	0.613897	-0.003017	-0.036696	2.500000
609	0.592063	0.038919	-0.161776	2.500000
610	0.605858	-0.104114	0.017919	2.500000
611	0.605642	-0.033873	0.101370	2.500000
612	0.570608	0.187323	-0.132443	2.500000
613	0.584941	0.173578	-0.077072	2.500000
614	0.609611	0.043850	0.068386	2.500000
615	0.595329	-0.124522	0.091120	2.500000
616	0.614479	0.002126	0.025225	2.500000
617	0.612328	-0.056773	-0.007482	2.500000
618	0.607865	0.093389	0.002030	2.500000
619	0.605493	0.103211	0.030837	2.500000
620	0.583936	0.063781	-0.182140	2.500000
621	0.610202	0.071849	-0.026765	2.500000
622	0.602990	0.120909	0.002991	2.500000
623	0.581784	-0.106245	0.168714	2.500000
624	0.569007	0.032294	0.231114	2.500000
625	0.609497	-0.031030	-0.075999	2.500000
626	0.611186	-0.060636	-0.031626	2.500000
627	0.603874	-0.003809	0.116390	2.500000
628	0.583453	0.193727	-0.016645	2.500000
629	0.612061	-0.046096	0.038487	2.500000
630	0.609723	0.072705	0.034307	2.500000
631	0.614959	-0.007061	-0.000227	2.500000
632	0.601711	-0.125843	0.018242	2.500000
633	0.564236	0.240054	0.047297	2.500000
634	0.609396	-0.054077	0.062743	2.500000
635	0.592744	-0.046690	0.157163	2.500000
636	0.566771	0.230643	-0.061639	2.500000
637	0.567128	-0.232058	0.052344	2.500000
638	0.597377	0.015627	0.145332	2.500000
639	0.555520	-0.015109	-0.263428	2.500000
640	0.587677	-0.151164	0.100048	2.500000
641	0.579452	-0.199715	-0.050734	2.500000
642	0.611998	-0.044250	0.041536	2.500000
643	0.614620	-0.018124	0.011798	2.500000
644	0.514228	-0.314549	-0.121873	2.500000
645	0.444128	-0.215003	-0.367082	2.500000
646	0.585332	-0.163530	-0.094179	2.500000
647	0.563948	-0.225830	-0.095858	2.500000
648	0.560673	0.143976	-0.207707	2.500000
649	0.606793	-0.037241	-0.092954	2.500000
650	0.613824	-0.037922	-0.002733	2.500000
651	0.591184	-0.093074	-0.141645	2.500000
652	0.613981	-0.001245	0.035364	2.500000
653	0.536271	-0.219186	-0.206389	2.500000
654	0.586300	-0.185629	0.004362	2.500000
655	0.598967	0.139506	-0.001079	2.500000
656	0.508113	0.056097	0.341905	2.500000
657	0.565840	-0.234950	0.053378	2.500000
658	0.609711	-0.073482	-0.032838	2.500000
659	0.495092	-0.306194	-0.198378	2.500000
660	0.596003	-0.120085	-0.092654	2.500000
661	0.559525	-0.244688	0.072699	2.500000
662	0.546892	-0.092994	-0.265492	2.500000
663	0.583741	-0.111903	-0.157952	2.500000
664	0.612874	0.039310	-0.032635	2.500000
665	0.592240	0.000376	0.165759	2.500000
666	0.608100	0.086819	-0.030035	2.500000
667	0.607793	0.059682	-0.072459	2.500000
668	0.598263	-0.092955	-0.108009	2.500000
669	0.474625	-0.390368	-0.023839	2.500000
670	0.608306	-0.066686	-0.061167	2.500000
671	0.612823	0.006470	0.051290	2.500000
672	0.501156	-0.181095	-0.307038	2.500000
673	0.586613	-0.134502	-0.126566	2.500000
674	0.601683	0.027424	0.124301	2.500000
675	0.372141	-0.393915	-0.290805	2.500000
676	0.595546	-0.145119	-0.049898	2.500000
677	0.603360	-0.116573	-0.024342	2.500000
678	0.591325	0.015751	-0.168261	2.500000
679	0.605815	-0.012175	-0.105190	2.500000
680	0.567734	-0.020116	-0.235580	2.500000
681	0.606154	0.071891	-0.075057	2.500000
682	0.606181	-0.034379	0.097919	2.500000
683	0.525788	-0.228389	-0.222733	2.500000
684	0.566158	0.201588	0.130588	2.500000
685	0.614997	-0.001762	-0.000623	2.500000
686	0.599933	-0.069319	0.116192	2.500000
687	0.603136	-0.054380	-0.107214	2.500000
688	0.611823	0.062228	0.004983	2.500000
689	0.587559	0.181240	-0.012309	2.500000
690	0.608455	0.088501	0.013220	2.500000
691	0.609493	-0.016588	-0.080423	2.500000
692	0.583021	0.032715	-0.192979	2.500000
693	0.554782	0.264881	0.016750	2.500000
694	0.576540	0.180952	0.114382	2.500000
695	0.589554	0.106581	-0.138893	2.500000
696	0.583308	-0.160006	0.111240	2.500000
697	0.607195	0.067089	-0.070982	2.500000
698	0.596405	-0.143421	-0.044227	2.500000
699	0.521311	0.023322	-0.325447	2.500000
700	0.613004	-0.033972	-0.036011	2.500000
701	0.579600	0.104455	0.177138	2.500000
702	0.587718	-0.164379	-0.076107	2.500000
703	0.582463	0.096302	0.172300	2.500000
704	0.580245	-0.051721	-0.197143	2.500000
705	0.518668	0.280425	0.174844	2.500000
706	0.590323	0.088755	0.147871	2.500000
707	0.587843	-0.164847	0.074103	2.500000
708	0.582010	0.112989	-0.163472	2.500000
709	0.537716	0.298349	-0.008641	2.500000
710	0.582889	0.061516	0.186230	2.500000
711	0.613144	-0.039352	-0.027025	2.500000
712	0.583568	0.065515	0.182706	2.500000
713	0.613469	-0.041437	-0.012814	2.500000
714	0.611466	0.055584	0.035274	2.500000
715	0.593565	0.159358	0.022605	2.500000
716	0.548313	0.278465	-0.005883	2.500000
717	0.566905	0.230682	-0.060242	2.500000
718	0.607179	0.048651	0.084807	2.500000
719	0.608818	-0.055664	-0.066833	2.500000
720	0.610956	-0.021050	-0.067188	2.500000
721	0.601684	-0.051018	0.116611	2.500000
722	0.581572	-0.156760	-0.124199	2.500000
723	0.613345	-0.001342	-0.045064	2.500000
724	0.609429	0.081760	0.011701	2.500000
725	0.582295	0.183694	-0.073581	2.500000
726	0.587993	-0.082146	-0.160441	2.500000
727	0.608577	-0.082135	-0.033358	2.500000
728	0.593521	0.141722	-0.076636	2.500000
729	0.610375	-0.065661	-0.036824	2.500000
730	0.577046	0.070035	0.200843	2.500000
731	0.610207	-0.037135	-0.067034	2.500000
732	0.590337	0.134256	-0.108181	2.500000
733	0.601366	0.117883	0.051843	2.500000
734	0.590031	0.020326	0.172266	2.500000
735	0.610088	-0.043335	0.064340	2.500000
736	0.606233	0.103337	-0.005247	2.500000
737	0.574417	-0.203249	0.083422	2.500000
738	0.600295	0.025549	-0.131217	2.500000
739	0.568322	0.221322	-0.079065	2.500000
740	0.591945	-0.166059	0.015835	2.500000
741	0.598849	-0.010037	-0.139659	2.500000
742	0.563495	-0.027498	0.244831	2.500000
743	0.595299	0.074244	0.135397	2.500000
744	0.587968	-0.038635	0.176143	2.500000
745	0.598750	0.006333	-0.140296	2.500000
746	0.605361	0.017636	0.107011	2.500000
747	0.608284	0.036933	-0.082775	2.500000
748	0.593868	-0.158188	-0.022858	2.500000
749	0.579155	-0.164768	0.125126	2.500000
750	0.593900	-0.033297	-0.156204	2.500000
751	0.546148	0.028004	-0.281360	2.500000
752	0.535060	-0.268408	0.141041	2.500000
753	0.540665	0.000413	-0.293098	2.500000
754	0.586708	-0.177135	-0.051208	2.500000
755	0.605882	-0.062677	0.084875	2.500000
756	0.548691	-0.112174	-0.254127	2.500000
757	0.589247	-0.171589	-0.039618	2.500000
758	0.593539	0.160157	-0.016925	2.500000
759	0.546413	-0.281849	0.014802	2.500000
760	0.577578	-0.198848	-0.071332	2.500000
761	0.564765	0.125378	0.208676	2.500000
762	0.542542	-0.235661	-0.168334	2.500000
763	0.586083	0.183035	0.035077	2.500000
764	0.586682	-0.109726	0.148287	2.500000
765	0.588585	-0.059421	-0.168111	2.500000
766	0.578873	0.018307	-0.206872	2.500000
767	0.603965	0.099450	-0.059674	2.500000
768	0.590624	-0.168467	0.031731	2.500000
769	0.612943	-0.008059	0.049612	2.500000
770	0.586912	-0.173571	0.060274	2.500000
771	0.612011	-0.037223	-0.047772	2.500000
772	0.484098	-0.234776	-0.297917	2.500000
773	0.577172	-0.205765	0.052514	2.500000
774	0.565774	-0.240670	-0.014223	2.500000
775	0.556624	-0.261254	0.011871	2.500000
776	0.585629	-0.166200	0.087412	2.500000
777	0.475869	-0.296505	-0.252703	2.500000
778	0.586979	0.158318	-0.092825	2.500000
779	0.609511	0.078236	-0.024506	2.500000
780	0.579821	-0.089187	-0.184603	2.500000
781	0.602371	-0.114520	-0.047538	2.500000
782	0.574539	-0.169812	0.138903	2.500000
783	0.613778	0.021735	-0.032078	2.500000
784	0.534016	-0.099704	-0.288291	2.500000
785	0.606298	-0.101537	0.017822	2.500000
786	0.598643	-0.051059	-0.131319	2.500000
787	0.536250	-0.291246	-0.076400	2.500000
788	0.593077	0.006525	-0.162612	2.500000
789	0.599382	-0.136102	-0.021048	2.500000
790	0.590206	0.075320	-0.155593	2.500000
791	0.607045	0.091520	-0.036681	2.500000
792	0.588997	0.161306	-0.072718	2.500000
793	0.600847	-0.127701	-0.029998	2.500000
794	0.506051	-0.346689	-0.044090	2.500000
795	0.576477	0.210911	0.037633	2.500000
796	0.583769	0.105909	-0.161934	2.500000
797	0.591396	0.017941	-0.167790	2.500000
798	0.580028	0.188052	-0.080180	2.500000
799	0.564950	-0.214009	-0.115137	2.500000
800	0.605784	0.105572	-0.010292	2.500000
801	0.602829	0.109005	-0.054227	2.500000
802	0.452450	0.385771	0.157146	2.500000
803	0.565307	0.085179	0.226709	2.500000
804	0.587657	-0.009544	-0.181090	2.500000
805	0.606881	-0.020044	0.097565	2.500000
806	0.598601	0.105189	0.094003	2.500000
807	0.609678	0.073489	0.033428	2.500000
808	0.600504	0.035556	-0.127887	2.500000
809	0.602248	-0.070023	-0.103048	2.500000
810	0.569569	0.193828	0.127462	2.500000
811	0.598755	0.119548	0.073661	2.500000
812	0.614951	0.004325	-0.006468	2.500000
813	0.576997	0.026975	-0.211119	2.500000
814	0.578705	0.171435	0.118049	2.500000
815	0.584954	0.175299	-0.072962	2.500000
816	0.602257	0.119983	0.033393	2.500000
817	0.611811	0.032366	0.053527	2.500000
818	0.589553	0.106254	0.139151	2.500000
819	0.612445	-0.055997	0.000683	2.500000
820	0.612108	0.057260	0.016444	2.500000
821	0.592219	-0.142530	0.084775	2.500000
822	0.606393	-0.100435	0.020611	2.500000
823	0.609232	0.074400	-0.039065	2.500000
824	0.550606	0.270089	-0.045933	2.500000
825	0.587688	-0.071572	-0.166510	2.500000
826	0.559637	-0.033559	-0.252795	2.500000
827	0.614803	0.000013	-0.015557	2.500000
828	0.603235	-0.072148	0.095537	2.500000
829	0.596175	0.106359	0.107184	2.500000
830	0.601504	-0.127690	0.010632	2.500000
831	0.579925	-0.034356	-0.201821	2.500000
832	0.608162	0.041033	-0.081735	2.500000
833	0.581950	0.196166	0.032835	2.500000
834	0.600525	-0.081155	0.104920	2.500000
835	0.611416	0.049191	0.044455	2.500000
836	0.614997	-0.001373	0.001273	2.500000
837	0.587318	-0.180513	0.026422	2.500000
838	0.613308	-0.011079	0.044216	2.500000
839	0.612652	0.049674	0.020372	2.500000
840	0.613796	0.000457	0.038464	2.500000
841	0.587798	-0.051424	-0.173418	2.500000
842	0.569691	-0.031107	0.229585	2.500000
843	0.582891	-0.130735	-0.146189	2.500000
844	0.573766	-0.209590	0.071343	2.500000
845	0.572795	-0.027681	0.222181	2.500000
846	0.609975	0.007719	-0.078074	2.500000
847	0.592645	-0.113156	0.119132	2.500000
848	0.533926	0.036577	0.303002	2.500000
849	0.526195	-0.271435	0.166334	2.500000
850	0.565491	-0.232310	-0.066909	2.500000
