1	0.347314	0.455257	-0.224364	0.470000
2	0.457549	0.344935	-0.223370	0.470000
3	0.543152	0.282046	-0.060502	0.470000
4	0.503883	0.333600	-0.114185	0.470000
5	0.596854	-0.118330	0.089379	0.470000
6	0.614335	-0.013018	0.025450	0.470000
7	0.402582	-0.305889	0.350121	0.470000
8	0.609237	-0.081738	-0.019357	0.470000
9	0.572988	-0.216496	-0.055130	0.470000
10	0.588232	0.064398	-0.167515	0.470000
11	0.556006	0.262292	-0.016908	0.470000
12	0.601967	0.108769	-0.063486	0.470000
13	0.599761	0.133198	0.027757	0.470000
14	0.608320	-0.060438	0.067229	0.470000
15	0.558808	0.235117	0.103338	0.470000
16	0.569818	-0.227405	0.042649	0.470000
17	0.611868	-0.053350	-0.031573	0.470000
18	0.534784	-0.244427	-0.180241	0.470000
19	0.599337	-0.067455	-0.120292	0.470000
20	0.582841	0.072229	-0.182493	0.470000
21	0.568114	0.188724	-0.140905	0.470000
22	0.600674	0.108935	-0.074489	0.470000
23	0.546242	0.282381	-0.010265	0.470000
24	0.472997	0.318109	0.230879	0.470000
25	0.514356	0.083924	0.326527	0.470000
26	0.599209	0.059661	-0.124954	0.470000
27	0.607316	-0.093816	-0.024305	0.470000
28	0.585616	0.063272	-0.176849	0.470000
29	0.547036	-0.230203	-0.161194	0.470000
30	0.588949	0.177052	-0.004085	0.470000
31	0.605319	0.091399	-0.058820	0.470000
32	0.582763	-0.191741	-0.042981	0.470000
33	0.602492	0.106264	-0.062743	0.470000
34	0.591986	-0.136347	-0.095848	0.470000
35	0.589424	-0.153320	-0.085422	0.470000
36	0.478948	-0.241954	0.300487	0.470000
37	0.613154	0.028192	0.038363	0.470000
38	0.590343	-0.019650	-0.171270	0.470000
39	0.614123	-0.019512	-0.026410	0.470000
40	0.611422	-0.049515	0.044004	0.470000
41	0.608056	0.064717	-0.065613	0.470000
42	0.610234	-0.041282	-0.064309	0.470000
43	0.589160	-0.165872	-0.060014	0.470000
44	0.579896	0.042894	0.200264	0.470000
45	0.509340	-0.271040	-0.212919	0.470000
46	0.554630	-0.112994	-0.240506	0.470000
47	0.599379	-0.114197	0.076998	0.470000
48	0.610556	0.065182	0.034601	0.470000
49	0.596752	0.020047	-0.147343	0.470000
50	0.608561	0.088652	-0.004349	0.470000
51	0.578544	0.117533	-0.172332	0.470000
52	0.527069	-0.157342	-0.275077	0.470000
53	0.600303	0.128571	-0.036477	0.470000
54	0.559779	-0.230839	-0.107635	0.470000
55	0.508818	0.124692	-0.322150	0.470000
56	0.589761	0.111372	-0.134174	0.470000
57	0.583748	-0.084854	0.173964	0.470000
58	0.600698	0.082105	-0.103180	0.470000
59	0.577467	0.211530	-0.003366	0.470000
60	0.602494	-0.102342	-0.068936	0.470000
61	0.609001	0.082424	-0.023436	0.470000
62	0.559786	-0.072194	-0.244240	0.470000
63	0.577057	-0.125076	-0.172007	0.470000
64	0.485983	0.207201	-0.314823	0.470000
65	0.541558	0.140603	-0.255284	0.470000
66	0.562319	0.154065	0.195668	0.470000
67	0.516349	0.323864	-0.081982	0.470000
68	0.555013	0.254608	0.073213	0.470000
69	0.588991	0.176859	0.005960	0.470000
70	0.613863	0.035835	0.010641	0.470000
71	0.605791	0.083687	-0.065108	0.470000
72	0.588810	0.174574	-0.032424	0.470000
73	0.576919	0.139970	-0.160616	0.470000
74	0.577840	-0.155046	-0.142430	0.470000
75	0.602441	0.030554	-0.119816	0.470000
76	0.603653	0.114873	0.025144	0.470000
77	0.606852	-0.099035	0.012139	0.470000
78	0.595307	-0.129835	-0.083531	0.470000
79	0.581931	0.190577	-0.057110	0.470000
80	0.511884	0.314776	0.130827	0.470000
81	0.597094	-0.067687	0.130852	0.470000
82	0.572442	-0.200716	0.101237	0.470000
83	0.596747	-0.136528	0.058972	0.470000
84	0.604738	0.100897	-0.048345	0.470000
85	0.597298	-0.125707	0.075222	0.470000
86	0.566680	-0.091379	-0.220791	0.470000
87	0.569348	0.103229	-0.208354	0.470000
88	0.613371	-0.040628	-0.018731	0.470000
89	0.568950	0.224491	-0.064220	0.470000
90	0.579391	0.149423	-0.142141	0.470000
91	0.516926	-0.332120	0.026615	0.470000
92	0.608711	0.042284	-0.076862	0.470000
93	0.588093	0.179761	-0.007575	0.470000
94	0.590213	-0.164657	-0.052551	0.470000
95	0.610114	-0.075816	-0.015407	0.470000
96	0.566612	0.035110	-0.236522	0.470000
97	0.596746	-0.051985	-0.139344	0.470000
98	0.610848	0.021397	0.068060	0.470000
99	0.612940	-0.021191	-0.045613	0.470000
100	0.516201	-0.147447	0.300034	0.470000
101	0.590415	-0.015090	0.171487	0.470000
102	0.595346	-0.061758	0.141331	0.470000
103	0.567766	-0.065023	0.227241	0.470000
104	0.610719	-0.055601	-0.046436	0.470000
105	0.611538	-0.048024	0.044050	0.470000
106	0.548301	-0.270129	0.067981	0.470000
107	0.608175	0.011177	0.090683	0.470000
108	0.575913	0.183521	0.113444	0.470000
109	0.536413	-0.029411	-0.299368	0.470000
110	0.602155	0.008099	-0.124776	0.470000
111	0.565207	0.148689	0.191463	0.470000
112	0.425182	-0.087142	0.435720	0.470000
113	0.500240	0.028953	-0.356577	0.470000
114	0.609379	0.015124	-0.081569	0.470000
115	0.441804	0.303255	0.301779	0.470000
116	0.457615	0.007977	-0.410792	0.470000
117	0.522776	0.233448	-0.224572	0.470000
118	0.611858	-0.033962	-0.051970	0.470000
119	0.433642	0.334026	-0.280368	0.470000
120	0.403375	0.447781	-0.122500	0.470000
121	0.614554	-0.005916	-0.022655	0.470000
122	0.597783	0.133846	0.054463	0.470000
123	0.601380	-0.007208	0.128511	0.470000
124	0.524312	-0.193649	0.256559	0.470000
125	0.586802	-0.034243	-0.180874	0.470000
126	0.500993	0.024440	-0.355856	0.470000
127	0.587981	0.022170	-0.178919	0.470000
128	0.557608	0.258953	-0.015538	0.470000
129	0.559247	0.255739	-0.008076	0.470000
130	0.575945	0.074483	0.202398	0.470000
131	0.597727	-0.061139	0.131184	0.470000
132	0.603775	0.037612	-0.110753	0.470000
133	0.571121	-0.056471	-0.221036	0.470000
134	0.593330	-0.018119	-0.160798	0.470000
135	0.567605	0.234710	0.031006	0.470000
136	0.587650	0.100437	-0.151012	0.470000
137	0.578304	0.204683	0.043519	0.470000
138	0.539865	-0.078607	0.283887	0.470000
139	0.595995	0.090602	-0.121681	0.470000
140	0.608137	-0.045498	0.079528	0.470000
141	0.605184	0.002008	-0.109420	0.470000
142	0.568919	0.146803	-0.181674	0.470000
143	0.592114	-0.151965	0.067328	0.470000
144	0.612909	0.036160	0.035491	0.470000
145	0.584579	0.144370	-0.125099	0.470000
146	0.575585	0.211191	-0.048228	0.470000
147	0.584548	0.190839	0.010416	0.470000
148	0.606657	-0.074749	-0.067860	0.470000
149	0.610379	-0.064667	0.038474	0.470000
150	0.587027	-0.067175	-0.170622	0.470000
151	0.574688	0.060677	-0.210421	0.470000
152	0.602369	0.081167	0.093749	0.470000
153	0.587140	0.048555	0.176450	0.470000
154	0.604015	0.036945	-0.109663	0.470000
155	0.614508	0.022164	0.010634	0.470000
156	0.602299	-0.040035	0.117722	0.470000
157	0.536297	-0.134505	-0.269293	0.470000
158	0.614136	-0.025035	-0.020868	0.470000
159	0.603999	-0.016713	0.114593	0.470000
160	0.605491	0.073215	-0.079029	0.470000
161	0.609002	0.027754	-0.081062	0.470000
162	0.601080	0.127481	-0.026002	0.470000
163	0.589672	-0.155678	-0.079223	0.470000
164	0.599435	0.060070	-0.123668	0.470000
165	0.597851	0.088293	-0.114034	0.470000
166	0.541663	0.135255	-0.257939	0.470000
167	0.590661	0.171302	0.000748	0.470000
168	0.587555	0.180087	0.023938	0.470000
169	0.573283	0.221616	0.021409	0.470000
170	0.576816	0.207184	-0.050827	0.470000
171	0.614654	0.020129	-0.004526	0.470000
172	0.595631	-0.086812	-0.126146	0.470000
173	0.578611	-0.024776	-0.206931	0.470000
174	0.545774	-0.021291	-0.282670	0.470000
175	0.608297	0.031593	0.084863	0.470000
176	0.603270	-0.020820	0.117716	0.470000
177	0.527765	0.289326	-0.126410	0.470000
178	0.592873	-0.162895	0.013854	0.470000
179	0.552340	0.270418	-0.004377	0.470000
180	0.602313	0.110410	0.057045	0.470000
181	0.614276	0.026703	-0.013295	0.470000
182	0.581670	0.013701	0.199241	0.470000
183	0.605737	-0.049288	-0.094224	0.470000
184	0.608994	-0.075551	0.040546	0.470000
185	0.608252	-0.090815	-0.002674	0.470000
186	0.600689	0.082038	-0.103283	0.470000
187	0.596339	-0.148615	-0.022770	0.470000
188	0.561908	0.180150	-0.173292	0.470000
189	0.589033	0.168355	0.054053	0.470000
190	0.613417	-0.040666	0.017062	0.470000
191	0.606255	-0.042296	0.094291	0.470000
192	0.584857	-0.141109	0.127500	0.470000
193	0.536394	-0.081110	0.289703	0.470000
194	0.533145	0.211819	-0.221618	0.470000
195	0.586818	0.103900	-0.151904	0.470000
196	0.598921	0.091520	0.105561	0.470000
197	0.537675	0.151713	-0.257126	0.470000
198	0.593083	0.126405	0.102466	0.470000
199	0.599466	-0.052627	0.126871	0.470000
200	0.579322	0.119720	-0.168161	0.470000
201	0.599446	-0.022650	0.135560	0.470000
202	0.594666	-0.048599	0.149114	0.470000
203	0.607464	-0.093277	0.022636	0.470000
204	0.518496	0.219299	0.247579	0.470000
205	0.595878	-0.036296	0.147774	0.470000
206	0.608323	-0.089726	-0.010844	0.470000
207	0.613190	0.019536	0.042917	0.470000
208	0.537309	0.068535	0.291250	0.470000
209	0.612036	-0.060208	0.003431	0.470000
210	0.585046	-0.166963	-0.089830	0.470000
211	0.581847	0.136875	0.144723	0.470000
212	0.567438	-0.225391	0.073740	0.470000
213	0.606818	-0.027246	-0.096199	0.470000
214	0.553488	0.241878	-0.115634	0.470000
215	0.598106	0.074809	-0.122057	0.470000
216	0.497827	0.344170	-0.109274	0.470000
217	0.578225	0.208127	-0.023744	0.470000
218	0.614318	0.025259	-0.014174	0.470000
219	0.600795	-0.008041	0.131168	0.470000
220	0.551712	-0.263053	0.068130	0.470000
221	0.588596	-0.178210	0.004600	0.470000
222	0.535329	-0.163364	-0.254872	0.470000
223	0.425850	0.056807	-0.440056	0.470000
224	0.590021	0.119370	-0.125900	0.470000
225	0.534204	0.261395	-0.156599	0.470000
226	0.540256	0.291762	0.034971	0.470000
227	0.575166	0.196432	0.093934	0.470000
228	0.568813	0.098477	0.212082	0.470000
229	0.589187	-0.176285	-0.002690	0.470000
230	0.613894	-0.030403	0.020861	0.470000
231	0.598097	-0.061894	-0.129130	0.470000
232	0.613142	-0.047261	0.006930	0.470000
233	0.603736	0.081525	-0.084151	0.470000
234	0.612072	0.010790	-0.058964	0.470000
235	0.600070	0.030756	-0.131129	0.470000
236	0.608884	0.080424	-0.031887	0.470000
237	0.602559	-0.100471	0.071086	0.470000
238	0.594313	-0.095798	-0.125856	0.470000
239	0.609047	-0.074097	-0.042382	0.470000
240	0.611880	-0.061681	0.004797	0.470000
241	0.614504	-0.023424	0.007813	0.470000
242	0.598727	-0.089448	-0.108395	0.470000
243	0.577669	0.023972	-0.209640	0.470000
244	0.584911	0.185161	0.042649	0.470000
245	0.602415	-0.123008	-0.013773	0.470000
246	0.614788	0.015961	-0.002404	0.470000
247	0.571845	-0.224199	0.030876	0.470000
248	0.578780	0.122767	-0.167829	0.470000
249	0.613474	-0.004059	0.043106	0.470000
250	0.607584	-0.095075	0.005264	0.470000
251	0.592576	-0.036665	-0.160420	0.470000
252	0.613715	0.035868	-0.017113	0.470000
253	0.602530	-0.110799	0.053904	0.470000
254	0.612587	0.027447	-0.046994	0.470000
255	0.598783	0.068620	-0.122371	0.470000
256	0.599806	-0.119348	-0.064914	0.470000
257	0.580079	-0.201913	0.031049	0.470000
258	0.589353	-0.140568	0.105492	0.470000
259	0.543280	-0.077235	-0.277681	0.470000
260	0.608917	-0.059688	-0.062311	0.470000
261	0.604782	0.104593	0.039045	0.470000
262	0.483631	0.198789	-0.323742	0.470000
263	0.599214	0.066959	0.121176	0.470000
264	0.611973	0.046466	-0.039440	0.470000
265	0.611209	0.049132	-0.047270	0.470000
266	0.596907	-0.063486	-0.133778	0.470000
267	0.580543	0.183922	0.085832	0.470000
268	0.558705	-0.201980	-0.158992	0.470000
269	0.610228	-0.036826	0.067011	0.470000
270	0.612360	0.015792	0.054684	0.470000
271	0.600091	0.056940	0.121958	0.470000
272	0.533162	0.306524	-0.002492	0.470000
273	0.592075	-0.048258	-0.159196	0.470000
274	0.592304	0.136229	-0.094034	0.470000
275	0.608220	0.065384	0.063394	0.470000
276	0.599551	0.136964	-0.002226	0.470000
277	0.537674	0.222149	-0.199452	0.470000
278	0.586268	-0.174837	0.062829	0.470000
279	0.609896	-0.030246	0.073056	0.470000
280	0.601214	0.111010	0.066663	0.470000
281	0.594910	0.153160	-0.029148	0.470000
282	0.569384	0.220178	0.074486	0.470000
283	0.591550	0.081693	-0.147037	0.470000
284	0.611415	0.053824	-0.038723	0.470000
285	0.591036	-0.022022	0.168572	0.470000
286	0.609919	0.078668	-0.005965	0.470000
287	0.597431	0.017314	-0.144917	0.470000
288	0.598137	0.129133	0.061493	0.470000
289	0.575856	-0.203340	0.072575	0.470000
290	0.605197	-0.036038	-0.103259	0.470000
291	0.614343	0.015614	0.023735	0.470000
292	0.526248	0.139195	-0.286205	0.470000
293	0.597395	0.137950	0.048109	0.470000
294	0.584356	0.139238	-0.131781	0.470000
295	0.575886	-0.192230	0.098120	0.470000
296	0.611688	-0.061880	0.015273	0.470000
297	0.603869	-0.113521	-0.026089	0.470000
298	0.589363	-0.138557	0.108067	0.470000
299	0.583977	-0.153763	-0.116414	0.470000
300	0.568932	0.159163	-0.170906	0.470000
301	0.600428	-0.032149	0.129141	0.470000
302	0.566984	0.234223	0.043521	0.470000
303	0.592174	0.002637	-0.165978	0.470000
304	0.579901	-0.072604	0.191491	0.470000
305	0.475682	-0.203239	0.332635	0.470000
306	0.604121	0.022700	-0.112907	0.470000
307	0.574530	-0.219407	-0.000896	0.470000
308	0.588267	-0.132088	0.121326	0.470000
309	0.607927	0.077806	-0.050950	0.470000
310	0.613225	0.001394	0.046669	0.470000
311	0.519911	0.221530	0.242573	0.470000
312	0.613938	0.028960	-0.021593	0.470000
313	0.614055	-0.033950	-0.003008	0.470000
314	0.565155	-0.224895	0.090816	0.470000
315	0.600593	0.128190	0.032877	0.470000
316	0.536532	-0.087712	0.287514	0.470000
317	0.608237	-0.040792	0.081292	0.470000
318	0.609774	0.015854	-0.078418	0.470000
319	0.605355	-0.104954	0.027486	0.470000
320	0.612892	-0.013368	-0.049093	0.470000
321	0.613837	0.037696	0.002868	0.470000
322	0.562048	0.248994	0.018139	0.470000
323	0.511553	0.335654	-0.062249	0.470000
324	0.601670	-0.069549	0.106683	0.470000
325	0.608175	0.078394	0.046925	0.470000
326	0.573766	-0.029440	0.219434	0.470000
327	0.599429	-0.119914	0.067305	0.470000
328	0.574684	-0.014814	0.218502	0.470000
329	0.534342	-0.233757	-0.195093	0.470000
330	0.605464	0.106105	-0.019490	0.470000
331	0.577968	0.143472	-0.153601	0.470000
332	0.612889	0.044978	-0.023859	0.470000
333	0.597796	0.105260	0.098918	0.470000
334	0.611928	-0.030872	-0.053071	0.470000
335	0.598617	-0.136284	0.036192	0.470000
336	0.596249	-0.105446	0.107674	0.470000
337	0.503413	0.027361	-0.352210	0.470000
338	0.594527	-0.086462	-0.131479	0.470000
339	0.576129	0.071286	-0.203024	0.470000
340	0.605390	0.098170	-0.045724	0.470000
341	0.523494	0.202096	-0.251666	0.470000
342	0.606493	0.007250	0.101680	0.470000
343	0.582042	0.174854	0.094226	0.470000
344	0.602834	-0.117249	-0.032703	0.470000
345	0.577546	-0.206021	0.047127	0.470000
346	0.599406	0.081845	-0.110630	0.470000
347	0.558743	-0.031785	-0.254993	0.470000
348	0.608637	0.034923	-0.081034	0.470000
349	0.613635	-0.008161	-0.040125	0.470000
350	0.604499	-0.034466	-0.107787	0.470000
351	0.610044	0.076197	-0.016306	0.470000
352	0.595580	-0.031289	-0.150102	0.470000
353	0.607600	-0.093282	-0.018582	0.470000
354	0.594474	-0.109543	-0.113255	0.470000
355	0.613219	0.033531	-0.032609	0.470000
356	0.594792	0.154367	-0.024854	0.470000
357	0.614360	0.007610	-0.026990	0.470000
358	0.611909	-0.041884	-0.045146	0.470000
359	0.605724	-0.086311	-0.062241	0.470000
360	0.597540	0.116789	-0.086784	0.470000
361	0.609144	-0.065752	-0.053340	0.470000
362	0.600584	0.009379	-0.132047	0.470000
363	0.607558	-0.028487	-0.091030	0.470000
364	0.568606	0.000990	-0.234332	0.470000
365	0.602735	0.051144	0.110997	0.470000
366	0.611567	0.061063	-0.021961	0.470000
367	0.543021	-0.117998	-0.263496	0.470000
368	0.598250	0.096153	-0.105242	0.470000
369	0.599239	-0.067866	-0.120550	0.470000
370	0.613516	-0.031340	0.029000	0.470000
371	0.594786	-0.123477	0.095959	0.470000
372	0.605397	0.081340	0.071439	0.470000
373	0.576459	0.152754	0.150285	0.470000
374	0.552114	0.262736	0.066063	0.470000
375	0.583876	-0.190592	0.031439	0.470000
376	0.612693	-0.051400	0.013774	0.470000
377	0.587536	0.170577	-0.062685	0.470000
378	0.596645	-0.001167	-0.149124	0.470000
379	0.591566	0.065161	0.155012	0.470000
380	0.607916	0.018333	0.091251	0.470000
381	0.598896	0.128717	0.054590	0.470000
382	0.602949	0.112488	-0.044988	0.470000
383	0.596732	-0.111040	0.099024	0.470000
384	0.603455	0.061413	-0.101469	0.470000
385	0.579837	0.204305	0.016532	0.470000
386	0.597255	-0.126330	-0.074515	0.470000
387	0.607839	-0.036483	-0.086174	0.470000
388	0.613802	-0.038372	0.000546	0.470000
389	0.580397	0.079290	-0.187290	0.470000
390	0.606101	0.104193	0.003296	0.470000
391	0.573065	0.213361	0.065564	0.470000
392	0.522095	0.261594	-0.192901	0.470000
393	0.566240	0.105867	0.215383	0.470000
394	0.607384	0.057242	-0.077672	0.470000
395	0.608173	0.066074	-0.063123	0.470000
396	0.598825	0.094655	0.103313	0.470000
397	0.557282	-0.245603	-0.085678	0.470000
398	0.613225	-0.015731	-0.043956	0.470000
399	0.606159	0.103076	0.013104	0.470000
400	0.594107	0.138129	-0.078629	0.470000
401	0.592717	-0.020820	-0.162719	0.470000
402	0.595335	-0.003125	0.154246	0.470000
403	0.613831	-0.035683	-0.012789	0.470000
404	0.609202	-0.068566	0.048952	0.470000
405	0.588966	-0.173083	-0.037240	0.470000
406	0.602802	0.045594	-0.113032	0.470000
407	0.547567	0.255494	-0.114535	0.470000
408	0.613665	-0.002869	0.040398	0.470000
409	0.604023	-0.011642	0.115092	0.470000
410	0.607271	-0.065705	0.071627	0.470000
411	0.560402	-0.084280	0.238897	0.470000
412	0.579682	0.147742	0.142710	0.470000
413	0.590927	-0.060336	0.159343	0.470000
414	0.591463	-0.016584	0.167696	0.470000
415	0.606700	-0.041509	-0.091747	0.470000
416	0.605737	-0.090990	-0.055030	0.470000
417	0.594691	-0.012737	0.156221	0.470000
418	0.601914	-0.111349	-0.059384	0.470000
419	0.603186	0.113088	0.040031	0.470000
420	0.494460	0.034678	0.364050	0.470000
421	0.584860	0.144663	0.123435	0.470000
422	0.612401	-0.003664	-0.056360	0.470000
423	0.613590	0.010331	-0.040325	0.470000
424	0.601265	0.122484	0.041271	0.470000
425	0.591495	-0.036350	-0.164431	0.470000
426	0.459026	0.365243	-0.184711	0.470000
427	0.605812	0.092450	-0.051669	0.470000
428	0.596691	0.115823	-0.093648	0.470000
429	0.590043	0.000600	0.173419	0.470000
430	0.594143	0.158242	0.013342	0.470000
431	0.582188	-0.171890	0.098672	0.470000
432	0.537763	0.020475	0.297686	0.470000
433	0.557902	-0.137921	-0.218971	0.470000
434	0.450289	-0.209585	-0.362683	0.470000
435	0.433940	0.315890	-0.300224	0.470000
436	0.584566	0.134989	-0.135223	0.470000
437	0.609466	0.007749	-0.081952	0.470000
438	0.589552	0.146507	0.095863	0.470000
439	0.609448	0.007850	0.082078	0.470000
440	0.597535	-0.145521	0.000178	0.470000
441	0.548660	-0.277764	0.006686	0.470000
442	0.606815	-0.008540	-0.099637	0.470000
443	0.511885	-0.037619	-0.338797	0.470000
444	0.593943	-0.064437	-0.145959	0.470000
445	0.570244	-0.160971	-0.164728	0.470000
446	0.601859	0.126453	0.000176	0.470000
447	0.598047	-0.069277	-0.125558	0.470000
448	0.585931	0.064471	-0.175367	0.470000
449	0.594510	-0.129117	-0.090066	0.470000
450	0.610661	0.048795	-0.054196	0.470000
451	0.605692	-0.078870	-0.071703	0.470000
452	0.610052	0.043439	-0.064610	0.470000
453	0.588241	0.060581	-0.168901	0.470000
454	0.613309	0.041648	-0.018517	0.470000
455	0.611953	-0.041336	-0.045058	0.470000
456	0.588723	0.004948	-0.177779	0.470000
457	0.614595	-0.002138	-0.022212	0.470000
458	0.599055	-0.069093	0.120765	0.470000
459	0.608040	0.009474	-0.091773	0.470000
460	0.576277	0.153460	-0.150266	0.470000
461	0.577420	0.099124	-0.187045	0.470000
462	0.612864	0.036546	0.035875	0.470000
463	0.609793	-0.071093	0.036373	0.470000
464	0.610439	-0.045604	0.059237	0.470000
465	0.608536	-0.088420	0.009553	0.470000
466	0.611287	0.055397	-0.038523	0.470000
467	0.603174	0.085219	-0.084524	0.470000
468	0.605395	-0.089325	-0.061185	0.470000
469	0.612583	-0.054453	-0.001155	0.470000
470	0.567887	0.025758	-0.234661	0.470000
471	0.600970	-0.006828	-0.130438	0.470000
472	0.608302	-0.047600	0.076989	0.470000
473	0.578153	-0.115958	-0.174695	0.470000
474	0.603667	-0.107947	-0.046459	0.470000
475	0.612330	0.003996	-0.057110	0.470000
476	0.606449	-0.057404	-0.084553	0.470000
477	0.592518	-0.027708	-0.162418	0.470000
478	0.609507	-0.080965	-0.013081	0.470000
479	0.605088	-0.074903	-0.080516	0.470000
480	0.604063	-0.029199	-0.111716	0.470000
481	0.598252	-0.074241	0.121688	0.470000
482	0.603314	0.088097	-0.080476	0.470000
483	0.575139	0.217040	-0.018288	0.470000
484	0.584158	0.181648	0.063158	0.470000
485	0.577706	-0.133839	-0.162997	0.470000
486	0.593640	-0.132611	-0.090721	0.470000
487	0.605780	0.008098	-0.105782	0.470000
488	0.614807	0.006211	-0.014086	0.470000
489	0.599670	-0.135127	-0.019013	0.470000
490	0.511206	-0.198880	-0.278101	0.470000
491	0.599647	0.119070	-0.066865	0.470000
492	0.609490	0.019620	0.079766	0.470000
493	0.589741	0.154484	0.081023	0.470000
494	0.604425	0.061727	0.095318	0.470000
495	0.608415	0.077288	-0.045632	0.470000
496	0.593027	0.148522	-0.066975	0.470000
497	0.596794	-0.103937	0.106107	0.470000
498	0.614733	0.013677	0.011896	0.470000
499	0.589940	-0.083103	0.152611	0.470000
500	0.577348	0.145409	0.154113	0.470000
501	0.598185	-0.072881	0.122836	0.470000
502	0.587311	-0.110953	-0.144845	0.470000
503	0.571774	0.043716	-0.222236	0.470000
504	0.599823	0.047045	-0.127374	0.470000
505	0.610980	0.069983	-0.005561	0.470000
506	0.611681	0.056638	-0.029392	0.470000
507	0.601426	-0.010739	-0.128051	0.470000
508	0.594851	-0.055589	-0.145902	0.470000
509	0.610560	-0.071838	0.016771	0.470000
510	0.597907	-0.143882	-0.005520	0.470000
511	0.612647	-0.047350	0.025427	0.470000
512	0.599653	0.073973	-0.114756	0.470000
513	0.605977	0.019956	-0.103044	0.470000
514	0.608090	0.091615	0.007624	0.470000
515	0.562719	0.156701	-0.192398	0.470000
516	0.562617	0.101356	0.226746	0.470000
517	0.577444	-0.082026	0.195077	0.470000
518	0.535015	0.104930	0.284558	0.470000
519	0.589734	-0.174467	0.000095	0.470000
520	0.579832	-0.198557	-0.050943	0.470000
521	0.591701	0.137676	-0.095707	0.470000
522	0.598118	0.112036	0.089036	0.470000
523	0.610830	-0.033270	0.063281	0.470000
524	0.594212	0.105845	-0.118040	0.470000
525	0.597470	-0.031769	0.142284	0.470000
526	0.586032	-0.088505	0.164189	0.470000
527	0.567446	-0.157112	0.177611	0.470000
528	0.578505	-0.200471	0.058042	0.470000
529	0.614772	-0.012772	0.010830	0.470000
530	0.579752	0.134555	0.154945	0.470000
531	0.603861	-0.110758	0.036194	0.470000
532	0.579136	0.132481	0.158983	0.470000
533	0.581559	0.095245	0.175905	0.470000
534	0.597230	0.129301	0.069446	0.470000
535	0.607043	0.035954	0.091819	0.470000
536	0.589279	-0.175602	-0.011794	0.470000
537	0.584050	0.125311	0.146312	0.470000
538	0.589709	0.097841	0.144553	0.470000
539	0.590963	0.058152	-0.160018	0.470000
540	0.606493	0.002940	-0.101898	0.470000
541	0.607550	0.087768	0.037481	0.470000
542	0.546417	0.021226	0.281430	0.470000
543	0.552604	0.173586	-0.206692	0.470000
544	0.559175	0.111295	-0.230569	0.470000
545	0.591951	0.148909	-0.075132	0.470000
546	0.604509	0.027451	-0.109726	0.470000
547	0.535369	0.302590	0.006620	0.470000
548	0.566473	-0.236868	0.035021	0.470000
549	0.608274	-0.052719	0.073817	0.470000
550	0.596124	-0.074927	-0.131330	0.470000
551	0.560714	0.099058	-0.232405	0.470000
552	0.579471	0.113999	-0.171587	0.470000
553	0.613785	0.038634	0.000907	0.470000
554	0.610708	0.071324	-0.013182	0.470000
555	0.593688	0.042391	-0.154797	0.470000
556	0.557227	-0.243745	-0.091169	0.470000
557	0.607586	-0.059360	-0.074434	0.470000
558	0.609509	0.066142	0.048468	0.470000
559	0.610269	-0.072070	-0.024555	0.470000
560	0.515476	-0.112016	-0.316167	0.470000
561	0.575567	-0.004378	-0.216630	0.470000
562	0.604394	-0.073993	-0.086360	0.470000
563	0.574359	-0.129297	-0.177818	0.470000
564	0.566967	0.067985	0.228366	0.470000
565	0.603150	-0.086598	-0.083282	0.470000
566	0.591345	0.040955	0.163885	0.470000
567	0.612405	-0.052857	-0.019788	0.470000
568	0.595485	0.152626	-0.018121	0.470000
569	0.613037	0.036481	0.032868	0.470000
570	0.533312	0.213801	0.219301	0.470000
571	0.609721	0.018966	-0.078135	0.470000
572	0.607587	-0.004799	-0.095080	0.470000
573	0.594003	0.114582	-0.110711	0.470000
574	0.547549	0.115580	-0.255061	0.470000
575	0.613253	-0.024147	-0.039538	0.470000
576	0.604643	-0.112301	-0.004479	0.470000
577	0.602846	-0.121542	-0.005388	0.470000
578	0.578955	-0.048936	-0.201597	0.470000
579	0.598481	0.141166	-0.010856	0.470000
580	0.608159	0.091392	-0.003884	0.470000
581	0.597599	-0.132524	0.059482	0.470000
582	0.563416	-0.094720	-0.227631	0.470000
583	0.608140	-0.024546	-0.088253	0.470000
584	0.613573	-0.037660	0.018309	0.470000
585	0.602249	0.056696	-0.110938	0.470000
586	0.602008	0.089146	0.088683	0.470000
587	0.613794	-0.023457	0.030521	0.470000
588	0.585207	-0.038200	-0.185198	0.470000
589	0.585301	0.185764	-0.033747	0.470000
590	0.609814	0.006133	-0.079460	0.470000
591	0.592540	-0.160895	-0.035138	0.470000
592	0.581181	-0.015967	0.200495	0.470000
593	0.603860	0.103688	-0.053169	0.470000
594	0.597990	0.068489	-0.126264	0.470000
595	0.580759	0.181738	0.088965	0.470000
596	0.609648	0.079382	0.015913	0.470000
597	0.528158	0.314986	-0.007630	0.470000
598	0.599224	0.122435	-0.064542	0.470000
599	0.601914	-0.120391	0.037828	0.470000
600	0.610397	0.064533	0.038424	0.470000
601	0.610210	-0.010648	0.075864	0.470000
602	0.614400	-0.024572	-0.011597	0.470000
603	0.603465	-0.001640	-0.118544	0.470000
604	0.611592	-0.034013	-0.054986	0.470000
605	0.561471	0.168661	-0.185819	0.470000
606	0.589017	-0.156728	0.081977	0.470000
607	0.594370	-0.135326	0.081466	0.470000
608	0.612322	0.050348	0.027423	0.470000
609	0.544716	-0.216840	0.185714	0.470000
610	0.591879	-0.141407	-0.088926	0.470000
611	0.603761	0.035226	0.111607	0.470000
612	0.534869	0.152998	-0.262167	0.470000
613	0.550808	0.229843	-0.148351	0.470000
614	0.609815	0.046544	-0.064682	0.470000
615	0.610734	0.054464	0.047565	0.470000
616	0.603898	-0.104921	0.050236	0.470000
617	0.595944	-0.055640	0.141349	0.470000
618	0.543628	-0.241887	-0.155512	0.470000
619	0.603019	-0.043203	-0.112812	0.470000
620	0.609543	-0.010970	-0.081008	0.470000
621	0.610576	-0.029077	0.067648	0.470000
622	0.580863	0.201045	-0.020102	0.470000
623	0.595590	-0.008597	0.153050	0.470000
624	0.605919	-0.103848	-0.017395	0.470000
625	0.543503	-0.043737	0.284459	0.470000
626	0.607414	-0.095540	0.012033	0.470000
627	0.571952	0.102145	-0.201650	0.470000
628	0.605214	-0.087593	0.065336	0.470000
629	0.606141	-0.009396	0.103586	0.470000
630	0.602758	0.119605	0.024550	0.470000
631	0.596039	-0.089497	0.122280	0.470000
632	0.578486	-0.198402	0.064925	0.470000
633	0.521605	0.205754	0.252623	0.470000
634	0.614355	0.028078	-0.002275	0.470000
635	0.612424	0.037664	-0.041751	0.470000
636	0.592270	-0.143392	-0.082947	0.470000
637	0.598613	-0.006412	0.140879	0.470000
638	0.594448	0.122291	0.099504	0.470000
639	0.579493	0.156740	-0.133585	0.470000
640	0.560340	0.195117	-0.161783	0.470000
641	0.507015	0.184751	-0.295004	0.470000
642	0.500707	0.210635	0.288357	0.470000
643	0.582240	-0.112063	0.163291	0.470000
644	0.609901	-0.038409	0.069065	0.470000
645	0.578888	-0.194183	0.073527	0.470000
646	0.614586	0.008628	-0.020857	0.470000
647	0.580370	-0.118876	-0.165119	0.470000
648	0.598535	-0.001908	-0.141341	0.470000
649	0.600426	-0.015597	-0.132175	0.470000
650	0.582814	-0.091034	-0.173971	0.470000
651	0.558906	-0.009657	0.256430	0.470000
652	0.610499	0.071305	-0.020766	0.470000
653	0.607192	-0.035027	0.091191	0.470000
654	0.604069	0.113947	-0.018477	0.470000
655	0.607782	0.045166	-0.082380	0.470000
656	0.590576	0.131952	-0.109698	0.470000
657	0.613381	-0.026475	-0.035878	0.470000
658	0.530289	-0.125820	-0.284935	0.470000
659	0.562561	0.064921	-0.239865	0.470000
660	0.564679	-0.044786	-0.239493	0.470000
661	0.605448	-0.032835	-0.102857	0.470000
662	0.601721	0.051849	-0.116055	0.470000
663	0.538790	0.146278	0.257940	0.470000
664	0.605667	0.001414	-0.106728	0.470000
665	0.595030	0.153042	0.027251	0.470000
666	0.606750	0.099413	-0.014040	0.470000
667	0.604183	0.034146	-0.109647	0.470000
668	0.608300	-0.085943	-0.028461	0.470000
669	0.591337	0.041866	0.163687	0.470000
670	0.553694	0.253885	-0.084794	0.470000
671	0.572558	0.221629	-0.035825	0.470000
672	0.568447	0.194030	-0.132082	0.470000
673	0.488231	0.370005	0.054329	0.470000
674	0.483093	0.339827	-0.171360	0.470000
675	0.593030	-0.073807	-0.145235	0.470000
676	0.608182	0.040599	-0.081802	0.470000
677	0.549788	-0.142946	0.235637	0.470000
678	0.607721	-0.037842	0.086418	0.470000
679	0.564264	0.209811	0.125739	0.470000
680	0.611333	-0.061156	-0.027508	0.470000
681	0.604680	-0.049670	-0.100598	0.470000
682	0.614334	-0.014223	-0.024831	0.470000
683	0.515638	-0.259393	-0.212267	0.470000
684	0.550368	-0.075885	-0.263745	0.470000
685	0.591919	-0.066461	0.153099	0.470000
686	0.587581	-0.084737	-0.160601	0.470000
687	0.515781	0.331073	0.050853	0.470000
688	0.610863	0.070899	0.006698	0.470000
689	0.605997	0.099668	-0.032535	0.470000
690	0.605188	-0.044703	-0.099873	0.470000
691	0.570126	0.122235	-0.195551	0.470000
692	0.597632	0.049343	0.136479	0.470000
693	0.548130	-0.053988	-0.273613	0.470000
694	0.529166	-0.301701	-0.084761	0.470000
695	0.536626	-0.189692	-0.232970	0.470000
696	0.610131	0.070600	-0.031311	0.470000
697	0.560407	0.099165	0.233100	0.470000
698	0.555714	0.063734	0.255626	0.470000
699	0.603844	0.023677	0.114179	0.470000
700	0.521566	0.324129	0.033688	0.470000
701	0.570242	0.184988	-0.137215	0.470000
702	0.601172	0.003909	-0.129624	0.470000
703	0.574600	-0.217611	0.026545	0.470000
704	0.605614	0.105416	0.018552	0.470000
705	0.597534	-0.024062	-0.143523	0.470000
706	0.614130	-0.030590	0.011563	0.470000
707	0.554761	-0.258489	-0.060403	0.470000
708	0.612941	0.045094	-0.022250	0.470000
709	0.605004	0.072447	-0.083342	0.470000
710	0.613048	0.044626	0.020134	0.470000
711	0.598951	-0.131847	0.045819	0.470000
712	0.585814	-0.184035	-0.034324	0.470000
713	0.589309	-0.141158	0.104951	0.470000
714	0.573885	-0.190998	0.111356	0.470000
715	0.614996	-0.001148	-0.001853	0.470000
716	0.584145	-0.192134	-0.009200	0.470000
717	0.610509	0.072678	-0.014894	0.470000
718	0.590432	0.171474	-0.014548	0.470000
719	0.600021	-0.006402	-0.134754	0.470000
720	0.588133	-0.099364	0.149837	0.470000
721	0.613400	0.030784	-0.031904	0.470000
722	0.537384	-0.070097	0.290740	0.470000
723	0.581802	0.103662	0.170252	0.470000
724	0.568473	-0.233092	0.027052	0.470000
725	0.589201	-0.162057	-0.069313	0.470000
726	0.613687	0.003811	-0.039985	0.470000
727	0.560468	0.226482	0.113168	0.470000
728	0.495349	0.362628	-0.036812	0.470000
729	0.588841	0.177445	-0.002153	0.470000
730	0.569775	-0.065765	0.221937	0.470000
731	0.592116	-0.058703	0.155490	0.470000
732	0.578071	0.002700	0.209886	0.470000
733	0.611813	0.040191	0.047900	0.470000
734	0.583870	0.064785	0.182000	0.470000
735	0.596059	-0.042479	0.145378	0.470000
736	0.607685	0.093083	-0.016705	0.470000
737	0.576932	0.162839	0.137325	0.470000
738	0.597356	-0.099714	0.106993	0.470000
739	0.586581	0.131932	0.129391	0.470000
740	0.523172	0.202247	0.252214	0.470000
741	0.591542	-0.156332	0.062160	0.470000
742	0.579970	-0.185264	0.086815	0.470000
743	0.585739	0.013568	0.186953	0.470000
744	0.603355	-0.117653	-0.018584	0.470000
745	0.602225	0.073368	0.100832	0.470000
746	0.347965	0.408653	0.300247	0.470000
747	0.441583	0.377586	-0.201639	0.470000
748	0.559524	0.030971	-0.253375	0.470000
749	0.535230	0.053022	-0.298232	0.470000
750	0.522600	0.315820	-0.073291	0.470000
751	0.582292	-0.192187	0.047167	0.470000
752	0.598953	-0.128449	-0.054600	0.470000
753	0.560052	-0.226319	0.115526	0.470000
754	0.411650	-0.401100	-0.218832	0.470000
755	0.541199	0.263403	-0.126282	0.470000
756	0.565569	0.010897	-0.241327	0.470000
757	0.589409	0.071727	-0.160241	0.470000
758	0.557840	0.123482	0.227577	0.470000
759	0.602837	-0.060873	-0.105393	0.470000
760	0.597664	-0.123654	0.075711	0.470000
761	0.601285	0.056508	0.116138	0.470000
762	0.531622	-0.069776	-0.301221	0.470000
763	0.575111	-0.070481	-0.206168	0.470000
764	0.499720	-0.159966	-0.320805	0.470000
765	0.610196	-0.040717	0.065022	0.470000
766	0.600859	-0.025397	-0.128643	0.470000
767	0.607824	0.012682	-0.092813	0.470000
768	0.300827	-0.524715	-0.111366	0.470000
769	0.611414	0.066221	-0.003645	0.470000
770	0.571188	0.225594	0.032818	0.470000
771	0.573623	-0.025558	-0.220291	0.470000
772	0.556716	-0.218520	-0.143321	0.470000
773	0.566903	-0.151033	-0.184486	0.470000
774	0.582048	-0.020434	-0.197555	0.470000
775	0.614913	-0.010329	0.000405	0.470000
776	0.611402	0.066019	0.007313	0.470000
777	0.543703	0.163665	-0.236275	0.470000
778	0.529766	0.201680	-0.238533	0.470000
779	0.554276	-0.265620	-0.021189	0.470000
780	0.611346	0.009079	0.066319	0.470000
781	0.597575	-0.104522	0.101018	0.470000
782	0.572902	0.186118	0.123970	0.470000
783	0.591116	0.160038	0.056518	0.470000
784	0.573132	0.030086	-0.220996	0.470000
785	0.614141	0.023479	-0.022458	0.470000
786	0.606067	0.037098	-0.097627	0.470000
787	0.570951	-0.092467	-0.209021	0.470000
788	0.614255	-0.029283	0.007656	0.470000
789	0.604718	0.020001	0.110185	0.470000
790	0.589203	0.137230	0.110600	0.470000
791	0.554077	-0.264132	0.038182	0.470000
792	0.564238	0.003807	0.244633	0.470000
793	0.546725	-0.139583	-0.244609	0.470000
794	0.594173	-0.136729	0.080553	0.470000
795	0.610586	0.056944	-0.046551	0.470000
796	0.613580	-0.036582	0.020153	0.470000
797	0.612212	0.048574	-0.032583	0.470000
798	0.535755	0.299011	-0.042232	0.470000
799	0.603675	0.093439	-0.071207	0.470000
800	0.610281	-0.020851	-0.073123	0.470000
801	0.606290	-0.102061	-0.014860	0.470000
802	0.544278	0.282138	0.048832	0.470000
803	0.610523	0.017588	-0.071956	0.470000
804	0.608273	-0.047319	0.077391	0.470000
805	0.566406	0.197605	-0.135505	0.470000
806	0.597506	-0.126276	-0.072563	0.470000
807	0.605189	0.023971	0.106755	0.470000
808	0.605152	0.069955	-0.084396	0.470000
809	0.586689	0.141464	-0.118359	0.470000
810	0.523029	-0.095038	-0.309247	0.470000
811	0.569862	-0.161080	0.165938	0.470000
812	0.580228	0.138629	0.149473	0.470000
813	0.608586	0.035148	-0.081316	0.470000
814	0.612158	0.058701	0.006424	0.470000
815	0.614756	0.005083	-0.016564	0.470000
816	0.601840	-0.000593	-0.126546	0.470000
817	0.606955	0.093747	0.032275	0.470000
818	0.530471	-0.194586	-0.242821	0.470000
819	0.577310	-0.143592	0.155947	0.470000
820	0.598716	-0.034965	-0.136167	0.470000
821	0.610380	-0.048419	-0.057591	0.470000
822	0.599943	0.085314	0.104950	0.470000
823	0.613278	0.025245	-0.038447	0.470000
824	0.568750	-0.024938	-0.232652	0.470000
825	0.581335	0.199504	-0.021736	0.470000
826	0.558897	0.243848	-0.079980	0.470000
827	0.614710	0.015758	-0.010402	0.470000
828	0.545939	-0.211793	0.187935	0.470000
829	0.565695	0.124951	0.206401	0.470000
830	0.564168	-0.227900	-0.089446	0.470000
831	0.607810	-0.013076	-0.092849	0.470000
832	0.609754	0.075522	-0.026860	0.470000
833	0.551841	0.232613	0.139957	0.470000
834	0.592114	0.165889	-0.010357	0.470000
835	0.612411	-0.045444	0.033364	0.470000
836	0.609198	0.002877	0.084232	0.470000
837	0.558549	-0.059107	0.250508	0.470000
838	0.600419	-0.063976	0.116743	0.470000
839	0.599865	-0.065930	0.118493	0.470000
840	0.570634	-0.211843	0.087888	0.470000
841	0.603780	-0.113466	0.028278	0.470000
842	0.568696	0.208945	0.105605	0.470000
843	0.489727	0.038568	0.370007	0.470000
844	0.449259	-0.129827	0.399420	0.470000
845	0.570402	0.096434	-0.208728	0.470000
846	0.603771	-0.106751	0.047856	0.470000
847	0.591358	-0.014047	0.168297	0.470000
848	0.566434	-0.238757	-0.019317	0.470000
849	0.591754	0.110841	-0.125565	0.470000
850	0.564912	-0.067774	0.233465	0.470000
