1	-0.605069	0.041207	0.102072	-1.990000
2	-0.536125	-0.297899	-0.045289	-1.990000
3	-0.411305	-0.073030	-0.451353	-1.990000
4	-0.597091	0.100779	0.107473	-1.990000
5	-0.600320	-0.133185	0.010132	-1.990000
6	-0.612094	-0.012695	-0.058354	-1.990000
7	-0.601952	0.123619	0.024442	-1.990000
8	-0.610776	0.047929	0.053675	-1.990000
9	-0.607031	0.094053	0.029862	-1.990000
10	-0.604096	-0.085290	-0.077580	-1.990000
11	-0.563720	-0.165365	0.181932	-1.990000
12	-0.481778	-0.348220	-0.157664	-1.990000
13	-0.613248	-0.045153	0.010636	-1.990000
14	-0.548763	-0.214330	0.176485	-1.990000
15	-0.605538	0.060972	0.088496	-1.990000
16	-0.613591	0.032177	0.026376	-1.990000
17	-0.556660	-0.247384	-0.084591	-1.990000
18	-0.614937	-0.006257	-0.006183	-1.990000
19	-0.598904	-0.139773	0.001701	-1.990000
20	-0.561138	-0.182981	0.172819	-1.990000
21	-0.608310	-0.089285	0.014588	-1.990000
22	-0.589837	-0.104933	-0.138946	-1.990000
23	-0.611351	-0.066673	0.005462	-1.990000
24	-0.573971	-0.146949	0.164889	-1.990000
25	-0.568426	0.010889	0.234516	-1.990000
26	-0.586955	-0.161156	0.087961	-1.990000
27	-0.609980	-0.053927	0.056930	-1.990000
28	-0.585313	-0.120417	-0.145374	-1.990000
29	-0.563397	-0.234755	-0.075488	-1.990000
30	-0.587418	-0.110006	0.145133	-1.990000
31	-0.545421	0.095937	-0.267464	-1.990000
32	-0.591606	-0.154060	-0.067031	-1.990000
33	-0.590546	-0.108878	0.132762	-1.990000
34	-0.595594	0.026758	0.150920	-1.990000
35	-0.593000	-0.149419	0.065192	-1.990000
36	-0.605710	0.049161	0.094466	-1.990000
37	-0.521150	-0.176933	-0.274450	-1.990000
38	-0.612408	0.055215	0.011498	-1.990000
39	-0.608276	0.028359	-0.086146	-1.990000
40	-0.470290	-0.254813	-0.303517	-1.990000
41	-0.603601	-0.074613	-0.091235	-1.990000
42	-0.614872	-0.003770	-0.011985	-1.990000
43	-0.608275	-0.065781	0.062449	-1.990000
44	-0.560768	-0.169691	0.186999	-1.990000
45	-0.597059	0.146040	0.020437	-1.990000
46	-0.605567	0.035617	0.101218	-1.990000
47	-0.522021	-0.021142	-0.324456	-1.990000
48	-0.611573	0.014196	-0.063264	-1.990000
49	-0.607663	0.028343	0.090371	-1.990000
50	-0.603306	0.078139	0.090231	-1.990000
51	-0.613657	0.027207	0.030172	-1.990000
52	-0.554645	0.162926	-0.209878	-1.990000
53	-0.608635	-0.050236	0.072556	-1.990000
54	-0.614862	-0.002046	-0.012859	-1.990000
55	-0.586748	-0.184128	0.006995	-1.990000
56	-0.546291	0.126913	-0.252356	-1.990000
57	-0.604417	0.103470	0.046894	-1.990000
58	-0.584948	-0.072843	-0.175371	-1.990000
59	-0.595732	0.094403	0.120066	-1.990000
60	-0.603318	0.091109	0.077019	-1.990000
61	-0.605700	0.098852	-0.039757	-1.990000
62	-0.598913	0.111096	0.084768	-1.990000
63	-0.594171	-0.023189	0.156996	-1.990000
64	-0.557607	-0.190082	-0.176547	-1.990000
65	-0.547795	0.076931	-0.268750	-1.990000
66	-0.566944	0.166395	-0.170623	-1.990000
67	-0.613040	-0.046421	-0.015880	-1.990000
68	-0.567858	0.194576	-0.133801	-1.990000
69	-0.613478	-0.040378	-0.015458	-1.990000
70	-0.598769	-0.045856	0.132657	-1.990000
71	-0.543009	0.274470	-0.089624	-1.990000
72	-0.531388	0.103670	-0.291726	-1.990000
73	-0.613383	-0.025782	-0.036357	-1.990000
74	-0.604890	0.006877	0.110839	-1.990000
75	-0.584475	0.051428	-0.184306	-1.990000
76	-0.607381	-0.086678	-0.042426	-1.990000
77	-0.610472	0.010505	0.073749	-1.990000
78	-0.534386	0.297943	0.062343	-1.990000
79	-0.597718	0.052708	0.134835	-1.990000
80	-0.586423	0.048283	0.178891	-1.990000
81	-0.574914	0.148097	-0.160517	-1.990000
82	-0.601824	0.080942	0.097374	-1.990000
83	-0.607591	-0.012525	-0.094349	-1.990000
84	-0.559937	0.189587	-0.169564	-1.990000
85	-0.590769	0.163648	0.049358	-1.990000
86	-0.610822	0.067205	-0.024600	-1.990000
87	-0.600595	-0.080101	-0.105333	-1.990000
88	-0.613182	-0.022863	-0.041360	-1.990000
89	-0.555478	0.110765	0.239583	-1.990000
90	-0.605318	-0.041096	-0.100628	-1.990000
91	-0.381418	0.482143	-0.016826	-1.990000
92	-0.607913	0.064389	-0.067235	-1.990000
93	-0.611831	0.056984	0.025308	-1.990000
94	-0.584197	0.183385	-0.057517	-1.990000
95	-0.614146	-0.026706	0.018340	-1.990000
96	-0.597055	0.126894	-0.075155	-1.990000
97	-0.593120	0.103711	-0.125211	-1.990000
98	-0.610872	-0.027680	-0.065526	-1.990000
99	-0.567854	-0.169709	-0.164214	-1.990000
100	-0.594614	0.102792	-0.118714	-1.990000
101	-0.589729	0.139771	0.104448	-1.990000
102	-0.609851	-0.044403	-0.065840	-1.990000
103	-0.592029	0.166479	0.003366	-1.990000
104	-0.610138	0.075540	-0.015820	-1.990000
105	-0.542774	-0.154840	-0.244225	-1.990000
106	-0.606866	0.084155	0.053442	-1.990000
107	-0.588797	-0.146082	0.101012	-1.990000
108	-0.613350	0.039252	-0.022044	-1.990000
109	-0.605022	-0.095972	0.054427	-1.990000
110	-0.593387	0.111695	-0.116794	-1.990000
111	-0.592903	0.151936	-0.060050	-1.990000
112	-0.527148	0.316730	-0.004763	-1.990000
113	-0.528458	-0.235599	0.208448	-1.990000
114	-0.574127	0.122417	0.183350	-1.990000
115	-0.464139	0.040223	-0.401475	-1.990000
116	-0.612357	0.054862	0.015315	-1.990000
117	-0.543687	-0.110314	0.265443	-1.990000
118	-0.612799	-0.026135	0.044933	-1.990000
119	-0.560445	-0.179351	-0.178771	-1.990000
120	-0.612063	0.027945	-0.053128	-1.990000
121	-0.478021	0.305757	0.237136	-1.990000
122	-0.613288	0.026239	0.037613	-1.990000
123	-0.602128	0.125157	0.001504	-1.990000
124	-0.578945	-0.124587	-0.165910	-1.990000
125	-0.605978	-0.067012	-0.080781	-1.990000
126	-0.530884	-0.307802	-0.040563	-1.990000
127	-0.603144	-0.053273	-0.107724	-1.990000
128	-0.603526	-0.099038	-0.064594	-1.990000
129	-0.542740	-0.153381	0.245219	-1.990000
130	-0.585523	-0.161039	-0.097236	-1.990000
131	-0.608173	-0.049455	-0.076841	-1.990000
132	-0.585129	-0.155649	0.107806	-1.990000
133	-0.554208	-0.207180	-0.167793	-1.990000
134	-0.594384	-0.058679	-0.146594	-1.990000
135	-0.537904	-0.180458	0.237316	-1.990000
136	-0.612976	-0.014909	-0.047576	-1.990000
137	-0.508105	-0.287218	-0.193804	-1.990000
138	-0.597459	-0.041985	-0.139658	-1.990000
139	-0.593479	-0.137153	-0.084834	-1.990000
140	-0.612894	-0.034282	-0.037565	-1.990000
141	-0.512373	-0.169694	0.294793	-1.990000
142	-0.576045	-0.142187	-0.161802	-1.990000
143	-0.596910	-0.039448	0.142712	-1.990000
144	-0.611022	-0.038269	-0.058417	-1.990000
145	-0.584780	-0.186877	0.036525	-1.990000
146	-0.608759	0.040068	0.077665	-1.990000
147	-0.546505	-0.200189	-0.198702	-1.990000
148	-0.560168	-0.104235	0.231457	-1.990000
149	-0.599683	-0.094786	0.098087	-1.990000
150	-0.585378	-0.175364	0.069317	-1.990000
151	-0.556948	0.131190	-0.225440	-1.990000
152	-0.596787	-0.148543	-0.002200	-1.990000
153	-0.601639	0.127294	-0.007193	-1.990000
154	-0.613081	-0.036191	0.032348	-1.990000
155	-0.591803	-0.131407	-0.103566	-1.990000
156	-0.593600	-0.139881	-0.079360	-1.990000
157	-0.586692	0.029606	0.182047	-1.990000
158	-0.607932	0.063828	-0.067599	-1.990000
159	-0.535940	0.111812	-0.280162	-1.990000
160	-0.613756	0.031887	-0.022627	-1.990000
161	-0.582901	0.195030	0.020359	-1.990000
162	-0.613166	-0.004213	0.047267	-1.990000
163	-0.614324	-0.011521	0.026427	-1.990000
164	-0.592599	0.148745	-0.070188	-1.990000
165	-0.610442	0.072414	-0.018493	-1.990000
166	-0.603031	-0.070557	-0.097981	-1.990000
167	-0.458963	0.188801	-0.363225	-1.990000
168	-0.576440	0.095832	-0.191724	-1.990000
169	-0.576182	0.031127	-0.212768	-1.990000
170	-0.598760	0.074503	0.119001	-1.990000
171	-0.594328	0.066539	0.143428	-1.990000
172	-0.589389	0.049006	-0.168652	-1.990000
173	-0.605947	0.012365	-0.104402	-1.990000
174	-0.570704	0.043557	-0.224999	-1.990000
175	-0.556709	0.146399	-0.216489	-1.990000
176	-0.608414	-0.076427	0.047077	-1.990000
177	-0.592789	0.090323	-0.136630	-1.990000
178	-0.606026	0.006935	0.104449	-1.990000
179	-0.564752	0.054387	0.237324	-1.990000
180	-0.592407	0.058600	0.154420	-1.990000
181	-0.583150	0.191191	-0.040093	-1.990000
182	-0.595421	0.131692	0.079722	-1.990000
183	-0.600968	-0.004567	-0.130544	-1.990000
184	-0.599762	0.129088	0.042969	-1.990000
185	-0.605842	-0.103527	0.021511	-1.990000
186	-0.595828	0.118588	-0.095658	-1.990000
187	-0.614828	-0.014163	-0.003295	-1.990000
188	-0.537942	0.204506	0.216842	-1.990000
189	-0.580427	0.026067	0.201619	-1.990000
190	-0.542254	0.083550	-0.277859	-1.990000
191	-0.597259	0.119186	-0.085444	-1.990000
192	-0.591371	0.159713	-0.054741	-1.990000
193	-0.591863	0.115824	0.120448	-1.990000
194	-0.574908	0.094612	-0.196861	-1.990000
195	-0.587080	-0.105592	-0.149708	-1.990000
196	-0.589179	0.080149	0.157066	-1.990000
197	-0.604303	-0.105481	-0.043780	-1.990000
198	-0.589787	0.171150	0.032934	-1.990000
199	-0.602824	0.111585	0.048748	-1.990000
200	-0.607774	0.092684	0.015685	-1.990000
201	-0.608887	0.083540	-0.022427	-1.990000
202	-0.610530	0.073403	0.009510	-1.990000
203	-0.514893	0.018268	-0.335822	-1.990000
204	-0.596432	-0.042336	0.143881	-1.990000
205	-0.561170	-0.235998	0.087283	-1.990000
206	-0.612300	0.000304	-0.057563	-1.990000
207	-0.585043	0.066519	-0.177554	-1.990000
208	-0.487715	0.369291	0.063116	-1.990000
209	-0.606433	0.085442	-0.056250	-1.990000
210	-0.605874	0.080092	-0.068753	-1.990000
211	-0.536512	-0.222759	-0.201886	-1.990000
212	-0.608030	-0.066413	0.064135	-1.990000
213	-0.582682	0.062474	0.186556	-1.990000
214	-0.614629	-0.000704	-0.021353	-1.990000
215	-0.575986	-0.052430	-0.209083	-1.990000
216	-0.545688	-0.253339	-0.127549	-1.990000
217	-0.600045	0.102148	-0.087959	-1.990000
218	-0.587556	0.107374	0.146541	-1.990000
219	-0.609752	0.061722	-0.051165	-1.990000
220	-0.571938	0.061157	-0.217651	-1.990000
221	-0.613851	0.031580	-0.020374	-1.990000
222	-0.594187	0.022988	-0.156968	-1.990000
223	-0.603725	-0.113021	-0.031095	-1.990000
224	-0.608771	-0.038330	-0.078445	-1.990000
225	-0.614921	0.001564	0.009742	-1.990000
226	-0.608629	-0.078998	0.039433	-1.990000
227	-0.584997	-0.027816	0.187697	-1.990000
228	-0.570403	-0.217724	0.073905	-1.990000
229	-0.592332	-0.047456	0.158480	-1.990000
230	-0.579236	-0.189292	-0.082938	-1.990000
231	-0.604946	-0.099740	0.048143	-1.990000
232	-0.595577	-0.138436	-0.065941	-1.990000
233	-0.611325	-0.040101	-0.053845	-1.990000
234	-0.602340	-0.123474	0.012858	-1.990000
235	-0.603996	-0.109682	0.037206	-1.990000
236	-0.589916	-0.117945	0.127721	-1.990000
237	-0.614011	-0.033370	0.010086	-1.990000
238	-0.598227	-0.139885	-0.027959	-1.990000
239	-0.612576	0.002547	0.054490	-1.990000
240	-0.601168	-0.093693	0.089687	-1.990000
241	-0.571049	-0.192105	-0.123382	-1.990000
242	-0.614253	-0.029206	-0.008047	-1.990000
243	-0.574967	-0.209887	-0.059878	-1.990000
244	-0.598374	-0.122290	-0.072240	-1.990000
245	-0.605195	-0.108711	0.012061	-1.990000
246	-0.613363	0.025817	0.036669	-1.990000
247	-0.598872	-0.053849	0.129141	-1.990000
248	-0.590434	-0.059546	0.161454	-1.990000
249	-0.565279	-0.241867	0.013614	-1.990000
250	-0.544225	-0.151817	0.242890	-1.990000
251	-0.600584	-0.072047	-0.111053	-1.990000
252	-0.605697	0.085177	-0.064038	-1.990000
253	-0.594698	0.076223	-0.136928	-1.990000
254	-0.591410	0.168610	0.005509	-1.990000
255	-0.610411	-0.005299	0.074801	-1.990000
256	-0.612600	0.054245	-0.001829	-1.990000
257	-0.595335	0.131880	-0.080052	-1.990000
258	-0.608004	-0.019159	0.090497	-1.990000
259	-0.576698	-0.090241	-0.193652	-1.990000
260	-0.598033	-0.141547	0.023371	-1.990000
261	-0.586308	0.070710	-0.171664	-1.990000
262	-0.603225	0.048065	-0.109703	-1.990000
263	-0.603435	0.113028	0.036269	-1.990000
264	-0.584881	0.105429	0.158189	-1.990000
265	-0.606474	0.087539	0.052450	-1.990000
266	-0.553493	0.171740	0.205854	-1.990000
267	-0.581675	0.176622	-0.093187	-1.990000
268	-0.579563	-0.200563	-0.045891	-1.990000
269	-0.567711	0.053127	-0.230450	-1.990000
270	-0.465937	-0.026035	-0.400562	-1.990000
271	-0.596674	0.103645	-0.107063	-1.990000
272	-0.586813	0.056121	-0.175288	-1.990000
273	-0.585677	0.014168	-0.187102	-1.990000
274	-0.611402	-0.002190	-0.066391	-1.990000
275	-0.607398	-0.047155	0.084081	-1.990000
276	-0.599629	0.134380	-0.024733	-1.990000
277	-0.607242	-0.097177	0.006252	-1.990000
278	-0.577458	0.206229	-0.047301	-1.990000
279	-0.604864	0.072493	-0.084320	-1.990000
280	-0.596948	0.142033	0.041285	-1.990000
281	-0.614107	-0.027367	-0.018687	-1.990000
282	-0.592413	0.115232	0.118296	-1.990000
283	-0.595744	0.108564	0.107368	-1.990000
284	-0.612551	-0.042260	0.034935	-1.990000
285	-0.570068	0.224350	0.053989	-1.990000
286	-0.605772	-0.105271	-0.013547	-1.990000
287	-0.610093	0.076345	0.013507	-1.990000
288	-0.604199	0.024925	0.112012	-1.990000
289	-0.597346	0.108168	0.098501	-1.990000
290	-0.605408	-0.031550	0.103492	-1.990000
291	-0.590614	0.164963	-0.046766	-1.990000
292	-0.578793	0.174127	0.113593	-1.990000
293	-0.594833	0.038800	0.151304	-1.990000
294	-0.611028	-0.065666	-0.023613	-1.990000
295	-0.506118	0.347342	0.037724	-1.990000
296	-0.610948	0.002887	-0.070425	-1.990000
297	-0.572347	0.185431	0.127511	-1.990000
298	-0.592515	0.163748	-0.018386	-1.990000
299	-0.589167	0.176146	-0.008927	-1.990000
300	-0.565789	0.162685	-0.177880	-1.990000
301	-0.608323	0.070615	0.056404	-1.990000
302	-0.570980	0.202943	-0.104982	-1.990000
303	-0.596659	-0.147716	0.020074	-1.990000
304	-0.570319	0.143044	-0.180278	-1.990000
305	-0.610396	0.072341	-0.020208	-1.990000
306	-0.594784	0.148128	-0.050150	-1.990000
307	-0.591960	0.104705	-0.129790	-1.990000
308	-0.601881	0.018136	-0.125042	-1.990000
309	-0.577769	-0.021079	-0.209674	-1.990000
310	-0.594991	-0.116827	-0.102774	-1.990000
311	-0.590657	0.165673	0.043611	-1.990000
312	-0.602715	0.093789	-0.078507	-1.990000
313	-0.604364	0.071008	0.089032	-1.990000
314	-0.600358	0.115508	-0.066734	-1.990000
315	-0.563757	0.232223	-0.080471	-1.990000
316	-0.581605	0.157004	-0.123734	-1.990000
317	-0.594227	-0.081363	-0.136013	-1.990000
318	-0.586188	-0.183689	0.029436	-1.990000
319	-0.540492	-0.157860	-0.247333	-1.990000
320	-0.597067	-0.118596	-0.087584	-1.990000
321	-0.611048	-0.001729	-0.069585	-1.990000
322	-0.603678	0.106238	-0.050110	-1.990000
323	-0.586875	-0.123183	-0.136488	-1.990000
324	-0.541561	-0.066974	-0.283638	-1.990000
325	-0.608046	-0.032542	0.086291	-1.990000
326	-0.587977	0.143466	0.109204	-1.990000
327	-0.587564	0.106189	-0.147368	-1.990000
328	-0.593122	-0.141657	0.079775	-1.990000
329	-0.510421	0.179761	0.292200	-1.990000
330	-0.552563	-0.080275	-0.257789	-1.990000
331	-0.606694	-0.068537	0.073821	-1.990000
332	-0.601038	0.014813	0.129456	-1.990000
333	-0.609458	-0.025427	0.078351	-1.990000
334	-0.500086	-0.145738	0.326955	-1.990000
335	-0.589887	-0.135494	0.109084	-1.990000
336	-0.485940	-0.289312	-0.241633	-1.990000
337	-0.607581	0.004032	-0.095154	-1.990000
338	-0.609570	0.034028	-0.074106	-1.990000
339	-0.600325	-0.129465	-0.032773	-1.990000
340	-0.573315	-0.120891	-0.186869	-1.990000
341	-0.611626	-0.012674	-0.063073	-1.990000
342	-0.603768	-0.041218	0.109501	-1.990000
343	-0.597372	0.064169	0.131357	-1.990000
344	-0.566438	-0.133282	0.199020	-1.990000
345	-0.597395	-0.124717	-0.076094	-1.990000
346	-0.553444	-0.026699	-0.266855	-1.990000
347	-0.602295	-0.104593	-0.067279	-1.990000
348	-0.558144	-0.247120	0.075049	-1.990000
349	-0.611248	-0.039286	-0.055296	-1.990000
350	-0.584688	-0.188268	0.030332	-1.990000
351	-0.600967	-0.119704	0.052297	-1.990000
352	-0.589191	-0.060648	0.165531	-1.990000
353	-0.600574	-0.090670	0.096511	-1.990000
354	-0.614550	0.013395	0.019338	-1.990000
355	-0.595342	-0.152871	-0.020581	-1.990000
356	-0.598387	-0.006202	-0.141844	-1.990000
357	-0.590077	-0.138364	0.104355	-1.990000
358	-0.589558	-0.174589	0.012863	-1.990000
359	-0.604111	0.112147	-0.026429	-1.990000
360	-0.602836	0.002149	0.121692	-1.990000
361	-0.602769	-0.116928	-0.034971	-1.990000
362	-0.613753	-0.038233	-0.008399	-1.990000
363	-0.585717	-0.120092	-0.144008	-1.990000
364	-0.612390	-0.021748	-0.052251	-1.990000
365	-0.602299	0.097944	-0.076599	-1.990000
366	-0.580542	0.045100	0.197893	-1.990000
367	-0.611917	0.061164	-0.006475	-1.990000
368	-0.614456	-0.011679	0.023081	-1.990000
369	-0.601352	0.105924	0.073354	-1.990000
370	-0.613732	-0.006400	-0.038954	-1.990000
371	-0.596119	-0.131197	-0.075196	-1.990000
372	-0.606195	-0.029713	-0.099345	-1.990000
373	-0.547594	0.174617	-0.218803	-1.990000
374	-0.611020	-0.051274	0.047440	-1.990000
375	-0.590973	0.160718	0.056084	-1.990000
376	-0.601073	0.088918	0.095024	-1.990000
377	-0.604767	0.108360	0.027205	-1.990000
378	-0.596696	-0.062302	-0.135269	-1.990000
379	-0.518270	-0.042307	-0.328377	-1.990000
380	-0.578613	0.099246	-0.183256	-1.990000
381	-0.591377	0.068081	-0.154478	-1.990000
382	-0.604947	0.107621	0.026121	-1.990000
383	-0.598135	0.121134	0.076069	-1.990000
384	-0.613380	0.041516	-0.016305	-1.990000
385	-0.597049	0.143982	-0.032049	-1.990000
386	-0.614487	-0.025041	0.001898	-1.990000
387	-0.611849	-0.036587	-0.050276	-1.990000
388	-0.501417	0.062310	-0.350604	-1.990000
389	-0.611666	-0.015456	0.062052	-1.990000
390	-0.602794	0.093614	-0.078110	-1.990000
391	-0.598804	0.118700	-0.074625	-1.990000
392	-0.601165	-0.110020	0.068715	-1.990000
393	-0.596252	-0.126993	0.081128	-1.990000
394	-0.584958	0.188923	0.018912	-1.990000
395	-0.573200	0.207879	-0.080331	-1.990000
396	-0.603304	0.100120	-0.065000	-1.990000
397	-0.597901	0.130214	-0.061516	-1.990000
398	-0.519794	0.287186	0.159887	-1.990000
399	-0.607721	0.056388	-0.075631	-1.990000
400	-0.599350	-0.064790	0.121686	-1.990000
401	-0.613921	0.030227	0.020308	-1.990000
402	-0.545179	0.252617	-0.131107	-1.990000
403	-0.594236	0.024810	0.156502	-1.990000
404	-0.609733	0.060204	0.053160	-1.990000
405	-0.582249	0.161157	-0.115063	-1.990000
406	-0.609545	0.077781	0.025103	-1.990000
407	-0.603360	0.113303	-0.036667	-1.990000
408	-0.533992	0.289551	-0.096114	-1.990000
409	-0.604469	0.073285	-0.086441	-1.990000
410	-0.588048	0.175025	-0.042323	-1.990000
411	-0.592096	0.159363	-0.047443	-1.990000
412	-0.602010	0.065510	-0.107318	-1.990000
413	-0.597595	0.143670	-0.021533	-1.990000
414	-0.566871	-0.102775	-0.215219	-1.990000
415	-0.600707	0.041591	-0.125084	-1.990000
416	-0.591566	-0.167798	0.010859	-1.990000
417	-0.610231	0.069434	0.031964	-1.990000
418	-0.601576	0.086579	0.093995	-1.990000
419	-0.535958	0.294738	0.064061	-1.990000
420	-0.537438	0.298972	0.001116	-1.990000
421	-0.590463	0.083289	-0.150471	-1.990000
422	-0.611333	-0.060993	0.027865	-1.990000
423	-0.576855	-0.205219	0.057870	-1.990000
424	-0.600492	-0.064221	-0.116230	-1.990000
425	-0.584122	-0.030002	0.190071	-1.990000
426	-0.569011	-0.232853	-0.015196	-1.990000
427	-0.559995	-0.220696	-0.126188	-1.990000
428	-0.585492	-0.185794	-0.030068	-1.990000
429	-0.599159	-0.080744	0.112754	-1.990000
430	-0.613624	0.035158	-0.021310	-1.990000
431	-0.519118	0.309460	-0.113913	-1.990000
432	-0.579726	0.183393	0.092249	-1.990000
433	-0.563886	0.238340	-0.058752	-1.990000
434	-0.569687	0.219238	0.074943	-1.990000
435	-0.585942	-0.119220	-0.143817	-1.990000
436	-0.600739	-0.129105	-0.025872	-1.990000
437	-0.609914	-0.078748	0.005350	-1.990000
438	-0.586170	0.051814	0.178733	-1.990000
439	-0.612310	0.007535	0.056961	-1.990000
440	-0.590273	0.006505	0.172513	-1.990000
441	-0.612634	-0.025085	0.047701	-1.990000
442	-0.614930	0.006410	-0.006739	-1.990000
443	-0.607101	0.091218	-0.036504	-1.990000
444	-0.539862	-0.167613	-0.242241	-1.990000
445	-0.589128	-0.165300	-0.061874	-1.990000
446	-0.612746	-0.008135	-0.051974	-1.990000
447	-0.599184	-0.100665	0.095235	-1.990000
448	-0.611378	-0.045968	0.048254	-1.990000
449	-0.607935	0.025468	0.089392	-1.990000
450	-0.605362	-0.070940	0.082030	-1.990000
451	-0.599769	-0.049871	-0.126550	-1.990000
452	-0.570203	0.155583	0.169963	-1.990000
453	-0.535363	-0.296922	-0.058722	-1.990000
454	-0.614884	0.007439	-0.009336	-1.990000
455	-0.596024	-0.131192	-0.075952	-1.990000
456	-0.554181	-0.051013	0.261736	-1.990000
457	-0.589154	0.083569	-0.155365	-1.990000
458	-0.604006	-0.062531	0.097422	-1.990000
459	-0.592433	-0.071263	0.148897	-1.990000
460	-0.556180	0.161645	0.206785	-1.990000
461	-0.609453	-0.048717	0.066476	-1.990000
462	-0.604451	0.021264	0.111408	-1.990000
463	-0.602494	-0.062541	0.106371	-1.990000
464	-0.606748	-0.080200	0.060419	-1.990000
465	-0.609875	-0.032285	-0.072356	-1.990000
466	-0.608767	-0.037988	0.078644	-1.990000
467	-0.606899	-0.080423	0.058573	-1.990000
468	-0.612631	-0.015920	-0.051529	-1.990000
469	-0.609456	0.020265	0.079860	-1.990000
470	-0.610416	-0.073448	0.014905	-1.990000
471	-0.577155	-0.211056	0.023932	-1.990000
472	-0.610449	0.068744	-0.029171	-1.990000
473	-0.601706	0.035270	-0.122190	-1.990000
474	-0.585270	-0.082634	-0.169870	-1.990000
475	-0.595939	0.150282	0.022303	-1.990000
476	-0.607170	0.054787	-0.081041	-1.990000
477	-0.594066	0.145245	-0.064919	-1.990000
478	-0.589902	0.169002	0.040978	-1.990000
479	-0.564782	0.231533	-0.075096	-1.990000
480	-0.604847	-0.111287	-0.000009	-1.990000
481	-0.603982	-0.107175	-0.044090	-1.990000
482	-0.609354	0.074600	-0.036712	-1.990000
483	-0.610469	-0.036826	-0.064776	-1.990000
484	-0.584173	-0.026364	-0.190450	-1.990000
485	-0.561195	0.127305	0.216976	-1.990000
486	-0.569556	-0.105142	0.206825	-1.990000
487	-0.611594	0.064001	-0.009038	-1.990000
488	-0.584823	0.035763	0.186891	-1.990000
489	-0.579478	-0.123928	0.164535	-1.990000
490	-0.588527	0.170324	-0.053396	-1.990000
491	-0.537509	0.064909	-0.291711	-1.990000
492	-0.591217	-0.043805	-0.163613	-1.990000
493	-0.592394	0.094902	-0.135234	-1.990000
494	-0.604104	0.114581	0.012442	-1.990000
495	-0.613136	0.020582	0.043189	-1.990000
496	-0.610821	-0.061179	0.037149	-1.990000
497	-0.587276	-0.159657	0.088552	-1.990000
498	-0.531286	0.260150	-0.168173	-1.990000
499	-0.589462	0.055907	-0.166235	-1.990000
500	-0.603498	0.117248	0.016379	-1.990000
501	-0.589641	0.160422	-0.069376	-1.990000
502	-0.557607	0.242964	-0.090931	-1.990000
503	-0.611442	0.062555	-0.021236	-1.990000
504	-0.610917	-0.008153	0.070281	-1.990000
505	-0.608445	-0.065455	0.061113	-1.990000
506	-0.604261	-0.082366	0.079432	-1.990000
507	-0.593254	0.146004	-0.070409	-1.990000
508	-0.613857	-0.004217	-0.037240	-1.990000
509	-0.604743	0.106339	-0.034692	-1.990000
510	-0.580124	0.151359	-0.137011	-1.990000
511	-0.598550	0.124630	0.066559	-1.990000
512	-0.604672	0.110828	-0.017718	-1.990000
513	-0.610883	0.035974	0.061256	-1.990000
514	-0.602351	-0.001196	0.124085	-1.990000
515	-0.557675	-0.091391	0.242634	-1.990000
516	-0.550171	0.192725	0.195943	-1.990000
517	-0.601098	0.129000	-0.016297	-1.990000
518	-0.605537	0.086032	-0.064413	-1.990000
519	-0.611504	0.057583	-0.031168	-1.990000
520	-0.605538	-0.019759	-0.105631	-1.990000
521	-0.611752	0.062614	-0.007989	-1.990000
522	-0.572360	0.201785	-0.099559	-1.990000
523	-0.613947	0.029748	-0.020240	-1.990000
524	-0.606947	0.002128	-0.099178	-1.990000
525	-0.590709	0.170891	0.009149	-1.990000
526	-0.604098	0.108827	0.038049	-1.990000
527	-0.593020	0.093743	-0.133283	-1.990000
528	-0.497382	0.345081	-0.108420	-1.990000
529	-0.599034	-0.111318	-0.083617	-1.990000
530	-0.595914	-0.096035	-0.117851	-1.990000
531	-0.601684	-0.057581	0.113515	-1.990000
532	-0.608110	0.045516	-0.079725	-1.990000
533	-0.592752	-0.063061	-0.151305	-1.990000
534	-0.597893	0.073778	-0.123715	-1.990000
535	-0.550735	0.251201	0.108693	-1.990000
536	-0.535609	0.232142	-0.193540	-1.990000
537	-0.606532	0.072212	-0.071616	-1.990000
538	-0.594131	-0.111632	-0.113012	-1.990000
539	-0.605732	-0.023347	-0.103775	-1.990000
540	-0.601958	-0.102503	-0.073247	-1.990000
541	-0.590705	-0.073730	-0.154454	-1.990000
542	-0.585800	-0.184730	-0.030626	-1.990000
543	-0.585849	-0.154906	-0.104931	-1.990000
544	-0.614617	-0.021238	-0.004409	-1.990000
545	-0.607113	-0.092841	-0.031921	-1.990000
546	-0.613463	0.031714	0.029710	-1.990000
547	-0.552519	0.171827	0.208384	-1.990000
548	-0.553683	0.244093	0.109904	-1.990000
549	-0.606262	0.053074	0.088626	-1.990000
550	-0.603646	0.039764	-0.110702	-1.990000
551	-0.586436	-0.161355	-0.091004	-1.990000
552	-0.579809	-0.019247	0.204146	-1.990000
553	-0.575218	-0.038980	0.214079	-1.990000
554	-0.608640	0.048464	0.073711	-1.990000
555	-0.596877	-0.135743	-0.059472	-1.990000
556	-0.606575	-0.074511	-0.068847	-1.990000
557	-0.597827	0.101191	0.102901	-1.990000
558	-0.603831	0.100919	-0.058554	-1.990000
559	-0.612128	0.007748	0.058859	-1.990000
560	-0.600193	-0.087362	-0.101790	-1.990000
561	-0.585708	-0.175137	-0.067065	-1.990000
562	-0.611454	-0.064892	0.011740	-1.990000
563	-0.565324	-0.224606	-0.090475	-1.990000
564	-0.601769	-0.089701	0.089737	-1.990000
565	-0.609213	-0.084151	-0.001637	-1.990000
566	-0.608631	0.023517	0.085089	-1.990000
567	-0.587269	-0.041264	-0.177870	-1.990000
568	-0.602919	0.061729	0.104421	-1.990000
569	-0.564857	-0.204164	0.132209	-1.990000
570	-0.602243	0.124540	0.004309	-1.990000
571	-0.591700	-0.153092	-0.068399	-1.990000
572	-0.588345	-0.167670	-0.062944	-1.990000
573	-0.609233	0.070256	0.046085	-1.990000
574	-0.606057	-0.055603	0.088476	-1.990000
575	-0.613346	0.044554	0.006856	-1.990000
576	-0.611665	-0.063134	0.010268	-1.990000
577	-0.605977	-0.094938	-0.044757	-1.990000
578	-0.609896	0.077824	0.013961	-1.990000
579	-0.565927	-0.089678	0.223404	-1.990000
580	-0.603924	0.002669	0.116162	-1.990000
581	-0.606009	0.077601	-0.070400	-1.990000
582	-0.613870	0.037260	-0.000224	-1.990000
583	-0.607913	-0.055726	-0.074575	-1.990000
584	-0.581750	0.050389	-0.193010	-1.990000
585	-0.558203	0.071749	-0.247966	-1.990000
586	-0.589049	0.172235	0.039762	-1.990000
587	-0.591738	0.148420	0.077733	-1.990000
588	-0.605592	0.096536	0.046520	-1.990000
589	-0.593381	0.154101	-0.048754	-1.990000
590	-0.601481	0.109629	-0.066538	-1.990000
591	-0.607905	0.010788	-0.092518	-1.990000
592	-0.590939	-0.097619	-0.139593	-1.990000
593	-0.610787	-0.069972	-0.016392	-1.990000
594	-0.593182	0.030622	-0.159444	-1.990000
595	-0.614890	0.007105	-0.009215	-1.990000
596	-0.610794	0.058449	0.041705	-1.990000
597	-0.613358	-0.030293	0.033158	-1.990000
598	-0.608892	0.017481	0.084676	-1.990000
599	-0.610121	-0.001700	0.077295	-1.990000
600	-0.595219	0.089092	-0.126497	-1.990000
601	-0.573160	0.122444	-0.186332	-1.990000
602	-0.596770	0.040890	-0.142895	-1.990000
603	-0.586589	0.161991	-0.088864	-1.990000
604	-0.603234	-0.061674	0.102615	-1.990000
605	-0.606654	-0.058776	-0.082106	-1.990000
606	-0.614545	-0.022225	-0.008064	-1.990000
607	-0.592518	-0.049874	-0.157034	-1.990000
608	-0.613554	0.039117	0.015685	-1.990000
609	-0.607923	0.088574	-0.028440	-1.990000
610	-0.589310	0.108976	-0.138068	-1.990000
611	-0.596051	0.148687	-0.028997	-1.990000
612	-0.614791	0.010623	-0.012001	-1.990000
613	-0.583627	-0.145366	0.128347	-1.990000
614	-0.585021	-0.166345	0.091128	-1.990000
615	-0.589409	0.172466	-0.032822	-1.990000
616	-0.581860	0.165291	-0.111098	-1.990000
617	-0.579028	0.179811	0.103052	-1.990000
618	-0.602972	0.066241	-0.101301	-1.990000
619	-0.586499	0.176437	-0.055799	-1.990000
620	-0.596591	0.134903	0.064071	-1.990000
621	-0.588673	0.177724	-0.010145	-1.990000
622	-0.612312	0.004489	0.057265	-1.990000
623	-0.586250	0.164770	-0.085945	-1.990000
624	-0.608715	0.075550	-0.044533	-1.990000
625	-0.588895	0.006262	-0.177167	-1.990000
626	-0.574938	0.060438	-0.209806	-1.990000
627	-0.603047	0.037178	-0.114789	-1.990000
628	-0.612877	-0.005275	-0.050785	-1.990000
629	-0.614415	0.006345	-0.026063	-1.990000
630	-0.609043	0.079924	0.030060	-1.990000
631	-0.589799	0.148148	0.091729	-1.990000
632	-0.501718	0.354201	-0.032331	-1.990000
633	-0.568310	0.127280	-0.197609	-1.990000
634	-0.606519	0.025063	-0.098647	-1.990000
635	-0.584087	-0.086137	0.172187	-1.990000
636	-0.602752	0.103001	0.065615	-1.990000
637	-0.602499	0.058679	-0.108519	-1.990000
638	-0.611235	0.044310	0.051508	-1.990000
639	-0.568939	-0.130541	-0.193631	-1.990000
640	-0.553000	0.052301	-0.263970	-1.990000
641	-0.609291	-0.083565	0.002496	-1.990000
642	-0.544899	-0.120656	0.258365	-1.990000
643	-0.541315	0.187701	-0.223542	-1.990000
644	-0.562480	0.135083	0.208792	-1.990000
645	-0.610781	0.043040	0.057609	-1.990000
646	-0.591684	0.155257	-0.063485	-1.990000
647	-0.587418	-0.139270	-0.117342	-1.990000
648	-0.592133	-0.116354	-0.118598	-1.990000
649	-0.595193	-0.022795	-0.153135	-1.990000
650	-0.584838	-0.188691	-0.024190	-1.990000
651	-0.592455	-0.163475	0.022301	-1.990000
652	-0.614300	0.005251	-0.028868	-1.990000
653	-0.585846	0.101604	-0.157118	-1.990000
654	-0.575131	-0.032377	0.215410	-1.990000
655	-0.610715	-0.013372	0.071225	-1.990000
656	-0.606775	0.048348	-0.087815	-1.990000
657	-0.451941	-0.398112	0.124421	-1.990000
658	-0.561299	0.086273	-0.236063	-1.990000
659	-0.607886	-0.092984	0.007349	-1.990000
660	-0.571957	-0.075523	0.213040	-1.990000
661	-0.614951	0.004392	0.006417	-1.990000
662	-0.547368	-0.047813	0.276273	-1.990000
663	-0.589418	-0.039106	0.171120	-1.990000
664	-0.608644	-0.084050	-0.026703	-1.990000
665	-0.544005	0.279422	0.064857	-1.990000
666	-0.596546	-0.135111	-0.064050	-1.990000
667	-0.602307	0.118795	-0.036585	-1.990000
668	-0.597636	0.099686	0.105447	-1.990000
669	-0.593985	0.068259	0.144042	-1.990000
670	-0.603971	0.106328	0.046237	-1.990000
671	-0.519772	-0.311999	-0.103531	-1.990000
672	-0.580836	-0.037885	-0.198544	-1.990000
673	-0.599057	0.104645	0.091678	-1.990000
674	-0.587985	-0.144894	0.107260	-1.990000
675	-0.574413	0.206645	0.074651	-1.990000
676	-0.588044	-0.034504	-0.176744	-1.990000
677	-0.582440	0.160709	-0.114721	-1.990000
678	-0.613806	0.025424	0.028640	-1.990000
679	-0.594029	-0.159206	0.002900	-1.990000
680	-0.608127	0.091657	0.002443	-1.990000
681	-0.603663	-0.108187	0.045948	-1.990000
682	-0.587654	0.172962	0.054511	-1.990000
683	-0.576802	-0.022518	0.212174	-1.990000
684	-0.608585	-0.028632	-0.083840	-1.990000
685	-0.609153	0.051257	-0.067309	-1.990000
686	-0.533564	0.093228	-0.291279	-1.990000
687	-0.612065	0.020459	0.056412	-1.990000
688	-0.538615	0.199257	-0.220036	-1.990000
689	-0.567162	0.236902	-0.020741	-1.990000
690	-0.611612	0.048481	0.042494	-1.990000
691	-0.606845	0.064301	0.076353	-1.990000
692	-0.484972	0.172552	0.336530	-1.990000
693	-0.551207	0.256444	-0.092910	-1.990000
694	-0.457582	-0.150544	-0.382335	-1.990000
695	-0.567602	0.009610	-0.236560	-1.990000
696	-0.613853	0.037092	0.005811	-1.990000
697	-0.612488	0.010476	-0.054528	-1.990000
698	-0.606797	0.089976	-0.043894	-1.990000
699	-0.542832	-0.015829	0.288632	-1.990000
700	-0.613780	0.009352	-0.037571	-1.990000
701	-0.551537	0.249539	0.108454	-1.990000
702	-0.573653	-0.198619	0.098479	-1.990000
703	-0.608270	0.017720	-0.088985	-1.990000
704	-0.576236	0.019160	-0.214033	-1.990000
705	-0.569791	0.018033	-0.230733	-1.990000
706	-0.600935	0.031023	-0.127042	-1.990000
707	-0.603389	0.082054	0.086105	-1.990000
708	-0.530330	-0.233725	0.205787	-1.990000
709	-0.598561	0.048493	0.132660	-1.990000
710	-0.563005	-0.236365	0.073365	-1.990000
711	-0.600647	0.121280	-0.052334	-1.990000
712	-0.612018	0.028028	-0.053608	-1.990000
713	-0.545234	0.244050	-0.146234	-1.990000
714	-0.558864	0.256690	0.002447	-1.990000
715	-0.592893	0.074984	-0.145192	-1.990000
716	-0.605238	-0.016821	-0.107838	-1.990000
717	-0.610667	-0.039753	0.061077	-1.990000
718	-0.566776	-0.168171	0.169436	-1.990000
719	-0.609629	-0.076493	0.026946	-1.990000
720	-0.603800	-0.114773	-0.021851	-1.990000
721	-0.597850	0.142032	-0.025047	-1.990000
722	-0.592449	-0.154115	-0.058972	-1.990000
723	-0.609883	-0.026385	-0.074644	-1.990000
724	-0.613411	0.009440	-0.043163	-1.990000
725	-0.583230	-0.089508	-0.173366	-1.990000
726	-0.595328	-0.084261	-0.129267	-1.990000
727	-0.560786	-0.143864	0.207479	-1.990000
728	-0.544980	-0.110799	0.262574	-1.990000
729	-0.572297	-0.033631	-0.222642	-1.990000
730	-0.604613	0.108598	0.029568	-1.990000
731	-0.574311	0.201568	-0.088104	-1.990000
732	-0.559185	0.225448	-0.121289	-1.990000
733	-0.602775	0.121533	-0.010791	-1.990000
734	-0.610074	0.067959	0.037635	-1.990000
735	-0.605177	0.004398	0.109391	-1.990000
736	-0.592319	-0.111165	-0.122578	-1.990000
737	-0.550517	0.245931	-0.121134	-1.990000
738	-0.597652	-0.131187	0.061860	-1.990000
739	-0.522279	0.283315	0.158688	-1.990000
740	-0.523395	0.211655	-0.243895	-1.990000
741	-0.513907	0.169637	-0.292144	-1.990000
742	-0.585769	0.016960	-0.186579	-1.990000
743	-0.590596	0.161463	0.057889	-1.990000
744	-0.608352	0.039200	-0.081217	-1.990000
745	-0.612509	0.053405	0.014350	-1.990000
746	-0.612816	-0.029232	-0.042750	-1.990000
747	-0.557561	0.194272	-0.172072	-1.990000
748	-0.500035	0.003651	-0.358018	-1.990000
749	-0.611533	-0.064930	-0.006018	-1.990000
750	-0.574510	0.162645	-0.147343	-1.990000
751	-0.536569	0.174133	0.244941	-1.990000
752	-0.560893	0.216885	0.128783	-1.990000
753	-0.606343	0.096096	-0.036583	-1.990000
754	-0.604724	0.089326	0.067486	-1.990000
755	-0.569889	-0.133541	-0.188728	-1.990000
756	-0.592072	-0.162078	-0.037502	-1.990000
757	-0.564899	-0.132931	0.203576	-1.990000
758	-0.606221	-0.103420	-0.005072	-1.990000
759	-0.606111	-0.097397	0.036983	-1.990000
760	-0.611275	-0.025417	-0.062620	-1.990000
761	-0.595846	0.096703	-0.117649	-1.990000
762	-0.613790	0.011297	-0.036863	-1.990000
763	-0.586905	-0.179662	0.038590	-1.990000
764	-0.589000	-0.058800	-0.166873	-1.990000
765	-0.572754	-0.192344	-0.114811	-1.990000
766	-0.610304	-0.062166	0.043464	-1.990000
767	-0.539168	0.181085	0.233947	-1.990000
768	-0.525224	-0.303583	0.101002	-1.990000
769	-0.581913	0.179322	-0.086291	-1.990000
770	-0.605565	0.043500	0.098101	-1.990000
771	-0.612369	0.056364	-0.007235	-1.990000
772	-0.609770	-0.079361	0.010382	-1.990000
773	-0.590903	-0.154374	0.072302	-1.990000
774	-0.606110	-0.068185	0.078784	-1.990000
775	-0.592024	-0.144344	0.083053	-1.990000
776	-0.580168	-0.163666	0.121836	-1.990000
777	-0.500972	0.348406	-0.076581	-1.990000
778	-0.592095	-0.160529	-0.043346	-1.990000
779	-0.608086	0.071334	0.058028	-1.990000
780	-0.600662	0.099034	-0.087306	-1.990000
781	-0.563890	-0.240292	0.050127	-1.990000
782	-0.597995	-0.104023	0.099028	-1.990000
783	-0.587149	-0.174399	0.055369	-1.990000
784	-0.562784	-0.236417	0.074877	-1.990000
785	-0.516102	-0.320210	0.096588	-1.990000
786	-0.606502	0.053303	0.086828	-1.990000
787	-0.596800	0.013058	-0.147934	-1.990000
788	-0.572276	0.182758	-0.131624	-1.990000
789	-0.585195	-0.057824	-0.180078	-1.990000
790	-0.580074	0.041844	-0.199971	-1.990000
791	-0.598944	0.136813	-0.027809	-1.990000
792	-0.556165	0.180224	0.190852	-1.990000
793	-0.598659	0.140798	-0.002860	-1.990000
794	-0.535271	0.290660	-0.085012	-1.990000
795	-0.581578	0.138560	-0.144197	-1.990000
796	-0.596318	-0.020869	-0.148978	-1.990000
797	-0.604066	0.036924	-0.109386	-1.990000
798	-0.541452	0.290374	-0.027172	-1.990000
799	-0.590724	0.081153	0.150615	-1.990000
800	-0.567986	0.115246	0.205756	-1.990000
801	-0.593029	0.121188	0.108882	-1.990000
802	-0.599376	0.122061	-0.063837	-1.990000
803	-0.608989	-0.062971	-0.058240	-1.990000
804	-0.571122	0.046263	-0.223394	-1.990000
805	-0.568139	-0.194214	0.133130	-1.990000
806	-0.594075	0.039403	-0.154102	-1.990000
807	-0.592666	0.103686	-0.127365	-1.990000
808	-0.553083	0.005741	0.268871	-1.990000
809	-0.605634	-0.098375	0.041884	-1.990000
810	-0.611900	0.049079	0.037351	-1.990000
811	-0.574244	0.110029	-0.190689	-1.990000
812	-0.599451	0.108588	-0.084215	-1.990000
813	-0.611553	0.018188	-0.062424	-1.990000
814	-0.566611	0.238641	-0.015102	-1.990000
815	-0.612048	0.058605	-0.013707	-1.990000
816	-0.604431	-0.104441	-0.044506	-1.990000
817	-0.535745	-0.050715	0.297708	-1.990000
818	-0.589805	0.094220	0.146552	-1.990000
819	-0.565643	0.223813	-0.090447	-1.990000
820	-0.575764	-0.073300	-0.203342	-1.990000
821	-0.601971	0.106039	-0.067911	-1.990000
822	-0.593936	0.158118	-0.021524	-1.990000
823	-0.581249	0.163532	-0.116754	-1.990000
824	-0.601820	0.018222	0.125320	-1.990000
825	-0.562660	-0.016431	0.247728	-1.990000
826	-0.610795	0.050831	0.050707	-1.990000
827	-0.583556	0.081841	-0.176037	-1.990000
828	-0.496135	0.220392	-0.288968	-1.990000
829	-0.606986	0.064420	0.075120	-1.990000
830	-0.564069	-0.016967	-0.244464	-1.990000
831	-0.613727	0.025883	0.029904	-1.990000
832	-0.602406	0.121009	-0.026244	-1.990000
833	-0.610707	-0.070997	0.014895	-1.990000
834	-0.597090	0.020463	-0.145909	-1.990000
835	-0.596277	-0.041967	0.144630	-1.990000
836	-0.601163	0.128925	0.014365	-1.990000
837	-0.434477	0.278324	-0.334649	-1.990000
838	-0.573067	0.214745	-0.060861	-1.990000
839	-0.599346	-0.113727	0.077947	-1.990000
840	-0.614511	-0.019334	-0.015076	-1.990000
841	-0.609056	0.043519	-0.073365	-1.990000
842	-0.606253	-0.028742	0.099281	-1.990000
843	-0.514011	0.277191	0.192829	-1.990000
844	-0.545111	0.284706	-0.004632	-1.990000
845	-0.585390	0.154788	-0.107629	-1.990000
846	-0.455125	0.000690	-0.413625	-1.990000
847	-0.519242	-0.146927	0.295000	-1.990000
848	-0.559709	0.253625	-0.024994	-1.990000
849	-0.550777	0.251303	-0.108240	-1.990000
850	-0.592589	0.163137	0.021197	-1.990000
