1	-0.599233	-0.095296	-0.100316	-1.780000
2	-0.514385	-0.279601	-0.188299	-1.780000
3	-0.524469	-0.214316	0.239220	-1.780000
4	-0.613613	-0.040173	-0.009485	-1.780000
5	-0.552294	-0.257205	0.083912	-1.780000
6	-0.600983	-0.006891	-0.130372	-1.780000
7	-0.555694	0.043615	-0.259858	-1.780000
8	-0.504990	0.172266	-0.305834	-1.780000
9	-0.598414	-0.067488	-0.124785	-1.780000
10	-0.604288	0.091482	0.068499	-1.780000
11	-0.602183	-0.094554	-0.081611	-1.780000
12	-0.611374	-0.055489	0.036975	-1.780000
13	-0.607270	-0.096351	-0.012826	-1.780000
14	-0.595272	-0.093557	-0.122976	-1.780000
15	-0.597179	-0.146040	-0.016552	-1.780000
16	-0.522381	0.112620	-0.304401	-1.780000
17	-0.455826	0.064537	-0.407778	-1.780000
18	-0.529154	-0.104968	-0.295301	-1.780000
19	-0.568856	-0.233719	0.001888	-1.780000
20	-0.578398	-0.204396	0.043630	-1.780000
21	-0.590884	-0.019735	0.169387	-1.780000
22	-0.605359	-0.102171	-0.036421	-1.780000
23	-0.609138	-0.083963	0.011253	-1.780000
24	-0.592556	0.164619	-0.001890	-1.780000
25	-0.600032	0.045680	-0.126885	-1.780000
26	-0.553834	-0.121602	-0.238130	-1.780000
27	-0.598596	-0.088872	0.109587	-1.780000
28	-0.554689	0.099707	-0.246178	-1.780000
29	-0.594606	-0.129730	0.088535	-1.780000
30	-0.533486	-0.198764	0.232617	-1.780000
31	-0.587834	-0.014310	0.180199	-1.780000
32	-0.614509	0.024305	0.003665	-1.780000
33	-0.605124	0.109341	0.009719	-1.780000
34	-0.574851	-0.165492	-0.142770	-1.780000
35	-0.592146	-0.165971	-0.006433	-1.780000
36	-0.592828	-0.151460	-0.061969	-1.780000
37	-0.610362	-0.071518	0.023843	-1.780000
38	-0.602905	-0.085303	0.086336	-1.780000
39	-0.576150	-0.154263	-0.149932	-1.780000
40	-0.613472	0.003325	0.043193	-1.780000
41	-0.600046	-0.134794	-0.000522	-1.780000
42	-0.528838	-0.310625	0.045464	-1.780000
43	-0.613720	0.038101	0.011030	-1.780000
44	-0.614391	-0.026960	0.004726	-1.780000
45	-0.531169	0.230188	-0.207600	-1.780000
46	-0.542722	-0.180887	0.225739	-1.780000
47	-0.614124	0.014536	0.029426	-1.780000
48	-0.540255	-0.293700	-0.009517	-1.780000
49	-0.585507	-0.101344	0.158544	-1.780000
50	-0.595777	0.132963	-0.074803	-1.780000
51	-0.539493	0.072666	-0.286169	-1.780000
52	-0.601396	0.093886	-0.087940	-1.780000
53	-0.613656	0.037604	-0.015421	-1.780000
54	-0.608358	-0.077645	0.045790	-1.780000
55	-0.596730	-0.115588	-0.093692	-1.780000
56	-0.566545	-0.189186	0.146494	-1.780000
57	-0.608020	-0.078354	-0.048965	-1.780000
58	-0.571622	0.212200	-0.080280	-1.780000
59	-0.611854	-0.059115	0.019106	-1.780000
60	-0.597079	0.147372	-0.001885	-1.780000
61	-0.595156	-0.153735	0.019479	-1.780000
62	-0.610998	-0.023589	-0.065952	-1.780000
63	-0.608028	-0.092250	-0.004105	-1.780000
64	-0.587242	-0.149945	0.104350	-1.780000
65	-0.502312	-0.166958	0.313101	-1.780000
66	-0.607439	-0.015854	-0.094826	-1.780000
67	-0.610969	0.004999	0.070123	-1.780000
68	-0.613722	-0.038699	-0.008513	-1.780000
69	-0.598608	0.120448	-0.073391	-1.780000
70	-0.563894	-0.245447	0.002176	-1.780000
71	-0.583457	-0.193575	-0.018222	-1.780000
72	-0.594302	0.008825	-0.157963	-1.780000
73	-0.599957	-0.083425	0.106381	-1.780000
74	-0.553481	0.247914	0.102091	-1.780000
75	-0.584919	0.175751	0.072156	-1.780000
76	-0.608014	-0.066004	-0.064714	-1.780000
77	-0.606907	-0.081525	-0.056945	-1.780000
78	-0.611003	-0.068590	-0.014004	-1.780000
79	-0.604484	0.067371	0.091024	-1.780000
80	-0.601428	-0.021100	-0.126744	-1.780000
81	-0.588384	-0.155204	-0.089112	-1.780000
82	-0.567200	-0.231602	-0.053575	-1.780000
83	-0.613607	0.035040	-0.021996	-1.780000
84	-0.595642	-0.069847	0.136223	-1.780000
85	-0.518720	0.288988	-0.160126	-1.780000
86	-0.567966	-0.146277	0.185048	-1.780000
87	-0.604601	-0.039302	-0.105534	-1.780000
88	-0.579267	-0.182013	-0.097704	-1.780000
89	-0.579561	0.191225	-0.075942	-1.780000
90	-0.516470	-0.310906	0.121745	-1.780000
91	-0.604429	-0.095037	0.062115	-1.780000
92	-0.594936	0.043544	0.149601	-1.780000
93	-0.609286	0.080130	-0.023984	-1.780000
94	-0.411880	0.456705	-0.000856	-1.780000
95	-0.614266	-0.006183	-0.029391	-1.780000
96	-0.599003	-0.046799	0.131262	-1.780000
97	-0.609064	-0.042677	0.073788	-1.780000
98	-0.593250	0.052964	0.153214	-1.780000
99	-0.614692	0.001772	-0.019385	-1.780000
100	-0.511687	0.326356	-0.099465	-1.780000
101	-0.547179	0.269686	0.078038	-1.780000
102	-0.593049	0.159060	0.034891	-1.780000
103	-0.568665	0.152156	0.178027	-1.780000
104	-0.591095	0.168848	-0.017954	-1.780000
105	-0.557322	0.247335	0.080261	-1.780000
106	-0.593553	-0.111523	-0.116115	-1.780000
107	-0.560589	0.009168	0.252746	-1.780000
108	-0.570295	-0.015509	0.229670	-1.780000
109	-0.525170	-0.155074	0.279954	-1.780000
110	-0.614740	-0.015151	0.009504	-1.780000
111	-0.602531	0.073782	-0.098676	-1.780000
112	-0.577807	0.186280	-0.098305	-1.780000
113	-0.548635	0.148830	-0.234678	-1.780000
114	-0.594927	-0.087177	0.129179	-1.780000
115	-0.581231	-0.194043	-0.052376	-1.780000
116	-0.610902	-0.049593	0.050635	-1.780000
117	-0.540776	-0.262436	-0.130054	-1.780000
118	-0.497801	-0.052862	-0.357246	-1.780000
119	-0.576215	-0.145717	0.158013	-1.780000
120	-0.532315	-0.238289	-0.195152	-1.780000
121	-0.590509	0.001777	-0.171815	-1.780000
122	-0.607629	-0.094929	-0.000837	-1.780000
123	-0.554500	-0.209275	-0.164192	-1.780000
124	-0.519583	-0.000111	-0.329027	-1.780000
125	-0.553257	-0.014870	-0.268161	-1.780000
126	-0.592372	-0.073401	0.148097	-1.780000
127	-0.501225	-0.354451	0.036921	-1.780000
128	-0.564724	-0.147786	0.193574	-1.780000
129	-0.589276	0.119022	-0.129663	-1.780000
130	-0.601155	-0.067667	0.110719	-1.780000
131	-0.599078	-0.005152	0.138940	-1.780000
132	-0.530197	-0.142221	-0.277289	-1.780000
133	-0.578303	0.092874	-0.187522	-1.780000
134	-0.610178	-0.027004	-0.071961	-1.780000
135	-0.603168	-0.099538	0.067120	-1.780000
136	-0.571295	-0.113610	0.197332	-1.780000
137	-0.608893	-0.036850	0.078205	-1.780000
138	-0.608475	-0.030164	0.084103	-1.780000
139	-0.602763	-0.092824	-0.079280	-1.780000
140	-0.574367	-0.143554	-0.166494	-1.780000
141	-0.592850	0.160217	0.032925	-1.780000
142	-0.590240	-0.148886	0.087609	-1.780000
143	-0.583382	-0.194453	0.008848	-1.780000
144	-0.574147	-0.075680	0.207009	-1.780000
145	-0.577545	-0.209468	0.028108	-1.780000
146	-0.612106	-0.059513	0.003125	-1.780000
147	-0.564456	-0.087741	-0.227851	-1.780000
148	-0.598815	0.129403	-0.053858	-1.780000
149	-0.590018	0.060370	-0.162663	-1.780000
150	-0.606332	0.068950	0.076367	-1.780000
151	-0.591844	-0.162091	0.040887	-1.780000
152	-0.543888	0.137785	0.251844	-1.780000
153	-0.600819	0.045492	0.123176	-1.780000
154	-0.543853	-0.073590	-0.277549	-1.780000
155	-0.585258	-0.122176	-0.144120	-1.780000
156	-0.608219	-0.090292	-0.011940	-1.780000
157	-0.608998	0.017118	0.083984	-1.780000
158	-0.612046	0.059133	0.011296	-1.780000
159	-0.587629	-0.148277	0.104552	-1.780000
160	-0.592415	-0.143811	0.081168	-1.780000
161	-0.570396	-0.190121	-0.129332	-1.780000
162	-0.569659	0.231637	0.007650	-1.780000
163	-0.570036	0.230833	-0.000551	-1.780000
164	-0.583094	-0.025322	0.193870	-1.780000
165	-0.568998	-0.165628	0.164417	-1.780000
166	-0.599336	-0.131975	-0.040048	-1.780000
167	-0.560411	-0.190524	0.166928	-1.780000
168	-0.603190	0.113604	-0.038480	-1.780000
169	-0.603338	0.094559	-0.072570	-1.780000
170	-0.586352	-0.070316	-0.171673	-1.780000
171	-0.613929	0.035193	0.008841	-1.780000
172	-0.614338	0.020553	0.019770	-1.780000
173	-0.602317	-0.072420	-0.100967	-1.780000
174	-0.546629	-0.030033	0.280215	-1.780000
175	-0.605148	0.045287	-0.099849	-1.780000
176	-0.610749	-0.002288	-0.072152	-1.780000
177	-0.605863	-0.026964	0.102119	-1.780000
178	-0.582669	-0.180392	-0.078619	-1.780000
179	-0.610676	0.030387	0.066157	-1.780000
180	-0.606024	-0.089063	0.055023	-1.780000
181	-0.613706	-0.026871	0.029465	-1.780000
182	-0.585252	0.131114	0.136065	-1.780000
183	-0.612071	0.053178	-0.027690	-1.780000
184	-0.562697	0.042212	-0.244571	-1.780000
185	-0.604725	-0.071421	-0.086211	-1.780000
186	-0.556891	-0.055944	0.254887	-1.780000
187	-0.606065	-0.089390	-0.054030	-1.780000
188	-0.609225	-0.037130	-0.075444	-1.780000
189	-0.612016	-0.017237	0.058002	-1.780000
190	-0.584931	-0.156700	-0.107358	-1.780000
191	-0.582673	0.051106	0.190014	-1.780000
192	-0.598490	0.017478	-0.140459	-1.780000
193	-0.588280	0.049435	-0.172358	-1.780000
194	-0.583934	-0.187446	0.045933	-1.780000
195	-0.614243	-0.010772	0.028548	-1.780000
196	-0.598037	-0.035302	0.139033	-1.780000
197	-0.557066	-0.258582	0.032213	-1.780000
198	-0.595483	0.138641	0.066364	-1.780000
199	-0.612445	0.003675	0.055879	-1.780000
200	-0.577349	0.114633	-0.178191	-1.780000
201	-0.601131	0.122082	0.044301	-1.780000
202	-0.609881	0.066393	0.043155	-1.780000
203	-0.612591	0.053003	0.012142	-1.780000
204	-0.569867	0.204992	0.107025	-1.780000
205	-0.583157	0.015113	0.194743	-1.780000
206	-0.614373	-0.018887	0.020336	-1.780000
207	-0.594436	0.148171	-0.054000	-1.780000
208	-0.608062	0.030930	0.086773	-1.780000
209	-0.551905	0.269654	0.030203	-1.780000
210	-0.612898	0.032779	0.038818	-1.780000
211	-0.608040	0.092240	-0.002107	-1.780000
212	-0.600047	0.128659	0.040187	-1.780000
213	-0.608526	-0.066288	0.059392	-1.780000
214	-0.579646	-0.158055	0.131353	-1.780000
215	-0.609979	-0.068852	-0.037550	-1.780000
216	-0.583553	-0.112490	0.158230	-1.780000
217	-0.589000	-0.176623	0.010381	-1.780000
218	-0.579360	-0.159162	-0.131281	-1.780000
219	-0.597172	-0.137653	-0.051601	-1.780000
220	-0.554406	0.012784	-0.265886	-1.780000
221	-0.543661	0.167528	-0.233650	-1.780000
222	-0.548857	-0.083052	-0.264733	-1.780000
223	-0.612015	0.056694	-0.021188	-1.780000
224	-0.586584	-0.184783	-0.000139	-1.780000
225	-0.606859	-0.060418	0.079349	-1.780000
226	-0.611951	0.014899	0.059319	-1.780000
227	-0.584764	0.151579	-0.115327	-1.780000
228	-0.599772	-0.135570	0.010943	-1.780000
229	-0.583226	0.126136	-0.148869	-1.780000
230	-0.610000	-0.019496	0.075797	-1.780000
231	-0.613077	0.046690	-0.013456	-1.780000
232	-0.522843	-0.193933	-0.259326	-1.780000
233	-0.566064	-0.236863	-0.041142	-1.780000
234	-0.613015	-0.025723	-0.042144	-1.780000
235	-0.605841	0.076166	0.073356	-1.780000
236	-0.595115	-0.155080	-0.003680	-1.780000
237	-0.611266	-0.067437	-0.005563	-1.780000
238	-0.575639	-0.198021	-0.087481	-1.780000
239	-0.575383	-0.148443	-0.158505	-1.780000
240	-0.591608	0.151934	-0.071699	-1.780000
241	-0.590505	-0.117835	0.125077	-1.780000
242	-0.606448	0.099395	0.023795	-1.780000
243	-0.564533	-0.243360	-0.017412	-1.780000
244	-0.614802	-0.003252	0.015243	-1.780000
245	-0.603757	0.054706	-0.103488	-1.780000
246	-0.611467	-0.065694	0.004215	-1.780000
247	-0.589204	-0.074527	-0.159716	-1.780000
248	-0.607881	-0.015942	-0.091935	-1.780000
249	-0.572977	-0.021974	-0.222349	-1.780000
250	-0.585295	-0.017243	0.188036	-1.780000
251	-0.614508	0.024273	0.003989	-1.780000
252	-0.598630	-0.078620	0.116989	-1.780000
253	-0.611869	0.001222	0.061969	-1.780000
254	-0.608936	-0.012967	-0.085168	-1.780000
255	-0.613685	-0.006984	-0.039589	-1.780000
256	-0.603421	-0.096888	-0.068707	-1.780000
257	-0.599557	0.019456	-0.135563	-1.780000
258	-0.606243	0.036167	-0.096884	-1.780000
259	-0.586891	-0.156937	0.095678	-1.780000
260	-0.474037	0.107932	0.376649	-1.780000
261	-0.604685	0.110982	-0.016263	-1.780000
262	-0.612344	-0.056789	0.005931	-1.780000
263	-0.578070	0.097638	0.185815	-1.780000
264	-0.614260	-0.013642	-0.026898	-1.780000
265	-0.582246	0.155502	0.122610	-1.780000
266	-0.596171	-0.136921	0.063696	-1.780000
267	-0.577496	-0.201909	0.062901	-1.780000
268	-0.565800	0.037055	0.238165	-1.780000
269	-0.582420	-0.180829	0.079453	-1.780000
270	-0.598839	0.039207	0.134463	-1.780000
271	-0.576453	0.213143	-0.022302	-1.780000
272	-0.612682	0.010478	0.052311	-1.780000
273	-0.609369	0.057420	0.059983	-1.780000
274	-0.613718	-0.037140	0.014012	-1.780000
275	-0.613179	-0.034572	0.032270	-1.780000
276	-0.507754	-0.240113	-0.250513	-1.780000
277	-0.610663	-0.052768	0.050315	-1.780000
278	-0.562074	-0.061356	0.241937	-1.780000
279	-0.606707	0.082525	0.057631	-1.780000
280	-0.604735	-0.010568	-0.111393	-1.780000
281	-0.605036	-0.051042	-0.097728	-1.780000
282	-0.578862	-0.031244	-0.205346	-1.780000
283	-0.609752	-0.047919	-0.064279	-1.780000
284	-0.612347	0.045159	-0.034889	-1.780000
285	-0.542071	-0.206748	-0.204058	-1.780000
286	-0.612939	-0.022843	0.044816	-1.780000
287	-0.607969	0.084395	0.038430	-1.780000
288	-0.599041	-0.130737	0.047771	-1.780000
289	-0.610147	0.037326	0.067475	-1.780000
290	-0.572047	-0.109495	0.197480	-1.780000
291	-0.600691	-0.083238	-0.102310	-1.780000
292	-0.612211	0.009940	-0.057649	-1.780000
293	-0.612898	0.048992	-0.013460	-1.780000
294	-0.610632	-0.052465	0.051006	-1.780000
295	-0.579459	0.156620	0.133874	-1.780000
296	-0.593820	0.013371	0.159448	-1.780000
297	-0.570168	0.150987	0.174172	-1.780000
298	-0.614121	0.008600	-0.031720	-1.780000
299	-0.605233	-0.107715	-0.017749	-1.780000
300	-0.596779	-0.113972	-0.095343	-1.780000
301	-0.614021	0.033772	-0.007898	-1.780000
302	-0.601832	-0.033870	0.121969	-1.780000
303	-0.530087	-0.220758	0.220225	-1.780000
304	-0.605218	0.019594	0.107483	-1.780000
305	-0.588972	0.074492	0.160588	-1.780000
306	-0.596738	0.133445	0.065739	-1.780000
307	-0.604674	0.025294	-0.109335	-1.780000
308	-0.614063	-0.015082	-0.030399	-1.780000
309	-0.589397	0.121864	-0.126431	-1.780000
310	-0.608023	-0.087501	-0.029614	-1.780000
311	-0.585142	0.174953	0.072289	-1.780000
312	-0.599524	0.063748	0.121376	-1.780000
313	-0.611096	-0.050009	0.047814	-1.780000
314	-0.462100	0.397430	-0.082088	-1.780000
315	-0.589451	0.080657	-0.155777	-1.780000
316	-0.613635	-0.012498	-0.039006	-1.780000
317	-0.612697	-0.022358	0.048247	-1.780000
318	-0.614770	-0.016731	0.001682	-1.780000
319	-0.566394	0.178204	-0.160207	-1.780000
320	-0.608458	-0.040021	0.080010	-1.780000
321	-0.611401	-0.064062	0.017596	-1.780000
322	-0.569586	-0.141061	0.184115	-1.780000
323	-0.586567	-0.154894	0.100855	-1.780000
324	-0.564311	-0.172963	0.172808	-1.780000
325	-0.602104	-0.116299	0.046587	-1.780000
326	-0.600858	-0.077928	-0.105461	-1.780000
327	-0.571770	-0.200358	-0.105643	-1.780000
328	-0.519456	0.171256	-0.281179	-1.780000
329	-0.484225	-0.084459	-0.369618	-1.780000
330	-0.589464	-0.172774	0.030103	-1.780000
331	-0.607811	-0.022670	0.090979	-1.780000
332	-0.577704	0.127076	0.168329	-1.780000
333	-0.541779	-0.247618	-0.152923	-1.780000
334	-0.585366	-0.127871	-0.138638	-1.780000
335	-0.597274	-0.043683	-0.139929	-1.780000
336	-0.550910	0.124919	-0.243143	-1.780000
337	-0.577831	-0.044994	-0.205699	-1.780000
338	-0.552651	-0.201475	-0.179471	-1.780000
339	-0.593110	-0.097707	-0.129994	-1.780000
340	-0.611459	-0.035676	-0.055413	-1.780000
341	-0.593317	-0.051439	0.153473	-1.780000
342	-0.592823	-0.043464	0.157786	-1.780000
343	-0.614597	-0.021594	-0.005382	-1.780000
344	-0.541900	0.132306	-0.258969	-1.780000
345	-0.608837	-0.086042	-0.011777	-1.780000
346	-0.598782	0.071151	0.120922	-1.780000
347	-0.599679	-0.123557	0.057820	-1.780000
348	-0.576439	-0.189519	0.100130	-1.780000
349	-0.587213	-0.048490	0.176225	-1.780000
350	-0.598483	0.034062	-0.137413	-1.780000
351	-0.563708	-0.200605	-0.142182	-1.780000
352	-0.572830	-0.110004	-0.194910	-1.780000
353	-0.588857	0.164575	0.066235	-1.780000
354	-0.561638	-0.208661	0.138737	-1.780000
355	-0.575227	-0.200251	-0.085081	-1.780000
356	-0.607627	-0.071374	0.062609	-1.780000
357	-0.602346	-0.080810	0.094204	-1.780000
358	-0.596081	-0.062498	-0.137863	-1.780000
359	-0.592493	-0.163422	0.021678	-1.780000
360	-0.604095	-0.101443	-0.054801	-1.780000
361	-0.612783	-0.011307	0.050929	-1.780000
362	-0.531841	0.306153	0.040504	-1.780000
363	-0.611358	-0.037345	0.055421	-1.780000
364	-0.613697	-0.039645	-0.005393	-1.780000
365	-0.587765	0.096738	0.152966	-1.780000
366	-0.585275	0.121492	-0.144630	-1.780000
367	-0.614766	-0.016972	-0.000034	-1.780000
368	-0.609326	0.052917	-0.064390	-1.780000
369	-0.605927	-0.089978	0.054598	-1.780000
370	-0.586889	-0.140500	0.118517	-1.780000
371	-0.605216	-0.002227	0.109240	-1.780000
372	-0.600260	0.133839	-0.000396	-1.780000
373	-0.614338	-0.025266	0.013255	-1.780000
374	-0.602647	0.039074	-0.116253	-1.780000
375	-0.611839	0.008065	0.061754	-1.780000
376	-0.603154	-0.082034	-0.087756	-1.780000
377	-0.525743	-0.303068	-0.099844	-1.780000
378	-0.536164	-0.205330	0.220437	-1.780000
379	-0.595646	-0.101900	0.114222	-1.780000
380	-0.581048	-0.089646	0.180477	-1.780000
381	-0.591509	0.107282	-0.129739	-1.780000
382	-0.605711	-0.070127	0.080134	-1.780000
383	-0.586823	0.176466	0.052186	-1.780000
384	-0.538100	-0.085533	0.285232	-1.780000
385	-0.580834	-0.194381	-0.055437	-1.780000
386	-0.590742	-0.031878	0.168026	-1.780000
387	-0.609950	-0.073545	0.027877	-1.780000
388	-0.598010	-0.047512	0.135469	-1.780000
389	-0.614694	-0.007919	0.017721	-1.780000
390	-0.609120	-0.052266	-0.066829	-1.780000
391	-0.611357	0.014374	-0.065272	-1.780000
392	-0.602959	-0.007334	-0.120881	-1.780000
393	-0.547752	-0.123689	-0.250787	-1.780000
394	-0.611986	-0.060658	0.004305	-1.780000
395	-0.608486	0.087753	0.016398	-1.780000
396	-0.600089	-0.095179	-0.095177	-1.780000
397	-0.612177	0.006159	-0.058540	-1.780000
398	-0.611827	-0.032884	0.053024	-1.780000
399	-0.604405	-0.093538	0.064575	-1.780000
400	-0.577735	-0.182041	0.106342	-1.780000
401	-0.610863	-0.065184	0.028672	-1.780000
402	-0.612244	-0.057831	0.006171	-1.780000
403	-0.605375	0.019761	0.106561	-1.780000
404	-0.592370	0.060108	-0.153979	-1.780000
405	-0.607853	0.061132	0.070727	-1.780000
406	-0.612986	-0.018853	-0.046015	-1.780000
407	-0.591849	0.164675	-0.028668	-1.780000
408	-0.609440	0.041601	0.071257	-1.780000
409	-0.612417	-0.052200	0.021098	-1.780000
410	-0.608529	0.088928	-0.003080	-1.780000
411	-0.599253	0.096464	0.099075	-1.780000
412	-0.606513	0.093338	-0.040689	-1.780000
413	-0.590711	0.119676	0.122326	-1.780000
414	-0.598775	0.134311	0.040665	-1.780000
415	-0.601590	-0.073065	-0.104769	-1.780000
416	-0.607986	0.058251	-0.072002	-1.780000
417	-0.507840	-0.231000	0.258771	-1.780000
418	-0.582353	-0.179037	-0.083882	-1.780000
419	-0.583058	0.180736	0.074849	-1.780000
420	-0.587678	0.180129	-0.020320	-1.780000
421	-0.574844	-0.130825	-0.175111	-1.780000
422	-0.565339	-0.039996	-0.238783	-1.780000
423	-0.608813	0.081724	-0.029882	-1.780000
424	-0.614348	-0.021959	-0.017875	-1.780000
425	-0.610960	0.033359	0.061971	-1.780000
426	-0.534098	-0.243735	0.183187	-1.780000
427	-0.596520	-0.105382	0.106226	-1.780000
428	-0.545750	-0.252304	0.129323	-1.780000
429	-0.577764	-0.064333	0.200685	-1.780000
430	-0.592454	-0.092038	-0.136940	-1.780000
431	-0.565211	0.082857	-0.227807	-1.780000
432	-0.545471	0.073078	-0.274492	-1.780000
433	-0.459309	-0.112801	-0.393111	-1.780000
434	-0.496296	-0.176858	-0.317233	-1.780000
435	-0.530993	-0.250027	0.183734	-1.780000
436	-0.611152	-0.055519	-0.040449	-1.780000
437	-0.588912	-0.137360	0.111983	-1.780000
438	-0.602663	-0.100550	0.070082	-1.780000
439	-0.598096	-0.046921	-0.135297	-1.780000
440	-0.602201	-0.078473	-0.097059	-1.780000
441	-0.544157	0.045201	-0.282976	-1.780000
442	-0.590972	0.022892	-0.168679	-1.780000
443	-0.606982	0.021561	-0.096609	-1.780000
444	-0.611262	-0.064890	-0.019301	-1.780000
445	-0.605873	-0.095974	-0.043957	-1.780000
446	-0.605840	-0.103008	0.023917	-1.780000
447	-0.590170	-0.130409	0.113656	-1.780000
448	-0.559028	-0.227060	-0.118979	-1.780000
449	-0.599806	-0.083672	-0.107038	-1.780000
450	-0.595980	-0.119458	-0.093607	-1.780000
451	-0.612102	0.001009	0.059627	-1.780000
452	-0.602363	-0.047471	0.114590	-1.780000
453	-0.610262	0.045439	0.061158	-1.780000
454	-0.605640	0.018196	0.105326	-1.780000
455	-0.604843	-0.106094	-0.033671	-1.780000
456	-0.598319	-0.118172	-0.079212	-1.780000
457	-0.566995	0.137973	-0.194178	-1.780000
458	-0.611131	0.065455	0.021426	-1.780000
459	-0.600261	-0.064335	-0.117357	-1.780000
460	-0.589857	0.008509	0.173844	-1.780000
461	-0.610311	0.066146	0.037022	-1.780000
462	-0.583926	-0.136498	0.136467	-1.780000
463	-0.603560	-0.110098	-0.042649	-1.780000
464	-0.578891	-0.193849	-0.074384	-1.780000
465	-0.589369	-0.175135	0.014016	-1.780000
466	-0.600513	-0.105430	0.080586	-1.780000
467	-0.610334	0.005126	-0.075443	-1.780000
468	-0.613237	0.017323	0.043191	-1.780000
469	-0.603563	-0.095009	-0.070073	-1.780000
470	-0.608253	-0.060722	-0.067576	-1.780000
471	-0.609978	-0.043723	0.065113	-1.780000
472	-0.610714	0.002021	0.072455	-1.780000
473	-0.614645	0.018363	-0.009974	-1.780000
474	-0.582415	-0.196780	0.017183	-1.780000
475	-0.566146	0.189929	0.147073	-1.780000
476	-0.612718	0.049552	-0.018593	-1.780000
477	-0.614788	0.012749	-0.009906	-1.780000
478	-0.610894	0.036246	-0.060994	-1.780000
479	-0.578622	0.178604	-0.107339	-1.780000
480	-0.510318	0.318711	0.127374	-1.780000
481	-0.581810	-0.037342	0.195775	-1.780000
482	-0.602480	-0.097012	0.076367	-1.780000
483	-0.576676	0.136746	0.164227	-1.780000
484	-0.600082	-0.076465	0.110815	-1.780000
485	-0.606387	0.046333	0.091502	-1.780000
486	-0.609676	-0.071721	-0.037106	-1.780000
487	-0.591085	-0.031191	0.166943	-1.780000
488	-0.570534	-0.220161	0.065157	-1.780000
489	-0.566500	-0.095549	0.219485	-1.780000
490	-0.600044	-0.113028	0.073459	-1.780000
491	-0.510825	-0.004647	0.342434	-1.780000
492	-0.609988	0.036100	-0.069548	-1.780000
493	-0.595217	-0.135166	-0.075313	-1.780000
494	-0.552318	0.049851	-0.265866	-1.780000
495	-0.611225	-0.057194	-0.036841	-1.780000
496	-0.613182	-0.046436	0.008742	-1.780000
497	-0.601412	-0.102402	-0.077735	-1.780000
498	-0.613258	-0.043161	0.016642	-1.780000
499	-0.609299	0.004156	0.083439	-1.780000
500	-0.613703	0.020434	0.034289	-1.780000
501	-0.579051	-0.195265	-0.069256	-1.780000
502	-0.606429	0.069070	0.075489	-1.780000
503	-0.601871	-0.103382	-0.072722	-1.780000
504	-0.607614	-0.064284	-0.069984	-1.780000
505	-0.610422	0.073678	-0.013473	-1.780000
506	-0.608546	-0.027287	-0.084568	-1.780000
507	-0.588799	-0.023433	0.176044	-1.780000
508	-0.588802	0.126986	0.124145	-1.780000
509	-0.610695	0.041926	-0.059315	-1.780000
510	-0.570181	0.221132	-0.064959	-1.780000
511	-0.602932	0.120747	-0.010881	-1.780000
512	-0.614761	-0.012745	-0.011449	-1.780000
513	-0.578901	-0.205158	-0.031766	-1.780000
514	-0.610385	-0.062199	0.042263	-1.780000
515	-0.581741	0.032484	0.196842	-1.780000
516	-0.599087	0.137653	0.019279	-1.780000
517	-0.583407	0.165733	0.101950	-1.780000
518	-0.584308	0.176955	0.074135	-1.780000
519	-0.601926	0.077245	-0.099717	-1.780000
520	-0.588300	-0.178236	-0.018986	-1.780000
521	-0.588715	-0.079751	-0.158993	-1.780000
522	-0.609166	0.064455	-0.054661	-1.780000
523	-0.609022	-0.083644	-0.017912	-1.780000
524	-0.599571	0.017548	0.135765	-1.780000
525	-0.595646	0.147025	0.042599	-1.780000
526	-0.614972	0.005598	0.001578	-1.780000
527	-0.589779	0.077154	0.156311	-1.780000
528	-0.610106	0.073205	0.025243	-1.780000
529	-0.610742	0.058691	-0.042131	-1.780000
530	-0.558381	0.221576	-0.131678	-1.780000
531	-0.590556	0.080898	-0.151406	-1.780000
532	-0.567262	0.125967	0.201423	-1.780000
533	-0.561820	-0.108338	0.225491	-1.780000
534	-0.586563	-0.180750	-0.038705	-1.780000
535	-0.600119	0.133460	-0.016462	-1.780000
536	-0.611805	0.029704	-0.055116	-1.780000
537	-0.575117	-0.159840	-0.148042	-1.780000
538	-0.524642	-0.219716	-0.233882	-1.780000
539	-0.594581	-0.016403	-0.156298	-1.780000
540	-0.592757	-0.159236	-0.038836	-1.780000
541	-0.586256	-0.028589	0.183608	-1.780000
542	-0.610680	-0.016992	-0.070752	-1.780000
543	-0.558008	-0.230915	0.116320	-1.780000
544	-0.594285	-0.085778	0.133014	-1.780000
545	-0.613153	0.005210	0.047340	-1.780000
546	-0.613181	-0.029931	-0.036585	-1.780000
547	-0.534725	-0.247345	-0.176393	-1.780000
548	-0.576075	-0.129951	-0.171684	-1.780000
549	-0.563191	0.038920	-0.243981	-1.780000
550	-0.578087	-0.010757	-0.209583	-1.780000
551	-0.582007	-0.160749	-0.116843	-1.780000
552	-0.571479	-0.192979	0.119984	-1.780000
553	-0.586081	-0.086689	0.164983	-1.780000
554	-0.574451	-0.161567	0.148752	-1.780000
555	-0.583317	-0.089903	-0.172868	-1.780000
556	-0.612719	-0.052370	-0.007600	-1.780000
557	-0.610855	0.065437	-0.028263	-1.780000
558	-0.599379	0.126308	0.054923	-1.780000
559	-0.606230	-0.010295	-0.102976	-1.780000
560	-0.599816	0.041910	-0.129186	-1.780000
561	-0.608735	0.065694	0.057892	-1.780000
562	-0.603729	0.089084	0.076164	-1.780000
563	-0.592101	0.032304	-0.163090	-1.780000
564	-0.606240	-0.002214	-0.103409	-1.780000
565	-0.583170	0.038116	-0.191534	-1.780000
566	-0.614778	-0.004456	-0.015912	-1.780000
567	-0.600357	0.124450	0.048045	-1.780000
568	-0.542448	-0.285497	0.049666	-1.780000
569	-0.592939	-0.067903	-0.148450	-1.780000
570	-0.603577	-0.113650	0.031686	-1.780000
571	-0.606679	-0.097624	-0.025208	-1.780000
572	-0.598254	-0.131359	0.055339	-1.780000
573	-0.606444	0.096180	-0.034642	-1.780000
574	-0.606169	-0.018137	0.102252	-1.780000
575	-0.603004	0.054898	0.107693	-1.780000
576	-0.614432	-0.026009	0.004655	-1.780000
577	-0.592761	-0.163006	-0.016983	-1.780000
578	-0.613644	-0.024171	0.032899	-1.780000
579	-0.562051	0.222003	-0.114184	-1.780000
580	-0.587501	-0.148681	0.104698	-1.780000
581	-0.589761	0.151112	-0.087020	-1.780000
582	-0.601123	0.042752	0.122671	-1.780000
583	-0.601677	-0.082938	0.096599	-1.780000
584	-0.596654	-0.114661	0.095301	-1.780000
585	-0.605404	-0.082668	-0.069833	-1.780000
586	-0.587874	0.147555	0.104193	-1.780000
587	-0.594216	0.152571	-0.043070	-1.780000
588	-0.612457	-0.043752	0.034752	-1.780000
589	-0.611469	-0.013567	-0.064396	-1.780000
590	-0.608647	0.032669	0.081897	-1.780000
591	-0.591949	-0.152542	0.067472	-1.780000
592	-0.592062	-0.135895	0.096022	-1.780000
593	-0.600419	0.110574	-0.074131	-1.780000
594	-0.554482	0.023332	-0.265011	-1.780000
595	-0.601794	0.026145	-0.124040	-1.780000
596	-0.580085	-0.102808	0.176513	-1.780000
597	-0.604196	-0.008629	0.114444	-1.780000
598	-0.573517	-0.214508	-0.057358	-1.780000
599	-0.558468	-0.168530	0.194773	-1.780000
600	-0.603158	0.093259	0.075683	-1.780000
601	-0.590768	-0.123844	0.117819	-1.780000
602	-0.607262	-0.091740	0.032275	-1.780000
603	-0.606653	0.025328	-0.097754	-1.780000
604	-0.611600	0.055859	-0.032407	-1.780000
605	-0.582063	-0.168784	0.104594	-1.780000
606	-0.602220	-0.020170	-0.123082	-1.780000
607	-0.609668	0.055602	0.058641	-1.780000
608	-0.596530	-0.062923	0.135713	-1.780000
609	-0.564184	0.184578	0.160786	-1.780000
610	-0.611927	0.013967	-0.059796	-1.780000
611	-0.613386	-0.010709	-0.043222	-1.780000
612	-0.602567	-0.115916	0.041251	-1.780000
613	-0.614128	-0.027830	-0.017235	-1.780000
614	-0.608248	0.063427	0.065083	-1.780000
615	-0.607850	0.091754	-0.018023	-1.780000
616	-0.598904	0.139514	0.008669	-1.780000
617	-0.590274	-0.067402	-0.158930	-1.780000
618	-0.592158	0.049412	-0.158532	-1.780000
619	-0.606772	-0.008026	-0.099939	-1.780000
620	-0.605245	-0.106423	0.024024	-1.780000
621	-0.582110	-0.134103	0.146253	-1.780000
622	-0.608229	0.009747	0.090485	-1.780000
623	-0.606849	0.089032	-0.045085	-1.780000
624	-0.595120	0.041473	-0.149456	-1.780000
625	-0.614289	0.023984	-0.017301	-1.780000
626	-0.614849	0.006806	0.011804	-1.780000
627	-0.611879	0.059168	-0.018129	-1.780000
628	-0.613946	0.017239	-0.031598	-1.780000
629	-0.611822	0.005984	-0.062150	-1.780000
630	-0.605787	-0.087961	0.059248	-1.780000
631	-0.558619	0.015984	-0.256737	-1.780000
632	-0.608457	-0.082586	0.034417	-1.780000
633	-0.613558	0.038517	0.016972	-1.780000
634	-0.612982	-0.021780	0.044765	-1.780000
635	-0.579259	-0.016727	-0.205924	-1.780000
636	-0.602501	0.044060	-0.115223	-1.780000
637	-0.608019	-0.066137	0.064529	-1.780000
638	-0.610018	-0.073128	-0.027479	-1.780000
639	-0.581246	-0.200889	-0.004702	-1.780000
640	-0.607854	-0.070907	-0.060917	-1.780000
641	-0.587496	-0.101267	0.151056	-1.780000
642	-0.607068	-0.098301	0.005508	-1.780000
643	-0.601357	-0.021201	-0.127065	-1.780000
644	-0.562932	0.227047	0.098905	-1.780000
645	-0.606499	0.086682	-0.053572	-1.780000
646	-0.552993	-0.055438	-0.263344	-1.780000
647	-0.478192	0.227775	-0.312531	-1.780000
648	-0.494281	-0.345031	-0.121920	-1.780000
649	-0.600728	-0.027079	0.128911	-1.780000
650	-0.573940	-0.080476	0.205771	-1.780000
651	-0.609841	0.070508	0.036707	-1.780000
652	-0.600063	0.124280	0.052001	-1.780000
653	-0.600303	-0.116324	0.065805	-1.780000
654	-0.610714	0.027958	0.066871	-1.780000
655	-0.584176	0.170676	-0.088503	-1.780000
656	-0.608270	0.083692	-0.035047	-1.780000
657	-0.571503	-0.184399	0.132687	-1.780000
658	-0.614594	0.020564	-0.008754	-1.780000
659	-0.603028	-0.071498	-0.097315	-1.780000
660	-0.568653	0.231010	-0.038638	-1.780000
661	-0.577588	-0.180678	-0.109419	-1.780000
662	-0.561227	0.241605	0.069830	-1.780000
663	-0.585197	0.167163	-0.088463	-1.780000
664	-0.590550	-0.029709	0.169096	-1.780000
665	-0.518974	0.077591	-0.320735	-1.780000
666	-0.601151	0.121564	-0.045444	-1.780000
667	-0.593867	0.007433	-0.159660	-1.780000
668	-0.570415	0.220158	-0.066195	-1.780000
669	-0.595973	-0.098550	0.115450	-1.780000
670	-0.599020	-0.108008	0.087948	-1.780000
671	-0.564493	0.190777	0.152239	-1.780000
672	-0.575648	0.129055	0.173779	-1.780000
673	-0.608016	-0.074946	-0.054080	-1.780000
674	-0.590754	0.002537	0.170963	-1.780000
675	-0.598038	0.116217	-0.084081	-1.780000
676	-0.585537	0.017343	-0.187272	-1.780000
677	-0.593652	0.082800	-0.137645	-1.780000
678	-0.592488	-0.161769	-0.031842	-1.780000
679	-0.578385	-0.129227	0.164306	-1.780000
680	-0.612071	0.059811	0.004103	-1.780000
681	-0.610312	-0.057208	0.049718	-1.780000
682	-0.581022	-0.144875	-0.140177	-1.780000
683	-0.603122	0.120271	-0.001930	-1.780000
684	-0.605379	0.071805	-0.081152	-1.780000
685	-0.593052	-0.162573	-0.009197	-1.780000
686	-0.607395	0.094699	0.018106	-1.780000
687	-0.611983	0.048707	-0.036466	-1.780000
688	-0.599490	-0.048102	0.128542	-1.780000
689	-0.607205	-0.011306	0.096951	-1.780000
690	-0.611827	0.055187	-0.029113	-1.780000
691	-0.606029	0.024491	0.101756	-1.780000
692	-0.583233	0.116075	0.156816	-1.780000
693	-0.598025	-0.117913	0.081776	-1.780000
694	-0.468577	-0.271857	0.291126	-1.780000
695	-0.583066	-0.024732	0.194029	-1.780000
696	-0.603308	0.109213	-0.048138	-1.780000
697	-0.568798	-0.229104	0.046962	-1.780000
698	-0.603337	-0.079209	0.089083	-1.780000
699	-0.567642	-0.106231	0.211479	-1.780000
700	-0.613772	-0.037549	0.009933	-1.780000
701	-0.562037	-0.233210	0.089177	-1.780000
702	-0.585011	-0.101275	0.160407	-1.780000
703	-0.587359	0.010121	0.182021	-1.780000
704	-0.568023	-0.233121	-0.035061	-1.780000
705	-0.611250	0.066639	-0.012545	-1.780000
706	-0.584533	-0.157735	0.108006	-1.780000
707	-0.595461	-0.086953	0.126847	-1.780000
708	-0.604370	-0.096203	-0.060883	-1.780000
709	-0.600043	0.049075	-0.125557	-1.780000
710	-0.594955	0.071020	0.138598	-1.780000
711	-0.606004	0.029451	-0.100585	-1.780000
712	-0.589273	0.151833	0.089042	-1.780000
713	-0.593550	0.082910	0.138021	-1.780000
714	-0.592791	0.059537	0.152576	-1.780000
715	-0.614836	-0.014130	0.001345	-1.780000
716	-0.599863	-0.005549	-0.135494	-1.780000
717	-0.608359	-0.069683	0.057176	-1.780000
718	-0.565970	-0.066165	0.231354	-1.780000
719	-0.604844	-0.108808	-0.023452	-1.780000
720	-0.459448	-0.335972	0.232928	-1.780000
721	-0.607738	-0.057194	0.074890	-1.780000
722	-0.569396	0.214867	0.088576	-1.780000
723	-0.522333	-0.001556	-0.324639	-1.780000
724	-0.604123	0.054546	-0.101417	-1.780000
725	-0.564562	0.192016	-0.150417	-1.780000
726	-0.571222	-0.225678	0.031622	-1.780000
727	-0.613151	0.045521	-0.014115	-1.780000
728	-0.561660	0.091822	0.233092	-1.780000
729	-0.563420	0.076926	-0.234235	-1.780000
730	-0.609601	0.073029	0.035759	-1.780000
731	-0.600703	-0.072053	0.110406	-1.780000
732	-0.596762	-0.032713	-0.145017	-1.780000
733	-0.582056	0.020249	-0.197549	-1.780000
734	-0.567035	0.134929	-0.196189	-1.780000
735	-0.561629	-0.186636	-0.167227	-1.780000
736	-0.553588	0.124226	0.237347	-1.780000
737	-0.607673	-0.081454	-0.048199	-1.780000
738	-0.613673	0.019699	0.035242	-1.780000
739	-0.602242	-0.065243	-0.106174	-1.780000
740	-0.588523	-0.073612	0.162626	-1.780000
741	-0.609223	0.014876	-0.082768	-1.780000
742	-0.610495	-0.053606	0.051455	-1.780000
743	-0.592257	0.132683	-0.099254	-1.780000
744	-0.584566	-0.081052	-0.173028	-1.780000
745	-0.609504	-0.017676	0.080110	-1.780000
746	-0.479347	0.312957	0.224742	-1.780000
747	-0.588832	-0.167336	-0.059168	-1.780000
748	-0.601354	-0.037968	0.123112	-1.780000
749	-0.459294	-0.212171	0.349654	-1.780000
750	-0.571106	-0.227936	0.010378	-1.780000
751	-0.506044	-0.082174	-0.339694	-1.780000
752	-0.595447	0.149721	-0.035373	-1.780000
753	-0.593835	-0.065597	-0.145881	-1.780000
754	-0.596801	-0.127755	-0.075710	-1.780000
755	-0.605727	-0.047674	0.095116	-1.780000
756	-0.593157	0.056184	0.152423	-1.780000
757	-0.608384	-0.066029	0.061110	-1.780000
758	-0.610706	0.049894	0.052670	-1.780000
759	-0.586376	0.169888	0.074337	-1.780000
760	-0.603407	-0.111999	-0.039767	-1.780000
761	-0.596844	-0.009928	-0.148000	-1.780000
762	-0.603238	0.041924	-0.112124	-1.780000
763	-0.576864	-0.131513	-0.167801	-1.780000
764	-0.602921	0.046797	0.111897	-1.780000
765	-0.612279	0.019006	0.054575	-1.780000
766	-0.595714	0.128927	0.082020	-1.780000
767	-0.585706	-0.171525	0.075849	-1.780000
768	-0.596657	-0.123289	-0.083815	-1.780000
769	-0.608133	0.019634	-0.089517	-1.780000
770	-0.593790	0.017510	-0.159161	-1.780000
771	-0.604263	0.081456	-0.080351	-1.780000
772	-0.592984	-0.096039	0.131800	-1.780000
773	-0.592202	-0.025329	-0.163953	-1.780000
774	-0.612750	0.009547	0.051684	-1.780000
775	-0.614189	-0.021548	-0.023070	-1.780000
776	-0.578754	0.207322	0.016930	-1.780000
777	-0.518847	-0.090752	-0.317470	-1.780000
778	-0.584158	0.049177	0.185919	-1.780000
779	-0.577263	0.095060	-0.189621	-1.780000
780	-0.612877	-0.030510	-0.040932	-1.780000
781	-0.549469	0.020592	-0.275473	-1.780000
782	-0.569743	-0.202633	0.112064	-1.780000
783	-0.606178	0.000164	0.103794	-1.780000
784	-0.583214	-0.065700	0.183765	-1.780000
785	-0.608084	0.067329	0.062660	-1.780000
786	-0.556133	-0.225948	0.133746	-1.780000
787	-0.614176	-0.011815	0.029554	-1.780000
788	-0.533643	0.304164	-0.030562	-1.780000
789	-0.606677	-0.099474	0.016514	-1.780000
790	-0.609900	-0.078793	0.006249	-1.780000
791	-0.604598	0.099065	0.053597	-1.780000
792	-0.605417	0.105253	-0.024851	-1.780000
793	-0.580835	0.087836	-0.182046	-1.780000
794	-0.605625	0.084257	-0.065911	-1.780000
795	-0.579095	-0.205981	0.021125	-1.780000
796	-0.604821	-0.006925	0.111215	-1.780000
797	-0.600139	-0.114090	0.071003	-1.780000
798	-0.599988	0.099372	0.091459	-1.780000
799	-0.614350	-0.027868	-0.004706	-1.780000
800	-0.525856	-0.164439	0.273240	-1.780000
801	-0.608957	-0.072352	0.046497	-1.780000
802	-0.614498	0.000954	0.024837	-1.780000
803	-0.573495	-0.193332	0.109322	-1.780000
804	-0.584172	-0.107211	0.159604	-1.780000
805	-0.598321	0.135897	0.042055	-1.780000
806	-0.613808	-0.022725	0.030795	-1.780000
807	-0.613336	-0.021727	0.039654	-1.780000
808	-0.598086	0.133040	0.053092	-1.780000
809	-0.609973	-0.012322	0.077502	-1.780000
810	-0.607030	0.074381	-0.064859	-1.780000
811	-0.614400	0.017215	-0.020994	-1.780000
812	-0.571248	-0.026214	0.226305	-1.780000
813	-0.605180	-0.094275	0.055631	-1.780000
814	-0.519610	-0.315053	0.094722	-1.780000
815	-0.573976	0.050920	-0.214905	-1.780000
816	-0.614061	-0.020472	0.027106	-1.780000
817	-0.596408	-0.131479	0.072357	-1.780000
818	-0.610242	-0.046731	-0.060382	-1.780000
819	-0.577258	-0.051330	0.205825	-1.780000
820	-0.509247	0.343541	0.029530	-1.780000
821	-0.600205	0.082786	-0.105479	-1.780000
822	-0.563517	0.246313	-0.001873	-1.780000
823	-0.559643	0.017615	-0.254391	-1.780000
824	-0.612910	0.017733	-0.047448	-1.780000
825	-0.608113	0.091344	0.008938	-1.780000
826	-0.613259	-0.037031	-0.027686	-1.780000
827	-0.603094	-0.097489	0.070698	-1.780000
828	-0.612267	-0.016275	-0.055581	-1.780000
829	-0.613737	-0.026434	-0.029218	-1.780000
830	-0.589219	0.174506	-0.024373	-1.780000
831	-0.571597	0.119978	-0.192634	-1.780000
832	-0.613309	0.028603	0.035477	-1.780000
833	-0.602815	0.081442	0.090586	-1.780000
834	-0.603259	0.105195	0.056904	-1.780000
835	-0.613339	0.036942	0.025990	-1.780000
836	-0.598982	0.106833	0.089622	-1.780000
837	-0.573940	0.220659	0.011308	-1.780000
838	-0.589941	-0.069218	-0.159386	-1.780000
839	-0.590831	0.145969	-0.088522	-1.780000
840	-0.610913	0.048699	-0.051368	-1.780000
841	-0.595393	0.045531	0.147171	-1.780000
842	-0.513195	0.046629	0.335681	-1.780000
843	-0.603233	0.104735	-0.058013	-1.780000
844	-0.599631	0.130778	0.039557	-1.780000
845	-0.609875	0.033291	-0.071899	-1.780000
846	-0.553805	-0.154529	-0.218279	-1.780000
847	-0.558754	-0.199679	-0.161702	-1.780000
848	-0.532097	-0.238126	-0.195944	-1.780000
849	-0.597234	-0.096122	0.110891	-1.780000
850	-0.533425	0.077965	0.295980	-1.780000
