1	0.597464	0.144704	-0.017962	0.660000
2	0.590697	-0.001423	-0.171172	0.660000
3	0.610304	-0.017532	-0.073800	0.660000
4	0.606536	-0.077272	-0.066092	0.660000
5	0.557981	-0.256088	0.036078	0.660000
6	0.594320	-0.150041	0.049965	0.660000
7	0.476464	-0.388760	-0.008491	0.660000
8	0.606996	0.033477	0.093059	0.660000
9	0.381787	-0.478979	-0.055164	0.660000
10	0.556883	-0.200209	0.167401	0.660000
11	0.611008	0.062980	0.030467	0.660000
12	0.575348	-0.198560	-0.088166	0.660000
13	0.602230	-0.105220	-0.066882	0.660000
14	0.610418	-0.068327	-0.030755	0.660000
15	0.603157	-0.119907	-0.006965	0.660000
16	0.611707	-0.017741	-0.061027	0.660000
17	0.596060	0.085198	-0.125213	0.660000
18	0.607089	0.054739	0.081679	0.660000
19	0.559053	-0.256004	-0.012098	0.660000
20	0.580850	0.048237	0.196244	0.660000
21	0.594636	0.066853	-0.142000	0.660000
22	0.609163	-0.081659	-0.021845	0.660000
23	0.520261	0.243137	0.220087	0.660000
24	0.610318	0.054993	-0.052081	0.660000
25	0.546741	0.103907	0.261730	0.660000
26	0.613475	0.022885	-0.036743	0.660000
27	0.589973	-0.115841	-0.129376	0.660000
28	0.581456	-0.196453	0.039246	0.660000
29	0.610188	0.076686	0.003927	0.660000
30	0.557010	0.110809	0.235980	0.660000
31	0.585590	0.187863	-0.004078	0.660000
32	0.599050	0.116188	0.076579	0.660000
33	0.584330	0.006533	-0.191677	0.660000
34	0.592601	0.031113	-0.161496	0.660000
35	0.606795	0.075787	0.065431	0.660000
36	0.357157	-0.107392	0.489010	0.660000
37	0.508801	0.123518	0.322629	0.660000
38	0.570323	0.063870	-0.221082	0.660000
39	0.613753	-0.010161	0.037806	0.660000
40	0.564105	-0.029753	0.243158	0.660000
41	0.606289	0.041971	-0.094216	0.660000
42	0.601231	0.063898	0.112532	0.660000
43	0.613171	-0.013036	0.045563	0.660000
44	0.613686	-0.034059	0.021312	0.660000
45	0.579139	-0.097977	0.182274	0.660000
46	0.578371	0.207919	-0.021944	0.660000
47	0.580217	0.196856	-0.053110	0.660000
48	0.604621	0.071229	0.087095	0.660000
49	0.578468	0.208555	-0.010252	0.660000
50	0.609483	0.053255	0.062606	0.660000
51	0.533522	0.227341	-0.204683	0.660000
52	0.573230	0.181458	-0.129251	0.660000
53	0.574687	-0.151828	-0.157824	0.660000
54	0.495603	-0.247708	-0.266915	0.660000
55	0.609140	0.045273	0.071581	0.660000
56	0.538827	-0.154776	0.252852	0.660000
57	0.605640	0.008990	-0.106513	0.660000
58	0.567608	-0.233503	0.039019	0.660000
59	0.582358	-0.081663	-0.180043	0.660000
60	0.600526	0.122410	-0.051076	0.660000
61	0.549345	-0.173307	-0.215429	0.660000
62	0.609810	-0.051821	-0.060596	0.660000
63	0.551112	-0.267090	-0.056243	0.660000
64	0.586899	0.075026	0.167766	0.660000
65	0.563707	-0.198050	0.145724	0.660000
66	0.613390	0.003954	0.044294	0.660000
67	0.607769	0.058615	-0.073524	0.660000
68	0.537817	-0.068356	0.290354	0.660000
69	0.605137	-0.007975	0.109413	0.660000
70	0.605174	0.077952	-0.076897	0.660000
71	0.540380	-0.254472	-0.146488	0.660000
72	0.522457	-0.168657	-0.277161	0.660000
73	0.605567	-0.107252	-0.003233	0.660000
74	0.598866	-0.123793	-0.065266	0.660000
75	0.593291	-0.109248	0.119563	0.660000
76	0.603195	-0.102121	0.062867	0.660000
77	0.613428	-0.038860	-0.020521	0.660000
78	0.590661	0.162181	0.055149	0.660000
79	0.614004	-0.027562	0.021555	0.660000
80	0.595055	0.125639	-0.091372	0.660000
81	0.609968	-0.077909	-0.009707	0.660000
82	0.609866	0.027455	0.074398	0.660000
83	0.585449	0.186652	0.025211	0.660000
84	0.538009	-0.294314	0.046378	0.660000
85	0.610881	-0.063702	0.031482	0.660000
86	0.559355	0.081915	-0.242150	0.660000
87	0.613264	0.041386	-0.020477	0.660000
88	0.596723	0.147956	-0.015993	0.660000
89	0.606698	0.100710	0.000044	0.660000
90	0.587994	0.114362	-0.139317	0.660000
91	0.500002	-0.343648	-0.100644	0.660000
92	0.609732	-0.017754	0.078334	0.660000
93	0.610004	0.049412	-0.060652	0.660000
94	0.589465	-0.155437	-0.081213	0.660000
95	0.574046	0.047255	0.215553	0.660000
96	0.592187	0.165886	0.004649	0.660000
97	0.608340	0.082335	0.036990	0.660000
98	0.575085	0.209009	0.061791	0.660000
99	0.342790	0.506949	-0.061013	0.660000
100	0.598511	0.091691	0.107713	0.660000
101	0.579640	-0.200382	0.045713	0.660000
102	0.576330	-0.166187	-0.135834	0.660000
103	0.584632	-0.131408	-0.138430	0.660000
104	0.566011	-0.240328	-0.009931	0.660000
105	0.603196	0.005406	0.119794	0.660000
106	0.609494	-0.028832	-0.076879	0.660000
107	0.600357	0.132739	0.013282	0.660000
108	0.578506	0.201404	0.054696	0.660000
109	0.570270	-0.193619	-0.124616	0.660000
110	0.424447	-0.438532	-0.075890	0.660000
111	0.550374	-0.218509	-0.166033	0.660000
112	0.464467	-0.302047	-0.266952	0.660000
113	0.595386	-0.128008	-0.085762	0.660000
114	0.604086	-0.063978	-0.095978	0.660000
115	0.612180	0.038611	-0.044388	0.660000
116	0.434444	0.434080	-0.032521	0.660000
117	0.491433	0.361456	-0.077903	0.660000
118	0.589853	0.049686	-0.166822	0.660000
119	0.585567	-0.186415	-0.024208	0.660000
120	0.604644	-0.099218	-0.052786	0.660000
121	0.581633	-0.198487	0.023042	0.660000
122	0.553218	-0.263540	-0.052166	0.660000
123	0.606891	-0.014897	0.098417	0.660000
124	0.588053	-0.092919	-0.154222	0.660000
125	0.609988	-0.068862	0.037380	0.660000
126	0.564559	-0.198093	-0.142328	0.660000
127	0.588499	0.090778	0.153795	0.660000
128	0.545024	-0.282602	0.036189	0.660000
129	0.607416	0.082645	0.049399	0.660000
130	0.589078	0.168693	-0.052489	0.660000
131	0.588623	-0.011479	-0.177810	0.660000
132	0.589156	-0.021887	0.175047	0.660000
133	0.613993	-0.025955	-0.023752	0.660000
134	0.565099	-0.136968	-0.200319	0.660000
135	0.595507	-0.139943	0.063347	0.660000
136	0.559224	0.243741	0.078000	0.660000
137	0.562461	0.248419	-0.012257	0.660000
138	0.611401	0.064091	0.017509	0.660000
139	0.610246	0.072252	0.024591	0.660000
140	0.612532	-0.053822	0.011521	0.660000
141	0.573612	0.115046	0.189629	0.660000
142	0.614407	0.014502	0.022769	0.660000
143	0.607374	0.031065	-0.091415	0.660000
144	0.599371	0.049323	0.128633	0.660000
145	0.603267	0.091714	0.076697	0.660000
146	0.560940	0.200463	-0.152925	0.660000
147	0.526784	0.258370	-0.184308	0.660000
148	0.576273	-0.206126	-0.060384	0.660000
149	0.580400	0.052565	0.196462	0.660000
150	0.589961	0.172738	0.018244	0.660000
151	0.489866	0.371491	0.015842	0.660000
152	0.607230	0.088183	0.041485	0.660000
153	0.609436	0.062228	-0.054228	0.660000
154	0.610123	0.000108	-0.077298	0.660000
155	0.561657	0.120300	0.219759	0.660000
156	0.561929	-0.168968	0.184149	0.660000
157	0.575132	-0.196223	0.094578	0.660000
158	0.610415	0.002593	-0.074915	0.660000
159	0.536715	-0.232276	0.190288	0.660000
160	0.584240	0.017649	-0.191252	0.660000
161	0.596931	0.042442	-0.141766	0.660000
162	0.567359	-0.069584	-0.226908	0.660000
163	0.584463	0.060182	-0.181678	0.660000
164	0.604783	0.111512	-0.005305	0.660000
165	0.570328	-0.140541	-0.182206	0.660000
166	0.588018	-0.166514	0.068798	0.660000
167	0.572228	0.029929	0.223348	0.660000
168	0.564095	0.039394	0.241807	0.660000
169	0.564186	-0.174624	0.171539	0.660000
170	0.613829	-0.036403	-0.010689	0.660000
171	0.613143	0.004370	0.047560	0.660000
172	0.559232	-0.178779	-0.183091	0.660000
173	0.543221	-0.285496	-0.040342	0.660000
174	0.612196	-0.048307	0.033279	0.660000
175	0.578405	-0.162569	0.131316	0.660000
176	0.595501	-0.152328	0.020000	0.660000
177	0.604400	-0.014916	-0.112710	0.660000
178	0.606596	0.035712	-0.094819	0.660000
179	0.533525	0.128637	-0.277540	0.660000
180	0.595681	-0.050968	-0.144192	0.660000
181	0.514856	0.052549	-0.332245	0.660000
182	0.594227	0.061361	-0.146132	0.660000
183	0.614224	-0.023020	0.020577	0.660000
184	0.587450	-0.018893	-0.181025	0.660000
185	0.601483	0.124014	-0.032612	0.660000
186	0.595753	0.029906	-0.149695	0.660000
187	0.599983	0.114606	0.071488	0.660000
188	0.608854	-0.025350	0.082944	0.660000
189	0.498479	-0.250847	-0.258494	0.660000
190	0.613994	-0.005221	-0.034781	0.660000
191	0.613356	-0.025855	0.036748	0.660000
192	0.563667	-0.085412	-0.230672	0.660000
193	0.607893	0.065373	0.066462	0.660000
194	0.595797	0.137677	-0.065548	0.660000
195	0.591009	0.053385	-0.161504	0.660000
196	0.560701	-0.031931	0.250638	0.660000
197	0.541644	0.254142	-0.142331	0.660000
198	0.538521	-0.163482	0.247979	0.660000
199	0.571956	0.026258	-0.224504	0.660000
200	0.600489	0.086436	-0.100831	0.660000
201	0.586971	-0.164944	-0.080522	0.660000
202	0.599979	-0.035880	0.130240	0.660000
203	0.588554	-0.045218	0.172582	0.660000
204	0.570164	0.223636	-0.055904	0.660000
205	0.530227	0.309347	0.037263	0.660000
206	0.592509	-0.142483	-0.082804	0.660000
207	0.444594	-0.377934	-0.194235	0.660000
208	0.549381	-0.175437	-0.213605	0.660000
209	0.600866	-0.112335	0.067574	0.660000
210	0.604292	-0.027500	-0.110907	0.660000
211	0.613292	0.035870	-0.028494	0.660000
212	0.497019	0.242130	0.269389	0.660000
213	0.556774	0.210360	0.154841	0.660000
214	0.600740	-0.007395	0.131461	0.660000
215	0.611473	-0.056792	0.033175	0.660000
216	0.606883	-0.079779	0.059614	0.660000
217	0.573815	-0.221130	0.007948	0.660000
218	0.611386	-0.026896	-0.060903	0.660000
219	0.576043	-0.214575	-0.018877	0.660000
220	0.605943	-0.102106	0.025152	0.660000
221	0.604996	0.054703	0.095984	0.660000
222	0.527577	-0.290237	0.125099	0.660000
223	0.548622	0.026687	-0.276634	0.660000
224	0.608124	-0.091290	-0.008701	0.660000
225	0.606988	-0.066932	-0.072875	0.660000
226	0.570756	-0.148711	-0.174205	0.660000
227	0.598696	-0.140036	0.013348	0.660000
228	0.607435	0.033483	0.090146	0.660000
229	0.611907	0.031525	0.052927	0.660000
230	0.600635	-0.122574	0.049378	0.660000
231	0.598283	-0.073741	0.121837	0.660000
232	0.539046	-0.193393	0.224173	0.660000
233	0.569598	-0.188721	-0.134785	0.660000
234	0.606287	0.005050	0.103030	0.660000
235	0.588457	0.122150	-0.130473	0.660000
236	0.595210	0.146845	0.048856	0.660000
237	0.601075	0.067153	0.111464	0.660000
238	0.613685	0.040167	-0.001468	0.660000
239	0.592449	0.165011	-0.000639	0.660000
240	0.594215	0.096683	0.125640	0.660000
241	0.461736	0.404483	-0.037668	0.660000
242	0.587601	0.111514	-0.143229	0.660000
243	0.589708	-0.093669	0.147293	0.660000
244	0.595786	0.082218	0.128470	0.660000
245	0.609359	-0.007359	-0.082783	0.660000
246	0.581098	0.197258	0.040488	0.660000
247	0.607501	-0.078697	-0.054537	0.660000
248	0.528315	-0.201258	0.242082	0.660000
249	0.606843	-0.081170	0.058116	0.660000
250	0.558631	0.255886	0.026046	0.660000
251	0.614846	-0.013382	0.003265	0.660000
252	0.540764	0.070579	0.284286	0.660000
253	0.613743	-0.005537	0.038911	0.660000
254	0.566694	-0.021253	-0.237974	0.660000
255	0.598200	-0.015213	-0.141950	0.660000
256	0.606734	-0.057492	-0.082426	0.660000
257	0.600268	-0.112999	-0.071655	0.660000
258	0.551264	-0.235830	-0.136809	0.660000
259	0.586654	0.161983	-0.088452	0.660000
260	0.584730	0.118192	0.149488	0.660000
261	0.586620	-0.182503	-0.028178	0.660000
262	0.614240	0.024504	-0.018263	0.660000
263	0.607501	0.008247	0.095392	0.660000
264	0.541572	0.278306	-0.086433	0.660000
265	0.569046	0.143922	-0.183571	0.660000
266	0.597942	-0.029593	-0.140765	0.660000
267	0.562740	-0.173138	-0.177686	0.660000
268	0.611895	-0.042888	0.044382	0.660000
269	0.583816	-0.126438	0.146279	0.660000
270	0.610314	-0.075763	0.001503	0.660000
271	0.610103	-0.064083	0.043511	0.660000
272	0.576964	-0.134412	0.165137	0.660000
273	0.608555	-0.021267	0.086216	0.660000
274	0.568064	-0.034045	-0.233172	0.660000
275	0.528836	-0.249706	-0.190275	0.660000
276	0.526013	-0.165066	-0.272560	0.660000
277	0.594901	-0.155793	-0.006815	0.660000
278	0.612609	-0.033756	-0.042372	0.660000
279	0.551736	-0.170409	0.211596	0.660000
280	0.599741	-0.010051	0.135774	0.660000
281	0.610807	0.067826	-0.023228	0.660000
282	0.603942	-0.115534	0.011457	0.660000
283	0.588687	0.020330	-0.176804	0.660000
284	0.608004	0.064023	-0.066762	0.660000
285	0.547485	-0.246146	-0.133779	0.660000
286	0.595695	0.072075	0.134824	0.660000
287	0.613508	-0.026742	-0.033439	0.660000
288	0.613280	-0.026538	-0.037524	0.660000
289	0.595175	0.128040	0.087161	0.660000
290	0.481753	0.122226	-0.362215	0.660000
291	0.608010	-0.049923	0.077824	0.660000
292	0.604191	-0.081840	0.080500	0.660000
293	0.613169	-0.044341	-0.016796	0.660000
294	0.557896	0.184413	-0.181574	0.660000
295	0.602535	-0.084035	0.090079	0.660000
296	0.606455	-0.055556	0.085738	0.660000
297	0.609708	-0.044791	-0.066898	0.660000
298	0.614798	0.014342	0.006548	0.660000
299	0.603373	-0.074643	0.092708	0.660000
300	0.611516	-0.015683	-0.063459	0.660000
301	0.613226	-0.021424	0.041469	0.660000
302	0.613165	-0.012938	0.045681	0.660000
303	0.605312	-0.035665	0.102713	0.660000
304	0.613239	0.044677	-0.012923	0.660000
305	0.602208	-0.124050	-0.013509	0.660000
306	0.607320	-0.025864	0.093372	0.660000
307	0.608047	-0.023998	0.089036	0.660000
308	0.568258	-0.206796	-0.111996	0.660000
309	0.596944	-0.106493	0.102672	0.660000
310	0.601272	-0.004904	-0.129125	0.660000
311	0.591543	0.138580	-0.095384	0.660000
312	0.446729	0.419814	-0.049131	0.660000
313	0.581342	-0.147662	0.135879	0.660000
314	0.520600	-0.325536	0.035029	0.660000
315	0.538774	-0.250070	-0.159413	0.660000
316	0.580031	-0.130646	-0.157229	0.660000
317	0.591252	-0.112598	0.126363	0.660000
318	0.614527	0.023695	0.004454	0.660000
319	0.597019	0.139787	-0.047458	0.660000
320	0.520610	0.289306	-0.153273	0.660000
321	0.501102	0.253552	0.250665	0.660000
322	0.565757	0.064196	0.232427	0.660000
323	0.558264	-0.077691	0.246029	0.660000
324	0.614164	-0.021431	-0.023833	0.660000
325	0.564210	-0.046246	-0.240319	0.660000
326	0.597259	-0.145173	-0.020772	0.660000
327	0.557348	-0.188944	0.178574	0.660000
328	0.582851	-0.187572	-0.057674	0.660000
329	0.591328	-0.166259	-0.030236	0.660000
330	0.542912	-0.060967	-0.282408	0.660000
331	0.601139	-0.116478	-0.057354	0.660000
332	0.600318	-0.123715	-0.050379	0.660000
333	0.590494	-0.144176	0.093569	0.660000
334	0.603878	-0.116434	-0.000206	0.660000
335	0.610186	-0.033543	-0.069083	0.660000
336	0.609272	-0.062695	-0.055510	0.660000
337	0.598330	0.124392	-0.068936	0.660000
338	0.590350	-0.117360	0.126247	0.660000
339	0.565687	-0.236880	-0.045942	0.660000
340	0.561141	0.000587	-0.251686	0.660000
341	0.590456	0.045276	-0.165943	0.660000
342	0.614557	0.013409	0.019110	0.660000
343	0.608915	-0.035461	0.078673	0.660000
344	0.607854	0.045683	0.081561	0.660000
345	0.591671	0.029707	0.165131	0.660000
346	0.559474	0.227258	-0.116482	0.660000
347	0.607572	0.091112	-0.027919	0.660000
348	0.598743	0.029119	-0.137418	0.660000
349	0.545116	0.281401	0.043442	0.660000
350	0.612175	0.042281	0.040975	0.660000
351	0.603642	0.117298	-0.009056	0.660000
352	0.607406	-0.031181	0.091161	0.660000
353	0.596113	-0.038816	0.146177	0.660000
354	0.611345	-0.022794	0.062953	0.660000
355	0.574772	0.218593	-0.008874	0.660000
356	0.612364	-0.048029	0.030481	0.660000
357	0.598446	-0.103685	-0.096625	0.660000
358	0.593701	0.045796	-0.153775	0.660000
359	0.614020	-0.034288	-0.005329	0.660000
360	0.599004	0.008053	-0.139118	0.660000
361	0.613854	-0.031503	0.020401	0.660000
362	0.604794	-0.052190	0.098618	0.660000
363	0.586718	-0.042166	0.179468	0.660000
364	0.587433	0.174740	-0.051122	0.660000
365	0.613323	-0.003994	0.045206	0.660000
366	0.608118	0.082153	-0.040840	0.660000
367	0.583969	-0.031000	-0.190380	0.660000
368	0.604287	-0.111910	-0.023199	0.660000
369	0.580685	-0.069355	-0.190313	0.660000
370	0.606056	-0.020697	0.102435	0.660000
371	0.609744	0.012700	0.079218	0.660000
372	0.575755	-0.214786	0.024454	0.660000
373	0.605138	0.106768	0.025170	0.660000
374	0.602620	-0.035112	0.117647	0.660000
375	0.606456	0.098717	-0.026299	0.660000
376	0.599204	-0.025158	-0.136185	0.660000
377	0.560910	-0.243038	-0.067364	0.660000
378	0.581072	-0.196630	0.043790	0.660000
379	0.598097	-0.017392	0.142137	0.660000
380	0.610067	-0.057064	0.052796	0.660000
381	0.607954	0.074762	-0.055029	0.660000
382	0.601347	0.061409	0.113294	0.660000
383	0.591652	-0.146766	0.081437	0.660000
384	0.537651	0.093967	-0.283420	0.660000
385	0.602779	-0.081142	-0.091096	0.660000
386	0.587684	-0.142255	-0.112319	0.660000
387	0.553406	0.061714	0.261070	0.660000
388	0.607339	0.094069	0.022713	0.660000
389	0.610189	-0.004075	-0.076670	0.660000
390	0.610623	-0.064533	-0.034634	0.660000
391	0.588902	-0.143136	-0.104556	0.660000
392	0.613745	0.021397	0.032924	0.660000
393	0.614562	0.009221	-0.021308	0.660000
394	0.610594	0.009163	0.072910	0.660000
395	0.600575	0.125260	0.042944	0.660000
396	0.534255	-0.024144	-0.303667	0.660000
397	0.562330	0.046537	-0.244632	0.660000
398	0.605337	-0.010647	-0.108067	0.660000
399	0.608479	-0.059471	-0.066648	0.660000
400	0.600546	-0.032144	0.128592	0.660000
401	0.605415	-0.039870	-0.100537	0.660000
402	0.594704	-0.111987	-0.109597	0.660000
403	0.605066	-0.030253	-0.105854	0.660000
404	0.606712	-0.099584	-0.014446	0.660000
405	0.606729	-0.006188	0.100333	0.660000
406	0.606342	-0.102813	0.002084	0.660000
407	0.614507	0.017921	0.016867	0.660000
408	0.592190	0.154279	0.061103	0.660000
409	0.613024	0.042941	-0.024144	0.660000
410	0.563432	-0.011681	0.246237	0.660000
411	0.574932	-0.153727	0.155067	0.660000
412	0.563733	-0.009831	-0.245628	0.660000
413	0.609305	-0.083447	0.003086	0.660000
414	0.585832	0.179030	0.054536	0.660000
415	0.592028	-0.073238	0.149545	0.660000
416	0.589693	0.109460	0.136034	0.660000
417	0.587192	0.120791	0.137260	0.660000
418	0.524139	-0.290787	0.137647	0.660000
419	0.504167	-0.346188	0.064761	0.660000
420	0.529533	-0.275914	-0.147281	0.660000
421	0.544087	-0.254227	-0.132525	0.660000
422	0.604277	-0.100870	-0.053848	0.660000
423	0.564392	0.241544	0.036643	0.660000
424	0.565218	0.230325	0.075527	0.660000
425	0.546918	0.261879	0.102591	0.660000
426	0.580803	0.144585	-0.141381	0.660000
427	0.590560	0.105082	0.135727	0.660000
428	0.592453	0.073634	0.147655	0.660000
429	0.593668	0.032662	-0.157216	0.660000
430	0.599423	0.012848	0.136938	0.660000
431	0.572048	-0.216139	0.065348	0.660000
432	0.526548	-0.317667	0.007700	0.660000
433	0.530500	-0.286661	-0.120912	0.660000
434	0.606130	-0.005900	-0.103904	0.660000
435	0.613434	0.016204	0.040756	0.660000
436	0.614284	0.025502	0.015177	0.660000
437	0.608167	0.086158	-0.030579	0.660000
438	0.585184	-0.174515	0.072998	0.660000
439	0.589679	-0.157254	0.075996	0.660000
440	0.592429	-0.160992	0.036527	0.660000
441	0.538338	-0.156612	0.252765	0.660000
442	0.606363	-0.080180	0.064188	0.660000
443	0.576745	0.080840	0.197624	0.660000
444	0.613633	-0.009882	-0.039767	0.660000
445	0.538093	-0.297735	0.005860	0.660000
446	0.598829	-0.104742	-0.093048	0.660000
447	0.611660	-0.063799	-0.005198	0.660000
448	0.614530	-0.013700	-0.019753	0.660000
449	0.600350	0.078186	-0.108128	0.660000
450	0.613847	0.036540	0.009061	0.660000
451	0.586396	-0.162345	0.089490	0.660000
452	0.571461	-0.045794	0.222622	0.660000
453	0.600166	0.133026	0.018148	0.660000
454	0.593946	-0.157480	-0.025564	0.660000
455	0.591878	0.127635	-0.107771	0.660000
456	0.613174	0.038334	-0.027814	0.660000
457	0.613165	-0.008469	0.046712	0.660000
458	0.592361	0.130358	-0.101688	0.660000
459	0.577773	0.053855	0.203724	0.660000
460	0.584956	-0.110875	0.154135	0.660000
461	0.606700	0.091249	-0.042589	0.660000
462	0.592381	0.149877	0.069615	0.660000
463	0.607202	0.051620	-0.082858	0.660000
464	0.607854	0.071122	-0.060663	0.660000
465	0.591310	-0.144758	0.087305	0.660000
466	0.613897	-0.036690	-0.003125	0.660000
467	0.614324	0.025632	0.013194	0.660000
468	0.612994	0.025716	-0.042443	0.660000
469	0.580185	-0.060326	-0.194862	0.660000
470	0.599754	-0.058378	-0.122930	0.660000
471	0.614191	-0.023761	0.020733	0.660000
472	0.611609	-0.050152	-0.040556	0.660000
473	0.610896	-0.050677	0.049625	0.660000
474	0.603466	0.045886	-0.109306	0.660000
475	0.605124	-0.107231	0.023489	0.660000
476	0.583764	0.000443	-0.193505	0.660000
477	0.585249	0.175620	-0.069759	0.660000
478	0.484537	-0.114931	-0.360888	0.660000
479	0.569321	-0.141953	-0.184251	0.660000
480	0.598218	0.139701	0.029041	0.660000
481	0.600876	-0.126337	0.034820	0.660000
482	0.611854	0.027408	-0.055748	0.660000
483	0.587555	-0.003960	-0.181626	0.660000
484	0.592327	-0.132024	0.099720	0.660000
485	0.594652	0.137834	-0.074935	0.660000
486	0.541315	-0.063664	-0.284869	0.660000
487	0.608436	-0.078574	-0.043090	0.660000
488	0.585267	0.025690	-0.187157	0.660000
489	0.550233	-0.274587	0.008439	0.660000
490	0.559741	-0.144166	-0.210075	0.660000
491	0.608087	-0.043761	0.080869	0.660000
492	0.597775	0.069175	0.126904	0.660000
493	0.583299	0.185857	0.058692	0.660000
494	0.610575	-0.068069	0.028095	0.660000
495	0.611713	-0.055362	0.031094	0.660000
496	0.561880	0.102551	-0.228033	0.660000
497	0.605490	-0.107273	0.009973	0.660000
498	0.586789	-0.155170	0.099123	0.660000
499	0.608138	0.060657	-0.068657	0.660000
500	0.570037	0.046459	0.226107	0.660000
501	0.602400	0.074206	-0.099157	0.660000
502	0.604081	0.062122	-0.097221	0.660000
503	0.611036	-0.014288	0.068235	0.660000
504	0.561498	-0.167558	-0.186733	0.660000
505	0.614651	-0.018739	0.008844	0.660000
506	0.578611	-0.202369	-0.049814	0.660000
507	0.597178	-0.111613	-0.095632	0.660000
508	0.610419	0.033625	0.066957	0.660000
509	0.568166	0.202933	0.119294	0.660000
510	0.612862	0.007681	0.050661	0.660000
511	0.585443	-0.009620	-0.188121	0.660000
512	0.596890	-0.072752	-0.129051	0.660000
513	0.586543	0.162950	-0.087402	0.660000
514	0.609512	-0.081517	-0.008688	0.660000
515	0.596154	0.062770	0.137423	0.660000
516	0.599503	-0.045933	0.129274	0.660000
517	0.600165	0.132933	0.018873	0.660000
518	0.596094	-0.129352	-0.078520	0.660000
519	0.611055	0.058042	0.038312	0.660000
520	0.608118	-0.044253	0.080371	0.660000
521	0.577342	-0.185566	-0.102304	0.660000
522	0.571630	0.191246	-0.122020	0.660000
523	0.579614	0.197929	-0.055650	0.660000
524	0.601274	-0.026973	0.126361	0.660000
525	0.578855	-0.113392	0.174052	0.660000
526	0.597326	-0.142873	0.031848	0.660000
527	0.599298	-0.134965	-0.029184	0.660000
528	0.611755	0.025596	-0.057667	0.660000
529	0.579389	-0.197672	0.058818	0.660000
530	0.594447	-0.134997	0.081445	0.660000
531	0.591241	0.061113	0.157872	0.660000
532	0.587120	0.164046	0.081268	0.660000
533	0.526312	0.267182	0.172726	0.660000
534	0.382828	-0.408478	0.254585	0.660000
535	0.507887	-0.133568	0.320055	0.660000
536	0.611039	-0.020206	-0.066695	0.660000
537	0.595601	-0.117346	-0.098559	0.660000
538	0.570550	-0.090400	-0.211010	0.660000
539	0.589126	0.026534	0.174504	0.660000
540	0.546996	0.042139	0.277930	0.660000
541	0.542113	0.280325	0.075870	0.660000
542	0.521599	0.325815	0.002213	0.660000
543	0.604977	0.070985	-0.084785	0.660000
544	0.587414	-0.016672	-0.181360	0.660000
545	0.589038	-0.125796	0.124234	0.660000
546	0.552786	-0.265101	0.048728	0.660000
547	0.602758	-0.116391	0.036883	0.660000
548	0.558082	-0.190685	0.174381	0.660000
549	0.596894	-0.141574	-0.043574	0.660000
550	0.598024	-0.037897	0.138407	0.660000
551	0.591752	0.147596	0.079186	0.660000
552	0.597693	-0.143199	0.021970	0.660000
553	0.578373	-0.094291	-0.186597	0.660000
554	0.588049	-0.125075	0.129537	0.660000
555	0.600264	-0.100064	0.088858	0.660000
556	0.607710	0.009910	0.093892	0.660000
557	0.612718	-0.043521	-0.030126	0.660000
558	0.551015	0.090997	0.257539	0.660000
559	0.591394	-0.131490	0.105773	0.660000
560	0.605907	-0.088822	0.056681	0.660000
561	0.592324	-0.047151	-0.158602	0.660000
562	0.613958	0.030111	-0.019322	0.660000
563	0.608358	0.019325	0.088049	0.660000
564	0.590710	0.164285	0.047924	0.660000
565	0.610933	0.063111	-0.031667	0.660000
566	0.594549	-0.100221	0.121211	0.660000
567	0.608614	0.048234	-0.074080	0.660000
568	0.601638	-0.010367	-0.127077	0.660000
569	0.603567	0.001243	-0.118028	0.660000
570	0.596367	0.138260	0.058787	0.660000
571	0.612409	0.034514	-0.044599	0.660000
572	0.607647	-0.040301	-0.085824	0.660000
573	0.558141	-0.152552	0.208402	0.660000
574	0.597928	-0.143010	0.015966	0.660000
575	0.562810	0.137696	0.206177	0.660000
576	0.572957	0.195996	0.107380	0.660000
577	0.609061	-0.018417	0.083252	0.660000
578	0.608499	0.084839	-0.027493	0.660000
579	0.614950	0.006754	-0.003927	0.660000
580	0.608044	0.035583	-0.085095	0.660000
581	0.551912	-0.027303	-0.269949	0.660000
582	0.603466	-0.108876	-0.046895	0.660000
583	0.614360	0.006565	0.027279	0.660000
584	0.567508	-0.036000	0.234229	0.660000
585	0.603047	-0.120392	-0.008081	0.660000
586	0.604800	-0.083814	0.073603	0.660000
587	0.601891	0.060191	-0.111036	0.660000
588	0.568181	0.209526	-0.107214	0.660000
589	0.587556	-0.105385	-0.147977	0.660000
590	0.590573	-0.107364	0.133873	0.660000
591	0.595853	-0.152144	0.005991	0.660000
592	0.609228	-0.081127	0.022011	0.660000
593	0.608961	-0.067974	0.052643	0.660000
594	0.580065	-0.138502	0.150224	0.660000
595	0.579954	0.162365	0.124562	0.660000
596	0.608639	-0.066892	-0.057525	0.660000
597	0.595344	-0.089638	-0.125522	0.660000
598	0.590957	0.111187	-0.128965	0.660000
599	0.599844	-0.135667	-0.002627	0.660000
600	0.614291	0.013526	0.026239	0.660000
601	0.604988	0.017269	0.109161	0.660000
602	0.608999	0.015320	0.084323	0.660000
603	0.602361	-0.094277	-0.080612	0.660000
604	0.611879	0.003761	-0.061762	0.660000
605	0.588853	-0.165156	-0.064812	0.660000
606	0.613776	0.002695	0.038692	0.660000
607	0.595827	-0.067799	-0.136451	0.660000
608	0.607755	-0.055635	-0.075921	0.660000
609	0.587728	0.049933	0.174091	0.660000
610	0.611701	0.030683	0.055728	0.660000
611	0.599217	0.102351	0.093208	0.660000
612	0.611234	-0.050053	-0.045967	0.660000
613	0.541539	-0.176524	0.231949	0.660000
614	0.612479	-0.035030	-0.043206	0.660000
615	0.598236	-0.136026	0.042849	0.660000
616	0.591534	0.167802	0.012435	0.660000
617	0.611244	0.026079	0.062654	0.660000
618	0.561368	0.120741	0.220257	0.660000
619	0.588454	-0.156443	-0.086445	0.660000
620	0.603247	-0.038422	-0.113323	0.660000
621	0.603267	0.047980	0.109506	0.660000
622	0.522930	0.001657	0.323677	0.660000
623	0.609579	0.080369	-0.013397	0.660000
624	0.591825	0.100727	-0.133500	0.660000
625	0.611577	-0.000801	-0.064794	0.660000
626	0.595361	0.083739	0.129455	0.660000
627	0.614346	-0.006859	-0.027519	0.660000
628	0.600738	0.113178	-0.067306	0.660000
629	0.574393	0.126610	-0.179633	0.660000
630	0.603674	0.041598	0.109874	0.660000
631	0.590552	-0.153305	0.077273	0.660000
632	0.589438	-0.019637	0.174363	0.660000
633	0.593538	-0.159172	-0.024532	0.660000
634	0.602216	-0.124207	-0.011583	0.660000
635	0.607382	-0.084690	-0.046252	0.660000
636	0.592653	-0.077269	0.144972	0.660000
637	0.550700	0.186266	0.200648	0.660000
638	0.552615	0.230424	0.140522	0.660000
639	0.609884	0.069184	-0.038478	0.660000
640	0.603078	-0.115457	-0.034516	0.660000
641	0.595150	-0.063344	0.141451	0.660000
642	0.578767	-0.111849	-0.175338	0.660000
643	0.588979	-0.176831	-0.007698	0.660000
644	0.575898	-0.206910	0.061280	0.660000
645	0.571314	-0.224427	-0.038189	0.660000
646	0.611797	0.040385	0.047943	0.660000
647	0.592916	-0.145669	-0.073864	0.660000
648	0.566037	0.240357	0.007463	0.660000
649	0.478274	-0.191705	0.335749	0.660000
650	0.596605	-0.120826	-0.087685	0.660000
651	0.602273	-0.118150	0.039143	0.660000
652	0.606958	-0.017724	0.097535	0.660000
653	0.596739	-0.001329	0.148747	0.660000
654	0.584094	0.182583	0.061010	0.660000
655	0.562193	-0.166745	0.185364	0.660000
656	0.489403	-0.249483	0.276529	0.660000
657	0.611145	0.029890	0.061916	0.660000
658	0.608962	0.022015	0.083099	0.660000
659	0.605482	0.098481	-0.043802	0.660000
660	0.608956	0.077903	-0.036453	0.660000
661	0.609731	0.076358	0.024949	0.660000
662	0.605345	0.095342	0.051894	0.660000
663	0.594788	0.154395	0.024786	0.660000
664	0.595770	0.105775	0.109977	0.660000
665	0.607817	-0.042132	0.083716	0.660000
666	0.600576	0.015493	0.131503	0.660000
667	0.600224	-0.019502	0.132572	0.660000
668	0.605005	0.097795	-0.051283	0.660000
669	0.613231	-0.046255	-0.005795	0.660000
670	0.544062	0.180952	0.222437	0.660000
671	0.610956	-0.057542	0.040585	0.660000
672	0.605601	-0.106008	0.015317	0.660000
673	0.576509	-0.120561	-0.176995	0.660000
674	0.612886	-0.013046	-0.049252	0.660000
675	0.589401	0.043848	0.170025	0.660000
676	0.573038	-0.073194	0.210939	0.660000
677	0.582337	0.185796	-0.067738	0.660000
678	0.609725	0.079183	0.013822	0.660000
679	0.590181	-0.000571	0.172947	0.660000
680	0.614824	-0.014378	0.003151	0.660000
681	0.600150	0.134288	0.003486	0.660000
682	0.557438	0.107580	-0.236462	0.660000
683	0.531754	-0.251884	-0.178933	0.660000
684	0.554657	0.111179	0.241288	0.660000
685	0.609665	-0.043709	-0.067995	0.660000
686	0.523809	-0.312168	0.079999	0.660000
687	0.597675	0.114271	-0.089175	0.660000
688	0.588143	-0.021727	0.178439	0.660000
689	0.541813	0.231319	-0.176509	0.660000
690	0.568991	0.085218	-0.217283	0.660000
691	0.496208	0.350656	-0.095092	0.660000
692	0.594758	0.042418	-0.150629	0.660000
693	0.601634	0.110513	0.063625	0.660000
694	0.596133	0.063375	-0.137236	0.660000
695	0.592057	0.140892	-0.088559	0.660000
696	0.583734	0.121285	-0.150894	0.660000
697	0.587485	0.088534	0.158898	0.660000
698	0.614147	-0.027307	-0.017398	0.660000
699	0.570636	-0.030159	-0.227354	0.660000
700	0.580386	-0.017065	-0.202697	0.660000
701	0.469253	0.097752	0.385319	0.660000
702	0.611994	-0.023626	0.055952	0.660000
703	0.612626	0.053310	-0.008508	0.660000
704	0.614287	-0.029534	-0.002110	0.660000
705	0.564024	0.242026	0.039064	0.660000
706	0.614543	-0.021772	0.009364	0.660000
707	0.601478	-0.083750	-0.097132	0.660000
708	0.547128	-0.261767	0.101756	0.660000
709	0.580160	-0.000012	-0.204057	0.660000
710	0.598186	-0.142372	-0.011366	0.660000
711	0.568704	-0.215534	0.091354	0.660000
712	0.606833	-0.099892	0.000604	0.660000
713	0.540937	0.093874	0.277128	0.660000
714	0.507186	0.161083	0.308285	0.660000
715	0.590510	-0.056016	-0.162436	0.660000
716	0.607201	0.005447	0.097479	0.660000
717	0.528740	-0.029619	-0.312700	0.660000
718	0.604762	-0.067382	0.089148	0.660000
719	0.573828	-0.159494	0.153323	0.660000
720	0.606771	0.084631	-0.053772	0.660000
721	0.601469	0.094524	-0.086750	0.660000
722	0.557951	0.217515	0.140009	0.660000
723	0.588598	0.104327	0.144547	0.660000
724	0.582845	-0.006040	-0.196163	0.660000
725	0.613430	0.035941	-0.025227	0.660000
726	0.600108	-0.002570	-0.134493	0.660000
727	0.544586	-0.194343	-0.209480	0.660000
728	0.589518	0.130781	0.116577	0.660000
729	0.490448	-0.286352	0.235985	0.660000
730	0.612233	0.038335	-0.043882	0.660000
731	0.569077	0.165713	-0.164059	0.660000
732	0.613986	0.024395	-0.025512	0.660000
733	0.598796	0.075258	-0.118341	0.660000
734	0.598578	-0.140648	-0.012123	0.660000
735	0.597025	0.146859	0.014785	0.660000
736	0.599807	-0.004319	-0.135787	0.660000
737	0.598360	0.142076	0.002132	0.660000
738	0.470713	-0.384411	0.094243	0.660000
739	0.566796	-0.067181	0.229029	0.660000
740	0.502744	-0.271825	-0.227123	0.660000
741	0.585381	0.083761	0.168933	0.660000
742	0.612333	0.012571	0.055819	0.660000
743	0.607177	-0.081704	0.053712	0.660000
744	0.575590	0.127717	0.174954	0.660000
745	0.571760	0.211836	0.080254	0.660000
746	0.577988	0.082136	-0.193413	0.660000
747	0.585845	-0.153809	0.106554	0.660000
748	0.555553	0.253721	-0.072194	0.660000
749	0.582402	-0.187453	-0.062406	0.660000
750	0.590913	-0.144634	-0.090152	0.660000
751	0.540260	-0.287944	-0.058589	0.660000
752	0.593828	0.000873	0.159978	0.660000
753	0.602181	-0.111428	-0.056447	0.660000
754	0.572694	-0.209276	0.080316	0.660000
755	0.608429	0.060662	0.066028	0.660000
756	0.590349	-0.160087	0.063915	0.660000
757	0.568732	-0.221637	-0.075137	0.660000
758	0.526632	-0.284448	0.141327	0.660000
759	0.610148	0.000583	0.077102	0.660000
760	0.605824	-0.095420	0.045802	0.660000
761	0.604256	0.111069	0.027624	0.660000
762	0.597991	-0.042480	0.137213	0.660000
763	0.613894	-0.024461	-0.027578	0.660000
764	0.593125	-0.151880	-0.057971	0.660000
765	0.559837	-0.229441	0.110293	0.660000
766	0.609989	0.016058	0.076687	0.660000
767	0.561274	-0.051391	0.246081	0.660000
768	0.558951	0.253502	-0.039192	0.660000
769	0.603155	0.120055	-0.003946	0.660000
770	0.550510	-0.159298	0.223133	0.660000
771	0.592163	0.060296	0.154699	0.660000
772	0.614948	0.007511	0.002718	0.660000
773	0.590480	0.133337	0.108535	0.660000
774	0.613280	-0.011085	-0.044601	0.660000
775	0.594526	-0.028531	0.154758	0.660000
776	0.601783	0.080041	0.098365	0.660000
777	0.610025	-0.008239	-0.077633	0.660000
778	0.607682	-0.088418	-0.033616	0.660000
779	0.572652	0.142836	0.172894	0.660000
780	0.614406	-0.014122	0.023044	0.660000
781	0.611187	0.042384	0.053659	0.660000
782	0.596610	0.103131	-0.107915	0.660000
783	0.602145	-0.113451	0.052683	0.660000
784	0.572851	-0.179661	-0.133372	0.660000
785	0.582296	0.051333	-0.191105	0.660000
786	0.538777	-0.153415	-0.253787	0.660000
787	0.601817	-0.011958	0.126090	0.660000
788	0.574207	-0.149816	0.161451	0.660000
789	0.605457	0.027289	-0.104411	0.660000
790	0.573214	-0.159133	0.155973	0.660000
791	0.491835	0.118862	-0.349564	0.660000
792	0.614200	0.015275	0.027384	0.660000
793	0.469822	-0.157755	-0.364151	0.660000
794	0.611610	0.062036	-0.017592	0.660000
795	0.596949	-0.147027	0.016119	0.660000
796	0.591420	0.102125	0.134230	0.660000
797	0.604660	-0.110904	-0.017653	0.660000
798	0.609155	-0.000470	-0.084586	0.660000
799	0.593805	0.139982	-0.077624	0.660000
800	0.600775	0.128285	0.028936	0.660000
801	0.541653	-0.107088	-0.270868	0.660000
802	0.574191	-0.008572	0.220129	0.660000
803	0.607107	-0.098178	0.002785	0.660000
804	0.541426	0.196143	0.215895	0.660000
805	0.585311	0.187599	0.021051	0.660000
806	0.562666	0.026484	-0.246840	0.660000
807	0.601556	0.034233	0.123223	0.660000
808	0.601785	-0.062365	-0.110411	0.660000
809	0.505119	-0.190831	-0.294387	0.660000
810	0.597890	-0.115858	0.085614	0.660000
811	0.592883	-0.022963	0.161826	0.660000
812	0.609704	-0.080520	-0.001534	0.660000
813	0.568300	0.152740	0.178690	0.660000
814	0.608615	0.085035	-0.024112	0.660000
815	0.609316	-0.056070	0.061771	0.660000
816	0.605029	-0.092625	-0.059876	0.660000
817	0.552562	-0.268953	-0.023763	0.660000
818	0.564222	-0.244528	-0.009178	0.660000
819	0.573072	0.166673	-0.148438	0.660000
820	0.594804	0.152014	0.036398	0.660000
821	0.595924	0.043326	0.145680	0.660000
822	0.609279	0.050352	-0.066847	0.660000
823	0.610551	-0.044419	-0.058990	0.660000
824	0.602796	0.039511	-0.115329	0.660000
825	0.592806	-0.120677	0.110647	0.660000
826	0.582053	-0.094830	0.174491	0.660000
827	0.604326	0.096363	-0.061067	0.660000
828	0.609186	0.070956	0.045642	0.660000
829	0.559023	0.221404	0.129222	0.660000
830	0.605768	0.098551	-0.039465	0.660000
831	0.579005	-0.201319	-0.049493	0.660000
832	0.558190	0.221241	0.133048	0.660000
833	0.612908	-0.008370	-0.049985	0.660000
834	0.610107	-0.037665	0.067646	0.660000
835	0.569313	-0.076822	0.219560	0.660000
836	0.591110	-0.092163	0.142546	0.660000
837	0.553583	0.016830	-0.267371	0.660000
838	0.593271	0.159834	0.026596	0.660000
839	0.612189	0.052984	-0.025341	0.660000
840	0.593963	-0.153391	0.043639	0.660000
841	0.551799	0.220774	0.158121	0.660000
842	0.582238	0.194932	-0.035011	0.660000
843	0.529578	-0.269468	0.158616	0.660000
844	0.604957	-0.068358	0.087059	0.660000
845	0.613830	-0.025104	-0.028413	0.660000
846	0.597426	-0.143387	-0.027341	0.660000
847	0.583066	0.018655	0.194707	0.660000
848	0.520229	0.192526	0.265557	0.660000
849	0.584738	0.004831	0.190483	0.660000
850	0.387661	0.468696	0.090927	0.660000
