1	-0.426502	0.366876	-0.248441	-1.470000
2	-0.607859	-0.089866	-0.025629	-1.470000
3	-0.598077	0.129572	-0.061151	-1.470000
4	-0.561814	0.218881	0.121164	-1.470000
5	-0.598487	0.135555	-0.040780	-1.470000
6	-0.614897	-0.001581	0.011126	-1.470000
7	-0.589038	0.107232	0.140570	-1.470000
8	-0.544775	0.042961	-0.282133	-1.470000
9	-0.515422	0.180685	0.282697	-1.470000
10	-0.534191	0.301952	-0.041101	-1.470000
11	-0.596545	0.109234	-0.102114	-1.470000
12	-0.601631	0.111560	-0.061800	-1.470000
13	-0.608900	0.069051	0.051937	-1.470000
14	-0.593907	-0.032456	-0.156353	-1.470000
15	-0.595856	-0.070532	-0.134929	-1.470000
16	-0.585707	0.187404	0.007224	-1.470000
17	-0.613021	-0.043822	-0.022589	-1.470000
18	-0.582694	0.046213	0.191200	-1.470000
19	-0.526774	-0.204415	-0.242794	-1.470000
20	-0.583085	0.157171	0.116337	-1.470000
21	-0.597127	-0.134594	-0.059571	-1.470000
22	-0.614565	0.013890	-0.018484	-1.470000
23	-0.611663	-0.045455	-0.045025	-1.470000
24	-0.574942	-0.008843	-0.218149	-1.470000
25	-0.576987	0.126131	-0.171471	-1.470000
26	-0.581722	-0.037403	0.196024	-1.470000
27	-0.557830	0.223656	-0.130493	-1.470000
28	-0.507839	0.321387	0.130520	-1.470000
29	-0.611508	-0.037267	-0.053793	-1.470000
30	-0.612409	-0.035332	0.043951	-1.470000
31	-0.598867	-0.058808	0.126985	-1.470000
32	-0.611939	0.055756	-0.025426	-1.470000
33	-0.611657	0.012572	-0.062791	-1.470000
34	-0.587602	-0.068108	0.168256	-1.470000
35	-0.578705	0.032301	0.205626	-1.470000
36	-0.561903	0.248482	-0.027332	-1.470000
37	-0.582623	-0.104188	0.167094	-1.470000
38	-0.601514	0.087641	0.093409	-1.470000
39	-0.603626	-0.044116	0.109151	-1.470000
40	-0.575883	-0.050252	-0.209900	-1.470000
41	-0.603996	-0.040574	0.108478	-1.470000
42	-0.611620	0.061508	-0.019038	-1.470000
43	-0.610703	0.014944	0.071021	-1.470000
44	-0.601408	-0.110076	0.066460	-1.470000
45	-0.562280	-0.147246	0.200961	-1.470000
46	-0.567882	0.234293	-0.029014	-1.470000
47	-0.508246	0.233327	0.255871	-1.470000
48	-0.511331	0.153617	0.305234	-1.470000
49	-0.601032	0.072590	0.108244	-1.470000
50	-0.614977	-0.002665	0.004619	-1.470000
51	-0.602158	-0.029598	-0.121471	-1.470000
52	-0.603909	-0.063560	0.097358	-1.470000
53	-0.598670	-0.017968	0.139631	-1.470000
54	-0.613144	0.047656	-0.002792	-1.470000
55	-0.469676	0.378468	0.119964	-1.470000
56	-0.613252	0.018126	0.042648	-1.470000
57	-0.608141	-0.046697	0.078797	-1.470000
58	-0.606874	0.099521	-0.004980	-1.470000
59	-0.568345	0.220187	-0.082012	-1.470000
60	-0.552476	0.013394	0.269843	-1.470000
61	-0.612890	-0.027137	0.043058	-1.470000
62	-0.595791	0.048504	0.144586	-1.470000
63	-0.594141	0.133951	-0.085316	-1.470000
64	-0.594553	0.076314	0.137506	-1.470000
65	-0.603544	0.051579	-0.106299	-1.470000
66	-0.501775	0.354928	-0.021757	-1.470000
67	-0.592379	-0.073310	-0.148115	-1.470000
68	-0.583286	0.184838	0.061949	-1.470000
69	-0.613885	0.003928	-0.036807	-1.470000
70	-0.583707	-0.118689	-0.153048	-1.470000
71	-0.602615	-0.032175	0.118511	-1.470000
72	-0.605815	0.076045	0.073687	-1.470000
73	-0.577545	-0.136259	-0.161557	-1.470000
74	-0.591347	0.161354	-0.049982	-1.470000
75	-0.614360	0.027220	0.006773	-1.470000
76	-0.613558	0.034353	-0.024313	-1.470000
77	-0.582868	-0.141171	-0.136236	-1.470000
78	-0.580380	0.196756	0.051682	-1.470000
79	-0.613379	0.028826	-0.034065	-1.470000
80	-0.604770	0.013684	0.110864	-1.470000
81	-0.612914	0.047514	-0.017446	-1.470000
82	-0.599850	-0.135209	-0.011130	-1.470000
83	-0.500081	-0.334675	0.127029	-1.470000
84	-0.607439	0.066823	-0.069120	-1.470000
85	-0.590483	0.171320	-0.014277	-1.470000
86	-0.532236	0.307532	-0.019326	-1.470000
87	-0.563528	0.245929	-0.013416	-1.470000
88	-0.606068	-0.102521	0.019890	-1.470000
89	-0.593631	-0.156389	0.037013	-1.470000
90	-0.580141	0.007574	0.203972	-1.470000
91	-0.553003	0.264636	0.048792	-1.470000
92	-0.604124	0.112373	-0.025118	-1.470000
93	-0.599354	-0.137033	-0.014887	-1.470000
94	-0.568349	0.201675	0.120547	-1.470000
95	-0.595408	-0.013565	0.153394	-1.470000
96	-0.577003	-0.076288	0.198678	-1.470000
97	-0.582277	0.120464	0.157056	-1.470000
98	-0.596239	-0.147429	-0.031443	-1.470000
99	-0.592201	-0.119708	0.114859	-1.470000
100	-0.603403	0.047286	-0.109062	-1.470000
101	-0.571401	-0.078820	-0.213338	-1.470000
102	-0.583331	0.152318	-0.121445	-1.470000
103	-0.612849	-0.003991	0.051237	-1.470000
104	-0.604486	0.055249	-0.098839	-1.470000
105	-0.581565	-0.003038	-0.199995	-1.470000
106	-0.614467	-0.018305	0.017888	-1.470000
107	-0.601936	-0.079852	0.097578	-1.470000
108	-0.545851	-0.094641	0.267048	-1.470000
109	-0.469553	-0.342476	0.201135	-1.470000
110	-0.601815	-0.116754	0.049119	-1.470000
111	-0.575174	0.178264	0.124985	-1.470000
112	-0.594574	-0.091469	-0.127827	-1.470000
113	-0.575292	0.161423	-0.145624	-1.470000
114	-0.568827	-0.148655	-0.180450	-1.470000
115	-0.553260	-0.205605	0.172785	-1.470000
116	-0.578902	-0.189176	0.085499	-1.470000
117	-0.494275	-0.359868	0.066424	-1.470000
118	-0.598189	0.133869	-0.049734	-1.470000
119	-0.571473	-0.219936	0.057197	-1.470000
120	-0.589201	0.159514	-0.074984	-1.470000
121	-0.614813	-0.008222	-0.012743	-1.470000
122	-0.558053	0.010284	0.258255	-1.470000
123	-0.571639	0.177310	0.141474	-1.470000
124	-0.596816	0.072682	0.129433	-1.470000
125	-0.604532	0.038330	0.106284	-1.470000
126	-0.602139	0.049687	-0.114824	-1.470000
127	-0.597584	0.113366	0.090918	-1.470000
128	-0.610511	0.071074	0.021205	-1.470000
129	-0.597101	0.146595	-0.014338	-1.470000
130	-0.553473	0.143379	-0.226573	-1.470000
131	-0.605154	-0.035376	0.103743	-1.470000
132	-0.591747	0.160641	0.047493	-1.470000
133	-0.481450	0.343902	0.167818	-1.470000
134	-0.596695	0.066101	-0.133456	-1.470000
135	-0.604697	-0.057628	0.096153	-1.470000
136	-0.610728	-0.022357	-0.068818	-1.470000
137	-0.591041	0.023457	0.168359	-1.470000
138	-0.607641	0.052040	0.079308	-1.470000
139	-0.589373	0.145504	-0.098452	-1.470000
140	-0.585973	-0.062627	-0.175894	-1.470000
141	-0.554129	0.233716	0.128619	-1.470000
142	-0.585591	-0.081755	-0.169188	-1.470000
143	-0.597824	0.143649	-0.014002	-1.470000
144	-0.603140	-0.091240	-0.078245	-1.470000
145	-0.611948	-0.020962	-0.057492	-1.470000
146	-0.556520	0.186974	0.183171	-1.470000
147	-0.588252	-0.067165	0.166354	-1.470000
148	-0.588146	-0.026188	-0.177830	-1.470000
149	-0.574596	0.211323	0.058373	-1.470000
150	-0.606903	0.041456	0.090414	-1.470000
151	-0.481613	0.130899	0.359360	-1.470000
152	-0.606652	0.084253	-0.055676	-1.470000
153	-0.584134	0.018864	-0.191460	-1.470000
154	-0.596540	-0.120909	0.088010	-1.470000
155	-0.614457	0.006661	0.024970	-1.470000
156	-0.592120	0.050292	0.158398	-1.470000
157	-0.589356	-0.158887	0.075100	-1.470000
158	-0.606452	0.024900	0.099102	-1.470000
159	-0.515324	-0.082384	0.325390	-1.470000
160	-0.584005	0.149730	0.121426	-1.470000
161	-0.604757	-0.008200	0.111475	-1.470000
162	-0.590013	0.118302	-0.126940	-1.470000
163	-0.572255	-0.039655	0.221759	-1.470000
164	-0.600566	-0.082890	0.103320	-1.470000
165	-0.601857	-0.042444	-0.119130	-1.470000
166	-0.557879	0.192380	0.173163	-1.470000
167	-0.603682	-0.116835	-0.011937	-1.470000
168	-0.592752	0.163281	-0.014485	-1.470000
169	-0.611832	-0.039864	-0.047928	-1.470000
170	-0.492420	0.149322	0.336825	-1.470000
171	-0.580765	-0.192040	0.063701	-1.470000
172	-0.597420	0.138747	0.045428	-1.470000
173	-0.603244	-0.044621	-0.111045	-1.470000
174	-0.565222	-0.196551	0.141834	-1.470000
175	-0.613706	0.035150	-0.018814	-1.470000
176	-0.613520	0.039184	-0.016814	-1.470000
177	-0.586138	-0.131174	-0.132137	-1.470000
178	-0.570543	-0.084799	-0.213341	-1.470000
179	-0.601869	0.108054	-0.065595	-1.470000
180	-0.612930	-0.048503	-0.013741	-1.470000
181	-0.597995	0.061469	-0.129801	-1.470000
182	-0.605916	-0.070283	-0.078430	-1.470000
183	-0.526646	-0.301948	-0.098471	-1.470000
184	-0.577401	0.041539	-0.207623	-1.470000
185	-0.576943	0.032817	0.210439	-1.470000
186	-0.372507	0.478619	-0.101920	-1.470000
187	-0.603452	0.106167	-0.052911	-1.470000
188	-0.594277	0.012396	-0.157817	-1.470000
189	-0.558495	0.065067	0.249148	-1.470000
190	-0.604960	-0.098834	-0.049797	-1.470000
191	-0.593606	0.012071	0.160346	-1.470000
192	-0.614015	0.026812	-0.022184	-1.470000
193	-0.567392	0.235733	0.026845	-1.470000
194	-0.471504	0.214833	0.331295	-1.470000
195	-0.570248	0.215860	0.080292	-1.470000
196	-0.614493	0.013714	0.020877	-1.470000
197	-0.601620	-0.016369	0.126534	-1.470000
198	-0.598985	0.099312	-0.097871	-1.470000
199	-0.584124	0.044928	-0.187098	-1.470000
200	-0.606460	0.053376	0.087078	-1.470000
201	-0.608437	-0.083809	-0.031705	-1.470000
202	-0.609520	-0.021737	0.078982	-1.470000
203	-0.582255	0.008000	0.197839	-1.470000
204	-0.583145	-0.187494	-0.054886	-1.470000
205	-0.589357	-0.161180	-0.070033	-1.470000
206	-0.600087	0.116121	-0.068094	-1.470000
207	-0.568452	0.202395	-0.118841	-1.470000
208	-0.606640	-0.073617	-0.069232	-1.470000
209	-0.610186	-0.051561	0.056920	-1.470000
210	-0.579290	-0.116710	-0.170371	-1.470000
211	-0.562469	0.203719	-0.142659	-1.470000
212	-0.604167	0.104675	0.047444	-1.470000
213	-0.599404	-0.128596	0.049019	-1.470000
214	-0.498008	-0.266713	-0.243059	-1.470000
215	-0.590713	-0.170919	0.008371	-1.470000
216	-0.600908	0.130466	-0.010617	-1.470000
217	-0.595595	0.145530	-0.048090	-1.470000
218	-0.586759	0.159050	0.092964	-1.470000
219	-0.585734	0.186740	-0.016407	-1.470000
220	-0.559193	0.242822	0.081031	-1.470000
221	-0.575722	0.216262	-0.000541	-1.470000
222	-0.586358	0.115232	0.145366	-1.470000
223	-0.602572	-0.118974	-0.031252	-1.470000
224	-0.524863	-0.084083	-0.309312	-1.470000
225	-0.602141	0.101752	-0.072788	-1.470000
226	-0.611619	0.038561	-0.051574	-1.470000
227	-0.578259	-0.209382	0.000963	-1.470000
228	-0.612640	-0.028584	0.045611	-1.470000
229	-0.595757	0.148622	0.034783	-1.470000
230	-0.604320	0.112776	0.017429	-1.470000
231	-0.558832	0.198326	0.163090	-1.470000
232	-0.605439	0.033997	-0.102531	-1.470000
233	-0.591778	0.022292	-0.165911	-1.470000
234	-0.609667	-0.071588	0.037505	-1.470000
235	-0.613246	0.023038	-0.040299	-1.470000
236	-0.611151	-0.051224	0.045772	-1.470000
237	-0.593397	0.158251	0.032578	-1.470000
238	-0.596296	-0.067883	0.134344	-1.470000
239	-0.606461	-0.088487	0.050986	-1.470000
240	-0.567178	0.237421	0.012883	-1.470000
241	-0.609853	0.030945	0.073121	-1.470000
242	-0.607802	0.093250	0.010313	-1.470000
243	-0.614585	0.013729	-0.017949	-1.470000
244	-0.609945	-0.006213	-0.078441	-1.470000
245	-0.561231	0.189384	0.165465	-1.470000
246	-0.573117	0.095685	-0.201511	-1.470000
247	-0.604739	-0.046478	0.101765	-1.470000
248	-0.611475	0.047359	0.045613	-1.470000
249	-0.602793	0.047752	0.112184	-1.470000
250	-0.580763	0.129170	-0.155739	-1.470000
251	-0.586102	0.157575	-0.099398	-1.470000
252	-0.570536	-0.004998	0.229539	-1.470000
253	-0.594007	0.143816	-0.068539	-1.470000
254	-0.579647	0.005268	0.205443	-1.470000
255	-0.614940	-0.008584	0.000375	-1.470000
256	-0.603138	-0.024226	-0.117740	-1.470000
257	-0.602435	-0.068419	-0.103035	-1.470000
258	-0.600166	-0.088745	0.100747	-1.470000
259	-0.427311	0.135583	0.421007	-1.470000
260	-0.577789	0.029715	0.208570	-1.470000
261	-0.506582	0.323485	0.130218	-1.470000
262	-0.600866	0.130727	0.009755	-1.470000
263	-0.610712	0.067710	0.025906	-1.470000
264	-0.611190	0.063060	0.026368	-1.470000
265	-0.595564	0.116823	-0.099400	-1.470000
266	-0.614308	0.029029	-0.002764	-1.470000
267	-0.597743	-0.142806	0.023113	-1.470000
268	-0.546475	0.100405	0.263645	-1.470000
269	-0.613581	0.030130	0.028898	-1.470000
270	-0.596848	0.123702	0.081825	-1.470000
271	-0.570671	0.134206	0.185873	-1.470000
272	-0.532119	0.304594	-0.047923	-1.470000
273	-0.614423	0.018061	0.019576	-1.470000
274	-0.573569	-0.186637	0.120041	-1.470000
275	-0.585935	0.179993	-0.050072	-1.470000
276	-0.603089	-0.114369	0.037801	-1.470000
277	-0.614369	0.011457	-0.025384	-1.470000
278	-0.598334	-0.055010	-0.131132	-1.470000
279	-0.573027	0.204836	0.088922	-1.470000
280	-0.605309	0.108617	-0.005381	-1.470000
281	-0.597373	0.025616	-0.143925	-1.470000
282	-0.600178	0.079411	0.108188	-1.470000
283	-0.607100	0.008458	0.097890	-1.470000
284	-0.608520	-0.059626	0.066125	-1.470000
285	-0.609768	0.063164	-0.049181	-1.470000
286	-0.599542	0.039677	-0.131151	-1.470000
287	-0.605162	-0.071562	-0.082965	-1.470000
288	-0.598418	0.065048	0.126054	-1.470000
289	-0.611022	0.016757	-0.067792	-1.470000
290	-0.601720	-0.062458	0.110710	-1.470000
291	-0.535423	0.301117	-0.029589	-1.470000
292	-0.612604	0.052198	-0.014700	-1.470000
293	-0.607568	-0.091437	0.026932	-1.470000
294	-0.475037	0.248577	0.301288	-1.470000
295	-0.614465	-0.007279	0.024597	-1.470000
296	-0.601660	-0.118332	-0.047199	-1.470000
297	-0.611039	-0.054160	0.043858	-1.470000
298	-0.569919	0.042207	0.227235	-1.470000
299	-0.607471	0.075464	0.059241	-1.470000
300	-0.565977	0.095853	0.220698	-1.470000
301	-0.597031	0.064098	0.132931	-1.470000
302	-0.613433	0.023369	0.037141	-1.470000
303	-0.605838	-0.104461	0.016516	-1.470000
304	-0.557535	0.158326	-0.205699	-1.470000
305	-0.606542	-0.068444	0.075145	-1.470000
306	-0.597067	-0.080908	-0.123245	-1.470000
307	-0.580455	0.013704	0.202753	-1.470000
308	-0.610983	-0.067495	0.019199	-1.470000
309	-0.603735	-0.115386	0.020366	-1.470000
310	-0.599755	-0.120419	0.063393	-1.470000
311	-0.557195	-0.256672	0.043334	-1.470000
312	-0.583504	0.034614	0.191179	-1.470000
313	-0.572687	-0.215840	0.060564	-1.470000
314	-0.581125	-0.176723	-0.096376	-1.470000
315	-0.593565	0.103062	0.123628	-1.470000
316	-0.587203	-0.134636	0.123656	-1.470000
317	-0.603134	-0.015836	0.119180	-1.470000
318	-0.592270	-0.156800	-0.053435	-1.470000
319	-0.599625	-0.108358	-0.083266	-1.470000
320	-0.593002	-0.137241	-0.087967	-1.470000
321	-0.610970	-0.053511	0.045581	-1.470000
322	-0.601830	0.023777	0.124340	-1.470000
323	-0.603345	-0.035682	-0.113693	-1.470000
324	-0.611440	-0.029684	0.059033	-1.470000
325	-0.593162	0.100533	-0.127583	-1.470000
326	-0.614768	-0.006861	-0.015421	-1.470000
327	-0.607269	0.070895	0.066505	-1.470000
328	-0.549885	0.259738	-0.091582	-1.470000
329	-0.532085	0.217812	0.218331	-1.470000
330	-0.583939	-0.192968	-0.001900	-1.470000
331	-0.567291	0.121132	-0.204286	-1.470000
332	-0.602929	-0.014454	-0.120386	-1.470000
333	-0.593246	0.051947	-0.153578	-1.470000
334	-0.609857	0.040666	0.068164	-1.470000
335	-0.590443	0.151240	0.082028	-1.470000
336	-0.570396	0.229738	0.009704	-1.470000
337	-0.597901	0.138482	-0.039522	-1.470000
338	-0.550863	0.234776	-0.140196	-1.470000
339	-0.601693	0.105855	0.070608	-1.470000
340	-0.612220	-0.016539	-0.056021	-1.470000
341	-0.606405	-0.101644	0.012889	-1.470000
342	-0.597219	0.076112	0.125544	-1.470000
343	-0.600735	0.131272	0.010521	-1.470000
344	-0.600984	0.108340	0.072836	-1.470000
345	-0.542779	0.166675	0.236295	-1.470000
346	-0.608610	0.031382	-0.082671	-1.470000
347	-0.600345	-0.025350	0.131027	-1.470000
348	-0.594849	-0.085786	0.130463	-1.470000
349	-0.612541	-0.032669	0.044178	-1.470000
350	-0.566828	0.203882	0.123947	-1.470000
351	-0.607263	-0.097236	-0.001349	-1.470000
352	-0.604207	-0.075142	0.086674	-1.470000
353	-0.606781	-0.054558	-0.084054	-1.470000
354	-0.613206	0.032134	-0.034217	-1.470000
355	-0.598952	-0.032751	0.135680	-1.470000
356	-0.610884	0.060384	0.037415	-1.470000
357	-0.610178	0.057821	-0.050638	-1.470000
358	-0.590848	0.148482	0.084124	-1.470000
359	-0.574774	0.154723	-0.154662	-1.470000
360	-0.611737	0.051588	-0.036618	-1.470000
361	-0.602302	0.056158	0.110920	-1.470000
362	-0.558393	0.214635	0.142669	-1.470000
363	-0.606275	0.026180	0.099852	-1.470000
364	-0.599657	0.050651	0.126772	-1.470000
365	-0.607083	0.074085	-0.064708	-1.470000
366	-0.614984	0.001003	0.004251	-1.470000
367	-0.581990	-0.061712	0.188956	-1.470000
368	-0.601926	-0.024991	0.123635	-1.470000
369	-0.612659	-0.002402	0.053561	-1.470000
370	-0.597878	0.134334	0.052171	-1.470000
371	-0.597206	-0.145493	0.020060	-1.470000
372	-0.566498	0.040746	0.235890	-1.470000
373	-0.564149	0.238879	-0.053828	-1.470000
374	-0.602498	0.118125	-0.035609	-1.470000
375	-0.585464	0.079648	0.170624	-1.470000
376	-0.562691	0.195688	-0.152677	-1.470000
377	-0.601462	-0.093846	-0.087529	-1.470000
378	-0.596582	0.144611	0.037452	-1.470000
379	-0.614080	0.021599	0.025769	-1.470000
380	-0.603198	0.009166	0.119555	-1.470000
381	-0.580961	0.163481	-0.118251	-1.470000
382	-0.582404	0.173309	-0.094840	-1.470000
383	-0.597890	-0.127577	0.066909	-1.470000
384	-0.601410	-0.105534	0.073442	-1.470000
385	-0.613818	-0.028519	0.025289	-1.470000
386	-0.610473	-0.058175	0.046511	-1.470000
387	-0.604965	-0.028000	-0.107043	-1.470000
388	-0.613101	-0.002348	0.048241	-1.470000
389	-0.589920	0.164463	0.056311	-1.470000
390	-0.582841	0.196208	0.004928	-1.470000
391	-0.576019	0.067098	-0.204756	-1.470000
392	-0.546888	-0.185726	0.211293	-1.470000
393	-0.581035	0.132604	-0.151786	-1.470000
394	-0.577064	-0.150329	-0.150412	-1.470000
395	-0.590875	-0.079658	0.150821	-1.470000
396	-0.613410	-0.043396	0.008383	-1.470000
397	-0.589528	0.054962	0.166316	-1.470000
398	-0.509627	0.325400	-0.112342	-1.470000
399	-0.613632	0.012164	0.039148	-1.470000
400	-0.614988	0.000256	0.003771	-1.470000
401	-0.595650	0.066059	0.138067	-1.470000
402	-0.599350	-0.131633	-0.040948	-1.470000
403	-0.602997	0.062827	-0.103307	-1.470000
404	-0.606932	0.044393	0.088815	-1.470000
405	-0.606038	-0.059798	0.085830	-1.470000
406	-0.592416	-0.007244	0.164973	-1.470000
407	-0.585895	-0.029895	0.184548	-1.470000
408	-0.602518	-0.123206	0.004110	-1.470000
409	-0.605211	-0.060200	0.091215	-1.470000
410	-0.595112	0.151283	-0.034345	-1.470000
411	-0.587598	-0.018392	-0.180597	-1.470000
412	-0.602002	0.028968	0.122389	-1.470000
413	-0.613402	0.004501	0.044074	-1.470000
414	-0.612669	0.052760	0.008839	-1.470000
415	-0.611784	-0.046606	-0.042108	-1.470000
416	-0.602077	-0.117402	-0.044104	-1.470000
417	-0.546513	-0.228613	0.165179	-1.470000
418	-0.509912	-0.313182	0.141885	-1.470000
419	-0.605533	0.057913	-0.090561	-1.470000
420	-0.569237	0.054468	-0.226336	-1.470000
421	-0.587830	-0.178069	-0.031188	-1.470000
422	-0.562070	-0.248997	0.017415	-1.470000
423	-0.609046	-0.083949	0.015506	-1.470000
424	-0.608256	-0.016842	-0.089253	-1.470000
425	-0.612788	-0.052110	-0.000285	-1.470000
426	-0.521301	-0.326125	-0.010609	-1.470000
427	-0.611680	0.060493	0.020325	-1.470000
428	-0.605919	0.074843	-0.074067	-1.470000
429	-0.585439	-0.182157	-0.048011	-1.470000
430	-0.610180	-0.075913	0.011943	-1.470000
431	-0.568690	0.174406	-0.156201	-1.470000
432	-0.607395	0.030663	0.091413	-1.470000
433	-0.590475	0.171938	-0.001321	-1.470000
434	-0.500716	0.211925	0.287395	-1.470000
435	-0.526834	-0.167225	-0.269641	-1.470000
436	-0.613874	-0.035756	0.010256	-1.470000
437	-0.612473	0.023886	0.050317	-1.470000
438	-0.611170	0.062879	-0.027256	-1.470000
439	-0.594387	-0.144346	-0.063982	-1.470000
440	-0.608497	0.041652	0.078876	-1.470000
441	-0.608093	0.004777	-0.091787	-1.470000
442	-0.605109	0.095056	-0.055065	-1.470000
443	-0.512199	0.281510	0.191388	-1.470000
444	-0.603341	-0.047662	0.109241	-1.470000
445	-0.611450	0.065723	-0.005906	-1.470000
446	-0.592216	0.036230	0.161841	-1.470000
447	-0.606694	0.069727	-0.072699	-1.470000
448	-0.606516	0.091156	-0.045314	-1.470000
449	-0.613177	0.005298	0.047015	-1.470000
450	-0.574819	0.125942	0.178738	-1.470000
451	-0.609695	0.055959	-0.058013	-1.470000
452	-0.606099	0.048066	-0.092513	-1.470000
453	-0.607274	0.079326	0.056135	-1.470000
454	-0.602070	-0.099027	-0.077012	-1.470000
455	-0.611956	-0.056988	0.022083	-1.470000
456	-0.603818	0.064628	-0.097222	-1.470000
457	-0.612673	0.033005	0.042038	-1.470000
458	-0.592594	0.077092	0.145306	-1.470000
459	-0.585604	0.174649	0.069212	-1.470000
460	-0.592466	0.125823	0.106667	-1.470000
461	-0.602633	-0.004668	0.122622	-1.470000
462	-0.575372	0.177742	0.124817	-1.470000
463	-0.614780	-0.003285	-0.016121	-1.470000
464	-0.603714	-0.107888	0.045989	-1.470000
465	-0.613195	-0.036651	-0.029560	-1.470000
466	-0.595297	0.154423	0.000431	-1.470000
467	-0.608584	0.054311	-0.070009	-1.470000
468	-0.578808	0.204851	0.035243	-1.470000
469	-0.554931	0.164766	0.207674	-1.470000
470	-0.513308	-0.200734	0.272848	-1.470000
471	-0.580303	-0.065207	0.192928	-1.470000
472	-0.608949	0.082850	0.023272	-1.470000
473	-0.612590	-0.001016	0.054379	-1.470000
474	-0.612389	0.032103	0.046629	-1.470000
475	-0.612880	-0.049705	-0.011534	-1.470000
476	-0.614689	0.008987	0.017364	-1.470000
477	-0.606945	-0.061362	0.077962	-1.470000
478	-0.611931	0.036276	-0.049490	-1.470000
479	-0.609362	-0.066803	-0.049398	-1.470000
480	-0.579440	0.126468	0.162728	-1.470000
481	-0.606206	0.029779	0.099260	-1.470000
482	-0.603793	0.011925	0.116260	-1.470000
483	-0.578676	0.122987	0.168027	-1.470000
484	-0.512904	0.295748	0.166398	-1.470000
485	-0.604611	0.106630	0.036063	-1.470000
486	-0.610111	-0.071186	0.030363	-1.470000
487	-0.607347	-0.035494	0.089974	-1.470000
488	-0.603006	-0.046002	-0.111771	-1.470000
489	-0.595796	0.020274	0.151131	-1.470000
490	-0.609864	0.005672	0.079109	-1.470000
491	-0.612355	0.001294	0.056964	-1.470000
492	-0.605804	0.068075	-0.081191	-1.470000
493	-0.604976	-0.048247	-0.099505	-1.470000
494	-0.585073	0.181173	-0.055597	-1.470000
495	-0.600759	0.050010	0.121708	-1.470000
496	-0.586954	0.026839	0.181631	-1.470000
497	-0.560830	-0.194233	-0.161146	-1.470000
498	-0.576379	0.209358	0.046707	-1.470000
499	-0.601084	-0.128629	0.019429	-1.470000
500	-0.583939	-0.082274	0.174561	-1.470000
501	-0.598922	0.134201	0.038824	-1.470000
502	-0.608229	0.090984	0.002006	-1.470000
503	-0.600517	0.132615	-0.004172	-1.470000
504	-0.594566	-0.015807	0.156419	-1.470000
505	-0.584096	0.153010	0.116809	-1.470000
506	-0.586611	0.024123	0.183113	-1.470000
507	-0.608638	0.071414	-0.051812	-1.470000
508	-0.585575	-0.149510	-0.113903	-1.470000
509	-0.599731	0.050173	-0.126609	-1.470000
510	-0.596743	0.083914	-0.122803	-1.470000
511	-0.567564	-0.061043	0.228845	-1.470000
512	-0.601956	0.068556	0.105709	-1.470000
513	-0.604385	-0.100560	0.053211	-1.470000
514	-0.601602	0.057806	-0.113836	-1.470000
515	-0.604655	0.056644	-0.097000	-1.470000
516	-0.602686	0.084975	-0.088166	-1.470000
517	-0.604290	-0.059121	0.097792	-1.470000
518	-0.593174	0.042236	-0.156799	-1.470000
519	-0.565650	0.133509	0.201098	-1.470000
520	-0.602765	-0.086749	0.085873	-1.470000
521	-0.612389	0.011218	0.055493	-1.470000
522	-0.606298	-0.041810	0.094229	-1.470000
523	-0.606054	-0.094137	0.045412	-1.470000
524	-0.592452	-0.116158	-0.117188	-1.470000
525	-0.562953	-0.156900	0.191551	-1.470000
526	-0.551184	0.070839	-0.263444	-1.470000
527	-0.605103	-0.032562	-0.104952	-1.470000
528	-0.590523	-0.132337	-0.109521	-1.470000
529	-0.609583	0.011117	-0.080687	-1.470000
530	-0.597318	0.100370	0.106592	-1.470000
531	-0.576317	-0.204982	-0.063764	-1.470000
532	-0.613339	0.043327	-0.012770	-1.470000
533	-0.601101	-0.122554	-0.043390	-1.470000
534	-0.545236	0.080537	-0.272868	-1.470000
535	-0.566194	-0.219255	-0.097861	-1.470000
536	-0.588965	-0.176780	-0.009713	-1.470000
537	-0.579666	-0.202682	-0.033660	-1.470000
538	-0.592871	0.137642	0.088224	-1.470000
539	-0.614886	0.011036	-0.004291	-1.470000
540	-0.587001	-0.016381	-0.182719	-1.470000
541	-0.612608	0.030265	0.044948	-1.470000
542	-0.611775	0.027798	-0.056423	-1.470000
543	-0.606560	-0.100420	-0.015048	-1.470000
544	-0.607507	-0.062672	-0.072335	-1.470000
545	-0.557826	-0.086328	-0.244136	-1.470000
546	-0.566307	-0.216067	-0.104100	-1.470000
547	-0.576590	0.212194	-0.027250	-1.470000
548	-0.611809	-0.001989	-0.062535	-1.470000
549	-0.579773	0.196183	-0.060010	-1.470000
550	-0.559456	0.067020	0.246460	-1.470000
551	-0.608338	0.000102	-0.090279	-1.470000
552	-0.605782	0.083011	0.066051	-1.470000
553	-0.608066	0.091849	-0.006636	-1.470000
554	-0.603283	-0.017971	0.118118	-1.470000
555	-0.596428	-0.110299	0.101650	-1.470000
556	-0.603917	0.106649	-0.046207	-1.470000
557	-0.574483	0.208571	-0.068501	-1.470000
558	-0.588207	0.126185	0.127729	-1.470000
559	-0.607059	0.038218	-0.090793	-1.470000
560	-0.599949	0.108029	-0.081338	-1.470000
561	-0.607187	-0.052440	0.082455	-1.470000
562	-0.594937	0.117427	0.102402	-1.470000
563	-0.614701	0.014953	0.012023	-1.470000
564	-0.599402	-0.131798	0.039648	-1.470000
565	-0.597857	0.069248	-0.126477	-1.470000
566	-0.578053	0.132497	0.162862	-1.470000
567	-0.611487	-0.029540	0.058620	-1.470000
568	-0.524362	-0.066113	0.314482	-1.470000
569	-0.574302	-0.219899	0.006873	-1.470000
570	-0.606496	0.099713	-0.021093	-1.470000
571	-0.571454	0.217769	-0.065135	-1.470000
572	-0.572004	0.224901	0.021352	-1.470000
573	-0.613624	0.034914	0.021703	-1.470000
574	-0.598271	-0.120206	0.076469	-1.470000
575	-0.584433	0.185655	0.046853	-1.470000
576	-0.571734	-0.214573	0.072823	-1.470000
577	-0.589428	-0.174696	0.016758	-1.470000
578	-0.602484	0.115693	-0.043055	-1.470000
579	-0.613967	0.034770	-0.007767	-1.470000
580	-0.605889	0.105399	0.003868	-1.470000
581	-0.605835	0.073105	-0.076447	-1.470000
582	-0.591632	-0.008901	0.167683	-1.470000
583	-0.612444	0.054290	-0.013774	-1.470000
584	-0.511816	0.285893	0.185836	-1.470000
585	-0.605225	0.073693	0.080608	-1.470000
586	-0.559432	0.185335	0.175818	-1.470000
587	-0.603995	-0.004510	0.115737	-1.470000
588	-0.600352	0.132785	-0.013047	-1.470000
589	-0.591669	0.160156	-0.050032	-1.470000
590	-0.606408	-0.047609	-0.090708	-1.470000
591	-0.599673	-0.006543	0.136286	-1.470000
592	-0.592614	0.114653	0.117848	-1.470000
593	-0.611799	-0.055512	0.029069	-1.470000
594	-0.558019	0.250981	0.062036	-1.470000
595	-0.595278	0.151339	-0.031073	-1.470000
596	-0.581489	-0.031297	0.197779	-1.470000
597	-0.584590	-0.055218	0.182839	-1.470000
598	-0.605474	-0.003284	0.107775	-1.470000
599	-0.603986	-0.033424	0.110943	-1.470000
600	-0.612977	0.010737	0.048668	-1.470000
601	-0.602314	-0.060069	0.108786	-1.470000
602	-0.602696	0.053828	-0.109932	-1.470000
603	-0.600602	0.129583	-0.026648	-1.470000
604	-0.602848	0.024879	0.119080	-1.470000
605	-0.579396	-0.154853	0.136185	-1.470000
606	-0.607895	-0.006832	-0.092961	-1.470000
607	-0.563623	0.235708	0.070681	-1.470000
608	-0.604212	-0.110452	0.030867	-1.470000
609	-0.613807	-0.022502	-0.030974	-1.470000
610	-0.614749	-0.006886	0.016180	-1.470000
611	-0.576824	0.135305	0.164899	-1.470000
612	-0.600650	0.023277	0.130012	-1.470000
613	-0.609298	-0.075381	-0.036032	-1.470000
614	-0.603292	0.097524	0.068945	-1.470000
615	-0.612263	-0.038228	-0.043563	-1.470000
616	-0.600575	-0.085440	0.101164	-1.470000
617	-0.591557	-0.010580	0.167848	-1.470000
618	-0.576694	-0.141143	0.160397	-1.470000
619	-0.584637	0.125413	0.143862	-1.470000
620	-0.608394	-0.089876	0.002097	-1.470000
621	-0.605890	-0.094297	0.047222	-1.470000
622	-0.613085	-0.046978	-0.012015	-1.470000
623	-0.613212	-0.015214	-0.044331	-1.470000
624	-0.613924	0.035580	0.007505	-1.470000
625	-0.577582	0.180815	0.109222	-1.470000
626	-0.612199	0.049380	-0.031607	-1.470000
627	-0.610139	-0.050647	-0.058231	-1.470000
628	-0.611535	-0.061080	-0.022792	-1.470000
629	-0.563286	-0.244718	-0.032360	-1.470000
630	-0.608272	-0.082113	-0.038569	-1.470000
631	-0.535999	-0.298781	-0.040736	-1.470000
632	-0.598307	-0.041020	-0.136277	-1.470000
633	-0.605181	0.007836	-0.109175	-1.470000
634	-0.589297	-0.136925	0.110478	-1.470000
635	-0.609601	-0.055492	-0.059436	-1.470000
636	-0.583473	-0.193310	0.020394	-1.470000
637	-0.573304	0.105918	-0.195777	-1.470000
638	-0.604949	-0.110734	0.000289	-1.470000
639	-0.532905	-0.225958	-0.207798	-1.470000
640	-0.604164	-0.112043	0.025633	-1.470000
641	-0.612914	0.046179	-0.020699	-1.470000
642	-0.604666	-0.093969	-0.061432	-1.470000
643	-0.603453	-0.039346	-0.111900	-1.470000
644	-0.592089	0.155783	-0.058197	-1.470000
645	-0.604692	-0.111968	-0.006010	-1.470000
646	-0.592578	-0.084139	-0.141410	-1.470000
647	-0.560405	0.216078	0.132216	-1.470000
648	-0.611584	-0.058793	-0.027085	-1.470000
649	-0.593761	0.004163	-0.160175	-1.470000
650	-0.609352	0.057702	-0.059879	-1.470000
651	-0.614143	0.031752	-0.006760	-1.470000
652	-0.607828	0.054721	0.075995	-1.470000
653	-0.611160	0.044966	-0.051836	-1.470000
654	-0.605937	0.024701	0.102249	-1.470000
655	-0.597880	0.102324	-0.101463	-1.470000
656	-0.601264	0.078172	-0.102935	-1.470000
657	-0.601366	-0.002726	-0.128749	-1.470000
658	-0.608764	0.037342	0.078973	-1.470000
659	-0.612359	0.056804	-0.003921	-1.470000
660	-0.545926	0.282089	-0.024810	-1.470000
661	-0.608896	-0.047707	0.072074	-1.470000
662	-0.608191	-0.030572	-0.085990	-1.470000
663	-0.607571	0.092545	0.022758	-1.470000
664	-0.604049	0.094211	-0.066888	-1.470000
665	-0.562377	0.171325	-0.180567	-1.470000
666	-0.569091	0.089798	0.215168	-1.470000
667	-0.607356	0.096144	-0.010019	-1.470000
668	-0.574538	-0.082698	0.203205	-1.470000
669	-0.609224	-0.034406	0.076727	-1.470000
670	-0.593595	0.110122	0.117229	-1.470000
671	-0.578809	0.179583	0.104670	-1.470000
672	-0.575681	0.215311	-0.021399	-1.470000
673	-0.601007	-0.113034	-0.065107	-1.470000
674	-0.552776	0.031756	-0.267686	-1.470000
675	-0.550893	0.220143	0.162108	-1.470000
676	-0.601461	0.021642	0.126496	-1.470000
677	-0.606863	0.007080	-0.099461	-1.470000
678	-0.609552	-0.024169	0.078020	-1.470000
679	-0.587903	0.076268	0.163640	-1.470000
680	-0.603148	-0.072330	-0.095949	-1.470000
681	-0.603861	-0.077368	-0.087124	-1.470000
682	-0.560565	0.191019	-0.165843	-1.470000
683	-0.571419	0.111680	0.198073	-1.470000
684	-0.550739	-0.167092	0.216777	-1.470000
685	-0.594514	0.076273	-0.137696	-1.470000
686	-0.607406	0.066101	-0.070098	-1.470000
687	-0.575159	0.173575	0.131486	-1.470000
688	-0.555646	0.209041	0.160576	-1.470000
689	-0.509361	0.187969	0.288866	-1.470000
690	-0.567096	0.084106	-0.222605	-1.470000
691	-0.610670	-0.067365	0.027737	-1.470000
692	-0.592167	-0.166002	0.002653	-1.470000
693	-0.524450	-0.204751	0.247496	-1.470000
694	-0.588085	0.143609	0.108430	-1.470000
695	-0.596593	0.006867	0.149180	-1.470000
696	-0.592134	0.095436	-0.135991	-1.470000
697	-0.540231	0.187938	0.225954	-1.470000
698	-0.613672	0.037781	-0.014288	-1.470000
699	-0.507932	-0.155507	0.309915	-1.470000
700	-0.607237	-0.061530	0.075512	-1.470000
701	-0.551333	-0.243473	-0.122385	-1.470000
702	-0.489357	0.309784	-0.206854	-1.470000
703	-0.593505	0.155374	-0.042845	-1.470000
704	-0.580153	0.178162	0.099526	-1.470000
705	-0.603895	0.116324	0.001995	-1.470000
706	-0.578895	0.206777	0.018696	-1.470000
707	-0.590317	0.035003	0.168894	-1.470000
708	-0.591085	-0.082611	-0.148387	-1.470000
709	-0.609021	0.079095	-0.032599	-1.470000
710	-0.565901	-0.177192	-0.163047	-1.470000
711	-0.598687	0.084799	-0.112287	-1.470000
712	-0.609741	-0.002031	0.080228	-1.470000
713	-0.594468	-0.149625	-0.049454	-1.470000
714	-0.584180	0.149142	0.121306	-1.470000
715	-0.574672	-0.110116	0.189344	-1.470000
716	-0.612204	-0.031901	-0.049130	-1.470000
717	-0.550740	-0.144156	0.232658	-1.470000
718	-0.596223	0.147641	0.030746	-1.470000
719	-0.599670	0.118490	0.067685	-1.470000
720	-0.576630	0.088929	-0.194459	-1.470000
721	-0.593399	0.125221	-0.102089	-1.470000
722	-0.607740	0.081029	-0.048074	-1.470000
723	-0.558236	-0.037360	0.255347	-1.470000
724	-0.572018	-0.097790	0.203612	-1.470000
725	-0.598287	0.007375	0.142210	-1.470000
726	-0.609902	0.041218	-0.067420	-1.470000
727	-0.549320	0.176123	0.213199	-1.470000
728	-0.580174	0.202314	0.026299	-1.470000
729	-0.558616	0.150547	-0.208589	-1.470000
730	-0.577357	0.157533	-0.141660	-1.470000
731	-0.610350	0.026926	0.070517	-1.470000
732	-0.600766	-0.122670	0.047510	-1.470000
733	-0.553792	0.016078	-0.266985	-1.470000
734	-0.590652	0.146165	0.089392	-1.470000
735	-0.579431	-0.205744	-0.012436	-1.470000
736	-0.582543	-0.145091	-0.133480	-1.470000
737	-0.607783	0.080836	-0.047859	-1.470000
738	-0.600913	0.000647	0.130874	-1.470000
739	-0.602520	-0.109556	-0.056502	-1.470000
740	-0.600634	0.132138	0.001768	-1.470000
741	-0.608378	-0.077549	0.045683	-1.470000
742	-0.608886	0.084160	-0.019999	-1.470000
743	-0.584998	-0.170130	0.084015	-1.470000
744	-0.614954	0.007482	0.000725	-1.470000
745	-0.607313	-0.085335	-0.045977	-1.470000
746	-0.490346	-0.359906	0.090847	-1.470000
747	-0.571538	-0.161852	-0.159291	-1.470000
748	-0.567985	-0.150808	-0.181314	-1.470000
749	-0.596871	0.146240	0.024163	-1.470000
750	-0.544492	-0.254028	-0.131239	-1.470000
751	-0.566427	0.080684	-0.225557	-1.470000
752	-0.607227	-0.058960	-0.077617	-1.470000
753	-0.591848	0.156260	-0.059362	-1.470000
754	-0.575583	0.042273	0.212466	-1.470000
755	-0.555930	-0.258144	0.050281	-1.470000
756	-0.586226	0.077733	0.168882	-1.470000
757	-0.517939	0.151680	-0.294886	-1.470000
758	-0.573647	-0.049154	-0.216189	-1.470000
759	-0.585777	-0.174251	-0.068753	-1.470000
760	-0.573549	-0.036939	0.218864	-1.470000
761	-0.599202	0.136363	0.024219	-1.470000
762	-0.568318	-0.220378	-0.081686	-1.470000
763	-0.588440	-0.085774	-0.156862	-1.470000
764	-0.610859	0.059916	0.038551	-1.470000
765	-0.588132	-0.008424	0.179596	-1.470000
766	-0.612246	-0.049786	-0.030026	-1.470000
767	-0.593633	-0.037278	-0.156317	-1.470000
768	-0.614910	0.000380	0.010509	-1.470000
769	-0.601399	0.124130	-0.033711	-1.470000
770	-0.597509	-0.085717	0.117730	-1.470000
771	-0.604030	-0.065551	0.095266	-1.470000
772	-0.540823	-0.185772	0.226327	-1.470000
773	-0.612890	-0.045941	-0.021918	-1.470000
774	-0.612573	0.052942	0.013262	-1.470000
775	-0.550700	0.143311	0.233273	-1.470000
776	-0.591633	-0.069970	0.152642	-1.470000
777	-0.613963	0.027721	-0.022506	-1.470000
778	-0.590887	-0.170287	-0.008900	-1.470000
779	-0.590904	-0.107192	0.132544	-1.470000
780	-0.594695	0.098459	0.121936	-1.470000
781	-0.592137	-0.159500	-0.046455	-1.470000
782	-0.586973	0.183542	0.000587	-1.470000
783	-0.597748	0.089516	0.113617	-1.470000
784	-0.612110	-0.024271	0.054382	-1.470000
785	-0.584334	0.167055	0.094189	-1.470000
786	-0.610163	0.052406	0.056388	-1.470000
787	-0.608711	0.010465	-0.087098	-1.470000
788	-0.614879	-0.012066	-0.001864	-1.470000
789	-0.570182	0.101606	0.206866	-1.470000
790	-0.614347	-0.009755	-0.026606	-1.470000
791	-0.606885	-0.034191	0.093522	-1.470000
792	-0.612907	-0.032645	-0.038782	-1.470000
793	-0.606613	-0.055286	0.084790	-1.470000
794	-0.535842	-0.289807	0.084321	-1.470000
795	-0.603004	0.057687	0.106220	-1.470000
796	-0.584005	0.155131	0.114446	-1.470000
797	-0.571578	-0.112103	0.197374	-1.470000
798	-0.513262	0.288431	0.177750	-1.470000
799	-0.523050	0.200127	0.254150	-1.470000
800	-0.607063	0.098117	-0.008512	-1.470000
801	-0.580113	0.151820	0.136544	-1.470000
802	-0.605483	-0.087887	0.062378	-1.470000
803	-0.606441	-0.021554	0.099946	-1.470000
804	-0.591886	0.029710	-0.164357	-1.470000
805	-0.575526	0.165276	0.140281	-1.470000
806	-0.576311	0.214596	-0.006203	-1.470000
807	-0.575110	0.215506	0.032111	-1.470000
808	-0.548142	0.143780	0.238942	-1.470000
809	-0.594504	-0.041190	0.151963	-1.470000
810	-0.564679	-0.211870	-0.120309	-1.470000
811	-0.611192	0.049707	0.046887	-1.470000
812	-0.586996	0.139889	0.118708	-1.470000
813	-0.593272	0.104906	-0.123485	-1.470000
814	-0.607795	0.088720	-0.030642	-1.470000
815	-0.572063	0.179234	0.137273	-1.470000
816	-0.593052	0.158515	-0.037250	-1.470000
817	-0.609836	0.079517	-0.001258	-1.470000
818	-0.560063	0.249341	-0.048819	-1.470000
819	-0.565964	0.200140	-0.133617	-1.470000
820	-0.607598	-0.065850	0.068654	-1.470000
821	-0.463175	-0.110622	0.389174	-1.470000
822	-0.519140	-0.192570	0.267649	-1.470000
823	-0.588633	0.046939	0.171853	-1.470000
824	-0.605334	-0.104761	-0.028657	-1.470000
825	-0.563868	0.131137	-0.207560	-1.470000
826	-0.604215	-0.112931	-0.019883	-1.470000
827	-0.576555	0.052651	-0.207455	-1.470000
828	-0.579632	-0.098602	0.180358	-1.470000
829	-0.575083	-0.004483	0.217911	-1.470000
830	-0.578528	-0.060720	-0.199607	-1.470000
831	-0.605014	0.091816	0.061262	-1.470000
832	-0.609472	-0.050579	0.064887	-1.470000
833	-0.556573	-0.260673	0.022378	-1.470000
834	-0.584179	-0.179598	-0.068588	-1.470000
835	-0.605794	0.021184	-0.103872	-1.470000
836	-0.595200	0.004928	-0.154718	-1.470000
837	-0.598458	0.100103	-0.100260	-1.470000
838	-0.612134	0.007846	0.058781	-1.470000
839	-0.611041	-0.050442	-0.048061	-1.470000
840	-0.612476	-0.047958	-0.028262	-1.470000
841	-0.592626	-0.120926	-0.111339	-1.470000
842	-0.553188	-0.256120	-0.081305	-1.470000
843	-0.589329	-0.008384	-0.175629	-1.470000
844	-0.598507	0.140351	0.017783	-1.470000
845	-0.568167	-0.077855	-0.222149	-1.470000
846	-0.571986	0.146383	-0.172130	-1.470000
847	-0.600171	-0.084676	-0.104164	-1.470000
848	-0.601611	-0.117975	-0.048688	-1.470000
849	-0.612164	0.002688	0.058935	-1.470000
850	-0.613738	-0.025810	0.029730	-1.470000
