1	0.265624	0.006333	0.554643	-0.190000
2	0.584213	-0.051648	0.185074	-0.190000
3	0.562274	0.023303	-0.248053	-0.190000
4	0.523677	0.312909	-0.077945	-0.190000
5	0.571980	-0.141364	-0.176294	-0.190000
6	0.413333	-0.265941	0.369670	-0.190000
7	0.534956	-0.119313	0.278947	-0.190000
8	0.450724	-0.069875	0.412541	-0.190000
9	0.539782	0.176694	0.235881	-0.190000
10	0.561933	0.217430	-0.123210	-0.190000
11	0.577967	0.206375	-0.039856	-0.190000
12	0.602152	0.112988	0.053591	-0.190000
13	0.571191	0.227814	0.008159	-0.190000
14	0.579105	-0.178091	0.105574	-0.190000
15	0.498575	0.028888	0.358906	-0.190000
16	0.546143	0.127139	0.252564	-0.190000
17	0.599564	-0.014768	0.136125	-0.190000
18	0.594932	0.115689	0.104388	-0.190000
19	0.612400	0.045798	0.033082	-0.190000
20	0.584269	0.101340	-0.163049	-0.190000
21	0.609582	-0.081453	-0.000788	-0.190000
22	0.594147	0.120099	-0.103878	-0.190000
23	0.605270	0.100579	0.041917	-0.190000
24	0.554162	-0.119759	0.238302	-0.190000
25	0.559875	0.132131	0.217501	-0.190000
26	0.464131	-0.078071	0.395869	-0.190000
27	0.528044	-0.165277	0.268474	-0.190000
28	0.584892	-0.152802	0.113041	-0.190000
29	0.611091	-0.007472	0.068823	-0.190000
30	0.549973	0.273426	-0.031518	-0.190000
31	0.608247	-0.002007	0.090867	-0.190000
32	0.593159	-0.026987	0.160185	-0.190000
33	0.604414	0.107916	0.035545	-0.190000
34	0.602851	0.076182	0.094824	-0.190000
35	0.486404	0.259465	0.272606	-0.190000
36	0.594275	-0.158259	-0.003966	-0.190000
37	0.611533	-0.064002	-0.012495	-0.190000
38	0.604912	-0.007167	-0.110701	-0.190000
39	0.601706	-0.127132	0.003566	-0.190000
40	0.543687	0.236034	0.164064	-0.190000
41	0.614025	0.018210	0.029440	-0.190000
42	0.587233	0.072971	0.167504	-0.190000
43	0.549099	0.275517	-0.028380	-0.190000
44	0.539817	0.271499	-0.114504	-0.190000
45	0.559681	0.175778	0.184619	-0.190000
46	0.575425	0.047162	-0.211865	-0.190000
47	0.590271	0.074499	0.155742	-0.190000
48	0.583526	0.181500	0.069136	-0.190000
49	0.594377	-0.133304	0.084679	-0.190000
50	0.611622	0.037400	-0.052392	-0.190000
51	0.566433	0.211540	-0.112381	-0.190000
52	0.554359	0.254536	-0.078250	-0.190000
53	0.606511	0.088553	-0.050273	-0.190000
54	0.550385	0.179928	-0.207189	-0.190000
55	0.519053	0.245444	-0.220378	-0.190000
56	0.589493	-0.175154	0.006673	-0.190000
57	0.577842	-0.169025	0.125514	-0.190000
58	0.573347	0.142152	0.171146	-0.190000
59	0.606846	0.092591	0.037283	-0.190000
60	0.601040	0.115556	0.060184	-0.190000
61	0.612607	-0.004720	0.053996	-0.190000
62	0.574869	0.213154	-0.048125	-0.190000
63	0.444944	0.377278	0.194707	-0.190000
64	0.592982	-0.035533	-0.159169	-0.190000
65	0.512525	0.051456	-0.336000	-0.190000
66	0.537958	0.282394	-0.095289	-0.190000
67	0.551337	0.269123	0.042727	-0.190000
68	0.596171	0.146350	-0.037232	-0.190000
69	0.614620	-0.012269	-0.017780	-0.190000
70	0.503412	0.342881	0.085057	-0.190000
71	0.591041	0.169337	-0.014859	-0.190000
72	0.571349	0.222956	-0.045569	-0.190000
73	0.611459	-0.009082	-0.065276	-0.190000
74	0.581574	0.176992	0.093113	-0.190000
75	0.585189	0.136831	0.130598	-0.190000
76	0.598623	0.112963	0.084347	-0.190000
77	0.601357	0.122520	0.039793	-0.190000
78	0.599774	0.128835	-0.043561	-0.190000
79	0.535280	0.295182	0.067591	-0.190000
80	0.526525	0.212342	0.236447	-0.190000
81	0.424163	0.445152	-0.012262	-0.190000
82	0.581215	-0.123887	0.158323	-0.190000
83	0.520014	0.060998	0.322630	-0.190000
84	0.612647	-0.015200	-0.051557	-0.190000
85	0.553533	0.254717	-0.083336	-0.190000
86	0.514598	0.329817	-0.068081	-0.190000
87	0.571388	0.093259	-0.207470	-0.190000
88	0.585901	0.141534	0.122120	-0.190000
89	0.614643	0.008092	0.019311	-0.190000
90	0.600524	0.022171	0.130785	-0.190000
91	0.571380	0.151069	0.170083	-0.190000
92	0.552621	0.269292	0.017792	-0.190000
93	0.442881	0.404255	-0.136597	-0.190000
94	0.515226	0.266317	-0.204554	-0.190000
95	0.518137	0.312225	-0.110791	-0.190000
96	0.579165	0.101098	-0.180477	-0.190000
97	0.550980	0.268745	-0.049214	-0.190000
98	0.600780	0.064356	-0.114662	-0.190000
99	0.611219	0.047216	-0.049057	-0.190000
100	0.589597	-0.168272	-0.047797	-0.190000
101	0.592095	0.009490	-0.166006	-0.190000
102	0.602953	-0.014677	-0.120238	-0.190000
103	0.541362	0.287725	-0.048647	-0.190000
104	0.588987	0.133724	-0.115917	-0.190000
105	0.548460	0.252710	-0.116423	-0.190000
106	0.557109	0.255159	0.052428	-0.190000
107	0.608331	0.046586	0.077382	-0.190000
108	0.613662	0.000275	0.040549	-0.190000
109	0.614275	0.010824	0.027826	-0.190000
110	0.408595	0.263759	-0.376438	-0.190000
111	0.570354	-0.171347	-0.153498	-0.190000
112	0.416065	0.446169	-0.077771	-0.190000
113	0.506148	0.348973	0.016038	-0.190000
114	0.409892	0.446991	-0.102043	-0.190000
115	0.485695	0.370783	0.069608	-0.190000
116	0.573404	-0.159616	0.154775	-0.190000
117	0.511366	0.087712	0.330207	-0.190000
118	0.568152	0.198679	0.126314	-0.190000
119	0.597371	0.052729	0.136355	-0.190000
120	0.596150	0.134276	0.069282	-0.190000
121	0.591300	0.081906	0.147922	-0.190000
122	0.613638	-0.004079	0.040703	-0.190000
123	0.564277	-0.012992	0.244228	-0.190000
124	0.585889	-0.097294	0.159665	-0.190000
125	0.482194	-0.026757	0.380786	-0.190000
126	0.574452	0.218573	0.021359	-0.190000
127	0.614996	0.002205	-0.000070	-0.190000
128	0.610096	0.072057	-0.028555	-0.190000
129	0.557403	-0.130651	-0.224627	-0.190000
130	0.603277	-0.039266	-0.112869	-0.190000
131	0.578386	0.115267	0.174379	-0.190000
132	0.584375	0.070351	0.178274	-0.190000
133	0.514436	0.154539	0.299496	-0.190000
134	0.608994	-0.006558	-0.085491	-0.190000
135	0.584765	0.172278	0.081214	-0.190000
136	0.595987	-0.005812	0.151628	-0.190000
137	0.600837	-0.036279	0.126108	-0.190000
138	0.596869	-0.034529	0.144152	-0.190000
139	0.612537	-0.050651	0.021405	-0.190000
140	0.379508	0.439630	0.202297	-0.190000
141	0.475051	0.062464	0.385551	-0.190000
142	0.613396	0.039446	0.020365	-0.190000
143	0.606797	-0.037165	-0.092956	-0.190000
144	0.608830	-0.073073	0.047026	-0.190000
145	0.605188	0.050204	0.097219	-0.190000
146	0.530995	0.155437	0.268531	-0.190000
147	0.608430	-0.087654	0.018828	-0.190000
148	0.606095	0.039965	-0.096317	-0.190000
149	0.600369	0.108454	0.077588	-0.190000
150	0.577659	-0.105380	-0.182840	-0.190000
151	0.613388	-0.039175	0.021093	-0.190000
152	0.591625	-0.152295	-0.070786	-0.190000
153	0.571498	-0.205130	-0.097655	-0.190000
154	0.593041	0.101208	-0.127609	-0.190000
155	0.523165	0.306548	-0.102721	-0.190000
156	0.491788	0.352216	0.110966	-0.190000
157	0.591791	0.154823	0.063547	-0.190000
158	0.608398	-0.052722	0.072779	-0.190000
159	0.599309	-0.072922	0.117201	-0.190000
160	0.613188	0.014897	0.044763	-0.190000
161	0.595152	0.066905	0.139796	-0.190000
162	0.565663	0.213605	-0.112356	-0.190000
163	0.509376	0.308502	0.153582	-0.190000
164	0.512352	0.315552	0.127073	-0.190000
165	0.596540	0.101334	0.109983	-0.190000
166	0.597804	0.122303	-0.076792	-0.190000
167	0.589880	0.064355	0.161634	-0.190000
168	0.607613	0.060184	0.073549	-0.190000
169	0.595863	0.104014	0.111145	-0.190000
170	0.527745	0.300759	-0.096201	-0.190000
171	0.611521	0.061166	-0.022924	-0.190000
172	0.500439	0.329246	-0.139223	-0.190000
173	0.565507	0.229908	0.074628	-0.190000
174	0.576877	0.147189	-0.154184	-0.190000
175	0.597708	0.095155	-0.109157	-0.190000
176	0.595184	0.102826	0.115790	-0.190000
177	0.559055	0.255079	-0.024838	-0.190000
178	0.564425	0.219358	0.107383	-0.190000
179	0.531471	0.263330	-0.162546	-0.190000
180	0.589598	0.174881	0.003889	-0.190000
181	0.550369	0.269032	0.054222	-0.190000
182	0.609968	0.075857	0.020239	-0.190000
183	0.613653	-0.008855	-0.039705	-0.190000
184	0.566490	0.182359	0.155109	-0.190000
185	0.604308	0.101347	0.052585	-0.190000
186	0.540251	0.266706	0.123377	-0.190000
187	0.578319	0.195774	0.073791	-0.190000
188	0.509074	0.329383	0.102838	-0.190000
189	0.541626	0.233202	0.174593	-0.190000
190	0.578586	-0.170437	0.120062	-0.190000
191	0.599249	0.122208	0.064737	-0.190000
192	0.562015	0.249719	0.002020	-0.190000
193	0.518561	0.319082	-0.086641	-0.190000
194	0.598045	0.098953	-0.103806	-0.190000
195	0.556256	0.251369	0.074954	-0.190000
196	0.593361	0.089203	0.134871	-0.190000
197	0.569241	0.186760	0.138961	-0.190000
198	0.478275	-0.181634	0.341301	-0.190000
199	0.325073	0.508854	-0.116706	-0.190000
200	0.595116	0.125307	-0.091436	-0.190000
201	0.476098	0.332174	-0.203017	-0.190000
202	0.499312	0.358197	-0.024649	-0.190000
203	0.592431	0.140119	0.087275	-0.190000
204	0.558584	0.223119	-0.128169	-0.190000
205	0.537831	0.183451	-0.235178	-0.190000
206	0.574026	0.081208	-0.205244	-0.190000
207	0.536881	0.191920	-0.230543	-0.190000
208	0.552544	0.267177	0.039195	-0.190000
209	0.465338	0.400673	-0.033858	-0.190000
210	0.601463	0.113867	-0.059176	-0.190000
211	0.568106	0.234238	0.024768	-0.190000
212	0.573856	0.219423	-0.027707	-0.190000
213	0.523625	0.114883	0.301404	-0.190000
214	0.469933	0.338022	0.207675	-0.190000
215	0.546663	0.280154	-0.029973	-0.190000
216	0.559319	0.249009	0.058152	-0.190000
217	0.554055	0.256959	0.072255	-0.190000
218	0.588121	-0.000906	0.179828	-0.190000
219	0.605158	-0.049083	0.097980	-0.190000
220	0.566116	-0.008777	0.240127	-0.190000
221	0.574085	-0.015298	0.220039	-0.190000
222	0.483891	-0.013052	0.379347	-0.190000
223	0.609644	-0.057637	-0.056897	-0.190000
224	0.607775	0.074990	0.056664	-0.190000
225	0.601523	-0.101603	-0.077924	-0.190000
226	0.570186	0.128148	-0.191550	-0.190000
227	0.611879	-0.061493	0.006933	-0.190000
228	0.580705	-0.060508	0.193251	-0.190000
229	0.582127	0.148799	0.131195	-0.190000
230	0.574709	-0.133533	0.173505	-0.190000
231	0.556959	-0.038746	0.257915	-0.190000
232	0.577898	0.028758	0.208404	-0.190000
233	0.607858	0.087121	-0.033819	-0.190000
234	0.609912	-0.066698	0.042239	-0.190000
235	0.578366	-0.028346	0.207158	-0.190000
236	0.603134	-0.092635	0.076639	-0.190000
237	0.608706	0.012999	0.086796	-0.190000
238	0.610781	0.068790	-0.020958	-0.190000
239	0.560886	0.247356	0.049464	-0.190000
240	0.591478	-0.033490	0.165096	-0.190000
241	0.578377	0.208904	-0.008020	-0.190000
242	0.606759	0.054499	-0.084254	-0.190000
243	0.612948	-0.029063	0.040935	-0.190000
244	0.605269	0.017881	-0.107493	-0.190000
245	0.590329	-0.169938	0.029296	-0.190000
246	0.583813	0.112650	0.157153	-0.190000
247	0.596157	0.149281	-0.023173	-0.190000
248	0.544760	0.252036	0.133938	-0.190000
249	0.523933	0.110674	0.302441	-0.190000
250	0.607706	-0.068901	0.064587	-0.190000
251	0.587204	-0.114936	-0.142149	-0.190000
252	0.553440	-0.193526	0.185679	-0.190000
253	0.612005	-0.046720	-0.038633	-0.190000
254	0.610185	0.022149	-0.073544	-0.190000
255	0.585663	0.177301	-0.061551	-0.190000
256	0.565245	0.241121	0.024167	-0.190000
257	0.612452	0.055593	-0.006132	-0.190000
258	0.603546	0.108842	-0.045942	-0.190000
259	0.598135	0.142949	0.005007	-0.190000
260	0.606513	-0.092631	-0.042273	-0.190000
261	0.612389	0.013599	-0.054951	-0.190000
262	0.608325	-0.012723	-0.089461	-0.190000
263	0.598221	0.138657	-0.033626	-0.190000
264	0.593802	0.160067	-0.001508	-0.190000
265	0.566200	0.237500	0.035160	-0.190000
266	0.605027	0.094661	0.056629	-0.190000
267	0.574619	0.112767	0.187939	-0.190000
268	0.588637	0.133977	-0.117393	-0.190000
269	0.595930	0.123962	0.087896	-0.190000
270	0.612853	0.021519	-0.046614	-0.190000
271	0.608799	0.024533	-0.083589	-0.190000
272	0.583289	0.034449	0.191866	-0.190000
273	0.601293	-0.048139	-0.119811	-0.190000
274	0.597771	0.138572	0.041142	-0.190000
275	0.568803	0.204947	0.112627	-0.190000
276	0.544130	0.209971	0.195089	-0.190000
277	0.586567	-0.022923	-0.183409	-0.190000
278	0.605849	0.042430	-0.096809	-0.190000
279	0.562813	0.170065	-0.180400	-0.190000
280	0.595184	0.095149	0.122181	-0.190000
281	0.420387	0.441768	-0.079628	-0.190000
282	0.562976	0.228208	0.095942	-0.190000
283	0.509734	0.192077	0.285487	-0.190000
284	0.565605	0.204809	0.127941	-0.190000
285	0.490196	0.286821	0.235938	-0.190000
286	0.606557	0.001583	-0.101546	-0.190000
287	0.614489	-0.016328	0.019024	-0.190000
288	0.594993	0.048968	-0.147685	-0.190000
289	0.571421	0.117452	-0.194700	-0.190000
290	0.578010	0.193067	0.082790	-0.190000
291	0.578410	-0.024940	0.207472	-0.190000
292	0.611375	0.059600	0.029880	-0.190000
293	0.517404	0.312054	0.114633	-0.190000
294	0.561389	0.222933	0.115622	-0.190000
295	0.597255	-0.116154	0.089554	-0.190000
296	0.586601	0.184326	-0.012190	-0.190000
297	0.590507	0.132754	0.109100	-0.190000
298	0.532275	0.170575	0.256539	-0.190000
299	0.560263	0.229848	-0.107239	-0.190000
300	0.569541	0.175433	-0.151893	-0.190000
301	0.580268	0.202524	0.022306	-0.190000
302	0.562497	0.193193	0.156522	-0.190000
303	0.602205	0.109903	-0.059125	-0.190000
304	0.609659	-0.079513	0.014772	-0.190000
305	0.552245	0.248738	-0.106678	-0.190000
306	0.579402	0.174062	0.110550	-0.190000
307	0.545835	0.229197	-0.166608	-0.190000
308	0.549948	0.224224	-0.159706	-0.190000
309	0.597262	0.139549	-0.045040	-0.190000
310	0.543324	0.285372	0.039845	-0.190000
311	0.593240	0.162039	-0.005916	-0.190000
312	0.605320	0.108042	0.011830	-0.190000
313	0.577853	-0.160422	-0.136295	-0.190000
314	0.536553	0.005842	-0.300503	-0.190000
315	0.548272	0.051008	-0.273899	-0.190000
316	0.585089	0.185931	0.036401	-0.190000
317	0.602584	0.091537	-0.082090	-0.190000
318	0.522303	0.319640	0.057048	-0.190000
319	0.590857	0.165440	0.041746	-0.190000
320	0.557889	0.258328	-0.015867	-0.190000
321	0.545083	0.260803	0.114418	-0.190000
322	0.536873	0.161234	0.252975	-0.190000
323	0.580614	0.200592	0.029589	-0.190000
324	0.508396	0.345567	0.018484	-0.190000
325	0.567743	-0.161075	0.173054	-0.190000
326	0.550314	-0.009804	0.274377	-0.190000
327	0.593230	-0.060693	0.150397	-0.190000
328	0.568111	-0.135775	0.192459	-0.190000
329	0.561740	-0.157400	0.194675	-0.190000
330	0.600570	0.132397	0.003331	-0.190000
331	0.584006	0.183507	-0.059055	-0.190000
332	0.583811	0.155117	0.115450	-0.190000
333	0.602593	-0.012511	0.122270	-0.190000
334	0.598917	-0.053816	0.128949	-0.190000
335	0.566743	-0.026840	0.237291	-0.190000
336	0.592043	-0.126933	0.107696	-0.190000
337	0.537529	-0.145109	0.261211	-0.190000
338	0.589092	0.174158	-0.029398	-0.190000
339	0.579749	0.074287	-0.191306	-0.190000
340	0.596559	-0.059433	-0.137148	-0.190000
341	0.611827	0.016123	0.060274	-0.190000
342	0.595352	0.061629	0.141362	-0.190000
343	0.608488	0.012324	0.088404	-0.190000
344	0.580219	0.105825	0.174274	-0.190000
345	0.582292	0.028918	0.195768	-0.190000
346	0.604516	-0.064364	0.092963	-0.190000
347	0.607818	0.004911	0.093588	-0.190000
348	0.612207	0.052499	0.025922	-0.190000
349	0.608933	0.032577	0.079780	-0.190000
350	0.609269	-0.074888	0.037527	-0.190000
351	0.612885	-0.049491	-0.012156	-0.190000
352	0.530748	0.224966	0.214293	-0.190000
353	0.552866	0.068628	0.260488	-0.190000
354	0.614728	0.016644	0.007578	-0.190000
355	0.610903	0.039580	0.058789	-0.190000
356	0.595392	-0.007470	0.153876	-0.190000
357	0.600999	-0.102246	0.081064	-0.190000
358	0.597197	0.103518	0.104234	-0.190000
359	0.603850	-0.008577	0.116261	-0.190000
360	0.512730	0.292735	-0.172160	-0.190000
361	0.572071	0.175379	0.142132	-0.190000
362	0.590285	-0.111194	0.132003	-0.190000
363	0.614589	-0.020315	-0.009647	-0.190000
364	0.610050	0.056093	0.054010	-0.190000
365	0.555496	-0.254985	0.068055	-0.190000
366	0.560848	0.206756	-0.144659	-0.190000
367	0.597106	0.138126	0.051093	-0.190000
368	0.563284	0.188165	0.159782	-0.190000
369	0.590670	0.133345	0.107485	-0.190000
370	0.608465	0.088542	-0.012490	-0.190000
371	0.614323	0.023312	-0.016980	-0.190000
372	0.604128	0.070940	0.090672	-0.190000
373	0.608644	0.087729	0.008983	-0.190000
374	0.567809	0.233270	-0.037463	-0.190000
375	0.582169	0.198240	0.002324	-0.190000
376	0.528075	0.314351	-0.023358	-0.190000
377	0.553007	0.246271	0.108436	-0.190000
378	0.590167	0.172811	0.008000	-0.190000
379	0.585960	0.132856	0.131245	-0.190000
380	0.585820	0.179263	0.053894	-0.190000
381	0.583959	0.141851	0.130749	-0.190000
382	0.577174	0.194884	-0.084351	-0.190000
383	0.599225	0.134007	-0.034591	-0.190000
384	0.575732	0.160543	0.144856	-0.190000
385	0.476730	0.242389	0.303647	-0.190000
386	0.610797	0.067353	-0.024803	-0.190000
387	0.574722	0.140088	-0.168212	-0.190000
388	0.611132	0.068125	0.010067	-0.190000
389	0.510218	0.250296	0.235063	-0.190000
390	0.576026	0.210948	0.043819	-0.190000
391	0.588368	0.037703	0.175004	-0.190000
392	0.503706	0.260721	0.237760	-0.190000
393	0.591229	0.154276	0.069798	-0.190000
394	0.600220	-0.012793	0.133407	-0.190000
395	0.591430	-0.078274	0.149360	-0.190000
396	0.580891	0.201773	0.008869	-0.190000
397	0.573883	0.184168	-0.122335	-0.190000
398	0.596180	0.039231	0.145790	-0.190000
399	0.611510	0.050495	-0.041609	-0.190000
400	0.586211	0.097245	0.158510	-0.190000
401	0.600182	0.116417	0.066738	-0.190000
402	0.610184	-0.031554	-0.070035	-0.190000
403	0.592866	0.162985	0.013066	-0.190000
404	0.547679	0.196729	-0.198922	-0.190000
405	0.581014	0.116487	-0.164554	-0.190000
406	0.571570	0.206138	0.095078	-0.190000
407	0.588554	0.161183	-0.076481	-0.190000
408	0.602941	0.120837	0.009277	-0.190000
409	0.573439	0.191688	-0.112466	-0.190000
410	0.610271	0.075580	-0.009024	-0.190000
411	0.610517	-0.000069	-0.074122	-0.190000
412	0.557835	0.244851	-0.084221	-0.190000
413	0.572644	0.222143	0.030929	-0.190000
414	0.538505	0.239677	-0.175477	-0.190000
415	0.588903	0.165852	0.062538	-0.190000
416	0.551591	0.213461	-0.168544	-0.190000
417	0.594809	0.135397	-0.078071	-0.190000
418	0.597591	0.144250	0.017368	-0.190000
419	0.553471	0.199293	-0.179381	-0.190000
420	0.428537	0.368097	-0.243077	-0.190000
421	0.535752	0.294638	0.066208	-0.190000
422	0.574900	0.197031	-0.094305	-0.190000
423	0.609523	-0.047348	0.066816	-0.190000
424	0.583882	0.120304	0.151109	-0.190000
425	0.559316	0.237503	0.094778	-0.190000
426	0.528640	0.251980	0.187806	-0.190000
427	0.532801	0.306473	0.020555	-0.190000
428	0.519047	0.323237	-0.065827	-0.190000
429	0.576444	0.040745	-0.210421	-0.190000
430	0.486731	-0.281452	0.249205	-0.190000
431	0.601406	-0.125517	0.027954	-0.190000
432	0.600247	-0.093716	0.095636	-0.190000
433	0.488515	-0.091027	0.362343	-0.190000
434	0.441994	0.240493	0.353595	-0.190000
435	0.571892	0.221154	0.047493	-0.190000
436	0.602980	0.084936	-0.086174	-0.190000
437	0.602902	0.117541	0.030310	-0.190000
438	0.544729	0.259432	-0.119126	-0.190000
439	0.608978	-0.013000	0.084864	-0.190000
440	0.588444	-0.104761	0.144859	-0.190000
441	0.506873	-0.260837	0.230800	-0.190000
442	0.552090	-0.124841	0.240491	-0.190000
443	0.322682	-0.001662	0.523544	-0.190000
444	0.592765	0.116932	-0.114810	-0.190000
445	0.595811	0.138991	-0.062577	-0.190000
446	0.614223	0.030483	0.005051	-0.190000
447	0.602216	0.121334	-0.028956	-0.190000
448	0.579514	-0.171905	-0.113301	-0.190000
449	0.611609	-0.064414	0.003272	-0.190000
450	0.608433	0.083400	-0.032841	-0.190000
451	0.604034	0.115141	0.010495	-0.190000
452	0.608704	-0.003970	0.087685	-0.190000
453	0.609689	0.075348	-0.028750	-0.190000
454	0.604132	0.048718	-0.104290	-0.190000
455	0.612647	0.050079	0.019510	-0.190000
456	0.606609	0.099152	0.020471	-0.190000
457	0.585433	0.184717	-0.037045	-0.190000
458	0.613896	-0.035474	-0.009904	-0.190000
459	0.614550	-0.014923	-0.018193	-0.190000
460	0.572576	0.156169	0.161222	-0.190000
461	0.596469	0.010882	0.149437	-0.190000
462	0.612529	-0.048514	0.026081	-0.190000
463	0.558050	-0.108129	-0.234763	-0.190000
464	0.598155	-0.070751	-0.124215	-0.190000
465	0.578151	0.206445	0.036703	-0.190000
466	0.589367	0.152679	0.086950	-0.190000
467	0.603824	0.004703	0.116616	-0.190000
468	0.604944	-0.025600	0.107758	-0.190000
469	0.568379	0.232875	0.030648	-0.190000
470	0.579513	0.039407	-0.202081	-0.190000
471	0.611187	0.059124	0.034344	-0.190000
472	0.596820	0.035619	0.144090	-0.190000
473	0.614351	-0.026828	0.008835	-0.190000
474	0.598214	0.137990	0.036380	-0.190000
475	0.606584	0.100480	0.013593	-0.190000
476	0.586560	0.114762	0.144921	-0.190000
477	0.595523	0.082689	0.129384	-0.190000
478	0.601094	0.042704	-0.122832	-0.190000
479	0.588062	0.004277	0.179973	-0.190000
480	0.593149	0.118105	-0.111582	-0.190000
481	0.599136	0.071978	0.118663	-0.190000
482	0.606441	-0.086966	-0.053771	-0.190000
483	0.596475	-0.116549	0.094119	-0.190000
484	0.595679	0.151803	0.018630	-0.190000
485	0.546660	0.216104	-0.180795	-0.190000
486	0.592967	0.127410	-0.101889	-0.190000
487	0.505645	0.336564	-0.096294	-0.190000
488	0.588415	0.126953	0.125998	-0.190000
489	0.523939	0.288837	0.142430	-0.190000
490	0.573470	0.179581	-0.130799	-0.190000
491	0.592333	0.164259	-0.019649	-0.190000
492	0.567078	0.226077	0.074406	-0.190000
493	0.548953	0.123010	-0.248485	-0.190000
494	0.603975	0.088485	0.074894	-0.190000
495	0.583635	0.184034	0.061049	-0.190000
496	0.377562	0.399555	0.275731	-0.190000
497	0.577709	0.163680	0.132989	-0.190000
498	0.569488	0.156467	-0.171540	-0.190000
499	0.587617	0.115974	-0.139574	-0.190000
500	0.605304	0.044722	-0.099154	-0.190000
501	0.583412	0.123448	-0.150385	-0.190000
502	0.546915	0.278919	0.036241	-0.190000
503	0.505616	0.318826	0.144662	-0.190000
504	0.516310	0.277012	0.186851	-0.190000
505	0.543917	0.238400	0.159827	-0.190000
506	0.482259	0.178011	0.337584	-0.190000
507	0.614080	-0.028444	0.017926	-0.190000
508	0.537455	0.114177	-0.276281	-0.190000
509	0.606625	0.098504	-0.022992	-0.190000
510	0.595690	0.129993	0.080499	-0.190000
511	0.602965	0.121068	0.001111	-0.190000
512	0.553846	0.219093	0.153226	-0.190000
513	0.547999	0.215355	0.177607	-0.190000
514	0.603643	0.111176	0.038475	-0.190000
515	0.597496	0.048267	0.137453	-0.190000
516	0.593465	-0.132204	0.092444	-0.190000
517	0.582314	0.147033	0.132351	-0.190000
518	0.581285	0.113814	-0.165465	-0.190000
519	0.523068	0.165258	-0.278056	-0.190000
520	0.585280	0.188861	0.001839	-0.190000
521	0.613631	0.018601	0.036552	-0.190000
522	0.603540	0.113070	0.034350	-0.190000
523	0.572129	0.219359	-0.052677	-0.190000
524	0.565708	0.080068	-0.227571	-0.190000
525	0.610236	0.037702	-0.066450	-0.190000
526	0.606889	0.031868	-0.094312	-0.190000
527	0.589513	0.163813	-0.062169	-0.190000
528	0.492588	0.177550	-0.322581	-0.190000
529	0.511144	0.186756	-0.286494	-0.190000
530	0.506070	0.348170	0.029924	-0.190000
531	0.581498	0.177388	0.092838	-0.190000
532	0.569720	0.214119	-0.088300	-0.190000
533	0.563487	0.231079	-0.085496	-0.190000
534	0.531214	-0.171765	-0.257940	-0.190000
535	0.606940	-0.066545	-0.073622	-0.190000
536	0.457099	0.202687	-0.358055	-0.190000
537	0.530960	0.308702	0.031772	-0.190000
538	0.582396	0.189349	0.056456	-0.190000
539	0.594003	0.155523	-0.034608	-0.190000
540	0.594094	0.156531	-0.027856	-0.190000
541	0.549947	0.258271	0.095285	-0.190000
542	0.529954	0.271892	0.153130	-0.190000
543	0.467553	0.388817	0.091872	-0.190000
544	0.601315	0.124465	0.033959	-0.190000
545	0.567357	0.233783	0.040941	-0.190000
546	0.611920	-0.032981	0.051876	-0.190000
547	0.567351	-0.203880	0.121535	-0.190000
548	0.613543	0.006338	-0.041835	-0.190000
549	0.561298	-0.095984	0.232285	-0.190000
550	0.456442	-0.040010	0.410225	-0.190000
551	0.520677	0.321080	-0.063467	-0.190000
552	0.598718	-0.026074	-0.138139	-0.190000
553	0.606065	0.075063	0.072631	-0.190000
554	0.581083	0.132163	-0.151989	-0.190000
555	0.577791	-0.133145	0.163264	-0.190000
556	0.541287	-0.215510	0.196949	-0.190000
557	0.564243	-0.122798	0.211602	-0.190000
558	0.552433	0.170087	0.210033	-0.190000
559	0.603842	0.050643	0.105050	-0.190000
560	0.611046	0.069150	0.008146	-0.190000
561	0.612024	0.057644	-0.018139	-0.190000
562	0.608918	-0.057820	-0.064033	-0.190000
563	0.586502	-0.005727	0.184951	-0.190000
564	0.594713	0.056332	0.146178	-0.190000
565	0.522854	0.265195	0.185795	-0.190000
566	0.597835	-0.077981	0.121397	-0.190000
567	0.614942	-0.002528	0.008043	-0.190000
568	0.612463	-0.047318	0.029583	-0.190000
569	0.552799	0.266308	0.041449	-0.190000
570	0.598142	0.134048	-0.049818	-0.190000
571	0.602500	0.038927	0.117063	-0.190000
572	0.612988	0.040812	-0.028367	-0.190000
573	0.606366	0.087400	0.053916	-0.190000
574	0.596615	0.026693	-0.146842	-0.190000
575	0.574250	-0.141760	0.168423	-0.190000
576	0.581098	-0.183788	-0.082293	-0.190000
577	0.611702	0.055590	-0.030900	-0.190000
578	0.593165	0.157251	0.040647	-0.190000
579	0.608202	0.055549	0.072313	-0.190000
580	0.584985	0.188205	0.024434	-0.190000
581	0.609690	-0.038405	0.070910	-0.190000
582	0.612047	0.059875	0.006177	-0.190000
583	0.603751	-0.075205	-0.089746	-0.190000
584	0.599647	0.059421	-0.122955	-0.190000
585	0.606614	-0.063606	-0.078734	-0.190000
586	0.605946	0.104742	0.009121	-0.190000
587	0.487984	0.351347	-0.129042	-0.190000
588	0.608488	0.088194	-0.013742	-0.190000
589	0.598948	0.116820	0.076414	-0.190000
590	0.603575	0.066007	0.097805	-0.190000
591	0.605605	-0.034645	-0.101329	-0.190000
592	0.606758	0.081428	0.058640	-0.190000
593	0.532664	0.136625	-0.275368	-0.190000
594	0.595979	0.086760	0.124527	-0.190000
595	0.570208	0.180348	-0.143395	-0.190000
596	0.548260	0.277245	-0.027777	-0.190000
597	0.607813	0.050412	0.079039	-0.190000
598	0.548910	0.238394	0.141744	-0.190000
599	0.598443	0.130202	0.056020	-0.190000
600	0.605223	0.059186	0.091801	-0.190000
601	0.552273	0.266652	-0.045997	-0.190000
602	0.521561	0.324445	0.030574	-0.190000
603	0.557892	0.238917	-0.099503	-0.190000
604	0.501942	0.350901	0.056103	-0.190000
605	0.464484	0.390169	0.101232	-0.190000
606	0.478413	0.251359	0.293538	-0.190000
607	0.556542	0.255288	0.057563	-0.190000
608	0.588706	0.176300	-0.023843	-0.190000
609	0.613213	0.030604	0.035464	-0.190000
610	0.587662	0.088863	0.158057	-0.190000
611	0.591074	0.150827	0.078155	-0.190000
612	0.594558	0.147844	0.053549	-0.190000
613	0.561094	0.176913	0.179165	-0.190000
614	0.569842	0.129500	0.191663	-0.190000
615	0.579097	0.206565	-0.014229	-0.190000
616	0.577200	0.206675	-0.048486	-0.190000
617	0.593028	0.119872	-0.110335	-0.190000
618	0.559242	0.201396	-0.157839	-0.190000
619	0.535710	0.086925	0.289282	-0.190000
620	0.600844	0.129542	-0.020738	-0.190000
621	0.613268	-0.008963	-0.045249	-0.190000
622	0.511926	0.317364	-0.124247	-0.190000
623	0.605833	-0.102562	0.025935	-0.190000
624	0.614632	0.010454	0.018516	-0.190000
625	0.602915	-0.025591	-0.118591	-0.190000
626	0.527689	0.139962	-0.283160	-0.190000
627	0.554585	0.246767	0.098828	-0.190000
628	0.600931	0.123432	0.043260	-0.190000
629	0.601255	-0.069426	-0.109077	-0.190000
630	0.558092	0.089251	-0.242472	-0.190000
631	0.600644	-0.120749	0.053587	-0.190000
632	0.598865	-0.062335	-0.125299	-0.190000
633	0.600815	-0.008870	-0.131025	-0.190000
634	0.503261	0.313391	-0.163522	-0.190000
635	0.557390	0.188897	-0.178493	-0.190000
636	0.564008	0.124432	-0.211274	-0.190000
637	0.548976	0.277030	-0.010252	-0.190000
638	0.472392	0.393766	-0.004367	-0.190000
639	0.589936	0.110065	0.134487	-0.190000
640	0.604660	-0.016391	-0.111095	-0.190000
641	0.607165	0.039321	-0.089605	-0.190000
642	0.519335	0.316637	-0.090870	-0.190000
643	0.547744	-0.227149	0.163111	-0.190000
644	0.429074	-0.410773	0.159330	-0.190000
645	0.461440	-0.406568	0.000769	-0.190000
646	0.583643	0.171429	0.090544	-0.190000
647	0.495331	0.109119	0.347800	-0.190000
648	0.592695	-0.061765	-0.152060	-0.190000
649	0.585336	0.154940	-0.107704	-0.190000
650	0.607456	0.094423	-0.017507	-0.190000
651	0.598165	0.142463	-0.011280	-0.190000
652	0.539959	0.079594	0.283434	-0.190000
653	0.499455	-0.261455	0.245786	-0.190000
654	0.597826	0.077649	0.121652	-0.190000
655	0.560287	0.247786	0.053908	-0.190000
656	0.543205	0.019682	0.287691	-0.190000
657	0.607411	0.093358	-0.023679	-0.190000
658	0.492628	0.336129	-0.150198	-0.190000
659	0.586899	0.000240	0.183778	-0.190000
660	0.523628	0.263300	0.186312	-0.190000
661	0.612553	-0.018778	0.051490	-0.190000
662	0.605076	-0.020809	0.108051	-0.190000
663	0.614427	-0.000496	-0.026539	-0.190000
664	0.591911	0.051600	0.158757	-0.190000
665	0.611169	-0.037796	0.057173	-0.190000
666	0.608317	0.062505	-0.065330	-0.190000
667	0.607677	0.055477	-0.076656	-0.190000
668	0.595201	0.149170	0.041343	-0.190000
669	0.562659	0.247741	0.016257	-0.190000
670	0.521471	-0.000104	0.326026	-0.190000
671	0.585636	-0.074362	0.172413	-0.190000
672	0.599433	0.124735	0.057847	-0.190000
673	0.589895	-0.169113	-0.040625	-0.190000
674	0.596614	0.060072	0.136630	-0.190000
675	0.556363	0.188424	-0.182159	-0.190000
676	0.577581	-0.208634	-0.033122	-0.190000
677	0.538486	-0.291487	0.057387	-0.190000
678	0.600420	0.016571	0.132083	-0.190000
679	0.525955	0.318686	0.005981	-0.190000
680	0.554111	0.225049	0.143314	-0.190000
681	0.610508	0.047218	0.057226	-0.190000
682	0.576578	0.100765	-0.188757	-0.190000
683	0.596789	0.069127	0.131488	-0.190000
684	0.574586	-0.136217	0.171817	-0.190000
685	0.590595	0.091504	0.145086	-0.190000
686	0.570936	-0.221713	0.055687	-0.190000
687	0.614244	-0.014842	0.026620	-0.190000
688	0.570792	0.224204	0.046408	-0.190000
689	0.584243	0.181056	-0.064061	-0.190000
690	0.592721	0.162126	0.024950	-0.190000
691	0.551437	0.093215	-0.255837	-0.190000
692	0.523337	0.121048	0.299483	-0.190000
693	0.603676	-0.071756	0.093011	-0.190000
694	0.603754	0.087452	0.077835	-0.190000
695	0.552864	0.265438	-0.045921	-0.190000
696	0.548376	0.236178	-0.147405	-0.190000
697	0.608974	0.085670	0.006069	-0.190000
698	0.594906	0.134969	-0.078071	-0.190000
699	0.577624	0.195736	0.079141	-0.190000
700	0.501571	0.291748	0.203800	-0.190000
701	0.587088	0.108669	0.147457	-0.190000
702	0.557310	0.250748	-0.068959	-0.190000
703	0.543140	0.276164	0.083415	-0.190000
704	0.547019	0.280829	-0.011431	-0.190000
705	0.602996	0.108294	-0.053785	-0.190000
706	0.472637	0.362936	-0.152042	-0.190000
707	0.591465	0.160283	0.051998	-0.190000
708	0.518145	0.323936	0.069398	-0.190000
709	0.481619	0.289299	0.250148	-0.190000
710	0.495625	0.345045	0.116298	-0.190000
711	0.569718	0.078353	0.217963	-0.190000
712	0.524978	0.218128	-0.234614	-0.190000
713	0.609124	-0.002676	-0.084767	-0.190000
714	0.463363	0.370721	-0.161511	-0.190000
715	0.575269	0.216809	-0.016863	-0.190000
716	0.523759	0.174211	0.271205	-0.190000
717	0.603792	0.083529	0.081751	-0.190000
718	0.556403	0.089683	0.246166	-0.190000
719	0.556684	0.261350	-0.004975	-0.190000
720	0.594894	-0.038605	0.151114	-0.190000
721	0.613851	-0.036433	-0.009224	-0.190000
722	0.502976	0.003095	-0.353880	-0.190000
723	0.571698	0.174064	-0.145218	-0.190000
724	0.530002	0.311023	0.024243	-0.190000
725	0.588100	0.175255	0.040608	-0.190000
726	0.610420	0.052140	0.053797	-0.190000
727	0.600931	0.129067	0.021193	-0.190000
728	0.511913	0.212198	-0.266725	-0.190000
729	0.586282	-0.156597	-0.099879	-0.190000
730	0.611284	0.066693	0.010420	-0.190000
731	0.613627	0.033780	0.023363	-0.190000
732	0.572656	0.214722	-0.064689	-0.190000
733	0.538286	0.281616	-0.095738	-0.190000
734	0.614402	0.026585	0.005308	-0.190000
735	0.600940	0.106228	0.076232	-0.190000
736	0.575363	0.202749	-0.077942	-0.190000
737	0.429643	0.125064	-0.421889	-0.190000
738	0.427415	-0.286426	-0.336900	-0.190000
739	0.578719	-0.056245	-0.200364	-0.190000
740	0.611734	-0.039502	-0.049453	-0.190000
741	0.580856	0.170057	-0.109144	-0.190000
742	0.512043	0.241021	-0.240720	-0.190000
743	0.578374	0.180541	-0.105418	-0.190000
744	0.564411	0.120655	-0.212386	-0.190000
745	0.361519	0.494152	0.057814	-0.190000
746	0.546856	0.263848	-0.097761	-0.190000
747	0.551080	0.266601	-0.058819	-0.190000
748	0.571831	0.190306	-0.122546	-0.190000
749	0.554424	0.225737	-0.141001	-0.190000
750	0.591107	-0.095161	0.140576	-0.190000
751	0.537372	-0.128746	0.269965	-0.190000
752	0.580273	-0.133021	0.154316	-0.190000
753	0.502812	-0.122607	0.332223	-0.190000
754	0.543435	0.178736	0.225737	-0.190000
755	0.565302	0.237056	-0.049625	-0.190000
756	0.580446	0.050270	-0.196929	-0.190000
757	0.605913	0.104061	-0.016300	-0.190000
758	0.590896	0.075838	-0.152695	-0.190000
759	0.514966	-0.176236	0.286314	-0.190000
760	0.526103	-0.263130	0.179452	-0.190000
761	0.612271	-0.057222	-0.008664	-0.190000
762	0.521456	0.041388	0.323413	-0.190000
763	0.603172	0.022770	-0.117857	-0.190000
764	0.610832	0.062687	0.034343	-0.190000
765	0.604803	-0.100772	0.047787	-0.190000
766	0.613878	0.031605	0.019496	-0.190000
767	0.594335	-0.131904	0.087135	-0.190000
768	0.591640	-0.162527	0.042095	-0.190000
769	0.604605	0.040884	-0.104909	-0.190000
770	0.556323	0.210849	0.155795	-0.190000
771	0.608053	0.088184	0.026838	-0.190000
772	0.605117	0.094632	-0.055705	-0.190000
773	0.597517	0.134124	-0.056651	-0.190000
774	0.590003	0.130044	0.114936	-0.190000
775	0.598062	-0.141973	0.019771	-0.190000
776	0.525063	0.292341	0.130654	-0.190000
777	0.584708	0.040195	0.186350	-0.190000
778	0.587693	0.092497	0.155840	-0.190000
779	0.584540	-0.188843	0.029598	-0.190000
780	0.568420	-0.158684	-0.173040	-0.190000
781	0.604424	0.113448	0.005152	-0.190000
782	0.504281	0.228808	0.267531	-0.190000
783	0.568605	-0.080140	0.220207	-0.190000
784	0.554128	0.188800	0.188471	-0.190000
785	0.613516	0.030736	0.029630	-0.190000
786	0.576218	-0.014866	-0.214423	-0.190000
787	0.585192	-0.173053	-0.076344	-0.190000
788	0.592355	-0.163624	-0.023818	-0.190000
789	0.594430	-0.112783	-0.110265	-0.190000
790	0.581450	0.170200	-0.105705	-0.190000
791	0.576654	0.132225	0.167964	-0.190000
792	0.589703	0.168502	0.045630	-0.190000
793	0.577084	0.178047	0.116184	-0.190000
794	0.534128	0.303620	-0.027332	-0.190000
795	0.581241	-0.036082	-0.197691	-0.190000
796	0.608353	0.089561	0.010519	-0.190000
797	0.613098	0.031369	-0.036763	-0.190000
798	0.613293	0.036778	0.027270	-0.190000
799	0.540442	0.184369	-0.228375	-0.190000
800	0.606877	0.050106	0.086110	-0.190000
801	0.533465	0.298541	0.067178	-0.190000
802	0.614804	-0.004393	0.014882	-0.190000
803	0.613551	0.007082	-0.041588	-0.190000
804	0.598595	0.136549	0.035549	-0.190000
805	0.597808	-0.032395	-0.140715	-0.190000
806	0.526882	0.294623	-0.117548	-0.190000
807	0.541256	0.265180	-0.122256	-0.190000
808	0.576673	0.154392	-0.147772	-0.190000
809	0.607707	0.088603	-0.032662	-0.190000
810	0.480666	0.381818	0.037425	-0.190000
811	0.593455	0.124766	-0.102321	-0.190000
812	0.586007	0.147495	0.114306	-0.190000
813	0.583532	-0.161014	-0.108581	-0.190000
814	0.585457	0.168583	-0.083931	-0.190000
815	0.522984	0.313632	-0.079673	-0.190000
816	0.444299	0.195731	0.377508	-0.190000
817	0.524534	0.243853	0.208865	-0.190000
818	0.557382	0.193598	0.173407	-0.190000
819	0.588986	0.140750	0.107287	-0.190000
820	0.595444	0.152967	-0.016517	-0.190000
821	0.567734	0.183891	-0.148619	-0.190000
822	0.560740	0.237533	-0.085872	-0.190000
823	0.519259	0.323469	-0.062952	-0.190000
824	0.597128	0.091147	0.115563	-0.190000
825	0.591020	-0.005018	0.169985	-0.190000
826	0.587849	0.173410	-0.050872	-0.190000
827	0.592446	-0.162681	0.027714	-0.190000
828	0.608056	0.092102	0.003149	-0.190000
829	0.587973	0.051523	-0.172796	-0.190000
830	0.574179	0.170775	-0.139209	-0.190000
831	0.612710	0.029135	0.044301	-0.190000
832	0.584571	0.190622	0.012842	-0.190000
833	0.571539	0.215148	-0.072658	-0.190000
834	0.556253	0.179935	-0.190868	-0.190000
835	0.545634	-0.119818	0.257201	-0.190000
836	0.597890	0.038941	-0.138696	-0.190000
837	0.610219	0.076246	0.006645	-0.190000
838	0.536627	0.239076	-0.181933	-0.190000
839	0.582884	0.185237	0.064485	-0.190000
840	0.601436	0.018224	0.127150	-0.190000
841	0.558612	0.228380	-0.118409	-0.190000
842	0.501723	0.333672	-0.123135	-0.190000
843	0.541664	-0.270130	-0.108881	-0.190000
844	0.584876	0.102990	-0.159807	-0.190000
845	0.593134	-0.162418	-0.006128	-0.190000
846	0.583211	-0.189554	-0.046462	-0.190000
847	0.585909	0.153674	-0.106396	-0.190000
848	0.589299	0.091405	-0.150323	-0.190000
849	0.434150	0.315747	0.300071	-0.190000
850	0.514048	0.320704	-0.105491	-0.190000
