1	-0.509974	0.054982	-0.339307	-1.660000
2	-0.486776	0.309448	-0.213345	-1.660000
3	-0.595194	-0.004253	-0.154762	-1.660000
4	-0.549838	0.148145	-0.232286	-1.660000
5	-0.514871	-0.158650	-0.296586	-1.660000
6	-0.603511	0.043347	-0.110095	-1.660000
7	-0.573224	-0.180870	-0.130098	-1.660000
8	-0.587388	-0.097341	-0.154030	-1.660000
9	-0.585297	0.016353	-0.188108	-1.660000
10	-0.576977	-0.098768	0.188592	-1.660000
11	-0.562989	-0.190817	0.157662	-1.660000
12	-0.528737	0.134212	0.283988	-1.660000
13	-0.550948	0.262435	0.076220	-1.660000
14	-0.580548	-0.170270	-0.110442	-1.660000
15	-0.577348	-0.085339	-0.193937	-1.660000
16	-0.526875	-0.244639	-0.201940	-1.660000
17	-0.594796	-0.053309	-0.146972	-1.660000
18	-0.605814	-0.026833	0.102443	-1.660000
19	-0.595668	-0.106307	-0.110016	-1.660000
20	-0.614512	0.024478	-0.001188	-1.660000
21	-0.585380	-0.106349	-0.155710	-1.660000
22	-0.614269	0.027786	-0.011248	-1.660000
23	-0.583910	-0.070924	-0.179565	-1.660000
24	-0.555685	-0.060388	-0.256501	-1.660000
25	-0.524044	0.244979	-0.208777	-1.660000
26	-0.611800	0.020534	0.059193	-1.660000
27	-0.608701	0.081745	-0.032030	-1.660000
28	-0.597818	-0.144232	-0.005932	-1.660000
29	-0.582111	0.001433	-0.198418	-1.660000
30	-0.595862	0.012218	0.151738	-1.660000
31	-0.612833	0.040631	0.031774	-1.660000
32	-0.612541	0.052521	0.016124	-1.660000
33	-0.525254	0.056959	-0.314784	-1.660000
34	-0.613221	0.003784	0.046590	-1.660000
35	-0.597329	-0.131974	0.063289	-1.660000
36	-0.581364	-0.115757	-0.163833	-1.660000
37	-0.585836	0.079558	-0.169384	-1.660000
38	-0.592746	-0.012429	0.163471	-1.660000
39	-0.604667	0.098396	-0.054048	-1.660000
40	-0.578953	0.204995	0.031874	-1.660000
41	-0.589346	-0.071126	0.160739	-1.660000
42	-0.608955	-0.085263	-0.011342	-1.660000
43	-0.587657	0.144273	0.109860	-1.660000
44	-0.554668	0.224508	0.142001	-1.660000
45	-0.609354	-0.082089	0.013219	-1.660000
46	-0.507102	-0.343927	0.052788	-1.660000
47	-0.612880	0.007900	-0.050404	-1.660000
48	-0.577225	0.066891	-0.201400	-1.660000
49	-0.578634	0.201485	-0.053021	-1.660000
50	-0.577212	0.124015	0.172255	-1.660000
51	-0.609764	0.070485	0.038004	-1.660000
52	-0.596770	0.081710	-0.124153	-1.660000
53	-0.500991	-0.165849	-0.315796	-1.660000
54	-0.475840	0.134989	-0.365485	-1.660000
55	-0.522148	-0.070103	0.317289	-1.660000
56	-0.534697	-0.293653	0.078055	-1.660000
57	-0.599125	-0.092516	-0.103513	-1.660000
58	-0.583989	-0.188408	-0.041045	-1.660000
59	-0.602672	0.080302	0.092537	-1.660000
60	-0.596553	-0.148315	0.018767	-1.660000
61	-0.579406	0.081700	0.189311	-1.660000
62	-0.610960	0.054218	0.044867	-1.660000
63	-0.584415	0.047524	0.185541	-1.660000
64	-0.601361	0.070718	-0.107649	-1.660000
65	-0.599874	-0.028608	-0.132507	-1.660000
66	-0.612061	0.012141	0.058810	-1.660000
67	-0.611814	-0.061195	0.012806	-1.660000
68	-0.611675	0.038507	0.050954	-1.660000
69	-0.608333	0.046509	-0.077417	-1.660000
70	-0.567513	-0.032819	0.234684	-1.660000
71	-0.600934	0.130109	0.013222	-1.660000
72	-0.613818	0.033609	-0.017979	-1.660000
73	-0.588519	0.088070	-0.155288	-1.660000
74	-0.605427	-0.072198	0.080441	-1.660000
75	-0.477071	0.300298	-0.245866	-1.660000
76	-0.613773	0.000816	0.038821	-1.660000
77	-0.603575	0.088607	-0.077917	-1.660000
78	-0.601401	0.075779	0.103923	-1.660000
79	-0.613725	-0.038009	0.011055	-1.660000
80	-0.599006	-0.124188	0.063201	-1.660000
81	-0.575066	-0.211758	-0.051796	-1.660000
82	-0.539893	-0.183413	-0.230433	-1.660000
83	-0.599095	-0.012478	0.138399	-1.660000
84	-0.609507	0.071966	-0.039334	-1.660000
85	-0.563567	0.222355	0.105713	-1.660000
86	-0.613826	-0.006305	0.037461	-1.660000
87	-0.606457	0.095091	0.037311	-1.660000
88	-0.570848	0.198805	-0.113287	-1.660000
89	-0.597558	0.081354	0.120546	-1.660000
90	-0.614353	-0.006774	-0.027367	-1.660000
91	-0.544267	0.244404	-0.149214	-1.660000
92	-0.568280	0.099606	-0.212984	-1.660000
93	-0.607188	-0.012642	-0.096892	-1.660000
94	-0.589742	0.147043	0.093850	-1.660000
95	-0.609987	-0.075313	0.021657	-1.660000
96	-0.614366	0.013622	0.024363	-1.660000
97	-0.606794	-0.099965	0.005767	-1.660000
98	-0.589623	-0.137656	-0.107801	-1.660000
99	-0.445187	0.179688	0.384377	-1.660000
100	-0.605621	0.103760	-0.026121	-1.660000
101	-0.605952	0.103133	-0.020270	-1.660000
102	-0.568820	0.179700	0.149589	-1.660000
103	-0.533496	0.284907	0.111511	-1.660000
104	-0.607702	0.029738	0.089662	-1.660000
105	-0.590816	0.013734	0.170215	-1.660000
106	-0.601010	-0.062582	0.114434	-1.660000
107	-0.547909	0.004955	0.279278	-1.660000
108	-0.510559	-0.181110	0.291125	-1.660000
109	-0.435822	0.158293	-0.404015	-1.660000
110	-0.604913	0.107885	-0.025805	-1.660000
111	-0.593743	-0.159853	-0.011865	-1.660000
112	-0.555501	-0.262428	-0.027838	-1.660000
113	-0.560528	-0.213180	0.136335	-1.660000
114	-0.602505	0.011430	0.122809	-1.660000
115	-0.593360	0.086978	0.136321	-1.660000
116	-0.587307	-0.176147	0.047621	-1.660000
117	-0.594818	-0.115913	0.104787	-1.660000
118	-0.601543	0.098142	0.082094	-1.660000
119	-0.609524	-0.015177	-0.080469	-1.660000
120	-0.607160	-0.093774	-0.028077	-1.660000
121	-0.602671	0.099789	-0.071097	-1.660000
122	-0.611038	-0.018683	-0.067145	-1.660000
123	-0.535472	-0.096210	-0.286772	-1.660000
124	-0.519996	-0.132334	-0.300528	-1.660000
125	-0.611427	0.042976	-0.050348	-1.660000
126	-0.601238	-0.124440	0.035387	-1.660000
127	-0.455572	-0.408020	-0.064801	-1.660000
128	-0.614851	0.004092	-0.012911	-1.660000
129	-0.594031	-0.091035	0.130630	-1.660000
130	-0.481597	-0.213597	-0.317279	-1.660000
131	-0.598321	0.025946	-0.139870	-1.660000
132	-0.541694	-0.083471	0.278973	-1.660000
133	-0.607769	-0.087857	0.033517	-1.660000
134	-0.589913	0.032980	-0.170705	-1.660000
135	-0.605225	0.059091	-0.091850	-1.660000
136	-0.604755	-0.042076	0.103564	-1.660000
137	-0.591763	-0.082564	0.145687	-1.660000
138	-0.607549	0.032014	0.089913	-1.660000
139	-0.578367	0.037897	-0.205623	-1.660000
140	-0.595265	0.069671	-0.137953	-1.660000
141	-0.569264	-0.230733	-0.030433	-1.660000
142	-0.560241	0.178303	-0.180452	-1.660000
143	-0.554435	0.052416	-0.260921	-1.660000
144	-0.568542	0.170408	0.161078	-1.660000
145	-0.590078	0.056188	0.163937	-1.660000
146	-0.612485	0.049026	-0.026138	-1.660000
147	-0.575461	-0.171819	-0.132467	-1.660000
148	-0.598891	0.063251	0.124717	-1.660000
149	-0.606297	0.067228	0.078160	-1.660000
150	-0.593268	-0.037519	0.157638	-1.660000
151	-0.600273	0.108952	0.077634	-1.660000
152	-0.603105	0.052545	-0.108300	-1.660000
153	-0.611030	0.054898	0.043050	-1.660000
154	-0.587968	0.106515	0.145510	-1.660000
155	-0.612155	0.057096	-0.015205	-1.660000
156	-0.602105	0.106321	-0.066258	-1.660000
157	-0.595960	0.151840	-0.001022	-1.660000
158	-0.600838	-0.119945	0.053212	-1.660000
159	-0.603702	-0.116624	-0.012948	-1.660000
160	-0.596526	-0.066819	0.133853	-1.660000
161	-0.614174	0.030938	0.007613	-1.660000
162	-0.605558	-0.105909	0.017539	-1.660000
163	-0.587176	0.180971	-0.026437	-1.660000
164	-0.586896	0.055269	0.175280	-1.660000
165	-0.589814	-0.173998	0.008296	-1.660000
166	-0.552130	-0.232472	0.139047	-1.660000
167	-0.545264	-0.181250	-0.219228	-1.660000
168	-0.598670	-0.077103	-0.117790	-1.660000
169	-0.609462	-0.002901	0.082300	-1.660000
170	-0.594141	0.110964	0.113617	-1.660000
171	-0.609275	0.011606	-0.082909	-1.660000
172	-0.594478	-0.155464	0.025538	-1.660000
173	-0.607210	0.058815	-0.077859	-1.660000
174	-0.607848	-0.084083	-0.040939	-1.660000
175	-0.583931	-0.154758	-0.115321	-1.660000
176	-0.592700	0.143098	0.080341	-1.660000
177	-0.609762	-0.079924	0.005293	-1.660000
178	-0.546595	-0.192862	0.205582	-1.660000
179	-0.610183	0.016317	-0.075072	-1.660000
180	-0.606836	-0.098690	-0.015349	-1.660000
181	-0.577769	0.064677	-0.200562	-1.660000
182	-0.598230	0.043078	-0.135978	-1.660000
183	-0.606279	0.082996	0.061339	-1.660000
184	-0.561106	0.245615	-0.055303	-1.660000
185	-0.612565	-0.022847	-0.049672	-1.660000
186	-0.613163	0.043959	0.017985	-1.660000
187	-0.592448	0.131655	-0.099484	-1.660000
188	-0.609198	0.063660	-0.055232	-1.660000
189	-0.569294	-0.226126	-0.054737	-1.660000
190	-0.564006	-0.243536	0.028507	-1.660000
191	-0.612301	0.014954	0.055574	-1.660000
192	-0.592612	0.164374	-0.004110	-1.660000
193	-0.611560	0.020809	0.061532	-1.660000
194	-0.607812	-0.064699	0.067853	-1.660000
195	-0.554366	0.263179	0.040503	-1.660000
196	-0.573125	0.112337	0.192699	-1.660000
197	-0.572013	-0.041008	0.222136	-1.660000
198	-0.603697	0.052947	-0.104744	-1.660000
199	-0.609226	-0.078459	-0.030222	-1.660000
200	-0.608018	-0.013462	-0.091419	-1.660000
201	-0.567382	0.230480	0.056400	-1.660000
202	-0.612068	-0.059303	0.009009	-1.660000
203	-0.611632	0.064146	-0.004094	-1.660000
204	-0.590973	-0.150603	0.079337	-1.660000
205	-0.564572	0.130518	0.206030	-1.660000
206	-0.580844	0.049772	-0.195878	-1.660000
207	-0.610435	0.072515	-0.018328	-1.660000
208	-0.605973	-0.048279	-0.093224	-1.660000
209	-0.611593	0.040730	-0.050198	-1.660000
210	-0.546708	0.027721	0.280299	-1.660000
211	-0.600994	-0.115862	0.060059	-1.660000
212	-0.612879	-0.046753	-0.020448	-1.660000
213	-0.601412	-0.074688	0.104641	-1.660000
214	-0.614334	0.007127	-0.027703	-1.660000
215	-0.611973	0.033656	0.050802	-1.660000
216	-0.614167	0.029214	-0.013043	-1.660000
217	-0.597169	0.066521	-0.131108	-1.660000
218	-0.578696	-0.057918	-0.199952	-1.660000
219	-0.552618	-0.060320	-0.263059	-1.660000
220	-0.566889	-0.185888	-0.149356	-1.660000
221	-0.586795	-0.184024	0.005639	-1.660000
222	-0.601533	-0.008397	0.127720	-1.660000
223	-0.601637	-0.080396	-0.098965	-1.660000
224	-0.590542	-0.171296	-0.011954	-1.660000
225	-0.601156	-0.086493	0.096726	-1.660000
226	-0.601820	0.110505	-0.061857	-1.660000
227	-0.568924	0.226533	-0.056857	-1.660000
228	-0.597089	0.047034	-0.139632	-1.660000
229	-0.614931	0.005481	-0.007380	-1.660000
230	-0.614824	0.013400	-0.006034	-1.660000
231	-0.591795	-0.159713	-0.049955	-1.660000
232	-0.580403	-0.076912	-0.188262	-1.660000
233	-0.602291	-0.086539	0.089340	-1.660000
234	-0.610579	0.066943	-0.030614	-1.660000
235	-0.554846	0.256509	0.067636	-1.660000
236	-0.609988	0.076294	0.017862	-1.660000
237	-0.598374	-0.005483	-0.141929	-1.660000
238	-0.548066	-0.076208	-0.268405	-1.660000
239	-0.599878	0.034161	0.131166	-1.660000
240	-0.579574	-0.205702	-0.002382	-1.660000
241	-0.575355	-0.163415	-0.143132	-1.660000
242	-0.600247	-0.034024	0.129504	-1.660000
243	-0.613750	0.002797	-0.039097	-1.660000
244	-0.555287	0.230523	0.129383	-1.660000
245	-0.598398	-0.037468	0.136897	-1.660000
246	-0.581143	-0.197307	-0.039603	-1.660000
247	-0.612668	-0.038516	-0.037134	-1.660000
248	-0.584949	-0.165525	0.093063	-1.660000
249	-0.476016	-0.150074	-0.359321	-1.660000
250	-0.602045	-0.085344	0.092108	-1.660000
251	-0.573336	-0.131787	0.179285	-1.660000
252	-0.611461	0.042283	-0.050527	-1.660000
253	-0.608267	0.075538	0.050299	-1.660000
254	-0.587788	0.105474	0.146988	-1.660000
255	-0.612580	0.045822	0.029508	-1.660000
256	-0.595500	0.121840	0.093593	-1.660000
257	-0.598431	0.115100	-0.082806	-1.660000
258	-0.593823	-0.118907	-0.107051	-1.660000
259	-0.572030	-0.099656	0.202671	-1.660000
260	-0.609943	-0.076224	-0.019592	-1.660000
261	-0.591431	-0.090840	-0.142066	-1.660000
262	-0.599056	-0.138682	-0.011157	-1.660000
263	-0.599050	-0.071512	0.119375	-1.660000
264	-0.585907	0.018946	0.185954	-1.660000
265	-0.611824	0.043769	0.044503	-1.660000
266	-0.601489	0.127985	0.007499	-1.660000
267	-0.561986	0.164378	-0.188088	-1.660000
268	-0.606280	-0.079806	0.065430	-1.660000
269	-0.567709	-0.104935	-0.211945	-1.660000
270	-0.597175	-0.139037	-0.047705	-1.660000
271	-0.587349	-0.157561	0.091761	-1.660000
272	-0.614903	0.000737	-0.010912	-1.660000
273	-0.606443	0.077133	0.067099	-1.660000
274	-0.611939	0.061252	-0.002092	-1.660000
275	-0.604144	-0.112313	0.024908	-1.660000
276	-0.613789	-0.003795	-0.038383	-1.660000
277	-0.592782	0.158845	-0.040041	-1.660000
278	-0.570113	-0.109781	-0.202840	-1.660000
279	-0.613080	0.042231	-0.023973	-1.660000
280	-0.608087	-0.090550	0.016010	-1.660000
281	-0.601459	-0.032269	-0.124220	-1.660000
282	-0.496321	-0.107236	0.346973	-1.660000
283	-0.604760	-0.072121	0.085377	-1.660000
284	-0.604364	-0.110398	-0.027955	-1.660000
285	-0.592314	-0.155987	-0.055291	-1.660000
286	-0.345403	0.145907	-0.487476	-1.660000
287	-0.602914	0.045464	0.112485	-1.660000
288	-0.587365	0.163189	-0.081222	-1.660000
289	-0.596645	0.086595	0.121413	-1.660000
290	-0.599541	0.023986	-0.134910	-1.660000
291	-0.612909	-0.046202	0.020815	-1.660000
292	-0.592579	0.063978	-0.151597	-1.660000
293	-0.610379	0.026274	-0.070512	-1.660000
294	-0.604847	-0.089007	-0.066807	-1.660000
295	-0.610017	-0.018793	-0.075836	-1.660000
296	-0.606317	0.102637	-0.008368	-1.660000
297	-0.610709	-0.058793	0.042457	-1.660000
298	-0.556542	0.258992	0.037538	-1.660000
299	-0.599550	0.090682	0.102674	-1.660000
300	-0.610605	-0.073364	0.001944	-1.660000
301	-0.613894	0.034828	0.012107	-1.660000
302	-0.614102	0.015044	0.029617	-1.660000
303	-0.592759	-0.056452	0.153868	-1.660000
304	-0.559640	0.043912	-0.251197	-1.660000
305	-0.590299	-0.157165	-0.071210	-1.660000
306	-0.604239	0.114522	0.002189	-1.660000
307	-0.583259	0.060207	-0.185495	-1.660000
308	-0.592704	0.108507	0.123100	-1.660000
309	-0.611643	0.061521	-0.018255	-1.660000
310	-0.593438	-0.132317	0.092461	-1.660000
311	-0.573487	-0.222120	0.000846	-1.660000
312	-0.538260	-0.042657	0.294417	-1.660000
313	-0.488886	-0.156945	-0.338503	-1.660000
314	-0.596874	0.144728	0.031944	-1.660000
315	-0.571775	0.219490	-0.055874	-1.660000
316	-0.605183	0.071389	-0.082957	-1.660000
317	-0.555389	0.248855	0.088543	-1.660000
318	-0.575422	-0.181993	0.118294	-1.660000
319	-0.588875	-0.020537	0.176153	-1.660000
320	-0.537322	-0.137666	0.265628	-1.660000
321	-0.600917	-0.130844	-0.001858	-1.660000
322	-0.607454	-0.004700	0.095928	-1.660000
323	-0.571249	-0.137455	0.181676	-1.660000
324	-0.601301	-0.097839	-0.084202	-1.660000
325	-0.612061	0.054850	0.024449	-1.660000
326	-0.533445	-0.122416	-0.280493	-1.660000
327	-0.520576	-0.110761	-0.308152	-1.660000
328	-0.541241	-0.121043	-0.265767	-1.660000
329	-0.601236	0.001298	-0.129377	-1.660000
330	-0.585075	-0.149812	0.116055	-1.660000
331	-0.614370	0.021487	0.017695	-1.660000
332	-0.605092	0.076445	0.079022	-1.660000
333	-0.598608	0.100520	-0.098940	-1.660000
334	-0.602995	0.070344	-0.098358	-1.660000
335	-0.609737	-0.017156	-0.078431	-1.660000
336	-0.546325	-0.098138	-0.264808	-1.660000
337	-0.604286	0.097595	0.059484	-1.660000
338	-0.579426	-0.201599	0.042987	-1.660000
339	-0.569152	0.016386	0.232426	-1.660000
340	-0.605662	0.057469	0.089974	-1.660000
341	-0.611296	0.027455	-0.061552	-1.660000
342	-0.601202	-0.035908	-0.124468	-1.660000
343	-0.585308	0.029273	-0.186501	-1.660000
344	-0.607966	0.086364	0.033813	-1.660000
345	-0.598466	-0.135442	-0.041453	-1.660000
346	-0.612172	0.052914	-0.025899	-1.660000
347	-0.590424	0.009315	-0.171864	-1.660000
348	-0.594093	-0.075021	0.140179	-1.660000
349	-0.573803	0.076447	0.207680	-1.660000
350	-0.612175	-0.015831	-0.056711	-1.660000
351	-0.605133	-0.109517	-0.006714	-1.660000
352	-0.603124	-0.120217	0.003829	-1.660000
353	-0.515208	-0.279126	-0.186747	-1.660000
354	-0.605458	0.094251	-0.052555	-1.660000
355	-0.605879	-0.103075	-0.022614	-1.660000
356	-0.590192	0.171225	-0.024082	-1.660000
357	-0.574195	0.112646	0.189305	-1.660000
358	-0.595602	-0.023424	0.151441	-1.660000
359	-0.614678	0.004754	-0.019314	-1.660000
360	-0.577367	0.175158	0.119130	-1.660000
361	-0.613541	-0.021216	0.036643	-1.660000
362	-0.611144	-0.049203	0.048034	-1.660000
363	-0.610977	-0.012360	0.069131	-1.660000
364	-0.589328	-0.174852	-0.018551	-1.660000
365	-0.598374	-0.055508	0.130736	-1.660000
366	-0.575421	0.216669	0.013036	-1.660000
367	-0.608221	-0.004551	-0.090950	-1.660000
368	-0.598812	-0.132568	0.045552	-1.660000
369	-0.600108	0.024427	-0.132282	-1.660000
370	-0.553756	-0.247376	0.101907	-1.660000
371	-0.584097	-0.131178	-0.140883	-1.660000
372	-0.512171	-0.161786	0.299551	-1.660000
373	-0.550174	-0.265638	0.070497	-1.660000
374	-0.603559	-0.069492	0.095461	-1.660000
375	-0.520398	-0.275684	0.177227	-1.660000
376	-0.574702	0.123717	0.180655	-1.660000
377	-0.614954	-0.002769	-0.007000	-1.660000
378	-0.610006	-0.075613	0.019994	-1.660000
379	-0.604284	-0.006433	-0.114123	-1.660000
380	-0.578023	-0.209845	-0.008914	-1.660000
381	-0.580344	0.124451	0.161052	-1.660000
382	-0.567739	0.084902	0.220656	-1.660000
383	-0.613955	0.010768	-0.034171	-1.660000
384	-0.593531	0.109569	0.118073	-1.660000
385	-0.614286	0.014526	0.025826	-1.660000
386	-0.588569	0.025769	-0.176487	-1.660000
387	-0.589474	-0.172558	0.031127	-1.660000
388	-0.610632	-0.073113	-0.002723	-1.660000
389	-0.608619	-0.040651	-0.078454	-1.660000
390	-0.601467	-0.115277	-0.056335	-1.660000
391	-0.603634	0.084657	-0.081754	-1.660000
392	-0.611920	-0.029712	-0.053818	-1.660000
393	-0.571633	-0.193484	0.118425	-1.660000
394	-0.598347	-0.095638	-0.105165	-1.660000
395	-0.603888	0.115061	0.017479	-1.660000
396	-0.608605	0.088122	-0.007718	-1.660000
397	-0.602141	0.018592	0.123714	-1.660000
398	-0.574223	0.003685	0.220180	-1.660000
399	-0.602345	-0.016372	0.123034	-1.660000
400	-0.605043	-0.097849	0.050725	-1.660000
401	-0.606985	0.044938	-0.088175	-1.660000
402	-0.591201	0.035728	-0.165619	-1.660000
403	-0.579357	0.006156	-0.206233	-1.660000
404	-0.592375	0.115821	-0.117909	-1.660000
405	-0.585613	0.021195	-0.186636	-1.660000
406	-0.612166	-0.053609	0.024580	-1.660000
407	-0.598006	-0.039205	0.138118	-1.660000
408	-0.605674	-0.018846	-0.105020	-1.660000
409	-0.601421	-0.032426	0.124363	-1.660000
410	-0.587610	-0.059284	-0.171537	-1.660000
411	-0.610773	0.028709	-0.066009	-1.660000
412	-0.605099	0.102505	-0.039662	-1.660000
413	-0.606108	0.099028	0.032419	-1.660000
414	-0.526618	0.058563	0.312201	-1.660000
415	-0.602479	-0.031386	0.119412	-1.660000
416	-0.570602	-0.168591	0.155613	-1.660000
417	-0.576989	-0.027165	0.211117	-1.660000
418	-0.530337	0.252485	-0.182261	-1.660000
419	-0.611184	-0.036412	0.057909	-1.660000
420	-0.600704	-0.079069	0.105489	-1.660000
421	-0.585578	-0.083354	-0.168449	-1.660000
422	-0.583529	-0.097619	0.167896	-1.660000
423	-0.610587	-0.053375	0.050587	-1.660000
424	-0.516705	0.051748	0.329490	-1.660000
425	-0.550562	-0.137547	0.237039	-1.660000
426	-0.610896	-0.061293	0.035700	-1.660000
427	-0.542287	-0.228740	0.178402	-1.660000
428	-0.541632	0.028047	-0.289953	-1.660000
429	-0.543096	0.054386	-0.283397	-1.660000
430	-0.599533	0.126558	0.052614	-1.660000
431	-0.599450	0.020201	-0.135928	-1.660000
432	-0.573229	-0.096274	-0.200909	-1.660000
433	-0.582291	-0.117751	0.159051	-1.660000
434	-0.600220	0.102750	-0.086045	-1.660000
435	-0.564072	-0.200972	-0.140206	-1.660000
436	-0.612177	-0.049116	-0.032443	-1.660000
437	-0.605685	-0.028678	-0.102706	-1.660000
438	-0.605013	0.100664	0.045286	-1.660000
439	-0.613926	0.014271	0.033416	-1.660000
440	-0.613853	-0.022192	-0.030277	-1.660000
441	-0.599193	0.052399	0.128246	-1.660000
442	-0.568833	-0.045138	-0.229383	-1.660000
443	-0.588868	-0.115893	-0.134269	-1.660000
444	-0.614079	-0.033493	0.003187	-1.660000
445	-0.585953	-0.186769	0.001014	-1.660000
446	-0.598303	0.111964	-0.087882	-1.660000
447	-0.610136	-0.077107	0.003637	-1.660000
448	-0.600701	0.055269	-0.119705	-1.660000
449	-0.594533	-0.140224	0.071360	-1.660000
450	-0.574796	-0.160609	-0.148456	-1.660000
451	-0.590423	0.046064	0.165842	-1.660000
452	-0.606939	0.094246	0.031116	-1.660000
453	-0.603280	0.040054	-0.112577	-1.660000
454	-0.604508	-0.050337	-0.101295	-1.660000
455	-0.613562	-0.023828	-0.034627	-1.660000
456	-0.592267	0.019039	0.164566	-1.660000
457	-0.608323	0.073817	0.052146	-1.660000
458	-0.567795	0.130297	-0.197120	-1.660000
459	-0.611837	0.054845	-0.029529	-1.660000
460	-0.607103	-0.091800	-0.034978	-1.660000
461	-0.528903	-0.308007	-0.060155	-1.660000
462	-0.476935	-0.388124	0.010834	-1.660000
463	-0.583125	-0.137683	0.138685	-1.660000
464	-0.602453	-0.105571	0.064264	-1.660000
465	-0.612260	0.027261	0.051181	-1.660000
466	-0.570569	0.057031	0.222313	-1.660000
467	-0.614812	-0.011387	0.010065	-1.660000
468	-0.587780	-0.044967	0.175265	-1.660000
469	-0.609164	-0.001150	0.084515	-1.660000
470	-0.578575	-0.040846	-0.204468	-1.660000
471	-0.580228	0.036143	0.200634	-1.660000
472	-0.608262	-0.087199	-0.025275	-1.660000
473	-0.590375	-0.112854	-0.130179	-1.660000
474	-0.611335	-0.060699	0.028460	-1.660000
475	-0.605522	0.101907	0.034401	-1.660000
476	-0.610077	0.077654	0.001213	-1.660000
477	-0.611307	0.066427	-0.010783	-1.660000
478	-0.569941	0.170970	-0.155440	-1.660000
479	-0.529981	-0.068570	-0.304374	-1.660000
480	-0.556392	-0.144433	0.218615	-1.660000
481	-0.609680	-0.076756	-0.024974	-1.660000
482	-0.537483	-0.298869	-0.003859	-1.660000
483	-0.600806	0.080396	0.103893	-1.660000
484	-0.561002	0.044850	0.247971	-1.660000
485	-0.593270	-0.037196	0.157708	-1.660000
486	-0.600140	0.072015	0.113448	-1.660000
487	-0.610611	0.071900	0.014470	-1.660000
488	-0.606238	0.084587	0.059547	-1.660000
489	-0.604719	-0.111960	-0.002169	-1.660000
490	-0.612484	0.033684	-0.044194	-1.660000
491	-0.591090	-0.168077	0.024248	-1.660000
492	-0.586548	-0.018984	0.183920	-1.660000
493	-0.607528	-0.025456	0.092120	-1.660000
494	-0.579788	-0.107120	0.174916	-1.660000
495	-0.602177	-0.045478	0.116362	-1.660000
496	-0.611763	-0.050034	-0.038317	-1.660000
497	-0.596825	-0.147894	-0.012362	-1.660000
498	-0.525694	0.311418	-0.069924	-1.660000
499	-0.600943	-0.097374	-0.087240	-1.660000
500	-0.614605	-0.011441	-0.018827	-1.660000
501	-0.581515	-0.199427	0.017139	-1.660000
502	-0.603669	0.058680	0.101813	-1.660000
503	-0.570775	-0.200102	0.111358	-1.660000
504	-0.598671	0.140276	0.011846	-1.660000
505	-0.602943	-0.097655	-0.071753	-1.660000
506	-0.449163	-0.401714	0.122895	-1.660000
507	-0.607162	0.040157	-0.089255	-1.660000
508	-0.602041	0.036323	-0.120220	-1.660000
509	-0.599392	0.036379	-0.132783	-1.660000
510	-0.611635	0.032001	0.055712	-1.660000
511	-0.592808	0.163668	-0.004073	-1.660000
512	-0.602539	-0.058472	0.108410	-1.660000
513	-0.548445	0.095307	0.261438	-1.660000
514	-0.609716	-0.071155	-0.037524	-1.660000
515	-0.564026	-0.177565	0.169027	-1.660000
516	-0.599690	0.058000	-0.123420	-1.660000
517	-0.570181	-0.053309	-0.224225	-1.660000
518	-0.601951	-0.109875	-0.061705	-1.660000
519	-0.614049	0.023592	-0.024755	-1.660000
520	-0.575937	0.198037	0.085460	-1.660000
521	-0.599992	-0.076648	0.111172	-1.660000
522	-0.573807	-0.172216	-0.138967	-1.660000
523	-0.592636	-0.164114	0.008645	-1.660000
524	-0.597306	0.066639	0.130423	-1.660000
525	-0.596745	-0.004784	-0.148654	-1.660000
526	-0.586808	-0.098917	-0.155231	-1.660000
527	-0.530183	-0.027336	-0.310457	-1.660000
528	-0.577897	0.121346	0.171859	-1.660000
529	-0.611052	0.047553	0.050786	-1.660000
530	-0.604218	-0.074846	0.086857	-1.660000
531	-0.609551	-0.075347	0.031550	-1.660000
532	-0.605160	-0.007638	0.109305	-1.660000
533	-0.606045	0.085205	-0.060620	-1.660000
534	-0.579744	0.202237	-0.034962	-1.660000
535	-0.580184	-0.163825	-0.121545	-1.660000
536	-0.573186	0.040755	-0.219138	-1.660000
537	-0.553336	-0.005535	-0.268354	-1.660000
538	-0.588059	0.171009	-0.056277	-1.660000
539	-0.606838	-0.094960	0.030907	-1.660000
540	-0.607667	0.037696	0.086860	-1.660000
541	-0.565866	-0.205673	-0.125377	-1.660000
542	-0.580954	-0.019960	0.200796	-1.660000
543	-0.607553	-0.064314	0.070481	-1.660000
544	-0.590429	-0.167158	0.040951	-1.660000
545	-0.576305	-0.111282	-0.183614	-1.660000
546	-0.571520	0.125786	-0.189123	-1.660000
547	-0.602285	0.098538	-0.075951	-1.660000
548	-0.589298	-0.064585	-0.163650	-1.660000
549	-0.600785	-0.077644	-0.106084	-1.660000
550	-0.572736	-0.177557	-0.136644	-1.660000
551	-0.556526	-0.214547	0.149912	-1.660000
552	-0.605588	-0.073965	-0.077571	-1.660000
553	-0.614923	0.009005	0.003652	-1.660000
554	-0.607915	0.068498	0.063026	-1.660000
555	-0.610468	-0.074264	-0.006218	-1.660000
556	-0.568353	-0.188840	-0.139785	-1.660000
557	-0.602554	0.005804	-0.122965	-1.660000
558	-0.614195	-0.009001	-0.030141	-1.660000
559	-0.603667	-0.073237	0.091908	-1.660000
560	-0.592547	-0.129878	0.101214	-1.660000
561	-0.596274	0.127760	0.079745	-1.660000
562	-0.600240	-0.005527	0.133813	-1.660000
563	-0.612671	-0.053364	0.003435	-1.660000
564	-0.573824	-0.193085	-0.108024	-1.660000
565	-0.601196	-0.119942	-0.049015	-1.660000
566	-0.602757	-0.051228	0.110836	-1.660000
567	-0.610164	-0.060613	-0.047440	-1.660000
568	-0.606089	-0.072083	0.075396	-1.660000
569	-0.602965	-0.070282	0.098583	-1.660000
570	-0.606617	0.080597	0.061199	-1.660000
571	-0.611390	-0.066527	0.000951	-1.660000
572	-0.612369	-0.056700	-0.003833	-1.660000
573	-0.596414	0.150032	-0.002315	-1.660000
574	-0.608516	0.085175	0.026051	-1.660000
575	-0.552143	-0.155033	0.222099	-1.660000
576	-0.614360	0.004672	0.027656	-1.660000
577	-0.595086	-0.136990	0.073017	-1.660000
578	-0.599168	0.037827	0.133384	-1.660000
579	-0.609166	0.054281	0.064776	-1.660000
580	-0.596344	0.080154	0.127180	-1.660000
581	-0.596131	0.076036	-0.130656	-1.660000
582	-0.584810	0.007095	-0.190190	-1.660000
583	-0.550841	0.052976	0.268314	-1.660000
584	-0.575689	-0.141999	0.163230	-1.660000
585	-0.599507	-0.106832	0.086041	-1.660000
586	-0.614776	-0.014582	0.007947	-1.660000
587	-0.612426	0.056176	0.001825	-1.660000
588	-0.592007	0.153157	-0.065541	-1.660000
589	-0.612354	-0.050437	0.026527	-1.660000
590	-0.603201	-0.028345	-0.116491	-1.660000
591	-0.557819	-0.194451	0.171033	-1.660000
592	-0.588551	-0.127513	0.124793	-1.660000
593	-0.599979	-0.049096	0.125858	-1.660000
594	-0.576387	-0.208344	0.050946	-1.660000
595	-0.610503	-0.055499	0.049306	-1.660000
596	-0.571072	-0.023735	0.227021	-1.660000
597	-0.606029	-0.073352	0.074657	-1.660000
598	-0.613428	0.017284	-0.040398	-1.660000
599	-0.579181	0.200056	-0.052462	-1.660000
600	-0.612445	0.055306	0.008783	-1.660000
601	-0.606457	-0.088777	0.050527	-1.660000
602	-0.612871	-0.051126	0.000041	-1.660000
603	-0.561362	-0.234388	0.090331	-1.660000
604	-0.600479	-0.096983	0.090798	-1.660000
605	-0.608200	-0.091067	0.004956	-1.660000
606	-0.575852	-0.198042	-0.086015	-1.660000
607	-0.563080	0.069959	-0.237215	-1.660000
608	-0.606576	0.027906	0.097531	-1.660000
609	-0.598066	0.106047	0.096414	-1.660000
610	-0.594301	0.040214	0.153018	-1.660000
611	-0.614803	0.001587	0.015484	-1.660000
612	-0.573385	-0.053360	0.215887	-1.660000
613	-0.613203	-0.044193	-0.015952	-1.660000
614	-0.599987	-0.068145	-0.116605	-1.660000
615	-0.614979	-0.001723	-0.004789	-1.660000
616	-0.514073	-0.029689	-0.336262	-1.660000
617	-0.559752	0.178401	0.181867	-1.660000
618	-0.603049	0.107123	-0.055512	-1.660000
619	-0.605853	-0.100456	-0.032791	-1.660000
620	-0.608734	-0.036483	0.079608	-1.660000
621	-0.599524	-0.122971	0.060617	-1.660000
622	-0.612060	-0.054587	0.025055	-1.660000
623	-0.560499	-0.087475	-0.237515	-1.660000
624	-0.607791	-0.064486	-0.068244	-1.660000
625	-0.568735	0.197110	-0.126145	-1.660000
626	-0.595945	0.140668	0.057330	-1.660000
627	-0.599309	-0.137977	0.004031	-1.660000
628	-0.577779	-0.210425	-0.010822	-1.660000
629	-0.578482	-0.176500	-0.111494	-1.660000
630	-0.548363	-0.105259	0.257767	-1.660000
631	-0.595256	-0.058610	-0.143040	-1.660000
632	-0.590102	-0.107676	-0.135686	-1.660000
633	-0.603257	0.045359	-0.110676	-1.660000
634	-0.582074	0.196057	0.031245	-1.660000
635	-0.608819	0.041604	0.076376	-1.660000
636	-0.611581	0.007107	0.064371	-1.660000
637	-0.603937	0.109691	0.038126	-1.660000
638	-0.575833	-0.060930	0.207194	-1.660000
639	-0.606983	-0.075748	0.063711	-1.660000
640	-0.596365	-0.120963	-0.089115	-1.660000
641	-0.562083	-0.051045	-0.244299	-1.660000
642	-0.605864	-0.101788	0.028155	-1.660000
643	-0.555490	0.089172	0.248404	-1.660000
644	-0.594230	0.146974	-0.059286	-1.660000
645	-0.566417	-0.236267	-0.039680	-1.660000
646	-0.574846	-0.207489	-0.068741	-1.660000
647	-0.599320	-0.103677	-0.091060	-1.660000
648	-0.606767	-0.096889	-0.025906	-1.660000
649	-0.580286	-0.121019	0.163851	-1.660000
650	-0.599415	0.058058	-0.124723	-1.660000
651	-0.610963	-0.010412	0.069574	-1.660000
652	-0.610271	-0.070838	-0.027861	-1.660000
653	-0.563585	-0.214499	0.120779	-1.660000
654	-0.587283	-0.178791	0.036846	-1.660000
655	-0.555852	-0.181951	-0.190126	-1.660000
656	-0.604988	-0.007730	0.110251	-1.660000
657	-0.601185	-0.014257	0.128837	-1.660000
658	-0.613103	-0.035249	0.032964	-1.660000
659	-0.564443	0.003923	-0.244159	-1.660000
660	-0.604725	0.015968	0.110806	-1.660000
661	-0.595017	0.029499	-0.152676	-1.660000
662	-0.599264	-0.075003	-0.116115	-1.660000
663	-0.598938	-0.066747	-0.122649	-1.660000
664	-0.597603	0.047928	-0.137110	-1.660000
665	-0.542080	-0.252364	-0.143829	-1.660000
666	-0.600813	-0.049349	-0.121711	-1.660000
667	-0.586191	-0.160368	-0.094276	-1.660000
668	-0.582565	-0.107122	0.165433	-1.660000
669	-0.563195	-0.189783	0.158173	-1.660000
670	-0.612233	-0.004785	0.058076	-1.660000
671	-0.610961	0.070078	-0.006374	-1.660000
672	-0.601156	-0.041058	0.123088	-1.660000
673	-0.556654	0.010425	-0.261252	-1.660000
674	-0.598148	0.017358	-0.141924	-1.660000
675	-0.602920	-0.104005	0.062408	-1.660000
676	-0.596972	-0.124729	0.079327	-1.660000
677	-0.605726	0.022491	0.103995	-1.660000
678	-0.597825	0.035482	0.139899	-1.660000
679	-0.573812	0.212276	0.062484	-1.660000
680	-0.585351	0.097360	0.161586	-1.660000
681	-0.606994	0.084274	-0.051776	-1.660000
682	-0.598558	0.140782	-0.011575	-1.660000
683	-0.596727	-0.137874	-0.055971	-1.660000
684	-0.549215	-0.032963	0.274776	-1.660000
685	-0.605383	-0.096749	-0.048741	-1.660000
686	-0.580820	0.004975	0.202110	-1.660000
687	-0.600841	-0.099984	0.084963	-1.660000
688	-0.606408	0.017047	0.101015	-1.660000
689	-0.604157	-0.005105	-0.114863	-1.660000
690	-0.542510	0.231708	-0.173838	-1.660000
691	-0.602367	0.081963	-0.093062	-1.660000
692	-0.607115	0.097839	-0.008006	-1.660000
693	-0.574662	-0.126294	-0.178992	-1.660000
694	-0.546776	-0.203353	-0.194700	-1.660000
695	-0.585784	-0.186435	0.018014	-1.660000
696	-0.599779	-0.035528	0.131255	-1.660000
697	-0.560343	0.200012	0.155680	-1.660000
698	-0.614088	-0.004899	0.033123	-1.660000
699	-0.610757	-0.049644	0.052311	-1.660000
700	-0.611631	-0.035744	-0.053426	-1.660000
701	-0.580641	-0.126183	-0.158615	-1.660000
702	-0.597152	0.125202	-0.077195	-1.660000
703	-0.555767	-0.010611	-0.263127	-1.660000
704	-0.590204	0.158915	-0.068042	-1.660000
705	-0.576003	-0.195070	0.091615	-1.660000
706	-0.612335	-0.010352	-0.056242	-1.660000
707	-0.553341	-0.227907	0.141763	-1.660000
708	-0.605234	-0.026207	0.105973	-1.660000
709	-0.535751	-0.247427	-0.173136	-1.660000
710	-0.528312	-0.302640	0.086721	-1.660000
711	-0.508547	-0.018766	-0.345329	-1.660000
712	-0.493019	0.105045	-0.352311	-1.660000
713	-0.548996	0.126638	0.246559	-1.660000
714	-0.593391	-0.037470	0.157189	-1.660000
715	-0.608199	0.089653	-0.016770	-1.660000
716	-0.580355	-0.139213	0.148437	-1.660000
717	-0.555136	-0.035903	-0.262221	-1.660000
718	-0.567554	-0.074734	-0.224772	-1.660000
719	-0.607942	0.092626	-0.007220	-1.660000
720	-0.613263	-0.045058	0.010166	-1.660000
721	-0.591888	0.107494	-0.127824	-1.660000
722	-0.607089	0.091973	-0.034778	-1.660000
723	-0.610844	0.061754	-0.035792	-1.660000
724	-0.571552	0.220551	0.053952	-1.660000
725	-0.554048	-0.128352	0.234054	-1.660000
726	-0.551462	-0.270998	-0.025985	-1.660000
727	-0.580893	-0.047636	0.196262	-1.660000
728	-0.535623	-0.183935	0.239793	-1.660000
729	-0.528108	-0.074248	-0.306291	-1.660000
730	-0.593066	0.022089	-0.161276	-1.660000
731	-0.574587	-0.092537	-0.198776	-1.660000
732	-0.602702	0.116201	0.038379	-1.660000
733	-0.585293	0.127551	-0.139241	-1.660000
734	-0.596513	-0.024400	-0.147655	-1.660000
735	-0.599001	-0.030450	-0.135998	-1.660000
736	-0.614933	0.007407	0.005288	-1.660000
737	-0.577830	-0.078926	0.195213	-1.660000
738	-0.589642	0.086796	-0.151704	-1.660000
739	-0.551564	-0.102482	-0.251991	-1.660000
740	-0.539693	0.171492	-0.239888	-1.660000
741	-0.574035	0.208484	-0.072412	-1.660000
742	-0.614499	-0.008399	0.023355	-1.660000
743	-0.601762	0.077479	-0.100521	-1.660000
744	-0.607114	0.087734	-0.044048	-1.660000
745	-0.613041	-0.048368	0.008134	-1.660000
746	-0.610372	-0.062496	-0.042010	-1.660000
747	-0.614959	-0.002694	0.006533	-1.660000
748	-0.603076	-0.113144	-0.041512	-1.660000
749	-0.591239	-0.156283	0.065093	-1.660000
750	-0.611027	0.066678	-0.020612	-1.660000
751	-0.614058	0.021811	0.026110	-1.660000
752	-0.571691	-0.163227	0.157326	-1.660000
753	-0.601675	0.125798	0.019677	-1.660000
754	-0.603361	-0.070429	-0.096025	-1.660000
755	-0.603071	0.036008	-0.115036	-1.660000
756	-0.577227	-0.120922	-0.174392	-1.660000
757	-0.593420	0.136615	-0.086101	-1.660000
758	-0.603576	0.026925	0.114872	-1.660000
759	-0.593709	0.155823	0.038132	-1.660000
760	-0.599218	0.012145	0.137897	-1.660000
761	-0.548277	-0.222546	-0.167601	-1.660000
762	-0.594628	-0.112093	-0.109898	-1.660000
763	-0.607878	-0.039878	0.084376	-1.660000
764	-0.587357	-0.177697	-0.040750	-1.660000
765	-0.610896	0.018046	0.068595	-1.660000
766	-0.595339	-0.120044	-0.096878	-1.660000
767	-0.564697	0.241776	0.029779	-1.660000
768	-0.598893	-0.104278	0.093155	-1.660000
769	-0.592759	-0.008443	-0.163678	-1.660000
770	-0.598705	0.016778	0.139625	-1.660000
771	-0.596560	0.118851	-0.090641	-1.660000
772	-0.433376	-0.435527	0.026955	-1.660000
773	-0.560959	-0.109586	0.227027	-1.660000
774	-0.614276	-0.014935	-0.025832	-1.660000
775	-0.607550	0.008306	-0.095074	-1.660000
776	-0.596144	-0.063187	-0.137276	-1.660000
777	-0.590402	-0.146568	-0.090375	-1.660000
778	-0.591542	-0.060333	-0.157043	-1.660000
779	-0.613585	0.018855	0.037185	-1.660000
780	-0.587449	-0.168178	-0.069604	-1.660000
781	-0.584001	-0.167490	0.095475	-1.660000
782	-0.613055	0.006318	-0.048465	-1.660000
783	-0.602972	0.116835	-0.031617	-1.660000
784	-0.589368	-0.148961	0.093170	-1.660000
785	-0.586223	-0.058628	-0.176438	-1.660000
786	-0.590502	-0.064929	-0.159112	-1.660000
787	-0.613836	-0.031436	0.021025	-1.660000
788	-0.604015	-0.115200	0.010957	-1.660000
789	-0.604563	0.029617	-0.108862	-1.660000
790	-0.576144	0.050274	0.209178	-1.660000
791	-0.552604	0.162847	-0.215256	-1.660000
792	-0.526943	0.277900	-0.152733	-1.660000
793	-0.609203	0.083872	-0.007847	-1.660000
794	-0.585954	-0.184748	0.027407	-1.660000
795	-0.545996	-0.050980	0.278414	-1.660000
796	-0.527500	-0.161807	0.271638	-1.660000
797	-0.596503	-0.125085	-0.082234	-1.660000
798	-0.574992	0.031598	0.215896	-1.660000
799	-0.599606	-0.132849	-0.032383	-1.660000
800	-0.610722	0.065003	0.031904	-1.660000
801	-0.610272	-0.059611	-0.047321	-1.660000
802	-0.477662	0.132308	-0.364086	-1.660000
803	-0.597611	-0.023790	-0.143250	-1.660000
804	-0.538356	-0.170316	-0.243701	-1.660000
805	-0.577330	-0.097933	0.187947	-1.660000
806	-0.606558	-0.099706	-0.019257	-1.660000
807	-0.556981	0.008722	0.260618	-1.660000
808	-0.601175	0.128496	0.017396	-1.660000
809	-0.600434	-0.055653	-0.120860	-1.660000
810	-0.578696	-0.207674	0.014408	-1.660000
811	-0.553465	0.194325	-0.184768	-1.660000
812	-0.609584	-0.068046	0.044741	-1.660000
813	-0.583741	-0.181534	0.067211	-1.660000
814	-0.607689	0.083334	-0.044663	-1.660000
815	-0.607604	0.042978	0.084822	-1.660000
816	-0.580399	0.047645	0.197717	-1.660000
817	-0.534871	-0.273449	0.131772	-1.660000
818	-0.542036	-0.248306	-0.150884	-1.660000
819	-0.612857	0.011827	-0.049908	-1.660000
820	-0.544883	0.196523	-0.206654	-1.660000
821	-0.596264	0.073172	0.131683	-1.660000
822	-0.611711	-0.009265	0.062839	-1.660000
823	-0.576530	0.106707	0.185613	-1.660000
824	-0.608133	-0.020711	0.089276	-1.660000
825	-0.576873	-0.198329	0.078154	-1.660000
826	-0.605092	-0.026301	0.106754	-1.660000
827	-0.562284	-0.246972	-0.032650	-1.660000
828	-0.583496	0.142973	-0.131590	-1.660000
829	-0.608885	-0.076964	0.039507	-1.660000
830	-0.595806	-0.145660	0.044979	-1.660000
831	-0.579569	-0.086403	-0.186706	-1.660000
832	-0.613696	-0.019491	0.034963	-1.660000
833	-0.553210	-0.086442	-0.254384	-1.660000
834	-0.603880	-0.067852	0.094608	-1.660000
835	-0.590901	-0.118506	0.122546	-1.660000
836	-0.566283	0.159867	-0.178861	-1.660000
837	-0.578438	0.026909	-0.207148	-1.660000
838	-0.585430	0.126569	0.139560	-1.660000
839	-0.601223	-0.120036	-0.048443	-1.660000
840	-0.599097	-0.029408	-0.135806	-1.660000
841	-0.589404	0.081794	0.155362	-1.660000
842	-0.559271	0.174538	0.187021	-1.660000
843	-0.525407	-0.088907	-0.307032	-1.660000
844	-0.610419	0.027236	-0.069800	-1.660000
845	-0.598598	0.111548	-0.086382	-1.660000
846	-0.599993	0.134974	-0.003893	-1.660000
847	-0.487141	0.041237	-0.373120	-1.660000
848	-0.614787	-0.015465	-0.004769	-1.660000
849	-0.604141	-0.109511	-0.035294	-1.660000
850	-0.455597	-0.293230	0.290986	-1.660000
