1	0.545503	0.014897	0.283600	-0.170000
2	0.593393	-0.045089	-0.155165	-0.170000
3	0.574769	0.218779	-0.001346	-0.170000
4	0.501124	0.350462	0.065391	-0.170000
5	0.612816	-0.051213	0.007669	-0.170000
6	0.593847	0.144036	0.069455	-0.170000
7	0.565240	-0.242321	0.003083	-0.170000
8	0.597395	-0.145819	-0.009005	-0.170000
9	0.439796	-0.412376	-0.121452	-0.170000
10	0.558733	0.187801	0.175423	-0.170000
11	0.556504	0.095040	0.243918	-0.170000
12	0.551864	0.260265	0.077027	-0.170000
13	0.598832	0.122190	-0.068517	-0.170000
14	0.604917	-0.002260	-0.110882	-0.170000
15	0.599144	0.044096	0.131558	-0.170000
16	0.593713	-0.022378	0.158836	-0.170000
17	0.567730	-0.048125	0.231500	-0.170000
18	0.598523	0.135490	0.040465	-0.170000
19	0.562908	-0.243746	-0.044125	-0.170000
20	0.601716	0.125788	0.018456	-0.170000
21	0.607644	0.082655	-0.046493	-0.170000
22	0.514730	-0.153414	0.299571	-0.170000
23	0.511275	0.040147	0.339428	-0.170000
24	0.583947	0.157493	0.111479	-0.170000
25	0.485304	0.145765	0.348507	-0.170000
26	0.589362	-0.116692	0.131381	-0.170000
27	0.601916	-0.047068	0.117074	-0.170000
28	0.530461	-0.208589	-0.230926	-0.170000
29	0.601317	-0.126383	0.025887	-0.170000
30	0.604184	0.046762	0.104879	-0.170000
31	0.583362	0.191952	0.032681	-0.170000
32	0.593159	-0.026987	0.160185	-0.170000
33	0.590764	0.170947	-0.000195	-0.170000
34	0.496409	0.314399	0.181539	-0.170000
35	0.557280	-0.019623	0.259381	-0.170000
36	0.492968	-0.235119	-0.282713	-0.170000
37	0.600770	0.017375	-0.130378	-0.170000
38	0.609759	-0.079853	0.006531	-0.170000
39	0.531036	0.272775	0.147713	-0.170000
40	0.538393	0.143215	0.260475	-0.170000
41	0.604917	0.090425	-0.064214	-0.170000
42	0.581273	0.067580	0.189156	-0.170000
43	0.539002	0.218301	0.200115	-0.170000
44	0.603756	0.102224	-0.057049	-0.170000
45	0.533667	0.172507	-0.252322	-0.170000
46	0.579156	0.183436	-0.095677	-0.170000
47	0.613752	0.018112	-0.034716	-0.170000
48	0.583009	0.144617	0.131953	-0.170000
49	0.582065	0.165637	-0.109496	-0.170000
50	0.610918	0.070712	-0.001911	-0.170000
51	0.476615	0.159485	0.354440	-0.170000
52	0.541332	0.201932	0.210732	-0.170000
53	0.585883	0.171653	0.074173	-0.170000
54	0.594922	0.152690	-0.031278	-0.170000
55	0.602529	0.048925	-0.113095	-0.170000
56	0.582432	0.185076	0.068878	-0.170000
57	0.520428	0.327645	0.005310	-0.170000
58	0.566941	0.163295	-0.173601	-0.170000
59	0.586635	0.183199	-0.022859	-0.170000
60	0.532090	0.265563	0.156786	-0.170000
61	0.583560	0.096420	0.168481	-0.170000
62	0.602693	0.030586	-0.118537	-0.170000
63	0.565322	0.241782	0.013313	-0.170000
64	0.558735	0.169471	-0.193182	-0.170000
65	0.595560	0.136205	-0.070583	-0.170000
66	0.593855	0.156896	-0.030737	-0.170000
67	0.614964	-0.002554	0.006179	-0.170000
68	0.481432	0.365578	0.113140	-0.170000
69	0.511873	0.321607	0.113047	-0.170000
70	0.536849	0.277415	0.114277	-0.170000
71	0.577009	0.208010	-0.044917	-0.170000
72	0.578630	0.113089	-0.174993	-0.170000
73	0.550069	0.258737	-0.093296	-0.170000
74	0.614418	0.025046	0.009412	-0.170000
75	0.608690	-0.073396	-0.048315	-0.170000
76	0.524173	0.305385	0.101032	-0.170000
77	0.614209	0.007580	-0.030238	-0.170000
78	0.579807	0.133101	-0.155992	-0.170000
79	0.563718	0.232268	-0.080611	-0.170000
80	0.587500	-0.029466	0.179446	-0.170000
81	0.554825	0.238071	0.117118	-0.170000
82	0.606740	0.084352	0.054559	-0.170000
83	0.613626	0.031777	-0.026042	-0.170000
84	0.579271	0.198247	-0.058035	-0.170000
85	0.596756	0.133334	0.065799	-0.170000
86	0.544384	0.285972	0.009542	-0.170000
87	0.606852	0.099291	-0.009821	-0.170000
88	0.551880	0.223799	0.153515	-0.170000
89	0.575716	0.175477	0.126429	-0.170000
90	0.598702	-0.094109	-0.104521	-0.170000
91	0.598013	0.035889	0.138985	-0.170000
92	0.590685	0.147162	0.087515	-0.170000
93	0.579223	0.177290	-0.106274	-0.170000
94	0.539497	0.295173	0.006346	-0.170000
95	0.568901	0.122733	0.198780	-0.170000
96	0.602459	0.100278	-0.072196	-0.170000
97	0.580535	0.086078	0.183834	-0.170000
98	0.611491	0.033471	0.056420	-0.170000
99	0.613706	0.038628	-0.009868	-0.170000
100	0.608829	0.083418	0.024364	-0.170000
101	0.580511	-0.202415	-0.016119	-0.170000
102	0.592074	-0.065468	-0.152928	-0.170000
103	0.599056	-0.003767	-0.139078	-0.170000
104	0.512755	-0.033413	-0.337922	-0.170000
105	0.586328	0.168373	-0.078070	-0.170000
106	0.565783	0.107057	-0.215995	-0.170000
107	0.609321	0.079145	0.026243	-0.170000
108	0.527931	0.287671	0.129456	-0.170000
109	0.549402	-0.210240	-0.179394	-0.170000
110	0.571054	-0.228302	-0.000043	-0.170000
111	0.581547	0.189957	-0.062805	-0.170000
112	0.586211	0.015682	-0.185298	-0.170000
113	0.540389	0.214228	-0.200776	-0.170000
114	0.524941	-0.247154	-0.203904	-0.170000
115	0.562490	0.228668	-0.097676	-0.170000
116	0.541615	0.064269	0.284161	-0.170000
117	0.526930	0.217336	0.230944	-0.170000
118	0.587957	-0.020686	0.179175	-0.170000
119	0.593809	0.092822	-0.130386	-0.170000
120	0.586152	0.175766	-0.061300	-0.170000
121	0.529916	0.295408	0.100737	-0.170000
122	0.570855	-0.081358	0.213847	-0.170000
123	0.611184	-0.068402	-0.000883	-0.170000
124	0.586267	-0.069204	0.172413	-0.170000
125	0.594475	-0.124432	-0.096649	-0.170000
126	0.593283	0.158911	0.031424	-0.170000
127	0.605615	0.016712	-0.105718	-0.170000
128	0.598361	0.117026	0.080584	-0.170000
129	0.613026	0.037980	-0.031327	-0.170000
130	0.594879	-0.043071	0.149963	-0.170000
131	0.597735	-0.042289	-0.138381	-0.170000
132	0.573267	-0.200601	0.096689	-0.170000
133	0.614190	0.015919	0.027253	-0.170000
134	0.610096	-0.004281	0.077393	-0.170000
135	0.586674	0.148117	0.109998	-0.170000
136	0.575671	0.202953	-0.075088	-0.170000
137	0.585097	-0.045571	0.183875	-0.170000
138	0.571986	0.136465	0.180095	-0.170000
139	0.583858	0.191142	0.028283	-0.170000
140	0.612401	0.054501	0.014832	-0.170000
141	0.611811	0.018018	-0.059896	-0.170000
142	0.554205	-0.201996	0.174010	-0.170000
143	0.571868	0.161549	0.158412	-0.170000
144	0.596704	0.123265	0.083517	-0.170000
145	0.571051	0.143775	0.177356	-0.170000
146	0.612884	-0.015635	-0.048520	-0.170000
147	0.477151	0.351099	0.165171	-0.170000
148	0.527194	0.230557	0.217106	-0.170000
149	0.603710	0.114741	0.024366	-0.170000
150	0.573581	0.217099	0.045803	-0.170000
151	0.542330	0.249510	0.147810	-0.170000
152	0.580196	0.201317	0.032698	-0.170000
153	0.607199	0.092229	-0.032066	-0.170000
154	0.603680	0.032773	0.112788	-0.170000
155	0.575797	0.005042	0.216002	-0.170000
156	0.500991	0.351890	-0.058368	-0.170000
157	0.606698	0.018260	-0.099039	-0.170000
158	0.600055	-0.001099	0.134751	-0.170000
159	0.602639	0.112192	-0.049637	-0.170000
160	0.609148	0.044455	0.072026	-0.170000
161	0.556133	0.240014	-0.106463	-0.170000
162	0.528500	0.297652	0.101570	-0.170000
163	0.596689	0.129425	0.073728	-0.170000
164	0.519274	0.279908	0.173870	-0.170000
165	0.609950	0.073259	0.028628	-0.170000
166	0.604679	0.085438	0.072726	-0.170000
167	0.613326	0.028163	-0.035543	-0.170000
168	0.579248	0.109258	-0.175385	-0.170000
169	0.612808	-0.015622	-0.049476	-0.170000
170	0.585268	0.181360	-0.052868	-0.170000
171	0.584447	0.106093	0.159346	-0.170000
172	0.583305	-0.085921	-0.174923	-0.170000
173	0.608932	0.083031	-0.023087	-0.170000
174	0.548010	0.229017	-0.159566	-0.170000
175	0.612389	0.056560	-0.002359	-0.170000
176	0.501411	0.291751	0.204189	-0.170000
177	0.471111	0.379580	0.110445	-0.170000
178	0.532604	0.279747	0.127669	-0.170000
179	0.605403	-0.019361	-0.106479	-0.170000
180	0.584322	0.191798	0.002609	-0.170000
181	0.595033	0.115163	-0.104394	-0.170000
182	0.549424	0.204657	-0.185673	-0.170000
183	0.584984	0.061054	-0.179698	-0.170000
184	0.596714	0.140634	-0.048775	-0.170000
185	0.511708	0.333577	-0.071458	-0.170000
186	0.589868	0.165519	-0.053708	-0.170000
187	0.589018	0.147062	-0.098261	-0.170000
188	0.532412	0.271953	0.144238	-0.170000
189	0.612739	-0.039718	0.034613	-0.170000
190	0.576028	0.215266	0.008811	-0.170000
191	0.599026	0.139176	0.004837	-0.170000
192	0.600331	0.132032	-0.019881	-0.170000
193	0.508119	0.339351	-0.069863	-0.170000
194	0.529228	0.177753	-0.257968	-0.170000
195	0.596881	0.120148	-0.086735	-0.170000
196	0.524102	0.251946	0.200165	-0.170000
197	0.549154	0.224512	-0.162017	-0.170000
198	0.605432	-0.106096	0.020502	-0.170000
199	0.505786	0.347030	-0.044443	-0.170000
200	0.593299	0.050357	-0.153902	-0.170000
201	0.614492	-0.006927	0.024024	-0.170000
202	0.587854	0.110632	-0.142875	-0.170000
203	0.601983	0.060589	-0.110317	-0.170000
204	0.526123	0.140454	0.285818	-0.170000
205	0.556741	0.171879	0.196780	-0.170000
206	0.591517	-0.125911	-0.111708	-0.170000
207	0.557069	-0.213449	0.149460	-0.170000
208	0.459180	-0.196310	-0.358944	-0.170000
209	0.566018	0.179501	-0.160090	-0.170000
210	0.573234	-0.047054	-0.217746	-0.170000
211	0.570212	0.112238	-0.201211	-0.170000
212	0.610602	0.073349	0.003096	-0.170000
213	0.583366	0.133260	0.141954	-0.170000
214	0.533573	-0.061007	0.299671	-0.170000
215	0.568200	0.211545	-0.103065	-0.170000
216	0.594148	0.057133	-0.148154	-0.170000
217	0.576614	0.113114	0.181513	-0.170000
218	0.473013	-0.100881	0.379878	-0.170000
219	0.594981	-0.097374	0.121415	-0.170000
220	0.598517	-0.119409	0.075792	-0.170000
221	0.584401	-0.071702	0.177650	-0.170000
222	0.584244	-0.115837	0.153187	-0.170000
223	0.579709	0.160371	-0.128232	-0.170000
224	0.595475	0.153405	0.010064	-0.170000
225	0.604626	0.112461	-0.002199	-0.170000
226	0.598449	0.049617	0.132747	-0.170000
227	0.603926	-0.108464	-0.041647	-0.170000
228	0.593365	0.148671	-0.063560	-0.170000
229	0.596988	0.018231	0.146621	-0.170000
230	0.592184	0.141229	0.087167	-0.170000
231	0.566882	0.095430	0.218548	-0.170000
232	0.594297	0.026510	-0.155992	-0.170000
233	0.607858	0.087121	-0.033819	-0.170000
234	0.609912	-0.066698	0.042239	-0.170000
235	0.587501	0.164538	0.077427	-0.170000
236	0.558711	-0.127830	0.222995	-0.170000
237	0.614142	-0.020615	-0.025094	-0.170000
238	0.580983	-0.121406	0.161072	-0.170000
239	0.610957	-0.059008	0.038407	-0.170000
240	0.592350	-0.155655	-0.055843	-0.170000
241	0.577355	0.025791	0.210288	-0.170000
242	0.612077	0.003167	0.059809	-0.170000
243	0.596888	0.094827	0.113833	-0.170000
244	0.612168	-0.014969	0.057016	-0.170000
245	0.609472	-0.078274	0.025341	-0.170000
246	0.609098	0.074244	0.041382	-0.170000
247	0.559473	0.121148	0.224807	-0.170000
248	0.560496	0.250822	0.034024	-0.170000
249	0.588309	-0.040458	-0.174588	-0.170000
250	0.604931	0.000008	0.110833	-0.170000
251	0.557444	0.192659	0.174250	-0.170000
252	0.610819	0.071515	0.003341	-0.170000
253	0.611519	0.042510	0.049620	-0.170000
254	0.613720	0.018075	0.035294	-0.170000
255	0.562066	0.095874	0.230467	-0.170000
256	0.553763	0.147322	0.223311	-0.170000
257	0.590873	0.134117	-0.105387	-0.170000
258	0.537841	0.145708	-0.260233	-0.170000
259	0.592511	0.132789	0.097584	-0.170000
260	0.518183	0.214347	0.252522	-0.170000
261	0.608209	0.088854	-0.020308	-0.170000
262	0.598670	0.047631	-0.132478	-0.170000
263	0.575159	0.217708	0.004555	-0.170000
264	0.591508	0.147380	0.081379	-0.170000
265	0.573455	0.025446	0.220742	-0.170000
266	0.555747	0.228907	0.130278	-0.170000
267	0.546690	0.127932	0.250975	-0.170000
268	0.597672	-0.014156	-0.144267	-0.170000
269	0.596432	0.085573	-0.123173	-0.170000
270	0.614029	0.022613	0.026125	-0.170000
271	0.568678	0.206761	-0.109912	-0.170000
272	0.575937	0.212511	-0.036885	-0.170000
273	0.588398	0.167436	0.063072	-0.170000
274	0.560927	0.233137	-0.096091	-0.170000
275	0.610745	-0.064576	0.032330	-0.170000
276	0.588412	0.102105	0.146871	-0.170000
277	0.585693	0.172317	-0.074133	-0.170000
278	0.609188	0.043743	-0.072125	-0.170000
279	0.597437	0.125003	-0.075284	-0.170000
280	0.575008	0.207023	-0.068788	-0.170000
281	0.587213	0.173922	-0.056186	-0.170000
282	0.597272	0.145357	-0.019026	-0.170000
283	0.538957	0.295819	-0.015553	-0.170000
284	0.571115	0.118042	0.195241	-0.170000
285	0.584585	0.190509	-0.013830	-0.170000
286	0.574160	0.121259	-0.184015	-0.170000
287	0.602159	0.081142	-0.095105	-0.170000
288	0.557739	0.244198	-0.086716	-0.170000
289	0.559844	0.182272	-0.177698	-0.170000
290	0.586099	0.173475	-0.067963	-0.170000
291	0.545384	0.252953	-0.129599	-0.170000
292	0.576282	0.203552	0.068491	-0.170000
293	0.591549	0.168209	0.000120	-0.170000
294	0.613919	-0.011345	0.034634	-0.170000
295	0.613279	0.032391	0.032637	-0.170000
296	0.610368	-0.031858	0.068268	-0.170000
297	0.613137	0.039875	0.026420	-0.170000
298	0.603082	0.099523	-0.067915	-0.170000
299	0.578492	0.198555	-0.064403	-0.170000
300	0.601136	0.105128	0.076218	-0.170000
301	0.548722	0.267888	-0.073249	-0.170000
302	0.543120	0.276400	-0.082760	-0.170000
303	0.563581	-0.241255	0.048967	-0.170000
304	0.600908	0.021934	0.129048	-0.170000
305	0.610971	0.055049	-0.043689	-0.170000
306	0.603304	0.118770	-0.011972	-0.170000
307	0.559401	0.179774	-0.181596	-0.170000
308	0.458503	0.360743	-0.194589	-0.170000
309	0.577175	0.183207	0.107375	-0.170000
310	0.592392	0.164899	0.010240	-0.170000
311	0.570003	0.177663	0.147503	-0.170000
312	0.548124	0.235950	0.148704	-0.170000
313	0.530267	-0.290209	0.113225	-0.170000
314	0.569871	-0.230700	-0.015790	-0.170000
315	0.604706	-0.039036	-0.105032	-0.170000
316	0.536199	0.051872	-0.296690	-0.170000
317	0.605463	0.056676	-0.091800	-0.170000
318	0.601348	0.128564	0.008753	-0.170000
319	0.563660	0.226150	0.096793	-0.170000
320	0.576221	0.198750	0.081807	-0.170000
321	0.587548	0.181183	-0.013598	-0.170000
322	0.544758	0.016678	0.284931	-0.170000
323	0.566157	0.235072	-0.049322	-0.170000
324	0.612421	0.047359	0.030365	-0.170000
325	0.568527	0.009110	0.234348	-0.170000
326	0.564058	0.087266	0.229015	-0.170000
327	0.493468	-0.161289	0.329697	-0.170000
328	0.586633	-0.161047	0.090283	-0.170000
329	0.560710	-0.250985	0.028905	-0.170000
330	0.607055	0.083696	0.052005	-0.170000
331	0.557957	0.227918	-0.122323	-0.170000
332	0.554645	0.196351	-0.178997	-0.170000
333	0.608345	0.017140	0.088587	-0.170000
334	0.588082	0.016205	0.179225	-0.170000
335	0.581733	-0.146418	0.135549	-0.170000
336	0.592043	-0.126933	0.107696	-0.170000
337	0.593136	0.032956	0.159148	-0.170000
338	0.592760	0.082580	-0.141568	-0.170000
339	0.581586	0.141846	0.140936	-0.170000
340	0.611070	0.069385	0.002127	-0.170000
341	0.564998	0.093512	0.224183	-0.170000
342	0.572026	-0.092895	0.205869	-0.170000
343	0.604458	0.104455	0.044098	-0.170000
344	0.580219	0.105825	0.174274	-0.170000
345	0.590901	-0.022256	0.169015	-0.170000
346	0.592340	-0.161166	0.037202	-0.170000
347	0.598070	-0.045134	0.136013	-0.170000
348	0.593613	0.095018	0.129690	-0.170000
349	0.606517	0.100896	-0.013473	-0.170000
350	0.614110	0.001185	0.033047	-0.170000
351	0.605484	0.107204	-0.011008	-0.170000
352	0.599073	-0.079136	0.114344	-0.170000
353	0.613822	-0.037833	-0.003976	-0.170000
354	0.607489	-0.032791	0.090035	-0.170000
355	0.603228	0.100309	-0.065416	-0.170000
356	0.584563	-0.008202	0.190902	-0.170000
357	0.614952	0.007411	-0.002042	-0.170000
358	0.599943	0.004791	-0.135168	-0.170000
359	0.574136	0.134216	0.174868	-0.170000
360	0.531675	0.296574	-0.087125	-0.170000
361	0.535502	0.163853	-0.254195	-0.170000
362	0.588095	-0.103914	-0.146872	-0.170000
363	0.509823	0.339966	0.052239	-0.170000
364	0.610050	0.056093	0.054010	-0.170000
365	0.607563	0.081537	0.049431	-0.170000
366	0.472523	-0.065485	0.388148	-0.170000
367	0.554093	0.096607	0.248742	-0.170000
368	0.546963	0.242601	-0.142130	-0.170000
369	0.610521	0.050282	-0.054412	-0.170000
370	0.610614	0.073253	-0.003111	-0.170000
371	0.614323	0.023312	-0.016980	-0.170000
372	0.573459	0.205232	-0.085144	-0.170000
373	0.606182	0.099607	-0.029092	-0.170000
374	0.551245	0.258054	0.088103	-0.170000
375	0.549511	0.248701	0.120045	-0.170000
376	0.579172	0.180220	-0.101517	-0.170000
377	0.481437	0.342432	0.170831	-0.170000
378	0.596389	0.095000	-0.116278	-0.170000
379	0.597397	-0.018487	-0.144914	-0.170000
380	0.547568	0.218055	-0.175631	-0.170000
381	0.578272	0.162875	0.131521	-0.170000
382	0.572852	0.221683	0.030363	-0.170000
383	0.600777	0.131183	-0.009108	-0.170000
384	0.575825	0.165249	0.139082	-0.170000
385	0.590709	0.122555	0.119450	-0.170000
386	0.574800	0.141986	-0.166344	-0.170000
387	0.593951	0.069130	-0.143765	-0.170000
388	0.581467	0.198943	-0.023288	-0.170000
389	0.513899	0.337819	-0.003332	-0.170000
390	0.600211	0.102337	0.086598	-0.170000
391	0.570398	0.229512	0.013962	-0.170000
392	0.576622	0.199956	0.075829	-0.170000
393	0.529401	0.196871	0.243313	-0.170000
394	0.596919	0.031255	0.144693	-0.170000
395	0.597454	0.117492	0.086425	-0.170000
396	0.588024	0.175128	0.042221	-0.170000
397	0.559820	0.234969	-0.098063	-0.170000
398	0.544477	0.213683	0.190025	-0.170000
399	0.573743	0.192054	0.110267	-0.170000
400	0.558449	0.216980	0.138849	-0.170000
401	0.613451	0.004157	0.043419	-0.170000
402	0.582456	-0.121752	0.155390	-0.170000
403	0.606933	-0.076438	-0.063362	-0.170000
404	0.561648	-0.058862	-0.243539	-0.170000
405	0.459519	0.408633	0.009307	-0.170000
406	0.614450	0.006413	-0.025193	-0.170000
407	0.605982	0.096651	-0.040855	-0.170000
408	0.532033	0.267817	0.153103	-0.170000
409	0.599156	0.122753	0.064567	-0.170000
410	0.595324	-0.130795	0.081894	-0.170000
411	0.608318	-0.066114	-0.061665	-0.170000
412	0.548286	0.072909	-0.268870	-0.170000
413	0.603018	0.093154	-0.076917	-0.170000
414	0.614409	0.004627	-0.026552	-0.170000
415	0.612415	-0.051367	0.023119	-0.170000
416	0.603386	0.118761	-0.006823	-0.170000
417	0.589375	0.141359	0.104307	-0.170000
418	0.578443	-0.178203	-0.108963	-0.170000
419	0.600969	-0.016888	-0.129521	-0.170000
420	0.603864	0.096937	-0.064631	-0.170000
421	0.564647	-0.071787	-0.232905	-0.170000
422	0.583932	0.093947	-0.168589	-0.170000
423	0.589034	0.033573	-0.173598	-0.170000
424	0.560456	0.240762	-0.078407	-0.170000
425	0.612591	-0.002564	0.054320	-0.170000
426	0.573999	0.220780	-0.002590	-0.170000
427	0.574271	0.192500	-0.106682	-0.170000
428	0.600496	-0.105201	0.081008	-0.170000
429	0.605747	-0.092055	-0.053119	-0.170000
430	0.555970	-0.172705	0.198231	-0.170000
431	0.582952	-0.154240	0.120839	-0.170000
432	0.561873	0.005281	0.249991	-0.170000
433	0.590567	-0.033816	0.168261	-0.170000
434	0.494913	0.323659	0.168911	-0.170000
435	0.443982	0.407656	0.122154	-0.170000
436	0.580287	0.201477	-0.029981	-0.170000
437	0.602298	0.124288	0.003878	-0.170000
438	0.590866	0.160443	0.057974	-0.170000
439	0.599350	-0.137143	0.014013	-0.170000
440	0.613095	-0.013177	0.046538	-0.170000
441	0.579079	-0.170039	0.118233	-0.170000
442	0.548008	-0.121955	0.251077	-0.170000
443	0.535227	0.069604	0.294809	-0.170000
444	0.562586	0.010276	-0.248226	-0.170000
445	0.577862	0.192518	-0.085075	-0.170000
446	0.612641	-0.034194	0.041547	-0.170000
447	0.593956	-0.071399	0.142631	-0.170000
448	0.495778	-0.217211	0.291973	-0.170000
449	0.545962	-0.246253	0.139678	-0.170000
450	0.585481	-0.141736	0.123886	-0.170000
451	0.582723	-0.023619	0.195196	-0.170000
452	0.577765	-0.197864	-0.072543	-0.170000
453	0.579582	-0.197217	0.058439	-0.170000
454	0.597975	-0.141987	0.022146	-0.170000
455	0.611079	-0.050366	-0.047650	-0.170000
456	0.603580	0.096590	0.067726	-0.170000
457	0.605230	0.068246	-0.085231	-0.170000
458	0.601303	0.116279	-0.056021	-0.170000
459	0.520917	0.325300	-0.032408	-0.170000
460	0.572493	0.173335	0.142940	-0.170000
461	0.559145	0.046172	-0.251893	-0.170000
462	0.612529	-0.048514	0.026081	-0.170000
463	0.600352	-0.133071	-0.009740	-0.170000
464	0.538143	-0.230086	0.188911	-0.170000
465	0.602968	-0.090642	0.080240	-0.170000
466	0.600198	0.085919	-0.102981	-0.170000
467	0.608677	0.075345	0.045386	-0.170000
468	0.512308	0.299071	0.162240	-0.170000
469	0.544848	0.283319	-0.033099	-0.170000
470	0.591771	0.090758	-0.140693	-0.170000
471	0.596272	-0.150453	-0.006923	-0.170000
472	0.591538	-0.058827	-0.157630	-0.170000
473	0.609531	-0.047114	-0.066909	-0.170000
474	0.608253	-0.007411	-0.090548	-0.170000
475	0.583652	0.032171	-0.191154	-0.170000
476	0.606978	0.088927	0.043524	-0.170000
477	0.612158	0.047113	0.035611	-0.170000
478	0.559900	0.250320	0.045578	-0.170000
479	0.591222	0.149575	-0.079425	-0.170000
480	0.610433	-0.002263	-0.074773	-0.170000
481	0.608993	-0.052692	0.067646	-0.170000
482	0.563673	0.141005	-0.201532	-0.170000
483	0.609482	-0.046311	0.067915	-0.170000
484	0.595679	0.151803	0.018630	-0.170000
485	0.598445	0.139479	-0.025173	-0.170000
486	0.577251	0.211455	0.017139	-0.170000
487	0.571990	0.225928	-0.003049	-0.170000
488	0.583253	0.121258	0.152766	-0.170000
489	0.612647	-0.043554	0.031497	-0.170000
490	0.585204	0.166832	-0.089041	-0.170000
491	0.613090	0.014463	-0.046221	-0.170000
492	0.601157	0.124015	-0.038149	-0.170000
493	0.543584	0.287587	0.005931	-0.170000
494	0.601028	0.099158	0.084603	-0.170000
495	0.543168	0.288008	0.015654	-0.170000
496	0.559642	0.251392	0.042748	-0.170000
497	0.556144	0.236909	0.113153	-0.170000
498	0.550207	0.240808	-0.132319	-0.170000
499	0.579667	-0.090884	-0.184259	-0.170000
500	0.577700	0.162958	0.133912	-0.170000
501	0.529660	0.312351	0.011063	-0.170000
502	0.605703	0.051027	0.093517	-0.170000
503	0.600626	0.131935	-0.008165	-0.170000
504	0.494508	0.344310	0.123035	-0.170000
505	0.600612	0.095751	0.091227	-0.170000
506	0.583291	0.190523	0.041195	-0.170000
507	0.603197	-0.102476	-0.062261	-0.170000
508	0.613831	0.037396	-0.006186	-0.170000
509	0.569469	0.069999	-0.221428	-0.170000
510	0.597622	0.114320	0.089462	-0.170000
511	0.612726	0.038740	0.035937	-0.170000
512	0.539913	0.260433	0.137454	-0.170000
513	0.577125	0.177549	0.116740	-0.170000
514	0.611458	0.008555	0.065353	-0.170000
515	0.600322	0.133398	0.006622	-0.170000
516	0.614747	-0.012658	-0.012278	-0.170000
517	0.606827	0.093594	0.035012	-0.170000
518	0.612949	-0.033070	-0.037751	-0.170000
519	0.569502	0.223830	-0.061583	-0.170000
520	0.566181	0.224630	-0.084885	-0.170000
521	0.549472	0.242093	-0.133028	-0.170000
522	0.603540	0.113070	0.034350	-0.170000
523	0.606773	-0.000505	0.100254	-0.170000
524	0.527941	0.078939	0.305404	-0.170000
525	0.585660	-0.171503	0.076251	-0.170000
526	0.613818	-0.007158	0.037440	-0.170000
527	0.553376	-0.079963	-0.256136	-0.170000
528	0.548781	0.085629	-0.264067	-0.170000
529	0.563320	0.040332	-0.243452	-0.170000
530	0.600047	0.035620	-0.129999	-0.170000
531	0.592917	0.146173	-0.072859	-0.170000
532	0.553865	0.263526	-0.044863	-0.170000
533	0.576200	0.206222	-0.060756	-0.170000
534	0.563994	-0.244957	0.011487	-0.170000
535	0.607393	0.086714	0.042185	-0.170000
536	0.596674	0.145783	0.030860	-0.170000
537	0.558485	0.027671	-0.256035	-0.170000
538	0.602534	0.123178	0.002135	-0.170000
539	0.580326	0.147268	-0.140565	-0.170000
540	0.614279	0.004989	-0.029340	-0.170000
541	0.601246	0.114397	0.060350	-0.170000
542	0.452278	0.176056	0.377723	-0.170000
543	0.530192	0.311637	-0.001908	-0.170000
544	0.611579	-0.011696	-0.063708	-0.170000
545	0.606088	-0.050998	0.091005	-0.170000
546	0.610936	0.065049	0.027406	-0.170000
547	0.584533	-0.089397	0.168980	-0.170000
548	0.548341	-0.051524	0.273664	-0.170000
549	0.608766	-0.064319	0.059092	-0.170000
550	0.563690	0.044587	0.241849	-0.170000
551	0.587988	0.174607	0.044812	-0.170000
552	0.609922	0.072528	0.030988	-0.170000
553	0.606065	0.075063	0.072631	-0.170000
554	0.583097	0.068734	0.183026	-0.170000
555	0.595984	-0.134542	-0.070188	-0.170000
556	0.541102	-0.119748	0.266634	-0.170000
557	0.607686	-0.039733	0.085812	-0.170000
558	0.567742	0.101706	0.213423	-0.170000
559	0.582381	0.107940	-0.165548	-0.170000
560	0.603468	-0.095236	0.070576	-0.170000
561	0.606175	0.082772	0.062653	-0.170000
562	0.590925	-0.126827	0.113789	-0.170000
563	0.557786	-0.217592	0.140548	-0.170000
564	0.574480	-0.198756	0.093241	-0.170000
565	0.608155	0.034926	-0.084571	-0.170000
566	0.591161	0.154543	-0.069788	-0.170000
567	0.609396	0.008240	0.082427	-0.170000
568	0.603779	-0.101718	0.057702	-0.170000
569	0.602165	0.004488	0.124909	-0.170000
570	0.611042	0.068329	-0.013572	-0.170000
571	0.592811	0.135533	-0.091822	-0.170000
572	0.569612	0.207611	-0.103271	-0.170000
573	0.542383	0.289899	0.001891	-0.170000
574	0.551239	0.263929	0.068571	-0.170000
575	0.590282	-0.076072	0.154935	-0.170000
576	0.599082	-0.075631	-0.116644	-0.170000
577	0.610177	-0.070628	0.030349	-0.170000
578	0.591615	-0.000390	-0.167979	-0.170000
579	0.608798	0.020073	0.084779	-0.170000
580	0.599325	-0.006004	0.137835	-0.170000
581	0.480008	0.380712	0.053628	-0.170000
582	0.601013	0.078278	-0.104312	-0.170000
583	0.606989	0.018947	-0.097111	-0.170000
584	0.573663	0.184449	-0.122942	-0.170000
585	0.610011	-0.027384	-0.073225	-0.170000
586	0.611337	0.049889	0.044750	-0.170000
587	0.608176	0.085575	0.032002	-0.170000
588	0.593518	0.114464	0.113399	-0.170000
589	0.545661	0.244951	0.143101	-0.170000
590	0.579840	0.197868	0.053467	-0.170000
591	0.598540	-0.049968	-0.132203	-0.170000
592	0.583708	0.102587	0.164273	-0.170000
593	0.599120	0.137930	-0.015997	-0.170000
594	0.560804	0.243370	0.067042	-0.170000
595	0.605789	0.068821	0.080677	-0.170000
596	0.516673	0.325849	-0.071392	-0.170000
597	0.598950	0.101773	0.095529	-0.170000
598	0.561579	0.242509	0.063588	-0.170000
599	0.612713	0.028469	0.044691	-0.170000
600	0.610613	-0.072664	0.009852	-0.170000
601	0.606755	0.080055	0.060540	-0.170000
602	0.603082	0.089677	0.080467	-0.170000
603	0.557892	0.238917	-0.099503	-0.170000
604	0.585302	0.182689	0.047662	-0.170000
605	0.558126	0.213053	0.146043	-0.170000
606	0.588021	0.137197	0.116759	-0.170000
607	0.603495	0.069530	0.095833	-0.170000
608	0.588706	0.176300	-0.023843	-0.170000
609	0.582565	0.158074	-0.117710	-0.170000
610	0.518788	0.325744	-0.054543	-0.170000
611	0.570535	0.056893	0.222438	-0.170000
612	0.557150	0.259419	0.022593	-0.170000
613	0.564771	0.136520	0.201546	-0.170000
614	0.597494	0.127571	-0.070365	-0.170000
615	0.533210	-0.103175	0.288561	-0.170000
616	0.593445	0.132447	0.092226	-0.170000
617	0.590541	0.169251	-0.028985	-0.170000
618	0.575254	0.152894	0.154698	-0.170000
619	0.577739	0.114665	0.176902	-0.170000
620	0.545337	0.272511	-0.081060	-0.170000
621	0.554996	-0.209002	0.162857	-0.170000
622	0.595574	-0.048839	0.145365	-0.170000
623	0.607661	-0.067665	0.066293	-0.170000
624	0.601565	0.004046	0.127782	-0.170000
625	0.559379	0.097043	-0.236438	-0.170000
626	0.507120	0.308507	-0.160868	-0.170000
627	0.542838	0.198283	-0.210323	-0.170000
628	0.569032	0.136958	-0.188866	-0.170000
629	0.577678	0.189815	0.092107	-0.170000
630	0.601308	0.122392	0.040906	-0.170000
631	0.598688	-0.135087	0.039365	-0.170000
632	0.580591	0.006761	-0.202714	-0.170000
633	0.600337	0.118150	0.062132	-0.170000
634	0.576544	0.097387	-0.190624	-0.170000
635	0.544586	0.214880	-0.188355	-0.170000
636	0.613294	-0.033474	0.031227	-0.170000
637	0.589264	0.175396	0.015115	-0.170000
638	0.589224	0.158202	0.077540	-0.170000
639	0.590348	0.170136	-0.027713	-0.170000
640	0.515846	0.317720	-0.105746	-0.170000
641	0.613041	0.046047	-0.016911	-0.170000
642	0.607886	-0.093034	0.006626	-0.170000
643	0.571193	-0.176954	0.143706	-0.170000
644	0.454053	-0.289066	0.297492	-0.170000
645	0.566087	0.088680	0.223398	-0.170000
646	0.550918	0.068469	0.264625	-0.170000
647	0.558806	0.249953	0.059032	-0.170000
648	0.606976	0.082827	-0.054271	-0.170000
649	0.587220	0.054918	-0.174304	-0.170000
650	0.595482	0.147471	0.043345	-0.170000
651	0.538023	0.277283	0.108953	-0.170000
652	0.498628	-0.257193	0.251886	-0.170000
653	0.582372	-0.091358	0.175274	-0.170000
654	0.614487	0.011790	0.022185	-0.170000
655	0.604840	-0.034616	0.105807	-0.170000
656	0.598794	0.135592	0.035862	-0.170000
657	0.606489	0.093917	-0.039692	-0.170000
658	0.595108	0.123389	-0.094058	-0.170000
659	0.567793	-0.101555	0.213359	-0.170000
660	0.581514	0.017032	0.199441	-0.170000
661	0.548988	-0.204940	0.186647	-0.170000
662	0.553132	-0.222716	0.150558	-0.170000
663	0.583302	-0.082536	0.176555	-0.170000
664	0.600940	-0.090152	0.094706	-0.170000
665	0.593223	0.121568	-0.107389	-0.170000
666	0.608069	-0.029951	-0.087062	-0.170000
667	0.582650	-0.029347	0.194634	-0.170000
668	0.544623	-0.180523	0.221409	-0.170000
669	0.611794	-0.039743	0.048517	-0.170000
670	0.530291	-0.097055	-0.295968	-0.170000
671	0.610213	-0.030419	0.070285	-0.170000
672	0.545369	0.192643	0.209012	-0.170000
673	0.581882	0.175237	0.094502	-0.170000
674	0.611276	0.067244	0.006682	-0.170000
675	0.542675	-0.280741	0.070095	-0.170000
676	0.480146	-0.350014	-0.158666	-0.170000
677	0.578675	-0.205050	0.036255	-0.170000
678	0.592644	-0.057150	-0.154051	-0.170000
679	0.556855	0.202071	0.165242	-0.170000
680	0.590331	0.152938	0.079654	-0.170000
681	0.582913	0.180646	-0.076187	-0.170000
682	0.525739	0.200657	-0.248114	-0.170000
683	0.531651	0.230327	-0.206207	-0.170000
684	0.589487	-0.123760	-0.124151	-0.170000
685	0.593060	0.156661	-0.044295	-0.170000
686	0.497623	-0.179994	-0.313367	-0.170000
687	0.572589	-0.224226	-0.009459	-0.170000
688	0.513916	0.299074	0.157069	-0.170000
689	0.583279	0.120254	0.153460	-0.170000
690	0.547600	0.198074	-0.197803	-0.170000
691	0.580363	0.192415	-0.066186	-0.170000
692	0.484421	0.313718	-0.212467	-0.170000
693	0.545121	-0.124013	-0.256299	-0.170000
694	0.579138	-0.166099	0.123432	-0.170000
695	0.609446	0.080810	-0.016441	-0.170000
696	0.595896	0.151432	0.014211	-0.170000
697	0.570619	0.218863	-0.068686	-0.170000
698	0.573254	0.099525	0.199247	-0.170000
699	0.522100	0.322631	0.039314	-0.170000
700	0.550482	0.192410	0.195380	-0.170000
701	0.478657	0.347943	0.167477	-0.170000
702	0.561723	0.242326	-0.063012	-0.170000
703	0.587783	0.103713	0.148255	-0.170000
704	0.540509	0.156940	0.247882	-0.170000
705	0.510814	0.326983	-0.101865	-0.170000
706	0.607436	0.090848	0.031521	-0.170000
707	0.554541	0.214469	0.157201	-0.170000
708	0.556826	0.258492	0.036761	-0.170000
709	0.446069	0.299240	0.299505	-0.170000
710	0.582149	0.197688	0.015695	-0.170000
711	0.575520	0.199448	-0.084985	-0.170000
712	0.598005	-0.140636	-0.028932	-0.170000
713	0.612521	0.048390	-0.026474	-0.170000
714	0.518971	0.323332	0.065958	-0.170000
715	0.469038	0.393501	0.058178	-0.170000
716	0.573284	0.221791	-0.019471	-0.170000
717	0.459837	0.076704	0.401112	-0.170000
718	0.536254	0.255373	0.159503	-0.170000
719	0.613074	0.046105	0.015484	-0.170000
720	0.609902	-0.061706	-0.049366	-0.170000
721	0.610671	-0.045973	-0.056497	-0.170000
722	0.600215	0.131650	-0.025210	-0.170000
723	0.583424	0.029134	-0.192334	-0.170000
724	0.609313	0.069189	0.046649	-0.170000
725	0.614370	-0.014185	0.023945	-0.170000
726	0.588971	0.134497	0.115103	-0.170000
727	0.594410	0.003234	0.157771	-0.170000
728	0.589048	0.176751	-0.002474	-0.170000
729	0.591508	0.125134	0.112626	-0.170000
730	0.577004	-0.195556	0.083960	-0.170000
731	0.569515	-0.228365	-0.041558	-0.170000
732	0.607305	0.072158	0.064795	-0.170000
733	0.592660	0.134311	-0.094550	-0.170000
734	0.535803	0.217639	-0.209221	-0.170000
735	0.594927	0.114600	0.105614	-0.170000
736	0.613992	0.029115	0.019772	-0.170000
737	0.578454	0.208431	0.013157	-0.170000
738	0.556883	-0.250515	0.073136	-0.170000
739	0.606645	-0.012758	-0.100221	-0.170000
740	0.554891	0.149599	-0.218954	-0.170000
741	0.562987	0.172150	-0.177862	-0.170000
742	0.513189	0.268607	-0.206669	-0.170000
743	0.591565	0.158878	0.055079	-0.170000
744	0.600583	0.102943	-0.083236	-0.170000
745	0.563676	0.240444	0.051785	-0.170000
746	0.554857	0.093179	0.248348	-0.170000
747	0.451973	0.390066	-0.147628	-0.170000
748	0.604550	-0.065268	-0.092109	-0.170000
749	0.494175	-0.310060	0.194625	-0.170000
750	0.576887	-0.165885	0.133823	-0.170000
751	0.570200	-0.230333	-0.006594	-0.170000
752	0.414463	-0.253444	0.377110	-0.170000
753	0.499879	0.085719	-0.347848	-0.170000
754	0.561491	0.097314	0.231263	-0.170000
755	0.594410	0.078310	-0.137000	-0.170000
756	0.612111	-0.059535	0.001048	-0.170000
757	0.593736	0.056844	0.149905	-0.170000
758	0.573786	-0.035237	0.218524	-0.170000
759	0.601601	-0.065696	0.109478	-0.170000
760	0.539808	-0.245159	0.163490	-0.170000
761	0.601021	-0.096282	0.087910	-0.170000
762	0.468827	0.085162	0.388810	-0.170000
763	0.563949	0.243809	-0.027281	-0.170000
764	0.614539	0.020765	-0.011624	-0.170000
765	0.552821	0.234155	0.133363	-0.170000
766	0.564332	-0.119701	0.213133	-0.170000
767	0.594313	-0.062949	0.145103	-0.170000
768	0.613547	-0.029488	0.030255	-0.170000
769	0.583281	0.111325	0.160049	-0.170000
770	0.605517	-0.097961	-0.044471	-0.170000
771	0.580427	-0.198669	0.043125	-0.170000
772	0.564643	-0.040628	0.240319	-0.170000
773	0.613020	0.046484	-0.016471	-0.170000
774	0.613790	0.023598	-0.030490	-0.170000
775	0.614036	-0.018182	-0.029223	-0.170000
776	0.592636	-0.063983	0.151372	-0.170000
777	0.560224	0.234070	-0.097902	-0.170000
778	0.560112	0.019736	0.253200	-0.170000
779	0.559101	-0.185336	-0.176866	-0.170000
780	0.593686	-0.115533	0.111418	-0.170000
781	0.606021	-0.104351	-0.008649	-0.170000
782	0.602799	-0.015511	-0.120902	-0.170000
783	0.601837	-0.051604	-0.115559	-0.170000
784	0.588860	0.164857	0.065502	-0.170000
785	0.514073	0.337358	0.011980	-0.170000
786	0.566374	0.217552	-0.100581	-0.170000
787	0.608015	0.091144	-0.015329	-0.170000
788	0.491518	-0.237702	-0.283078	-0.170000
789	0.565011	-0.206880	-0.127231	-0.170000
790	0.610151	-0.024823	-0.072967	-0.170000
791	0.576654	0.132225	0.167964	-0.170000
792	0.586446	0.161041	-0.091498	-0.170000
793	0.599019	0.126117	-0.059127	-0.170000
794	0.575409	0.198355	-0.088235	-0.170000
795	0.595983	-0.151751	0.000659	-0.170000
796	0.578516	0.126740	-0.165775	-0.170000
797	0.579339	0.029415	-0.204271	-0.170000
798	0.601030	0.130327	0.001828	-0.170000
799	0.582134	0.163594	-0.112171	-0.170000
800	0.603660	0.109613	0.042475	-0.170000
801	0.592308	0.149683	0.070649	-0.170000
802	0.467925	0.384982	0.105165	-0.170000
803	0.613283	0.033462	-0.031456	-0.170000
804	0.565361	0.238206	-0.043005	-0.170000
805	0.529991	0.307603	-0.052099	-0.170000
806	0.506852	0.348145	-0.011032	-0.170000
807	0.610083	0.075863	0.016390	-0.170000
808	0.536241	0.278665	-0.114090	-0.170000
809	0.464764	0.221927	0.336107	-0.170000
810	0.445849	0.276986	0.320503	-0.170000
811	0.604049	0.113959	0.019046	-0.170000
812	0.582570	0.110601	0.163109	-0.170000
813	0.544800	0.185340	0.216949	-0.170000
814	0.586127	0.179449	-0.049782	-0.170000
815	0.543860	0.274591	0.083911	-0.170000
816	0.546174	0.279597	0.041770	-0.170000
817	0.612494	0.036919	-0.041384	-0.170000
818	0.608392	0.059047	-0.067808	-0.170000
819	0.584560	0.061730	-0.180841	-0.170000
820	0.606059	-0.000096	-0.104486	-0.170000
821	0.607221	-0.087907	-0.042197	-0.170000
822	0.525629	0.304226	-0.096880	-0.170000
823	0.571266	0.094899	0.207060	-0.170000
824	0.597308	0.119774	0.084273	-0.170000
825	0.611506	0.014698	-0.063794	-0.170000
826	0.594362	0.153229	0.038470	-0.170000
827	0.586744	-0.008566	0.184073	-0.170000
828	0.571869	-0.002038	-0.226246	-0.170000
829	0.605350	0.108513	0.001237	-0.170000
830	0.585698	0.037300	-0.183825	-0.170000
831	0.577434	-0.025911	-0.210056	-0.170000
832	0.602268	0.122181	-0.023868	-0.170000
833	0.558145	0.098447	0.238761	-0.170000
834	0.612585	0.048584	-0.024569	-0.170000
835	0.570107	-0.053443	0.224381	-0.170000
836	0.611624	-0.055656	-0.032309	-0.170000
837	0.590090	-0.000530	-0.173259	-0.170000
838	0.589385	0.170750	0.041163	-0.170000
839	0.545115	0.143571	-0.245890	-0.170000
840	0.605975	0.087772	-0.057578	-0.170000
841	0.609762	0.079721	0.007738	-0.170000
842	0.555158	0.260878	0.044352	-0.170000
843	0.562831	-0.194128	0.154145	-0.170000
844	0.595686	0.151829	-0.018186	-0.170000
845	0.612127	0.022418	0.054976	-0.170000
846	0.593992	-0.095732	-0.127413	-0.170000
847	0.597829	0.126107	0.070162	-0.170000
848	0.564492	0.218583	0.108606	-0.170000
849	0.502201	0.128284	0.331003	-0.170000
850	0.496979	0.348611	0.098525	-0.170000
