1	0.584000	-0.005648	-0.192710	1.440000
2	0.495457	0.360650	-0.051757	1.440000
3	0.538152	0.274642	-0.114845	1.440000
4	0.495168	0.311180	0.190266	1.440000
5	0.510640	0.013176	0.342489	1.440000
6	0.544694	-0.247938	-0.141635	1.440000
7	0.594406	0.128207	-0.092032	1.440000
8	0.581623	-0.182848	-0.080664	1.440000
9	0.433792	-0.424372	0.099786	1.440000
10	0.547563	0.256428	0.112451	1.440000
11	0.520964	0.226120	0.235990	1.440000
12	0.550435	0.131462	0.240757	1.440000
13	0.584640	0.178584	0.067298	1.440000
14	0.609969	-0.073490	0.027601	1.440000
15	0.611880	-0.045010	-0.042443	1.440000
16	0.610051	0.077543	0.007039	1.440000
17	0.552176	-0.237493	-0.130092	1.440000
18	0.389072	-0.475749	0.022605	1.440000
19	0.474074	0.374191	-0.116017	1.440000
20	0.598101	-0.029941	0.140011	1.440000
21	0.529576	-0.297420	0.096517	1.440000
22	0.604840	0.067168	-0.088784	1.440000
23	0.606126	-0.059521	-0.085402	1.440000
24	0.613884	-0.011585	0.035174	1.440000
25	0.593323	0.009936	-0.161538	1.440000
26	0.606579	-0.101146	-0.007538	1.440000
27	0.592320	-0.074115	0.147948	1.440000
28	0.471714	0.168164	0.356976	1.440000
29	0.608725	-0.082579	0.029317	1.440000
30	0.608174	0.020249	0.089101	1.440000
31	0.608873	0.071588	-0.048727	1.440000
32	0.556668	0.164553	0.203146	1.440000
33	0.614249	-0.030013	0.004717	1.440000
34	0.606092	0.080887	-0.065840	1.440000
35	0.549806	0.203032	0.186322	1.440000
36	0.599413	0.135451	0.024134	1.440000
37	0.580735	0.189866	0.070165	1.440000
38	0.594200	-0.100102	0.123007	1.440000
39	0.600087	-0.034015	0.130243	1.440000
40	0.608085	-0.058557	-0.070913	1.440000
41	0.611946	0.024378	0.056147	1.440000
42	0.589189	-0.125873	0.123440	1.440000
43	0.609393	0.024257	0.079223	1.440000
44	0.605706	-0.023630	0.103857	1.440000
45	0.604708	0.111898	-0.005650	1.440000
46	0.565540	0.230684	-0.071936	1.440000
47	0.606437	-0.102218	0.003199	1.440000
48	0.593505	0.063404	-0.148176	1.440000
49	0.557460	-0.232110	-0.116567	1.440000
50	0.599613	-0.136423	-0.008820	1.440000
51	0.613165	0.005964	0.047097	1.440000
52	0.597546	-0.033683	-0.141523	1.440000
53	0.607210	-0.028327	-0.093375	1.440000
54	0.609061	0.004018	0.085166	1.440000
55	0.613625	0.029400	0.028733	1.440000
56	0.610090	-0.071783	-0.029374	1.440000
57	0.601102	-0.109211	-0.070530	1.440000
58	0.604793	-0.106751	0.032478	1.440000
59	0.555013	-0.135156	-0.227856	1.440000
60	0.598978	0.075068	-0.117535	1.440000
61	0.596682	0.144996	-0.034237	1.440000
62	0.596935	0.101260	0.107891	1.440000
63	0.515267	0.293619	0.162826	1.440000
64	0.611976	0.000401	0.060916	1.440000
65	0.580467	-0.071268	-0.190272	1.440000
66	0.528422	0.291071	0.119467	1.440000
67	0.601719	-0.080321	0.098526	1.440000
68	0.599488	-0.002006	0.137242	1.440000
69	0.582017	0.161462	-0.115806	1.440000
70	0.602818	0.105137	-0.061493	1.440000
71	0.586792	0.183422	-0.016019	1.440000
72	0.575268	-0.091940	-0.197076	1.440000
73	0.587206	-0.122722	0.135474	1.440000
74	0.607623	0.039074	-0.086558	1.440000
75	0.519427	0.246644	0.218146	1.440000
76	0.492290	-0.092727	0.356760	1.440000
77	0.603073	0.093291	0.076317	1.440000
78	0.612608	0.052325	-0.014086	1.440000
79	0.614135	-0.009505	-0.031182	1.440000
80	0.593225	0.108112	0.120917	1.440000
81	0.599723	0.132894	0.029935	1.440000
82	0.578948	-0.112673	-0.174208	1.440000
83	0.596951	-0.145877	-0.024380	1.440000
84	0.603882	0.065955	0.095923	1.440000
85	0.559796	-0.044432	0.250758	1.440000
86	0.609475	-0.028326	0.077218	1.440000
87	0.586598	0.053171	0.176920	1.440000
88	0.601628	-0.012730	-0.126912	1.440000
89	0.592892	0.153355	0.056443	1.440000
90	0.544005	-0.184583	0.219573	1.440000
91	0.585265	-0.157186	0.104797	1.440000
92	0.606455	0.069073	-0.075276	1.440000
93	0.601358	-0.083338	-0.098224	1.440000
94	0.530973	0.289293	0.112260	1.440000
95	0.607998	-0.019519	-0.090456	1.440000
96	0.595384	-0.151175	0.029806	1.440000
97	0.610925	-0.054345	-0.045192	1.440000
98	0.610204	0.020379	0.073901	1.440000
99	0.455733	0.353305	0.213794	1.440000
100	0.584969	-0.057911	0.180784	1.440000
101	0.491920	-0.123269	0.347914	1.440000
102	0.568446	-0.233786	-0.020930	1.440000
103	0.555463	-0.263813	-0.009435	1.440000
104	0.591966	-0.109079	-0.126108	1.440000
105	0.606851	0.097944	0.019085	1.440000
106	0.603851	0.099409	-0.060883	1.440000
107	0.586356	0.094407	0.159683	1.440000
108	0.529236	-0.261830	-0.171987	1.440000
109	0.562765	-0.228857	-0.095629	1.440000
110	0.528493	-0.300020	-0.094384	1.440000
111	0.518105	-0.325663	-0.061123	1.440000
112	0.466761	-0.394223	0.070337	1.440000
113	0.553218	-0.264789	0.045405	1.440000
114	0.610602	0.001284	-0.073409	1.440000
115	0.607493	0.004543	0.095693	1.440000
116	0.401778	-0.303984	-0.352694	1.440000
117	0.519751	-0.238319	0.226468	1.440000
118	0.587195	0.176180	-0.048860	1.440000
119	0.498453	0.233001	0.274735	1.440000
120	0.578657	0.207324	-0.019936	1.440000
121	0.582982	0.175320	0.087295	1.440000
122	0.606149	-0.054287	0.088667	1.440000
123	0.614613	-0.001387	-0.021762	1.440000
124	0.583471	-0.141627	-0.133148	1.440000
125	0.516020	-0.120433	-0.312160	1.440000
126	0.557667	0.259242	0.005073	1.440000
127	0.556574	0.040733	0.258441	1.440000
128	0.576816	0.085533	-0.195429	1.440000
129	0.604300	0.083671	0.077752	1.440000
130	0.611558	0.064834	0.004292	1.440000
131	0.605508	0.034015	-0.102117	1.440000
132	0.590459	-0.163155	-0.054443	1.440000
133	0.585590	-0.175644	0.066769	1.440000
134	0.575589	0.026964	0.214930	1.440000
135	0.607750	-0.077227	-0.053856	1.440000
136	0.605390	-0.082769	-0.069840	1.440000
137	0.612984	-0.022840	-0.044197	1.440000
138	0.607766	0.081079	0.047656	1.440000
139	0.609589	0.045384	-0.067574	1.440000
140	0.542064	-0.083732	0.278173	1.440000
141	0.612457	-0.033738	0.044526	1.440000
142	0.610131	-0.070660	0.031184	1.440000
143	0.584843	-0.125391	0.143039	1.440000
144	0.613408	0.041679	-0.014776	1.440000
145	0.463501	0.390879	-0.102983	1.440000
146	0.593784	0.139447	0.078739	1.440000
147	0.601743	0.080475	-0.098257	1.440000
148	0.597660	0.096626	0.108124	1.440000
149	0.541254	-0.081381	0.280439	1.440000
150	0.604466	-0.107297	0.036510	1.440000
151	0.608820	0.086926	0.002589	1.440000
152	0.498418	0.017202	-0.359873	1.440000
153	0.581223	-0.091925	-0.178759	1.440000
154	0.602299	-0.034582	0.119435	1.440000
155	0.585324	-0.161759	0.097237	1.440000
156	0.598820	0.137495	0.027108	1.440000
157	0.599703	0.127746	-0.047564	1.440000
158	0.595409	0.053137	-0.144532	1.440000
159	0.608712	0.026071	0.083756	1.440000
160	0.611148	-0.056258	-0.039467	1.440000
161	0.462357	-0.361820	-0.183131	1.440000
162	0.568996	-0.206739	0.108295	1.440000
163	0.596810	-0.127804	-0.075557	1.440000
164	0.604800	0.082380	0.075207	1.440000
165	0.601046	0.055715	-0.117749	1.440000
166	0.613750	0.010245	-0.037822	1.440000
167	0.613911	0.009659	0.035288	1.440000
168	0.600447	-0.054192	0.121454	1.440000
169	0.608028	0.092317	0.002229	1.440000
170	0.612531	0.008450	-0.054403	1.440000
171	0.593044	0.152164	-0.058049	1.440000
172	0.602472	0.015757	0.122490	1.440000
173	0.552860	0.239729	-0.122883	1.440000
174	0.613865	0.012602	0.035160	1.440000
175	0.592341	0.055003	-0.155985	1.440000
176	0.614042	-0.021198	0.026977	1.440000
177	0.607501	-0.037077	0.088277	1.440000
178	0.583172	-0.194036	0.022028	1.440000
179	0.614548	0.019155	0.013725	1.440000
180	0.566027	0.224614	-0.085947	1.440000
181	0.553224	0.036980	-0.266083	1.440000
182	0.551059	-0.116781	-0.246822	1.440000
183	0.589953	-0.173018	-0.015651	1.440000
184	0.507559	0.097567	0.333301	1.440000
185	0.596607	-0.042118	0.143218	1.440000
186	0.564405	0.223979	0.097493	1.440000
187	0.610824	-0.044934	-0.055680	1.440000
188	0.590880	0.155161	-0.070789	1.440000
189	0.539799	0.161656	0.246394	1.440000
190	0.593947	-0.111368	-0.114235	1.440000
191	0.609789	0.075229	-0.026888	1.440000
192	0.613262	-0.046197	-0.000490	1.440000
193	0.604314	-0.081791	0.079622	1.440000
194	0.614089	-0.010769	-0.031679	1.440000
195	0.475161	-0.303882	-0.245159	1.440000
196	0.565109	0.127380	-0.206521	1.440000
197	0.575130	-0.063900	0.208248	1.440000
198	0.544615	-0.247800	0.142177	1.440000
199	0.588970	-0.174277	0.031096	1.440000
200	0.594037	-0.159193	0.001781	1.440000
201	0.612282	-0.003904	-0.057629	1.440000
202	0.599221	-0.125035	0.059379	1.440000
203	0.603833	-0.075690	-0.088778	1.440000
204	0.578231	0.209275	0.008820	1.440000
205	0.592141	0.074719	0.148363	1.440000
206	0.563480	-0.236208	0.070152	1.440000
207	0.569244	-0.198953	0.120848	1.440000
208	0.442014	-0.427166	-0.019429	1.440000
209	0.460199	-0.402740	-0.065133	1.440000
210	0.581208	-0.188204	-0.070718	1.440000
211	0.602211	0.095067	0.080807	1.440000
212	0.537792	-0.205813	-0.215977	1.440000
213	0.614999	-0.000319	-0.000866	1.440000
214	0.611181	-0.010061	0.067687	1.440000
215	0.605224	0.099519	0.045000	1.440000
216	0.583060	0.179844	-0.076956	1.440000
217	0.614342	-0.017731	-0.022247	1.440000
218	0.600102	-0.124712	-0.050492	1.440000
219	0.585064	-0.065726	-0.177780	1.440000
220	0.578537	-0.169137	-0.122118	1.440000
221	0.561686	-0.232590	0.092925	1.440000
222	0.509741	-0.183577	-0.291012	1.440000
223	0.612308	-0.010046	0.056595	1.440000
224	0.580294	0.197757	0.048743	1.440000
225	0.611321	0.031935	0.059096	1.440000
226	0.608260	0.032370	-0.084834	1.440000
227	0.593837	0.131866	0.090518	1.440000
228	0.552532	0.019992	-0.269322	1.440000
229	0.601008	0.062386	0.114554	1.440000
230	0.599872	-0.121169	0.060803	1.440000
231	0.595023	-0.145785	0.054033	1.440000
232	0.610858	0.050240	0.050529	1.440000
233	0.574534	0.216693	0.034356	1.440000
234	0.589800	-0.018078	0.173305	1.440000
235	0.609800	-0.070573	0.037269	1.440000
236	0.580675	-0.082148	-0.185186	1.440000
237	0.587948	-0.011495	-0.180028	1.440000
238	0.594006	-0.156374	-0.030490	1.440000
239	0.606115	-0.075690	0.071556	1.440000
240	0.598597	-0.134352	0.043089	1.440000
241	0.558030	0.250925	-0.062159	1.440000
242	0.602175	-0.104216	-0.068916	1.440000
243	0.596391	-0.149972	-0.007177	1.440000
244	0.602686	0.117245	-0.035329	1.440000
245	0.566504	0.135235	0.197510	1.440000
246	0.596828	-0.034358	0.144363	1.440000
247	0.559465	0.022823	0.254369	1.440000
248	0.572566	-0.151983	0.165208	1.440000
249	0.593109	-0.162345	0.009514	1.440000
250	0.596123	0.121734	-0.089684	1.440000
251	0.611223	-0.015817	0.066189	1.440000
252	0.607380	-0.041097	-0.087324	1.440000
253	0.609861	0.062884	-0.048370	1.440000
254	0.584881	-0.136011	0.132815	1.440000
255	0.604324	-0.044459	0.105077	1.440000
256	0.574984	-0.175014	-0.130342	1.440000
257	0.594794	0.150194	0.043436	1.440000
258	0.578537	0.051385	0.202188	1.440000
259	0.592357	0.086517	-0.140901	1.440000
260	0.612964	-0.033886	-0.036774	1.440000
261	0.599916	0.112401	-0.075441	1.440000
262	0.600233	-0.123146	-0.052730	1.440000
263	0.579974	-0.182273	-0.092906	1.440000
264	0.599962	0.089688	-0.101126	1.440000
265	0.588443	-0.007732	-0.178606	1.440000
266	0.613854	-0.031475	-0.020435	1.440000
267	0.584183	0.190831	-0.023208	1.440000
268	0.527723	-0.315777	0.004251	1.440000
269	0.609015	0.072534	-0.045435	1.440000
270	0.612523	0.040647	0.037259	1.440000
271	0.608409	0.085523	-0.027369	1.440000
272	0.598274	-0.121265	-0.074756	1.440000
273	0.614603	-0.008592	-0.020354	1.440000
274	0.596582	0.053848	0.139337	1.440000
275	0.604395	0.108493	0.034076	1.440000
276	0.583390	0.122161	-0.151517	1.440000
277	0.591923	-0.102789	-0.131478	1.440000
278	0.611483	0.058167	0.030495	1.440000
279	0.612893	-0.048927	-0.013898	1.440000
280	0.608819	-0.067587	0.054743	1.440000
281	0.606085	0.075594	-0.071911	1.440000
282	0.598268	0.078650	-0.118804	1.440000
283	0.614616	0.019641	-0.009295	1.440000
284	0.593397	0.158573	-0.030974	1.440000
285	0.594749	-0.042828	-0.150547	1.440000
286	0.604542	0.090785	-0.067169	1.440000
287	0.609485	-0.049848	-0.065328	1.440000
288	0.577553	0.080303	0.195471	1.440000
289	0.609428	-0.080735	0.017435	1.440000
290	0.587620	0.150124	-0.101935	1.440000
291	0.610544	0.059216	0.044202	1.440000
292	0.611809	0.047301	0.040951	1.440000
293	0.609581	0.067062	0.046252	1.440000
294	0.601377	0.097575	0.083965	1.440000
295	0.611777	0.060968	-0.015389	1.440000
296	0.607493	0.019749	-0.093738	1.440000
297	0.608226	-0.017383	0.089353	1.440000
298	0.597012	-0.016689	0.146709	1.440000
299	0.600687	0.131523	-0.010111	1.440000
300	0.601899	-0.123648	-0.025568	1.440000
301	0.585088	-0.055404	-0.181182	1.440000
302	0.611702	-0.035772	-0.052597	1.440000
303	0.544400	0.030855	0.284433	1.440000
304	0.560344	-0.179080	-0.179361	1.440000
305	0.577100	-0.203784	0.060434	1.440000
306	0.607004	0.088899	0.043217	1.440000
307	0.605170	0.106531	0.025409	1.440000
308	0.583556	-0.183649	0.062927	1.440000
309	0.596180	-0.114955	-0.097877	1.440000
310	0.584449	0.117576	0.151062	1.440000
311	0.614134	-0.014590	0.029171	1.440000
312	0.596370	-0.086611	0.122744	1.440000
313	0.525288	-0.207776	0.243160	1.440000
314	0.565115	-0.239546	-0.038580	1.440000
315	0.564916	-0.239686	-0.040561	1.440000
316	0.470403	-0.394318	-0.038192	1.440000
317	0.523411	-0.265247	-0.184148	1.440000
318	0.592502	-0.098940	0.131824	1.440000
319	0.600475	-0.101990	-0.085166	1.440000
320	0.582836	-0.119310	-0.155860	1.440000
321	0.604949	-0.046682	-0.100409	1.440000
322	0.602490	0.005650	-0.123283	1.440000
323	0.602262	0.041551	-0.117386	1.440000
324	0.612970	0.047143	0.016446	1.440000
325	0.606727	0.099886	0.011424	1.440000
326	0.603584	-0.112752	-0.034619	1.440000
327	0.586979	0.004267	-0.183474	1.440000
328	0.599497	-0.117561	-0.070763	1.440000
329	0.554055	-0.262262	-0.049664	1.440000
330	0.544934	0.125930	0.255760	1.440000
331	0.593991	0.076249	0.139949	1.440000
332	0.611179	0.052562	0.043842	1.440000
333	0.600062	-0.051914	-0.124320	1.440000
334	0.612339	-0.029881	-0.048719	1.440000
335	0.597598	-0.145240	0.002674	1.440000
336	0.566169	-0.222180	-0.091176	1.440000
337	0.551774	-0.209289	-0.173114	1.440000
338	0.560855	0.247838	0.047361	1.440000
339	0.601264	0.124440	0.034953	1.440000
340	0.613434	0.008734	0.042987	1.440000
341	0.609975	0.038157	-0.068555	1.440000
342	0.587768	-0.008092	0.180800	1.440000
343	0.613492	-0.025730	-0.034509	1.440000
344	0.606070	-0.103691	-0.012344	1.440000
345	0.574668	-0.217128	-0.028935	1.440000
346	0.554909	0.180407	0.194304	1.440000
347	0.595001	-0.057795	0.144426	1.440000
348	0.601518	0.056998	0.114681	1.440000
349	0.568312	0.192780	-0.134472	1.440000
350	0.596930	-0.113976	0.094384	1.440000
351	0.609784	0.002106	0.079899	1.440000
352	0.611061	-0.061324	-0.032684	1.440000
353	0.597870	-0.112662	0.089910	1.440000
354	0.608665	-0.048458	0.073513	1.440000
355	0.598641	0.030847	0.137488	1.440000
356	0.607519	0.006990	0.095376	1.440000
357	0.611556	0.063851	0.012128	1.440000
358	0.600898	0.003447	0.130901	1.440000
359	0.602537	0.094304	0.079252	1.440000
360	0.614667	-0.020033	-0.002755	1.440000
361	0.606599	-0.017813	0.099725	1.440000
362	0.604217	-0.099562	-0.056871	1.440000
363	0.580701	0.184017	0.084551	1.440000
364	0.602451	-0.106774	0.062264	1.440000
365	0.543829	-0.135910	-0.252989	1.440000
366	0.592511	-0.108603	0.123939	1.440000
367	0.573779	0.146636	-0.165831	1.440000
368	0.528318	-0.314010	-0.022417	1.440000
369	0.606793	-0.026994	-0.096431	1.440000
370	0.614101	0.032538	0.006835	1.440000
371	0.607279	-0.097128	-0.001945	1.440000
372	0.566391	0.017247	-0.239015	1.440000
373	0.603846	0.087214	0.077388	1.440000
374	0.595910	-0.145456	-0.044255	1.440000
375	0.597284	-0.139250	-0.045678	1.440000
376	0.576713	0.149413	-0.152652	1.440000
377	0.609249	-0.083294	-0.010150	1.440000
378	0.608152	-0.080986	-0.042632	1.440000
379	0.602912	0.109649	-0.051951	1.440000
380	0.610473	0.039909	0.062887	1.440000
381	0.609234	-0.078612	0.029646	1.440000
382	0.586090	-0.171032	0.073969	1.440000
383	0.586263	0.149748	-0.109986	1.440000
384	0.564288	-0.036197	-0.241856	1.440000
385	0.564212	0.242304	-0.034329	1.440000
386	0.613883	0.030370	-0.021232	1.440000
387	0.607513	0.082757	-0.047999	1.440000
388	0.567132	0.018842	0.237132	1.440000
389	0.606854	-0.028406	0.095634	1.440000
390	0.608364	0.089369	-0.011445	1.440000
391	0.613968	-0.035455	0.003428	1.440000
392	0.608043	0.053913	-0.074843	1.440000
393	0.593942	0.120663	-0.104396	1.440000
394	0.607483	-0.081151	-0.051033	1.440000
395	0.577480	-0.208933	-0.032995	1.440000
396	0.543159	-0.020452	0.287724	1.440000
397	0.584299	-0.097507	0.165262	1.440000
398	0.614965	-0.002146	0.006240	1.440000
399	0.598468	0.111292	-0.087610	1.440000
400	0.613088	0.048278	-0.004215	1.440000
401	0.614886	0.011766	-0.001335	1.440000
402	0.606513	-0.077603	0.065915	1.440000
403	0.545938	-0.242464	0.146247	1.440000
404	0.606228	-0.087889	0.054664	1.440000
405	0.605526	0.073066	0.078894	1.440000
406	0.609387	-0.034751	-0.075267	1.440000
407	0.611042	-0.056137	0.041251	1.440000
408	0.602053	-0.099445	-0.076599	1.440000
409	0.589953	0.151033	0.085844	1.440000
410	0.571691	-0.189061	0.125102	1.440000
411	0.570460	-0.200977	0.111396	1.440000
412	0.610536	-0.038045	0.063431	1.440000
413	0.588580	-0.056771	-0.169042	1.440000
414	0.526343	-0.222844	-0.227000	1.440000
415	0.609074	0.080970	0.026406	1.440000
416	0.564011	-0.133028	-0.205963	1.440000
417	0.614766	-0.015877	0.005938	1.440000
418	0.547378	-0.196328	0.200145	1.440000
419	0.578917	-0.158617	-0.133870	1.440000
420	0.518524	-0.307165	-0.122503	1.440000
421	0.590681	-0.170547	0.015319	1.440000
422	0.538582	-0.264857	-0.134181	1.440000
423	0.609888	0.074148	-0.027635	1.440000
424	0.595624	-0.149769	-0.032033	1.440000
425	0.597924	-0.058843	0.131338	1.440000
426	0.570597	0.187647	0.132031	1.440000
427	0.593773	0.137416	0.082310	1.440000
428	0.561154	-0.210427	-0.138030	1.440000
429	0.586851	0.041056	-0.179292	1.440000
430	0.567399	-0.083816	-0.221942	1.440000
431	0.585409	-0.067607	-0.175927	1.440000
432	0.599734	0.007172	-0.135988	1.440000
433	0.592845	-0.022024	-0.162097	1.440000
434	0.548549	-0.276992	-0.024389	1.440000
435	0.566821	0.091750	0.220275	1.440000
436	0.603155	0.064217	0.101516	1.440000
437	0.561025	0.088230	0.235989	1.440000
438	0.613223	-0.045992	0.008238	1.440000
439	0.604743	0.052899	-0.098552	1.440000
440	0.603355	0.055204	-0.105550	1.440000
441	0.606846	-0.053290	-0.084402	1.440000
442	0.601399	0.020421	0.126991	1.440000
443	0.576265	-0.099255	-0.190504	1.440000
444	0.613842	0.027457	0.025870	1.440000
445	0.604968	0.022258	0.108368	1.440000
446	0.612639	0.041708	-0.034048	1.440000
447	0.586235	-0.158195	-0.097613	1.440000
448	0.612979	0.049781	-0.001833	1.440000
449	0.609218	-0.048051	-0.069059	1.440000
450	0.555120	-0.196637	-0.177202	1.440000
451	0.605088	-0.025658	-0.106933	1.440000
452	0.590322	-0.113815	-0.129582	1.440000
453	0.575502	0.209829	0.054723	1.440000
454	0.609946	0.010720	0.077947	1.440000
455	0.548951	-0.085769	0.263669	1.440000
456	0.614774	-0.016643	-0.001191	1.440000
457	0.604241	0.089531	-0.071427	1.440000
458	0.576533	-0.172793	0.126400	1.440000
459	0.563945	-0.245131	-0.010124	1.440000
460	0.605900	-0.099732	0.034116	1.440000
461	0.608928	-0.022147	-0.083316	1.440000
462	0.576234	-0.126065	0.174032	1.440000
463	0.602493	0.099661	0.072763	1.440000
464	0.606799	0.028555	0.095943	1.440000
465	0.584550	0.068654	-0.178362	1.440000
466	0.599831	0.006286	0.135604	1.440000
467	0.606123	-0.095974	-0.040357	1.440000
468	0.587037	0.176598	-0.049247	1.440000
469	0.592237	-0.163569	0.026935	1.440000
470	0.582962	-0.095147	0.171254	1.440000
471	0.582544	0.197006	0.007467	1.440000
472	0.607211	-0.093336	-0.028438	1.440000
473	0.610159	0.004526	-0.076878	1.440000
474	0.580004	-0.107334	-0.174069	1.440000
475	0.598153	-0.142776	-0.007274	1.440000
476	0.606569	-0.050353	0.088110	1.440000
477	0.603783	-0.110630	-0.037838	1.440000
478	0.613221	-0.046228	-0.006955	1.440000
479	0.570877	0.228725	0.003138	1.440000
480	0.562650	-0.119194	-0.217814	1.440000
481	0.614397	0.024120	0.012646	1.440000
482	0.613057	0.048274	-0.007505	1.440000
483	0.611195	0.068227	0.003327	1.440000
484	0.607847	-0.044876	0.082056	1.440000
485	0.602515	-0.120960	0.023864	1.440000
486	0.599196	-0.052664	-0.128124	1.440000
487	0.573652	0.180262	-0.129051	1.440000
488	0.602687	0.087243	0.085918	1.440000
489	0.592102	-0.166192	0.004512	1.440000
490	0.592501	0.048133	-0.157640	1.440000
491	0.598007	-0.097970	-0.104947	1.440000
492	0.608566	-0.015033	0.087442	1.440000
493	0.575651	0.133374	-0.170476	1.440000
494	0.538709	0.127967	-0.267659	1.440000
495	0.589774	0.156404	-0.077005	1.440000
496	0.605357	-0.001331	-0.108472	1.440000
497	0.569478	0.228560	-0.040984	1.440000
498	0.590552	0.038591	-0.167283	1.440000
499	0.613414	0.042311	0.012596	1.440000
500	0.614493	-0.017503	0.017799	1.440000
501	0.561600	-0.063868	0.242388	1.440000
502	0.574457	0.182304	-0.122431	1.440000
503	0.603840	0.080167	-0.084710	1.440000
504	0.605326	0.106897	0.019447	1.440000
505	0.588795	0.089023	-0.153689	1.440000
506	0.614098	0.026886	-0.019630	1.440000
507	0.564731	0.141345	-0.198308	1.440000
508	0.592194	-0.121763	-0.112717	1.440000
509	0.607178	-0.074344	0.063506	1.440000
510	0.555432	-0.156001	0.213035	1.440000
511	0.586375	0.175655	0.059454	1.440000
512	0.614965	-0.003310	0.005639	1.440000
513	0.611345	0.064116	-0.019264	1.440000
514	0.561275	0.176315	0.179189	1.440000
515	0.594386	0.044546	0.151480	1.440000
516	0.596032	0.030086	0.148544	1.440000
517	0.607349	0.008718	-0.096313	1.440000
518	0.613324	-0.024531	-0.038166	1.440000
519	0.610520	0.070948	0.021373	1.440000
520	0.610922	0.039435	0.058686	1.440000
521	0.595980	-0.150514	-0.019457	1.440000
522	0.611384	-0.066062	-0.008372	1.440000
523	0.607973	0.090243	-0.021220	1.440000
524	0.469012	-0.029632	0.396704	1.440000
525	0.557937	-0.073227	0.248131	1.440000
526	0.612861	0.051035	0.004620	1.440000
527	0.604331	-0.040997	0.106435	1.440000
528	0.608495	-0.048338	0.074984	1.440000
529	0.518543	-0.319658	0.084603	1.440000
530	0.583491	-0.098356	-0.167599	1.440000
531	0.594101	-0.148551	-0.056583	1.440000
532	0.577718	0.001442	-0.210866	1.440000
533	0.565649	-0.162684	-0.178325	1.440000
534	0.491362	-0.057623	0.365333	1.440000
535	0.585516	-0.149675	0.113986	1.440000
536	0.600379	-0.081130	0.105774	1.440000
537	0.541425	-0.287036	-0.051901	1.440000
538	0.602518	-0.093579	-0.080248	1.440000
539	0.549028	-0.228904	-0.156193	1.440000
540	0.535320	-0.280864	0.113020	1.440000
541	0.597954	-0.124619	-0.071737	1.440000
542	0.594655	-0.154518	0.027104	1.440000
543	0.598881	0.070386	-0.120881	1.440000
544	0.592574	0.124588	0.107514	1.440000
545	0.585653	0.127546	-0.137724	1.440000
546	0.536439	-0.017568	-0.300250	1.440000
547	0.604179	0.015847	0.113762	1.440000
548	0.595620	0.007649	0.152980	1.440000
549	0.591190	-0.169451	0.002274	1.440000
550	0.565460	-0.194362	-0.143887	1.440000
551	0.602923	0.057398	0.106838	1.440000
552	0.605008	0.077153	0.078983	1.440000
553	0.602859	0.110480	0.050793	1.440000
554	0.612517	0.043303	-0.034250	1.440000
555	0.587622	-0.172547	-0.056149	1.440000
556	0.607322	0.072729	-0.063992	1.440000
557	0.542868	-0.216586	-0.191337	1.440000
558	0.583276	-0.194697	0.010377	1.440000
559	0.603700	-0.070606	0.093733	1.440000
560	0.614475	-0.023387	-0.009921	1.440000
561	0.606459	-0.023664	0.099358	1.440000
562	0.613727	0.015846	0.036241	1.440000
563	0.548693	-0.245374	-0.130200	1.440000
564	0.614203	-0.022691	0.021552	1.440000
565	0.612896	-0.025158	0.044165	1.440000
566	0.605459	-0.105501	-0.022663	1.440000
567	0.608953	-0.079225	0.033533	1.440000
568	0.603460	-0.065674	0.098731	1.440000
569	0.576216	-0.206602	0.059292	1.440000
570	0.610769	0.071223	0.010669	1.440000
571	0.609940	0.047670	0.062660	1.440000
572	0.573959	-0.066039	0.210795	1.440000
573	0.570375	-0.118341	0.197213	1.440000
574	0.607636	-0.011578	-0.094176	1.440000
575	0.613553	-0.041753	0.005897	1.440000
576	0.611914	-0.007023	0.061127	1.440000
577	0.611163	-0.068316	0.006129	1.440000
578	0.589121	-0.120019	0.129450	1.440000
579	0.599945	-0.128185	-0.043118	1.440000
580	0.584461	-0.188804	-0.031364	1.440000
581	0.588350	-0.039304	-0.174713	1.440000
582	0.605560	-0.099019	0.041443	1.440000
583	0.613846	0.033193	-0.017787	1.440000
584	0.614682	0.017108	0.009920	1.440000
585	0.523346	0.185399	-0.264502	1.440000
586	0.594723	-0.153027	-0.033347	1.440000
587	0.594019	0.146666	0.062091	1.440000
588	0.572278	0.224222	0.021141	1.440000
589	0.608556	0.052476	0.071631	1.440000
590	0.606591	0.040283	-0.093002	1.440000
591	0.602766	-0.092936	-0.079124	1.440000
592	0.591590	0.114187	-0.123320	1.440000
593	0.567103	-0.011130	-0.237688	1.440000
594	0.604450	-0.107353	-0.036606	1.440000
595	0.613760	0.018257	-0.034504	1.440000
596	0.613762	0.005474	0.038621	1.440000
597	0.594240	-0.031302	0.155318	1.440000
598	0.520938	0.326687	0.011150	1.440000
599	0.606549	0.100237	-0.016592	1.440000
600	0.595891	0.022983	-0.150369	1.440000
601	0.614794	-0.015123	0.004933	1.440000
602	0.584030	0.152943	0.117228	1.440000
603	0.603005	0.101182	-0.066123	1.440000
604	0.589959	0.036228	-0.169886	1.440000
605	0.604408	0.040255	0.106280	1.440000
606	0.602370	0.123115	-0.014786	1.440000
607	0.611719	-0.041284	-0.048175	1.440000
608	0.564722	-0.070188	0.233212	1.440000
609	0.566814	0.018308	0.237932	1.440000
610	0.614747	-0.010867	-0.013902	1.440000
611	0.606502	0.099240	0.023066	1.440000
612	0.596212	-0.147222	0.032887	1.440000
613	0.608065	0.003681	0.092024	1.440000
614	0.605757	-0.106113	0.004884	1.440000
615	0.602399	0.104519	-0.066454	1.440000
616	0.608137	-0.080546	-0.043668	1.440000
617	0.610958	0.037239	-0.059740	1.440000
618	0.608481	0.071935	0.052922	1.440000
619	0.608412	-0.059414	0.067300	1.440000
620	0.602667	0.065679	-0.103456	1.440000
621	0.609215	0.041602	0.073150	1.440000
622	0.534950	-0.120938	0.278258	1.440000
623	0.572345	-0.094153	0.204404	1.440000
624	0.598119	-0.142838	-0.008745	1.440000
625	0.597458	0.080689	0.121483	1.440000
626	0.609172	-0.053129	0.065668	1.440000
627	0.559547	-0.229693	0.111236	1.440000
628	0.550188	-0.271699	-0.041202	1.440000
629	0.613784	0.006117	-0.038163	1.440000
630	0.605427	0.100683	0.039321	1.440000
631	0.609676	0.015752	0.079196	1.440000
632	0.602529	-0.103218	0.067307	1.440000
633	0.550653	-0.272925	-0.022756	1.440000
634	0.597915	-0.143781	0.007037	1.440000
635	0.586630	-0.178474	-0.047299	1.440000
636	0.613218	0.025327	0.039328	1.440000
637	0.610912	-0.055441	-0.044015	1.440000
638	0.603909	0.052807	-0.103590	1.440000
639	0.567254	0.237537	0.004916	1.440000
640	0.576129	0.163133	0.140313	1.440000
641	0.609343	-0.021787	0.080321	1.440000
642	0.556618	0.097410	-0.242720	1.440000
643	0.605069	-0.019113	-0.108403	1.440000
644	0.543026	-0.127263	-0.259136	1.440000
645	0.611273	0.053074	0.041877	1.440000
646	0.565789	-0.231316	-0.067832	1.440000
647	0.606973	-0.087324	-0.046727	1.440000
648	0.603228	0.087017	0.082271	1.440000
649	0.570256	-0.089128	0.212341	1.440000
650	0.577162	0.183505	0.106935	1.440000
651	0.579553	-0.158351	-0.131407	1.440000
652	0.614454	-0.017317	0.019278	1.440000
653	0.611425	-0.026255	-0.060783	1.440000
654	0.564120	-0.013188	-0.244582	1.440000
655	0.579998	-0.200685	0.039408	1.440000
656	0.554902	-0.137338	-0.226821	1.440000
657	0.606712	-0.012017	0.099903	1.440000
658	0.582555	-0.054645	0.189390	1.440000
659	0.591526	-0.004592	0.168230	1.440000
660	0.603171	0.081841	0.087816	1.440000
661	0.596123	-0.150300	0.016484	1.440000
662	0.570350	-0.130381	0.189542	1.440000
663	0.596283	-0.144483	0.042376	1.440000
664	0.574568	0.061610	-0.210477	1.440000
665	0.554256	-0.188291	0.188605	1.440000
666	0.472193	0.351777	0.177515	1.440000
667	0.592730	0.067621	0.149409	1.440000
668	0.527010	-0.292485	0.122218	1.440000
669	0.599724	-0.133452	0.027322	1.440000
670	0.592234	0.111160	0.122994	1.440000
671	0.559301	-0.249661	0.055474	1.440000
672	0.599371	-0.129691	0.046478	1.440000
673	0.612140	-0.050030	-0.031718	1.440000
674	0.560629	-0.225991	0.113353	1.440000
675	0.561806	0.159383	0.192863	1.440000
676	0.580590	-0.069747	-0.190463	1.440000
677	0.605951	-0.068636	0.079609	1.440000
678	0.583238	-0.127000	-0.148087	1.440000
679	0.589221	0.092968	0.149667	1.440000
680	0.589022	-0.171884	0.041635	1.440000
681	0.567666	0.235487	-0.022941	1.440000
682	0.591617	-0.039107	-0.163356	1.440000
683	0.550573	-0.233853	-0.142853	1.440000
684	0.600539	0.053016	-0.121523	1.440000
685	0.613335	0.037949	-0.024597	1.440000
686	0.534113	0.258410	-0.161779	1.440000
687	0.531040	-0.298331	-0.084972	1.440000
688	0.611759	-0.029206	-0.055881	1.440000
689	0.607764	0.090041	-0.027212	1.440000
690	0.549239	0.253955	0.109858	1.440000
691	0.595284	-0.016104	0.153632	1.440000
692	0.555016	-0.262994	0.031887	1.440000
693	0.561562	-0.245639	-0.050344	1.440000
694	0.611799	-0.041419	-0.047029	1.440000
695	0.554884	-0.254512	-0.074510	1.440000
696	0.611127	0.065370	-0.021807	1.440000
697	0.613251	-0.035093	-0.030279	1.440000
698	0.487110	-0.375134	0.014960	1.440000
699	0.610852	0.011876	-0.070310	1.440000
700	0.541062	0.223917	0.187983	1.440000
701	0.500626	0.276080	-0.226668	1.440000
702	0.604510	-0.107550	0.035015	1.440000
703	0.613276	-0.045981	-0.001783	1.440000
704	0.592086	0.131350	-0.102011	1.440000
705	0.515756	0.071628	0.327247	1.440000
706	0.586389	0.022386	0.184042	1.440000
707	0.507435	0.346134	-0.030431	1.440000
708	0.612642	-0.014840	0.051717	1.440000
709	0.612270	-0.005726	0.057602	1.440000
710	0.610231	0.060352	0.046912	1.440000
711	0.579627	-0.079977	-0.189372	1.440000
712	0.525500	0.205397	0.244718	1.440000
713	0.540677	-0.085515	0.280323	1.440000
714	0.569294	-0.101932	0.209138	1.440000
715	0.614830	-0.014370	0.001762	1.440000
716	0.569784	-0.230947	-0.015304	1.440000
717	0.614607	-0.021276	-0.005496	1.440000
718	0.591508	0.153446	0.069261	1.440000
719	0.547524	-0.196391	0.199682	1.440000
720	0.600818	0.106156	-0.077286	1.440000
721	0.606660	0.003886	-0.100867	1.440000
722	0.603378	-0.101352	-0.062352	1.440000
723	0.611277	-0.046935	-0.048601	1.440000
724	0.587073	-0.035168	-0.179815	1.440000
725	0.560788	-0.245783	-0.057732	1.440000
726	0.561820	0.052547	-0.244586	1.440000
727	0.605229	0.076728	0.077690	1.440000
728	0.579006	-0.105340	0.178553	1.440000
729	0.585889	-0.123106	0.140727	1.440000
730	0.554607	0.065001	0.257704	1.440000
731	0.549157	-0.151961	0.231428	1.440000
732	0.589016	-0.153957	0.087078	1.440000
733	0.593136	-0.010198	0.162205	1.440000
734	0.555625	-0.260171	-0.042628	1.440000
735	0.614456	-0.022382	0.012959	1.440000
736	0.581452	0.093455	-0.177213	1.440000
737	0.609293	-0.036402	0.075246	1.440000
738	0.507175	-0.101875	0.332596	1.440000
739	0.515814	-0.333598	0.029555	1.440000
740	0.557737	-0.223085	0.131864	1.440000
741	0.585324	-0.176103	0.067884	1.440000
742	0.455978	-0.182317	0.370229	1.440000
743	0.572927	-0.200293	-0.099310	1.440000
744	0.573477	-0.219183	-0.036156	1.440000
745	0.586019	-0.086841	-0.165122	1.440000
746	0.524803	-0.214166	-0.238621	1.440000
747	0.595542	0.089985	-0.124330	1.440000
748	0.544875	0.264360	0.107006	1.440000
749	0.498677	-0.040703	-0.357616	1.440000
750	0.532966	-0.014996	-0.306509	1.440000
751	0.594843	0.137114	-0.074742	1.440000
752	0.608047	-0.051995	-0.076162	1.440000
753	0.580068	-0.195083	-0.060736	1.440000
754	0.489298	-0.367300	-0.062480	1.440000
755	0.592611	0.106646	0.125157	1.440000
756	0.597442	0.125965	0.073625	1.440000
757	0.601668	-0.017055	0.126215	1.440000
758	0.590193	0.031815	-0.169956	1.440000
759	0.540666	-0.149468	-0.252120	1.440000
760	0.580616	-0.143005	-0.143736	1.440000
761	0.481421	-0.270193	-0.271025	1.440000
762	0.550169	-0.205349	-0.182678	1.440000
763	0.605325	-0.045310	0.098763	1.440000
764	0.605386	0.006357	0.108133	1.440000
765	0.586244	-0.116474	-0.144832	1.440000
766	0.600421	-0.069537	0.113511	1.440000
767	0.613624	-0.001177	0.041104	1.440000
768	0.585192	-0.051283	-0.182058	1.440000
769	0.561798	-0.177406	-0.176451	1.440000
770	0.592674	0.134501	-0.094189	1.440000
771	0.551571	0.161875	0.218612	1.440000
772	0.558088	-0.109053	0.234244	1.440000
773	0.610348	-0.074530	0.012084	1.440000
774	0.604663	0.074390	0.084102	1.440000
775	0.591937	0.029420	0.164227	1.440000
776	0.597117	-0.146816	-0.011041	1.440000
777	0.586945	-0.084623	0.162972	1.440000
778	0.581559	-0.123695	0.157204	1.440000
779	0.562287	0.112992	0.222015	1.440000
780	0.604556	-0.105335	-0.040518	1.440000
781	0.584499	-0.108717	0.157375	1.440000
782	0.588374	0.090670	0.154336	1.440000
783	0.606722	0.060346	0.080448	1.440000
784	0.613058	-0.006841	0.048349	1.440000
785	0.598721	0.069715	-0.122058	1.440000
786	0.610607	-0.041068	0.060808	1.440000
787	0.589178	-0.091574	-0.150695	1.440000
788	0.614469	0.012438	-0.022326	1.440000
789	0.555910	-0.262936	-0.007311	1.440000
790	0.513973	-0.335870	-0.035330	1.440000
791	0.567498	0.186308	0.146492	1.440000
792	0.611764	0.030910	0.054902	1.440000
793	0.611312	-0.048703	-0.046372	1.440000
794	0.607568	-0.083384	0.046183	1.440000
795	0.601243	-0.088711	-0.094140	1.440000
796	0.609817	0.070708	0.036729	1.440000
797	0.589777	0.161099	-0.066597	1.440000
798	0.602821	-0.080123	-0.091716	1.440000
799	0.602016	-0.112610	-0.055867	1.440000
800	0.545341	0.082988	-0.271921	1.440000
801	0.612160	0.027221	-0.052389	1.440000
802	0.558561	0.212412	0.145311	1.440000
803	0.609749	0.057194	0.056214	1.440000
804	0.602454	-0.073612	-0.099275	1.440000
805	0.592544	-0.116044	-0.116836	1.440000
806	0.613781	-0.033923	0.018626	1.440000
807	0.596867	-0.021820	-0.146623	1.440000
808	0.612589	0.019049	0.050957	1.440000
809	0.596384	0.129111	0.076689	1.440000
810	0.581010	0.174065	-0.101752	1.440000
811	0.605420	-0.108066	0.003560	1.440000
812	0.536303	-0.114310	0.278456	1.440000
813	0.611982	0.058888	0.015325	1.440000
814	0.611157	0.045102	0.051750	1.440000
815	0.570267	0.125319	-0.193172	1.440000
816	0.602538	0.053369	0.111016	1.440000
817	0.594159	0.155956	-0.029626	1.440000
818	0.601984	0.079541	0.097538	1.440000
819	0.531606	0.289117	-0.109687	1.440000
820	0.567854	-0.214283	0.099247	1.440000
821	0.600461	0.055057	0.120997	1.440000
822	0.613753	-0.000954	0.039125	1.440000
823	0.613051	0.003202	0.048814	1.440000
824	0.560598	0.251454	0.026939	1.440000
825	0.575338	0.217002	0.010991	1.440000
826	0.576979	0.081201	0.196791	1.440000
827	0.613627	-0.010171	-0.039795	1.440000
828	0.605794	0.079332	0.070317	1.440000
829	0.584042	-0.147706	-0.123703	1.440000
830	0.577702	-0.044908	0.206079	1.440000
831	0.582171	-0.196681	-0.024868	1.440000
832	0.610467	0.000372	-0.074530	1.440000
833	0.568768	0.192961	-0.132267	1.440000
834	0.560333	0.173085	0.185185	1.440000
835	0.607920	0.092959	0.004050	1.440000
836	0.577934	-0.054114	0.203197	1.440000
837	0.555896	-0.251135	0.078328	1.440000
838	0.587680	-0.128393	0.127953	1.440000
839	0.561818	-0.165792	0.187346	1.440000
840	0.593198	-0.134777	-0.090425	1.440000
841	0.605460	-0.105666	-0.021868	1.440000
842	0.573450	-0.056771	0.214841	1.440000
843	0.510409	-0.131929	0.316705	1.440000
844	0.545263	0.038583	0.281824	1.440000
845	0.515806	-0.217449	0.254725	1.440000
846	0.608798	-0.078717	0.037332	1.440000
847	0.574719	-0.197960	-0.093462	1.440000
848	0.490243	-0.369620	-0.035612	1.440000
849	0.590255	-0.132770	-0.110435	1.440000
850	0.519025	-0.247492	-0.218142	1.440000
