1	-0.476255	-0.329950	0.206251	-2.280000
2	-0.552501	0.194511	-0.187438	-2.280000
3	-0.613728	-0.030011	-0.025727	-2.280000
4	-0.598588	-0.013381	0.140493	-2.280000
5	-0.611409	0.066312	0.002681	-2.280000
6	-0.604973	0.078273	0.078140	-2.280000
7	-0.540955	0.177319	-0.232704	-2.280000
8	-0.583617	-0.185464	0.056742	-2.280000
9	-0.515184	0.184404	0.280724	-2.280000
10	-0.614305	-0.017741	0.023241	-2.280000
11	-0.592374	-0.090494	0.138307	-2.280000
12	-0.614437	0.016693	-0.020334	-2.280000
13	-0.588540	0.102149	0.146324	-2.280000
14	-0.569713	-0.225776	0.051743	-2.280000
15	-0.607456	0.088613	-0.037006	-2.280000
16	-0.587654	-0.047927	0.174903	-2.280000
17	-0.586940	0.178421	-0.043495	-2.280000
18	-0.607766	0.067248	0.065753	-2.280000
19	-0.508883	-0.290548	-0.186669	-2.280000
20	-0.608387	-0.089325	0.010570	-2.280000
21	-0.606751	-0.069980	0.071982	-2.280000
22	-0.531494	-0.125612	0.282773	-2.280000
23	-0.606101	-0.046738	0.093177	-2.280000
24	-0.596203	0.023290	-0.149079	-2.280000
25	-0.561423	-0.248344	0.036797	-2.280000
26	-0.581910	0.042299	0.194464	-2.280000
27	-0.575822	0.170419	0.132709	-2.280000
28	-0.594987	0.007241	-0.155444	-2.280000
29	-0.610697	-0.045858	-0.056314	-2.280000
30	-0.605554	0.074824	0.077009	-2.280000
31	-0.604164	0.006075	0.114779	-2.280000
32	-0.612329	0.057069	0.004684	-2.280000
33	-0.603013	0.025862	0.118032	-2.280000
34	-0.573459	-0.159676	-0.154510	-2.280000
35	-0.613445	-0.038277	0.021112	-2.280000
36	-0.585884	-0.114734	-0.147651	-2.280000
37	-0.585833	0.142273	0.121586	-2.280000
38	-0.579465	0.131422	0.158663	-2.280000
39	-0.569776	0.173528	0.153195	-2.280000
40	-0.592376	0.099818	-0.131727	-2.280000
41	-0.576936	0.193574	0.088874	-2.280000
42	-0.608475	-0.028103	0.084813	-2.280000
43	-0.606082	0.076264	-0.071224	-2.280000
44	-0.605716	0.011009	0.105889	-2.280000
45	-0.500392	-0.235899	0.268673	-2.280000
46	-0.579468	-0.192349	-0.073779	-2.280000
47	-0.569322	0.136068	0.188633	-2.280000
48	-0.585454	0.124843	-0.141005	-2.280000
49	-0.594414	-0.104754	-0.118000	-2.280000
50	-0.604713	0.059981	0.094601	-2.280000
51	-0.487727	0.067969	0.368412	-2.280000
52	-0.610943	0.020453	0.067491	-2.280000
53	-0.604672	0.076849	0.081800	-2.280000
54	-0.613933	-0.030396	0.019680	-2.280000
55	-0.592368	-0.132192	0.099249	-2.280000
56	-0.595235	-0.075128	-0.135190	-2.280000
57	-0.612380	-0.051389	-0.023975	-2.280000
58	-0.558595	-0.182163	-0.181695	-2.280000
59	-0.610149	-0.063714	0.043399	-2.280000
60	-0.603945	-0.056293	0.101522	-2.280000
61	-0.601710	-0.069151	0.106714	-2.280000
62	-0.584476	0.182023	-0.058990	-2.280000
63	-0.596418	-0.149290	-0.014949	-2.280000
64	-0.571960	-0.226025	-0.000351	-2.280000
65	-0.569825	0.189094	-0.133295	-2.280000
66	-0.604991	0.108353	0.021702	-2.280000
67	-0.611381	-0.063682	-0.019557	-2.280000
68	-0.608833	0.081099	0.031149	-2.280000
69	-0.557620	-0.252780	0.058196	-2.280000
70	-0.596219	-0.110883	0.102237	-2.280000
71	-0.606177	0.044748	-0.093656	-2.280000
72	-0.530347	-0.063225	-0.304893	-2.280000
73	-0.587510	0.171727	-0.059727	-2.280000
74	-0.592343	-0.165200	0.007965	-2.280000
75	-0.599914	0.082525	0.107320	-2.280000
76	-0.599699	-0.088890	0.103366	-2.280000
77	-0.594472	-0.149438	-0.049962	-2.280000
78	-0.582855	0.108636	0.163410	-2.280000
79	-0.604836	-0.020987	0.109353	-2.280000
80	-0.605779	0.105725	0.008911	-2.280000
81	-0.580519	0.129098	0.156703	-2.280000
82	-0.599560	0.136539	0.010456	-2.280000
83	-0.592219	0.138122	-0.091778	-2.280000
84	-0.593260	-0.111720	0.117415	-2.280000
85	-0.603939	0.066319	0.095314	-2.280000
86	-0.613944	0.013781	0.033281	-2.280000
87	-0.603873	-0.057733	0.101142	-2.280000
88	-0.545427	0.166340	0.230360	-2.280000
89	-0.589714	-0.173376	0.020073	-2.280000
90	-0.580920	0.190666	0.066358	-2.280000
91	-0.586117	-0.166856	-0.082771	-2.280000
92	-0.612645	-0.023364	-0.048424	-2.280000
93	-0.596326	-0.005393	-0.150302	-2.280000
94	-0.605333	0.014810	-0.107602	-2.280000
95	-0.597409	-0.014579	0.145310	-2.280000
96	-0.574983	0.067436	0.207538	-2.280000
97	-0.608047	-0.074316	-0.054599	-2.280000
98	-0.546758	0.227181	0.166342	-2.280000
99	-0.594821	0.112550	0.108376	-2.280000
100	-0.560987	-0.203614	0.148524	-2.280000
101	-0.594909	0.154580	-0.020326	-2.280000
102	-0.606968	0.093698	-0.032179	-2.280000
103	-0.559361	-0.069060	0.246112	-2.280000
104	-0.469249	0.263950	0.297255	-2.280000
105	-0.582702	-0.112273	0.161487	-2.280000
106	-0.606261	-0.102288	0.014477	-2.280000
107	-0.595084	0.101122	-0.117788	-2.280000
108	-0.586095	0.184457	0.026333	-2.280000
109	-0.436379	0.400349	0.165888	-2.280000
110	-0.585104	-0.189244	-0.008056	-2.280000
111	-0.584620	-0.180543	-0.062033	-2.280000
112	-0.608246	0.089485	0.015936	-2.280000
113	-0.506427	-0.264732	0.227319	-2.280000
114	-0.503650	-0.127121	0.329245	-2.280000
115	-0.612581	0.013460	0.052807	-2.280000
116	-0.577772	0.099991	-0.185490	-2.280000
117	-0.583463	0.190831	0.037147	-2.280000
118	-0.569675	0.041095	0.228051	-2.280000
119	-0.605133	-0.108395	0.017010	-2.280000
120	-0.597294	0.051565	-0.137136	-2.280000
121	-0.610760	0.048907	-0.052971	-2.280000
122	-0.601659	0.126044	-0.018537	-2.280000
123	-0.613093	0.027864	0.039575	-2.280000
124	-0.612768	-0.029614	0.043160	-2.280000
125	-0.592041	0.166217	0.009200	-2.280000
126	-0.551401	-0.269069	-0.042242	-2.280000
127	-0.610965	0.068681	-0.015175	-2.280000
128	-0.557159	0.101928	-0.239602	-2.280000
129	-0.614061	0.032496	-0.009887	-2.280000
130	-0.572005	0.012373	0.225570	-2.280000
131	-0.601360	-0.053920	-0.116976	-2.280000
132	-0.589899	0.171908	0.026303	-2.280000
133	-0.598852	0.128804	-0.054870	-2.280000
134	-0.570933	-0.199693	-0.111279	-2.280000
135	-0.613309	-0.035813	0.028186	-2.280000
136	-0.570776	-0.129296	0.189003	-2.280000
137	-0.517720	-0.298722	0.144763	-2.280000
138	-0.601219	-0.122598	0.041597	-2.280000
139	-0.568603	-0.026873	0.232795	-2.280000
140	-0.611931	0.009957	0.060554	-2.280000
141	-0.607095	0.057594	0.079648	-2.280000
142	-0.606547	-0.076884	-0.066447	-2.280000
143	-0.614079	0.027227	-0.019757	-2.280000
144	-0.595445	-0.153844	-0.001604	-2.280000
145	-0.610313	0.054663	0.052491	-2.280000
146	-0.609452	0.005674	0.082227	-2.280000
147	-0.524130	-0.320856	-0.023756	-2.280000
148	-0.592535	-0.050782	-0.156678	-2.280000
149	-0.535271	-0.270498	0.136162	-2.280000
150	-0.604911	-0.093541	0.059646	-2.280000
151	-0.562163	0.190806	0.160596	-2.280000
152	-0.563242	0.237251	-0.068526	-2.280000
153	-0.580063	0.117895	0.166891	-2.280000
154	-0.540231	0.212431	0.203098	-2.280000
155	-0.562164	0.029362	0.247658	-2.280000
156	-0.614721	0.003950	0.018095	-2.280000
157	-0.589046	-0.052390	0.168835	-2.280000
158	-0.599131	0.121848	0.066481	-2.280000
159	-0.612805	0.024364	-0.045848	-2.280000
160	-0.589324	-0.035491	-0.172229	-2.280000
161	-0.608613	0.045661	-0.075700	-2.280000
162	-0.562010	-0.046270	0.245415	-2.280000
163	-0.612593	0.020987	0.050149	-2.280000
164	-0.566325	0.114219	0.210842	-2.280000
165	-0.612088	0.017111	-0.057275	-2.280000
166	-0.604826	0.100739	-0.047568	-2.280000
167	-0.573604	-0.136833	-0.174586	-2.280000
168	-0.603419	-0.052138	-0.106735	-2.280000
169	-0.528878	-0.160029	0.270006	-2.280000
170	-0.609716	0.079455	0.012585	-2.280000
171	-0.591406	-0.166658	0.026263	-2.280000
172	-0.602044	-0.086170	-0.091339	-2.280000
173	-0.566165	-0.159463	-0.179593	-2.280000
174	-0.613710	0.022873	-0.032591	-2.280000
175	-0.607457	-0.001800	0.096006	-2.280000
176	-0.572361	-0.039660	-0.221483	-2.280000
177	-0.587392	0.146592	0.108198	-2.280000
178	-0.604337	0.102177	0.050612	-2.280000
179	-0.593650	0.087966	0.134411	-2.280000
180	-0.613479	0.040996	-0.013707	-2.280000
181	-0.604498	-0.084296	-0.075505	-2.280000
182	-0.594221	0.154616	-0.034936	-2.280000
183	-0.610367	0.061916	-0.042939	-2.280000
184	-0.500163	0.250144	0.255909	-2.280000
185	-0.610970	-0.065920	0.024404	-2.280000
186	-0.610738	0.003517	0.072196	-2.280000
187	-0.591483	-0.050223	0.160781	-2.280000
188	-0.614913	-0.004950	-0.009115	-2.280000
189	-0.609347	0.078337	0.028016	-2.280000
190	-0.559571	0.051036	-0.250002	-2.280000
191	-0.602079	0.027379	-0.122377	-2.280000
192	-0.585455	-0.172004	0.076697	-2.280000
193	-0.603187	0.076656	-0.092275	-2.280000
194	-0.595520	0.151984	-0.021951	-2.280000
195	-0.559123	-0.014606	0.255720	-2.280000
196	-0.612680	-0.042005	0.032925	-2.280000
197	-0.614281	-0.008661	0.028431	-2.280000
198	-0.614376	-0.015145	0.023195	-2.280000
199	-0.593232	-0.149726	-0.062311	-2.280000
200	-0.574010	0.220341	-0.013679	-2.280000
201	-0.554521	-0.154165	0.216712	-2.280000
202	-0.561128	0.116676	0.223041	-2.280000
203	-0.579129	0.063320	0.197040	-2.280000
204	-0.557759	-0.183391	0.183024	-2.280000
205	-0.610229	-0.045148	0.061703	-2.280000
206	-0.612064	0.048461	-0.035412	-2.280000
207	-0.583978	-0.113305	-0.156068	-2.280000
208	-0.586092	0.131621	-0.131899	-2.280000
209	-0.608548	0.003188	0.088791	-2.280000
210	-0.567355	0.147148	0.186228	-2.280000
211	-0.567268	-0.071456	0.226551	-2.280000
212	-0.577514	0.208370	0.035836	-2.280000
213	-0.610287	-0.028753	-0.070338	-2.280000
214	-0.584330	-0.123895	0.146400	-2.280000
215	-0.589428	-0.114782	0.132758	-2.280000
216	-0.519162	0.249075	0.216003	-2.280000
217	-0.607268	0.071995	0.065323	-2.280000
218	-0.603616	0.117074	-0.012885	-2.280000
219	-0.595654	0.122310	-0.091984	-2.280000
220	-0.598125	0.118009	-0.080905	-2.280000
221	-0.612727	-0.031611	0.042324	-2.280000
222	-0.532111	0.240537	0.192938	-2.280000
223	-0.606923	-0.096354	-0.024207	-2.280000
224	-0.610480	0.030167	-0.068034	-2.280000
225	-0.613546	0.016203	-0.039043	-2.280000
226	-0.602100	-0.107977	-0.063571	-2.280000
227	-0.610889	0.023284	-0.067059	-2.280000
228	-0.596429	-0.103307	-0.108744	-2.280000
229	-0.600739	0.011264	-0.131189	-2.280000
230	-0.599204	0.035038	0.133984	-2.280000
231	-0.604123	0.114942	0.007005	-2.280000
232	-0.601276	-0.118575	-0.051307	-2.280000
233	-0.605503	0.055285	-0.092385	-2.280000
234	-0.614659	-0.017460	-0.010703	-2.280000
235	-0.608934	-0.000587	0.086162	-2.280000
236	-0.578573	-0.084204	0.190758	-2.280000
237	-0.609814	0.066809	-0.043455	-2.280000
238	-0.613994	-0.016472	0.031064	-2.280000
239	-0.589272	0.042835	0.170729	-2.280000
240	-0.606235	-0.101089	0.022015	-2.280000
241	-0.585624	0.150188	0.112751	-2.280000
242	-0.597430	0.090492	-0.114513	-2.280000
243	-0.609483	-0.011437	-0.081395	-2.280000
244	-0.550981	0.180153	-0.205402	-2.280000
245	-0.576903	-0.038560	0.209572	-2.280000
246	-0.612254	0.057977	0.003013	-2.280000
247	-0.606215	-0.057645	-0.086051	-2.280000
248	-0.580064	-0.175290	0.104998	-2.280000
249	-0.579743	-0.174293	0.108373	-2.280000
250	-0.539401	-0.295402	0.003034	-2.280000
251	-0.601112	0.124644	0.036787	-2.280000
252	-0.575896	0.155142	0.149999	-2.280000
253	-0.580461	0.184226	-0.085735	-2.280000
254	-0.594166	0.013233	0.158165	-2.280000
255	-0.586191	-0.040244	0.181618	-2.280000
256	-0.602821	0.036966	0.116039	-2.280000
257	-0.594649	-0.102994	0.118364	-2.280000
258	-0.590830	0.119444	0.121978	-2.280000
259	-0.587201	-0.166178	-0.076193	-2.280000
260	-0.606754	0.095794	0.029969	-2.280000
261	-0.588832	0.174414	-0.032896	-2.280000
262	-0.599201	-0.085548	-0.108927	-2.280000
263	-0.567882	-0.104254	0.211817	-2.280000
264	-0.607542	0.088049	0.036946	-2.280000
265	-0.600696	-0.074015	-0.109140	-2.280000
266	-0.611370	-0.041256	0.052432	-2.280000
267	-0.591028	-0.009794	-0.169748	-2.280000
268	-0.509439	0.330202	-0.098304	-2.280000
269	-0.604146	-0.085759	-0.076665	-2.280000
270	-0.614649	-0.020747	-0.000970	-2.280000
271	-0.613895	-0.032282	-0.017765	-2.280000
272	-0.592337	-0.164143	-0.020472	-2.280000
273	-0.600470	-0.024583	0.130602	-2.280000
274	-0.602290	-0.093443	-0.082099	-2.280000
275	-0.606053	-0.093633	-0.046449	-2.280000
276	-0.604129	-0.064644	0.095260	-2.280000
277	-0.613996	-0.014949	-0.031794	-2.280000
278	-0.606136	-0.065559	-0.080787	-2.280000
279	-0.563682	-0.228825	-0.090147	-2.280000
280	-0.566067	-0.235805	-0.046783	-2.280000
281	-0.609726	0.055556	0.058077	-2.280000
282	-0.575728	-0.207937	0.059371	-2.280000
283	-0.607329	0.032790	-0.091112	-2.280000
284	-0.612766	-0.041585	-0.031839	-2.280000
285	-0.613675	-0.024941	0.031722	-2.280000
286	-0.583481	0.174217	-0.086160	-2.280000
287	-0.561924	-0.241908	0.062821	-2.280000
288	-0.596434	0.096785	-0.114559	-2.280000
289	-0.605022	0.108264	-0.021266	-2.280000
290	-0.540422	-0.197033	0.217593	-2.280000
291	-0.593722	0.087284	0.134539	-2.280000
292	-0.545353	-0.037851	0.281748	-2.280000
293	-0.604231	-0.110739	0.029444	-2.280000
294	-0.608547	0.072718	0.051067	-2.280000
295	-0.569076	0.154077	-0.175037	-2.280000
296	-0.606920	0.038807	0.091472	-2.280000
297	-0.588070	-0.136399	-0.117446	-2.280000
298	-0.602100	0.122161	0.027889	-2.280000
299	-0.598374	0.129035	-0.059362	-2.280000
300	-0.585203	0.094992	0.163519	-2.280000
301	-0.589527	-0.052747	0.167035	-2.280000
302	-0.612494	0.011583	0.054238	-2.280000
303	-0.595843	0.113893	-0.101115	-2.280000
304	-0.606965	-0.043549	-0.089005	-2.280000
305	-0.595962	-0.031419	-0.148550	-2.280000
306	-0.609652	0.047410	-0.065588	-2.280000
307	-0.612668	0.047927	-0.023796	-2.280000
308	-0.596978	0.023482	0.145912	-2.280000
309	-0.607518	0.068453	0.066787	-2.280000
310	-0.576908	-0.212418	0.016740	-2.280000
311	-0.612709	0.026602	-0.045885	-2.280000
312	-0.590354	-0.028814	0.169932	-2.280000
313	-0.611275	-0.022866	-0.063603	-2.280000
314	-0.613605	0.021831	0.035172	-2.280000
315	-0.610323	0.025394	-0.071314	-2.280000
316	-0.588306	0.179129	-0.005818	-2.280000
317	-0.593675	-0.082510	0.137721	-2.280000
318	-0.582386	-0.077871	0.181626	-2.280000
319	-0.595472	0.070425	0.136670	-2.280000
320	-0.609898	0.062898	0.047882	-2.280000
321	-0.580045	0.113221	-0.170159	-2.280000
322	-0.596931	-0.091055	0.116653	-2.280000
323	-0.594091	0.157561	-0.021338	-2.280000
324	-0.602590	0.058688	-0.108010	-2.280000
325	-0.588429	0.148833	0.099121	-2.280000
326	-0.557527	0.241706	-0.094692	-2.280000
327	-0.590953	-0.032898	-0.167085	-2.280000
328	-0.607305	0.096358	-0.011018	-2.280000
329	-0.558646	0.132713	0.220288	-2.280000
330	-0.570098	-0.181152	0.142818	-2.280000
331	-0.604853	0.090606	0.064563	-2.280000
332	-0.601670	0.121135	-0.039301	-2.280000
333	-0.601087	0.106214	-0.075091	-2.280000
334	-0.613589	-0.030464	-0.028382	-2.280000
335	-0.609294	0.073763	-0.039304	-2.280000
336	-0.601770	0.056570	0.113571	-2.280000
337	-0.585199	0.185634	-0.036160	-2.280000
338	-0.597322	0.028613	-0.143570	-2.280000
339	-0.606793	0.078483	0.062190	-2.280000
340	-0.605240	0.003235	0.109083	-2.280000
341	-0.592578	-0.161136	0.033329	-2.280000
342	-0.566688	0.157568	0.179618	-2.280000
343	-0.608136	0.085852	0.032010	-2.280000
344	-0.596955	-0.146193	0.022306	-2.280000
345	-0.563096	0.181061	-0.168420	-2.280000
346	-0.580040	-0.109174	-0.172800	-2.280000
347	-0.609629	0.080753	-0.007549	-2.280000
348	-0.599196	0.107732	0.087081	-2.280000
349	-0.603333	-0.116916	0.023352	-2.280000
350	-0.612401	0.053112	-0.019214	-2.280000
351	-0.600423	-0.078703	0.107347	-2.280000
352	-0.609409	-0.052030	-0.064332	-2.280000
353	-0.587365	-0.156488	0.093485	-2.280000
354	-0.609661	0.050333	-0.063286	-2.280000
355	-0.544906	0.231731	0.166143	-2.280000
356	-0.608184	0.015877	0.089918	-2.280000
357	-0.582172	0.182958	0.076336	-2.280000
358	-0.563240	0.077348	0.234528	-2.280000
359	-0.595043	-0.079716	0.133394	-2.280000
360	-0.577396	-0.064221	0.201778	-2.280000
361	-0.587057	0.004772	0.183212	-2.280000
362	-0.592192	0.005199	0.165850	-2.280000
363	-0.605095	0.109824	-0.004806	-2.280000
364	-0.594898	0.145475	-0.056204	-2.280000
365	-0.607467	0.087779	-0.038773	-2.280000
366	-0.582749	0.123442	0.152940	-2.280000
367	-0.599588	-0.063564	0.121155	-2.280000
368	-0.614953	-0.003477	-0.006765	-2.280000
369	-0.614154	-0.030936	-0.009133	-2.280000
370	-0.609372	0.078012	-0.028381	-2.280000
371	-0.602605	0.095171	0.077685	-2.280000
372	-0.585752	0.093573	-0.162370	-2.280000
373	-0.550688	-0.273754	0.005099	-2.280000
374	-0.589245	-0.108799	0.138484	-2.280000
375	-0.601958	0.116553	-0.047819	-2.280000
376	-0.596519	0.149606	0.002926	-2.280000
377	-0.591507	-0.122842	-0.115129	-2.280000
378	-0.611058	-0.026146	0.064418	-2.280000
379	-0.614565	-0.020405	-0.010861	-2.280000
380	-0.593820	-0.148624	-0.059275	-2.280000
381	-0.608569	-0.034864	-0.081568	-2.280000
382	-0.611360	0.016239	-0.064811	-2.280000
383	-0.608643	-0.030812	-0.082642	-2.280000
384	-0.578405	-0.181052	-0.104367	-2.280000
385	-0.602562	-0.120666	0.024155	-2.280000
386	-0.604927	-0.110829	-0.002380	-2.280000
387	-0.614228	-0.018070	0.024955	-2.280000
388	-0.607499	-0.092200	0.025869	-2.280000
389	-0.610944	0.033091	-0.062271	-2.280000
390	-0.607741	-0.048195	0.080951	-2.280000
391	-0.591622	0.137699	0.096166	-2.280000
392	-0.611344	0.051879	0.042327	-2.280000
393	-0.596760	-0.136165	-0.059683	-2.280000
394	-0.606641	0.099765	0.016076	-2.280000
395	-0.610062	-0.030115	-0.071708	-2.280000
396	-0.596854	-0.126949	0.076647	-2.280000
397	-0.571490	-0.198538	-0.110483	-2.280000
398	-0.600325	-0.008768	0.133259	-2.280000
399	-0.597910	0.128149	0.065622	-2.280000
400	-0.583768	-0.086413	0.173128	-2.280000
401	-0.608608	-0.007124	0.088152	-2.280000
402	-0.592113	0.133211	-0.099410	-2.280000
403	-0.589060	-0.121064	-0.128750	-2.280000
404	-0.604208	-0.070596	-0.090407	-2.280000
405	-0.583575	0.091952	0.170909	-2.280000
406	-0.582316	-0.128503	0.150401	-2.280000
407	-0.584193	-0.058034	0.183236	-2.280000
408	-0.612717	0.050106	0.017094	-2.280000
409	-0.604481	0.047535	0.102799	-2.280000
410	-0.614031	-0.013643	-0.031689	-2.280000
411	-0.601965	-0.090126	-0.087977	-2.280000
412	-0.602467	0.123314	-0.007215	-2.280000
413	-0.611555	0.063168	0.015341	-2.280000
414	-0.522990	0.272123	0.175088	-2.280000
415	-0.612222	0.057837	-0.007982	-2.280000
416	-0.598853	-0.019986	-0.138566	-2.280000
417	-0.603545	-0.026656	-0.115100	-2.280000
418	-0.604690	0.015979	0.110996	-2.280000
419	-0.592737	-0.138424	0.087898	-2.280000
420	-0.596758	-0.066640	-0.132907	-2.280000
421	-0.573209	0.091272	-0.203287	-2.280000
422	-0.607547	-0.052881	0.079471	-2.280000
423	-0.599898	-0.128514	-0.042791	-2.280000
424	-0.601277	0.121875	-0.042862	-2.280000
425	-0.538364	0.027287	-0.296049	-2.280000
426	-0.492438	-0.135815	0.342467	-2.280000
427	-0.574060	-0.169062	0.141767	-2.280000
428	-0.560343	-0.011010	0.253218	-2.280000
429	-0.605161	0.104675	-0.032382	-2.280000
430	-0.391238	0.371593	0.295087	-2.280000
431	-0.582543	0.194842	0.030081	-2.280000
432	-0.557439	0.190195	0.176953	-2.280000
433	-0.603274	0.104627	0.057783	-2.280000
434	-0.590255	-0.016155	0.171941	-2.280000
435	-0.540149	0.040058	0.291305	-2.280000
436	-0.613501	-0.020160	0.037875	-2.280000
437	-0.613917	0.030375	0.020219	-2.280000
438	-0.613374	0.032473	-0.030714	-2.280000
439	-0.598877	0.039663	-0.134157	-2.280000
440	-0.586314	0.124883	0.137352	-2.280000
441	-0.593620	0.133991	0.088805	-2.280000
442	-0.605011	0.049959	0.098443	-2.280000
443	-0.578173	0.208278	-0.023702	-2.280000
444	-0.612341	0.015344	-0.055025	-2.280000
445	-0.586209	-0.100867	-0.156237	-2.280000
446	-0.613740	0.007168	0.038692	-2.280000
447	-0.580270	-0.149807	0.138094	-2.280000
448	-0.606592	-0.094320	-0.037080	-2.280000
449	-0.612530	0.054762	0.005778	-2.280000
450	-0.614650	0.013879	0.015417	-2.280000
451	-0.569319	0.178769	0.148803	-2.280000
452	-0.599935	0.133881	0.019456	-2.280000
453	-0.610281	-0.036799	-0.066544	-2.280000
454	-0.611720	-0.052138	-0.036137	-2.280000
455	-0.613437	-0.004366	0.043604	-2.280000
456	-0.606536	0.050177	-0.088438	-2.280000
457	-0.612866	0.051029	-0.004065	-2.280000
458	-0.609486	0.012776	0.081172	-2.280000
459	-0.563361	-0.231991	0.083845	-2.280000
460	-0.610298	0.021606	0.072764	-2.280000
461	-0.577205	0.201113	-0.067921	-2.280000
462	-0.582747	0.168180	-0.101717	-2.280000
463	-0.605789	0.010631	-0.105508	-2.280000
464	-0.604844	0.084975	0.071886	-2.280000
465	-0.562825	0.166016	0.184097	-2.280000
466	-0.582854	-0.131675	0.145490	-2.280000
467	-0.602669	0.068136	0.101848	-2.280000
468	-0.499591	-0.233015	0.272650	-2.280000
469	-0.583285	0.076306	-0.179389	-2.280000
470	-0.544368	0.004509	0.286125	-2.280000
471	-0.614804	-0.015404	-0.002008	-2.280000
472	-0.582951	0.084306	0.176877	-2.280000
473	-0.609104	0.077981	0.033713	-2.280000
474	-0.599068	0.128546	-0.053091	-2.280000
475	-0.596934	0.088508	0.118580	-2.280000
476	-0.614875	0.008616	0.008919	-2.280000
477	-0.612738	-0.044937	0.027519	-2.280000
478	-0.604371	-0.072213	-0.088014	-2.280000
479	-0.546310	-0.270536	-0.081120	-2.280000
480	-0.582270	-0.194834	0.035017	-2.280000
481	-0.605891	0.093406	-0.048953	-2.280000
482	-0.603579	-0.014857	-0.117032	-2.280000
483	-0.596275	-0.005794	0.150492	-2.280000
484	-0.606125	-0.046243	0.093271	-2.280000
485	-0.576678	0.096384	0.190728	-2.280000
486	-0.599971	-0.133056	-0.023586	-2.280000
487	-0.609792	0.040515	-0.068826	-2.280000
488	-0.610299	0.052854	-0.054470	-2.280000
489	-0.607189	-0.019979	0.095639	-2.280000
490	-0.568898	-0.088382	0.216261	-2.280000
491	-0.600694	-0.120405	-0.053801	-2.280000
492	-0.576864	-0.158411	-0.142685	-2.280000
493	-0.612373	-0.052678	-0.021199	-2.280000
494	-0.594207	-0.135116	0.082985	-2.280000
495	-0.596186	-0.149704	-0.019404	-2.280000
496	-0.585477	-0.166770	0.087348	-2.280000
497	-0.530605	-0.310221	-0.021123	-2.280000
498	-0.593389	0.141869	0.077380	-2.280000
499	-0.577126	-0.212233	0.010363	-2.280000
500	-0.612441	-0.043852	0.034892	-2.280000
501	-0.598929	0.092827	-0.104365	-2.280000
502	-0.606198	-0.087477	0.055648	-2.280000
503	-0.614042	0.002924	-0.034188	-2.280000
504	-0.607736	-0.029669	0.089455	-2.280000
505	-0.614925	-0.002710	-0.009183	-2.280000
506	-0.536823	-0.285487	0.092432	-2.280000
507	-0.596141	0.038019	-0.146271	-2.280000
508	-0.591139	0.051207	-0.161735	-2.280000
509	-0.547910	-0.062622	-0.272211	-2.280000
510	-0.602409	0.036230	-0.118390	-2.280000
511	-0.609715	-0.078909	0.015687	-2.280000
512	-0.598500	-0.127175	0.062047	-2.280000
513	-0.577872	0.084201	0.192870	-2.280000
514	-0.572665	-0.062588	0.215319	-2.280000
515	-0.563488	-0.185950	0.161645	-2.280000
516	-0.537546	-0.145408	-0.261010	-2.280000
517	-0.602995	-0.014688	-0.120027	-2.280000
518	-0.614517	-0.020150	0.013687	-2.280000
519	-0.592015	0.068338	-0.151899	-2.280000
520	-0.604725	0.105257	0.038127	-2.280000
521	-0.601952	-0.051555	0.114985	-2.280000
522	-0.520851	-0.190334	0.265917	-2.280000
523	-0.612868	-0.005646	-0.050851	-2.280000
524	-0.582272	0.092483	-0.175017	-2.280000
525	-0.605564	-0.020082	-0.105420	-2.280000
526	-0.614876	0.012175	0.001915	-2.280000
527	-0.602778	0.066888	-0.102030	-2.280000
528	-0.592727	-0.159909	0.036460	-2.280000
529	-0.611113	0.068789	-0.005784	-2.280000
530	-0.600152	0.024990	-0.131977	-2.280000
531	-0.611971	0.059181	-0.014627	-2.280000
532	-0.607044	0.089715	0.040917	-2.280000
533	-0.610475	-0.074396	0.003177	-2.280000
534	-0.524300	0.273438	-0.169015	-2.280000
535	-0.597384	-0.033267	0.142305	-2.280000
536	-0.583008	0.193617	0.028966	-2.280000
537	-0.554073	0.010485	-0.266681	-2.280000
538	-0.594097	0.106577	-0.117961	-2.280000
539	-0.579312	-0.145597	-0.146371	-2.280000
540	-0.575435	0.210500	-0.052814	-2.280000
541	-0.608012	0.001758	-0.092428	-2.280000
542	-0.605753	-0.100354	-0.034893	-2.280000
543	-0.570158	-0.225815	0.046402	-2.280000
544	-0.600647	-0.086127	0.100149	-2.280000
545	-0.613472	0.034497	0.026213	-2.280000
546	-0.559486	0.220532	-0.128709	-2.280000
547	-0.587224	0.180757	-0.026822	-2.280000
548	-0.599954	0.117880	-0.066219	-2.280000
549	-0.572792	0.124423	0.186153	-2.280000
550	-0.528102	0.311015	0.051022	-2.280000
551	-0.611143	-0.041804	0.054603	-2.280000
552	-0.605332	0.107881	0.012651	-2.280000
553	-0.602862	-0.080695	-0.090944	-2.280000
554	-0.614519	0.024292	0.000932	-2.280000
555	-0.592535	-0.117980	-0.114923	-2.280000
556	-0.597556	0.107383	-0.098083	-2.280000
557	-0.568798	0.233674	0.009526	-2.280000
558	-0.611647	0.052918	0.036237	-2.280000
559	-0.613654	0.040631	-0.001837	-2.280000
560	-0.597277	0.142202	0.035553	-2.280000
561	-0.612463	-0.047866	0.028678	-2.280000
562	-0.604254	-0.043690	-0.105800	-2.280000
563	-0.588735	-0.175429	0.028989	-2.280000
564	-0.583513	0.187166	0.052025	-2.280000
565	-0.602679	-0.094561	0.077858	-2.280000
566	-0.583758	0.170666	0.091240	-2.280000
567	-0.592900	-0.137781	-0.087811	-2.280000
568	-0.573884	0.220267	-0.019108	-2.280000
569	-0.561311	0.240655	-0.072388	-2.280000
570	-0.611627	-0.062912	0.013384	-2.280000
571	-0.613338	-0.034432	0.029264	-2.280000
572	-0.597856	-0.048675	0.135736	-2.280000
573	-0.599352	-0.103472	0.091081	-2.280000
574	-0.614440	0.020929	-0.015812	-2.280000
575	-0.600983	0.126093	-0.033837	-2.280000
576	-0.614890	0.011615	0.000974	-2.280000
577	-0.593518	0.125809	-0.100663	-2.280000
578	-0.584693	0.039874	0.186466	-2.280000
579	-0.614952	-0.005033	-0.005847	-2.280000
580	-0.577765	0.187760	0.095702	-2.280000
581	-0.574410	0.060984	0.211091	-2.280000
582	-0.590671	0.159983	0.061142	-2.280000
583	-0.611887	-0.040327	0.046833	-2.280000
584	-0.599838	0.020934	-0.134094	-2.280000
585	-0.591230	0.009783	-0.169044	-2.280000
586	-0.540717	-0.270166	0.113405	-2.280000
587	-0.587773	-0.171165	0.058741	-2.280000
588	-0.598662	0.132357	0.048064	-2.280000
589	-0.575205	-0.162721	-0.144520	-2.280000
590	-0.602631	-0.085280	0.088249	-2.280000
591	-0.549233	0.269899	0.061018	-2.280000
592	-0.601112	-0.079993	-0.102424	-2.280000
593	-0.603909	0.047838	-0.105972	-2.280000
594	-0.572070	-0.128675	0.185482	-2.280000
595	-0.596546	0.003115	0.149494	-2.280000
596	-0.596061	-0.137018	0.064518	-2.280000
597	-0.581249	-0.200814	-0.006976	-2.280000
598	-0.524166	-0.278674	0.160673	-2.280000
599	-0.613522	-0.024074	-0.035160	-2.280000
600	-0.586620	-0.183996	0.015737	-2.280000
601	-0.573695	-0.191654	0.111209	-2.280000
602	-0.605242	-0.029901	-0.104943	-2.280000
603	-0.612164	0.028324	-0.051746	-2.280000
604	-0.602654	-0.079607	-0.093255	-2.280000
605	-0.590442	-0.159959	0.063377	-2.280000
606	-0.575584	-0.184338	0.113787	-2.280000
607	-0.613150	-0.037556	0.029354	-2.280000
608	-0.614746	-0.011476	-0.013459	-2.280000
609	-0.595577	0.086768	-0.126429	-2.280000
610	-0.614117	-0.028063	0.017272	-2.280000
611	-0.600356	-0.122601	-0.052602	-2.280000
612	-0.597454	0.111789	0.093687	-2.280000
613	-0.612734	0.025656	0.046079	-2.280000
614	-0.600104	-0.061569	0.119620	-2.280000
615	-0.606356	-0.002940	-0.102708	-2.280000
616	-0.602120	0.115596	-0.048110	-2.280000
617	-0.613709	0.019101	0.034942	-2.280000
618	-0.584440	0.107709	-0.158284	-2.280000
619	-0.609772	-0.077183	0.021105	-2.280000
620	-0.596218	-0.054773	0.140531	-2.280000
621	-0.605921	-0.040279	0.097274	-2.280000
622	-0.613563	-0.041690	0.005207	-2.280000
623	-0.607201	0.013496	-0.096696	-2.280000
624	-0.593848	0.105488	-0.120173	-2.280000
625	-0.612552	-0.004531	0.054630	-2.280000
626	-0.551068	0.266728	0.058356	-2.280000
627	-0.593089	0.020523	-0.161397	-2.280000
628	-0.597110	0.018290	0.146116	-2.280000
629	-0.614499	0.021550	0.012290	-2.280000
630	-0.594088	-0.007884	-0.158815	-2.280000
631	-0.592462	0.157136	-0.050224	-2.280000
632	-0.614474	0.000352	-0.025420	-2.280000
633	-0.583204	0.154160	-0.119719	-2.280000
634	-0.609475	0.021563	-0.079376	-2.280000
635	-0.600365	-0.072535	0.111918	-2.280000
636	-0.605613	-0.054884	-0.091899	-2.280000
637	-0.589490	0.136038	-0.110545	-2.280000
638	-0.611623	0.007017	-0.063980	-2.280000
639	-0.440207	-0.328457	0.276693	-2.280000
640	-0.603042	-0.120517	0.006429	-2.280000
641	-0.549261	-0.195612	0.195635	-2.280000
642	-0.610444	0.072490	0.018114	-2.280000
643	-0.614817	0.011386	-0.009756	-2.280000
644	-0.598570	0.103556	0.095995	-2.280000
645	-0.585335	0.088272	0.166782	-2.280000
646	-0.603799	0.067198	0.095586	-2.280000
647	-0.464794	0.312291	0.254296	-2.280000
648	-0.573835	0.199418	0.095765	-2.280000
649	-0.607238	0.093412	0.027587	-2.280000
650	-0.605323	-0.100718	-0.040805	-2.280000
651	-0.610137	0.051227	-0.057743	-2.280000
652	-0.614465	0.004782	-0.025190	-2.280000
653	-0.577587	0.210326	0.019527	-2.280000
654	-0.580931	0.031722	0.199343	-2.280000
655	-0.565617	0.059309	0.234062	-2.280000
656	-0.608869	0.084840	0.017482	-2.280000
657	-0.566922	-0.020215	-0.237519	-2.280000
658	-0.613786	0.038612	-0.001184	-2.280000
659	-0.607005	0.065090	0.074385	-2.280000
660	-0.612551	-0.036554	-0.040865	-2.280000
661	-0.599887	-0.103707	0.087207	-2.280000
662	-0.557686	0.086628	0.244349	-2.280000
663	-0.602874	-0.074793	0.095782	-2.280000
664	-0.568234	0.107475	0.209248	-2.280000
665	-0.544213	0.158644	-0.238516	-2.280000
666	-0.607279	-0.058857	-0.077283	-2.280000
667	-0.600353	0.112492	-0.071744	-2.280000
668	-0.605508	0.062348	-0.087734	-2.280000
669	-0.580495	0.135279	-0.151495	-2.280000
670	-0.604240	-0.091280	0.069190	-2.280000
671	-0.530909	0.039092	0.307948	-2.280000
672	-0.489342	-0.227592	0.294909	-2.280000
673	-0.594046	0.115247	0.109784	-2.280000
674	-0.530859	0.150525	-0.271579	-2.280000
675	-0.608056	0.089507	-0.021952	-2.280000
676	-0.604987	0.093283	-0.059280	-2.280000
677	-0.579324	0.159058	-0.131566	-2.280000
678	-0.604806	0.061576	0.092967	-2.280000
679	-0.602585	0.011330	0.122425	-2.280000
680	-0.603388	0.060781	0.102244	-2.280000
681	-0.530428	0.074874	0.302101	-2.280000
682	-0.612275	0.026884	0.051196	-2.280000
683	-0.602506	-0.031758	0.119174	-2.280000
684	-0.613959	0.024315	-0.026240	-2.280000
685	-0.612334	0.041976	0.038859	-2.280000
686	-0.610717	0.063034	0.035728	-2.280000
687	-0.592074	-0.149458	-0.073050	-2.280000
688	-0.612296	0.051014	0.026751	-2.280000
689	-0.570614	-0.015709	0.228861	-2.280000
690	-0.611077	-0.067611	-0.015457	-2.280000
691	-0.583168	-0.137547	-0.138641	-2.280000
692	-0.611271	-0.030588	-0.060305	-2.280000
693	-0.612986	0.048885	-0.009124	-2.280000
694	-0.592598	-0.055272	0.154912	-2.280000
695	-0.602610	0.000539	-0.122826	-2.280000
696	-0.611721	-0.018809	-0.060566	-2.280000
697	-0.578025	0.023206	0.208742	-2.280000
698	-0.563171	-0.017190	-0.246511	-2.280000
699	-0.560669	-0.039178	0.249680	-2.280000
700	-0.611138	-0.056883	0.038721	-2.280000
701	-0.543792	-0.284770	-0.037701	-2.280000
702	-0.598043	-0.133080	-0.053474	-2.280000
703	-0.614838	0.012085	0.007331	-2.280000
704	-0.611079	-0.068682	-0.009506	-2.280000
705	-0.577410	0.193317	0.086320	-2.280000
706	-0.595428	-0.153882	0.003252	-2.280000
707	-0.612608	-0.005224	0.053938	-2.280000
708	-0.601336	0.120570	0.045638	-2.280000
709	-0.596629	-0.118400	0.090775	-2.280000
710	-0.512513	-0.310771	0.137755	-2.280000
711	-0.594764	0.065590	0.142054	-2.280000
712	-0.531056	0.252745	-0.179791	-2.280000
713	-0.614019	0.032682	-0.011746	-2.280000
714	-0.612704	0.050233	0.017198	-2.280000
715	-0.606491	-0.095799	-0.034875	-2.280000
716	-0.516024	-0.315779	0.110579	-2.280000
717	-0.571869	0.213682	0.074366	-2.280000
718	-0.582377	0.077567	0.181785	-2.280000
719	-0.552118	-0.012454	0.270621	-2.280000
720	-0.576629	0.171895	-0.127185	-2.280000
721	-0.530753	0.222476	-0.216865	-2.280000
722	-0.607450	-0.085749	-0.043322	-2.280000
723	-0.563399	0.236521	-0.069742	-2.280000
724	-0.584227	-0.182229	-0.060797	-2.280000
725	-0.596043	-0.008401	0.151287	-2.280000
726	-0.605229	0.073458	0.080786	-2.280000
727	-0.503062	0.334372	0.115537	-2.280000
728	-0.595766	0.077959	0.131189	-2.280000
729	-0.459069	0.372632	0.169192	-2.280000
730	-0.606605	0.075770	-0.067192	-2.280000
731	-0.596993	0.147723	0.001392	-2.280000
732	-0.603399	-0.011966	-0.118283	-2.280000
733	-0.610087	0.046165	0.062354	-2.280000
734	-0.549375	-0.273675	0.038906	-2.280000
735	-0.586060	0.011970	0.186054	-2.280000
736	-0.560785	-0.106949	-0.228708	-2.280000
737	-0.597624	-0.143436	-0.022290	-2.280000
738	-0.480668	0.348727	-0.159914	-2.280000
739	-0.581771	0.072755	-0.185671	-2.280000
740	-0.503544	0.304678	-0.178438	-2.280000
741	-0.556280	0.125348	-0.230359	-2.280000
742	-0.586722	0.133047	-0.127596	-2.280000
743	-0.545175	-0.284401	-0.011177	-2.280000
744	-0.554381	0.008261	-0.266118	-2.280000
745	-0.604994	0.083499	-0.072352	-2.280000
746	-0.612591	-0.032771	0.043404	-2.280000
747	-0.595280	-0.153937	-0.013047	-2.280000
748	-0.572377	-0.170844	0.146364	-2.280000
749	-0.507926	0.291671	0.187522	-2.280000
750	-0.595766	0.049805	0.144248	-2.280000
751	-0.570863	0.219745	0.063659	-2.280000
752	-0.586787	0.181213	-0.032677	-2.280000
753	-0.508222	0.242667	0.247079	-2.280000
754	-0.544515	0.061158	0.279264	-2.280000
755	-0.579509	-0.151952	-0.138942	-2.280000
756	-0.546663	-0.171700	0.223391	-2.280000
757	-0.606779	-0.061165	0.079392	-2.280000
758	-0.572844	0.025027	-0.222370	-2.280000
759	-0.601635	-0.064001	-0.110290	-2.280000
760	-0.595411	0.143861	0.054910	-2.280000
761	-0.612097	-0.051454	0.030245	-2.280000
762	-0.573522	0.216487	0.049302	-2.280000
763	-0.594176	0.155374	-0.032237	-2.280000
764	-0.609914	-0.024400	0.075064	-2.280000
765	-0.611713	-0.052740	0.035365	-2.280000
766	-0.599804	0.125471	-0.052129	-2.280000
767	-0.571842	-0.211055	-0.081717	-2.280000
768	-0.603961	0.003090	0.115961	-2.280000
769	-0.571068	-0.170603	0.151660	-2.280000
770	-0.570648	0.163491	-0.160798	-2.280000
771	-0.581508	0.179450	-0.088718	-2.280000
772	-0.592454	0.152361	0.063322	-2.280000
773	-0.604797	-0.042015	0.103347	-2.280000
774	-0.603619	-0.102018	-0.058833	-2.280000
775	-0.586242	0.111358	0.148809	-2.280000
776	-0.608813	-0.020105	-0.084661	-2.280000
777	-0.603763	-0.117019	0.001149	-2.280000
778	-0.602003	0.091441	0.086349	-2.280000
779	-0.596957	0.093165	0.114837	-2.280000
780	-0.572123	0.127552	-0.186093	-2.280000
781	-0.609446	0.082002	0.008744	-2.280000
782	-0.598769	0.084810	0.111839	-2.280000
783	-0.582131	0.039541	0.194384	-2.280000
784	-0.562201	0.004542	0.249268	-2.280000
785	-0.601331	0.004425	0.128867	-2.280000
786	-0.501238	-0.043736	0.353656	-2.280000
787	-0.609380	0.022991	0.079698	-2.280000
788	-0.541703	0.239491	0.165611	-2.280000
789	-0.585334	0.162808	0.095406	-2.280000
790	-0.562115	-0.048610	0.244721	-2.280000
791	-0.610355	-0.037049	-0.065722	-2.280000
792	-0.585540	0.150905	0.112229	-2.280000
793	-0.578705	-0.151427	-0.142813	-2.280000
794	-0.603273	-0.047343	-0.109750	-2.280000
795	-0.612251	-0.014508	0.056240	-2.280000
796	-0.600694	0.048280	0.122723	-2.280000
797	-0.612141	-0.012853	-0.057825	-2.280000
798	-0.553457	-0.227466	0.142021	-2.280000
799	-0.609672	-0.057123	0.057114	-2.280000
800	-0.581644	0.047996	-0.193936	-2.280000
801	-0.608678	-0.081210	0.033776	-2.280000
802	-0.607126	-0.098081	0.001934	-2.280000
803	-0.601105	0.112135	-0.065752	-2.280000
804	-0.536074	-0.123127	-0.275117	-2.280000
805	-0.583198	-0.187464	-0.054425	-2.280000
806	-0.552950	-0.268059	-0.024817	-2.280000
807	-0.545371	-0.282426	0.032112	-2.280000
808	-0.603823	0.079335	-0.085609	-2.280000
809	-0.494171	0.225325	0.288528	-2.280000
810	-0.569439	-0.231492	-0.019393	-2.280000
811	-0.591770	0.042320	-0.161995	-2.280000
812	-0.614185	-0.005938	-0.031084	-2.280000
813	-0.588899	0.143760	0.103713	-2.280000
814	-0.614430	0.025460	0.007266	-2.280000
815	-0.588316	-0.140253	-0.111526	-2.280000
816	-0.597996	-0.014080	-0.142927	-2.280000
817	-0.603786	0.053223	0.104092	-2.280000
818	-0.578965	-0.027580	0.205583	-2.280000
819	-0.602384	0.114337	0.047810	-2.280000
820	-0.596898	0.147244	-0.016042	-2.280000
821	-0.584900	-0.088780	0.168033	-2.280000
822	-0.610992	0.056403	0.041630	-2.280000
823	-0.587662	-0.082087	-0.161679	-2.280000
824	-0.598708	0.001238	0.140615	-2.280000
825	-0.600149	0.084986	0.104036	-2.280000
826	-0.597015	-0.050811	0.138623	-2.280000
827	-0.554903	0.258506	-0.059008	-2.280000
828	-0.578907	-0.054306	-0.200357	-2.280000
829	-0.608601	0.060256	-0.064804	-2.280000
830	-0.573603	0.219563	0.031563	-2.280000
831	-0.561091	-0.226132	0.110751	-2.280000
832	-0.563051	0.021942	0.246408	-2.280000
833	-0.601744	0.126226	0.014007	-2.280000
834	-0.611445	0.050864	0.042111	-2.280000
835	-0.590622	0.169466	-0.025928	-2.280000
836	-0.593793	-0.045285	-0.153570	-2.280000
837	-0.524730	0.087303	-0.308645	-2.280000
838	-0.598719	-0.003285	-0.140534	-2.280000
839	-0.590577	-0.144255	0.092920	-2.280000
840	-0.608825	0.057961	0.064786	-2.280000
841	-0.612578	0.034318	-0.042378	-2.280000
842	-0.612286	0.010617	0.056726	-2.280000
843	-0.414058	0.454713	0.004109	-2.280000
844	-0.589448	0.128085	-0.119875	-2.280000
845	-0.544612	0.225877	-0.174936	-2.280000
846	-0.458123	-0.039041	-0.408441	-2.280000
847	-0.569290	-0.019581	-0.231842	-2.280000
848	-0.486990	-0.113734	-0.357952	-2.280000
849	-0.450324	0.153462	-0.389721	-2.280000
850	-0.591568	-0.157154	0.059794	-2.280000
