1	-0.548857	0.259369	-0.098533	-0.640000
2	-0.604843	0.085442	-0.071339	-0.640000
3	-0.544963	0.259740	0.117370	-0.640000
4	-0.483856	0.290335	-0.244570	-0.640000
5	-0.589265	0.157839	-0.077961	-0.640000
6	-0.582814	0.195058	0.022483	-0.640000
7	-0.570845	-0.178718	0.142900	-0.640000
8	-0.576367	0.214515	0.003114	-0.640000
9	-0.583468	0.193934	-0.013397	-0.640000
10	-0.466934	0.289173	0.276725	-0.640000
11	-0.567341	0.182227	0.152126	-0.640000
12	-0.591424	0.146472	-0.083598	-0.640000
13	-0.575530	0.175640	-0.127046	-0.640000
14	-0.600468	0.132904	0.000626	-0.640000
15	-0.526932	0.316806	0.014204	-0.640000
16	-0.546844	0.281062	-0.013813	-0.640000
17	-0.545616	0.213640	0.186779	-0.640000
18	-0.568633	0.230198	-0.043481	-0.640000
19	-0.604881	0.110607	0.010494	-0.640000
20	-0.586635	0.184600	0.002732	-0.640000
21	-0.583898	0.184219	-0.057890	-0.640000
22	-0.550464	0.079236	-0.262557	-0.640000
23	-0.568927	0.009099	0.233376	-0.640000
24	-0.571695	0.083759	-0.210652	-0.640000
25	-0.585281	0.166782	0.088626	-0.640000
26	-0.547249	0.163998	0.227701	-0.640000
27	-0.420162	0.448758	0.017453	-0.640000
28	-0.607056	-0.094544	-0.027731	-0.640000
29	-0.591764	0.124046	-0.112484	-0.640000
30	-0.611999	-0.014670	0.058879	-0.640000
31	-0.535080	0.301015	0.036124	-0.640000
32	-0.565473	-0.128074	0.205090	-0.640000
33	-0.597530	-0.109469	-0.095912	-0.640000
34	-0.588594	0.176334	-0.026245	-0.640000
35	-0.575379	-0.216187	-0.020676	-0.640000
36	-0.611836	-0.007427	-0.061861	-0.640000
37	-0.612307	0.054378	-0.018644	-0.640000
38	-0.532182	0.307199	-0.025216	-0.640000
39	-0.501587	0.076468	-0.347546	-0.640000
40	-0.605214	0.047350	-0.098486	-0.640000
41	-0.609619	0.039970	0.070656	-0.640000
42	-0.604111	0.106538	0.043871	-0.640000
43	-0.570539	0.155144	0.169235	-0.640000
44	-0.610115	0.027298	-0.072386	-0.640000
45	-0.566090	0.197833	0.136491	-0.640000
46	-0.563798	0.060792	-0.238037	-0.640000
47	-0.612519	-0.015706	0.052902	-0.640000
48	-0.585160	0.121707	-0.144914	-0.640000
49	-0.608141	0.089789	0.018084	-0.640000
50	-0.560270	0.138966	0.212157	-0.640000
51	-0.585861	0.099611	0.158334	-0.640000
52	-0.591866	0.166237	0.016868	-0.640000
53	-0.560417	0.091856	-0.236052	-0.640000
54	-0.605996	0.101626	-0.025811	-0.640000
55	-0.583540	0.051304	-0.187281	-0.640000
56	-0.592358	0.061866	-0.153327	-0.640000
57	-0.614230	0.019296	-0.023971	-0.640000
58	-0.607286	0.073819	-0.063086	-0.640000
59	-0.567534	0.032641	-0.234660	-0.640000
60	-0.613110	-0.000591	0.048172	-0.640000
61	-0.577536	-0.197296	0.075839	-0.640000
62	-0.600319	0.039449	0.127615	-0.640000
63	-0.566510	-0.238359	0.021835	-0.640000
64	-0.572729	0.222900	0.022835	-0.640000
65	-0.587912	0.179733	0.016753	-0.640000
66	-0.583739	0.123586	-0.148999	-0.640000
67	-0.614377	-0.001527	0.027627	-0.640000
68	-0.570438	0.181066	-0.141563	-0.640000
69	-0.555135	0.128285	0.231502	-0.640000
70	-0.595412	-0.069901	0.137199	-0.640000
71	-0.614336	-0.027986	0.005792	-0.640000
72	-0.559084	0.171601	-0.190272	-0.640000
73	-0.608035	0.088926	-0.024712	-0.640000
74	-0.572711	0.101687	0.199718	-0.640000
75	-0.550989	0.076568	0.262246	-0.640000
76	-0.609595	-0.030720	0.075330	-0.640000
77	-0.606087	-0.099661	0.030841	-0.640000
78	-0.588050	0.088676	-0.156713	-0.640000
79	-0.603762	0.102661	-0.056191	-0.640000
80	-0.502320	0.317880	-0.157646	-0.640000
81	-0.569051	0.231568	-0.027972	-0.640000
82	-0.594018	0.073619	-0.141239	-0.640000
83	-0.576619	0.206326	-0.056260	-0.640000
84	-0.581276	-0.052451	0.193885	-0.640000
85	-0.601841	0.090694	0.088245	-0.640000
86	-0.607244	-0.025353	-0.094008	-0.640000
87	-0.580022	0.186785	-0.083131	-0.640000
88	-0.609136	0.083990	-0.011156	-0.640000
89	-0.611704	0.005391	0.063356	-0.640000
90	-0.586724	-0.181983	-0.029369	-0.640000
91	-0.552315	0.168260	-0.211806	-0.640000
92	-0.595594	0.144402	0.051392	-0.640000
93	-0.490792	0.322828	0.182019	-0.640000
94	-0.604484	-0.048364	0.102397	-0.640000
95	-0.560350	-0.178456	0.179961	-0.640000
96	-0.560778	-0.138683	-0.210999	-0.640000
97	-0.611188	-0.063493	0.025343	-0.640000
98	-0.604791	0.111554	0.002972	-0.640000
99	-0.516098	-0.237605	0.235397	-0.640000
100	-0.530090	0.278473	0.140293	-0.640000
101	-0.560541	0.246522	-0.056968	-0.640000
102	-0.544087	0.285310	-0.028140	-0.640000
103	-0.593507	0.160501	-0.014614	-0.640000
104	-0.590935	-0.168688	0.023773	-0.640000
105	-0.610649	0.035506	0.063809	-0.640000
106	-0.613175	-0.040003	0.025329	-0.640000
107	-0.596779	0.138392	0.054110	-0.640000
108	-0.597781	-0.099957	-0.104361	-0.640000
109	-0.576327	0.117425	0.179677	-0.640000
110	-0.494253	0.075603	0.358082	-0.640000
111	-0.547256	-0.007289	0.280504	-0.640000
112	-0.445627	-0.346147	0.244590	-0.640000
113	-0.497763	0.334849	0.135401	-0.640000
114	-0.584698	0.189293	-0.022841	-0.640000
115	-0.576596	0.061310	0.204947	-0.640000
116	-0.439153	-0.428802	0.038715	-0.640000
117	-0.481824	-0.336853	0.180557	-0.640000
118	-0.481501	0.375833	-0.071630	-0.640000
119	-0.558549	0.245105	0.078561	-0.640000
120	-0.567315	0.231864	0.051161	-0.640000
121	-0.603782	0.052927	-0.104264	-0.640000
122	-0.598548	0.127683	0.060520	-0.640000
123	-0.593450	-0.160928	0.012011	-0.640000
124	-0.598474	-0.022097	0.139876	-0.640000
125	-0.558540	0.253724	-0.043380	-0.640000
126	-0.446555	0.334877	0.258208	-0.640000
127	-0.472536	0.392839	0.024737	-0.640000
128	-0.584463	0.095150	-0.166055	-0.640000
129	-0.607828	0.060581	-0.071413	-0.640000
130	-0.602448	0.120875	0.025893	-0.640000
131	-0.606116	0.061545	0.084025	-0.640000
132	-0.582168	0.021372	0.197100	-0.640000
133	-0.508169	0.336465	0.082342	-0.640000
134	-0.558606	0.078717	-0.244924	-0.640000
135	-0.602205	-0.093558	-0.082589	-0.640000
136	-0.595498	0.145782	0.048524	-0.640000
137	-0.507811	0.344326	-0.042345	-0.640000
138	-0.606431	-0.054770	-0.086409	-0.640000
139	-0.604519	-0.072559	0.086699	-0.640000
140	-0.595183	0.151400	0.032557	-0.640000
141	-0.607278	-0.068427	0.068969	-0.640000
142	-0.558886	0.255736	-0.021690	-0.640000
143	-0.511276	0.340130	-0.033667	-0.640000
144	-0.600216	-0.110242	-0.076237	-0.640000
145	-0.559322	0.242581	0.080859	-0.640000
146	-0.607531	-0.045304	-0.084137	-0.640000
147	-0.609623	0.080705	0.008458	-0.640000
148	-0.562743	-0.141024	-0.204102	-0.640000
149	-0.603412	-0.091886	-0.075342	-0.640000
150	-0.612033	-0.042919	0.042415	-0.640000
151	-0.573390	0.169098	-0.144411	-0.640000
152	-0.590840	-0.045603	-0.164478	-0.640000
153	-0.575816	0.206216	0.064311	-0.640000
154	-0.572574	0.224453	-0.002250	-0.640000
155	-0.578529	0.208579	0.004898	-0.640000
156	-0.587698	0.136345	-0.119356	-0.640000
157	-0.588672	-0.041183	0.173189	-0.640000
158	-0.576647	0.212049	0.027170	-0.640000
159	-0.613341	-0.034188	-0.029475	-0.640000
160	-0.600412	-0.132547	0.012738	-0.640000
161	-0.593666	0.069926	0.144554	-0.640000
162	-0.598026	0.143405	-0.005031	-0.640000
163	-0.523440	0.232281	-0.224235	-0.640000
164	-0.599714	0.037225	-0.131080	-0.640000
165	-0.564208	-0.115822	-0.215591	-0.640000
166	-0.609210	-0.084166	-0.002167	-0.640000
167	-0.612994	0.049150	-0.006871	-0.640000
168	-0.607212	-0.001299	-0.097557	-0.640000
169	-0.611715	0.061866	0.014232	-0.640000
170	-0.610908	0.011121	-0.069952	-0.640000
171	-0.606311	0.040827	-0.094581	-0.640000
172	-0.578000	-0.207691	-0.031710	-0.640000
173	-0.603176	0.096151	-0.071826	-0.640000
174	-0.592780	0.111201	-0.120298	-0.640000
175	-0.569978	0.006027	0.230898	-0.640000
176	-0.603572	-0.095086	0.069885	-0.640000
177	-0.597167	0.010655	0.146638	-0.640000
178	-0.594076	-0.131284	0.089793	-0.640000
179	-0.582791	0.187438	-0.058703	-0.640000
180	-0.591345	0.163277	-0.043324	-0.640000
181	-0.588515	0.167227	0.062526	-0.640000
182	-0.600337	0.110943	-0.074244	-0.640000
183	-0.572886	-0.109837	0.194839	-0.640000
184	-0.598872	0.066777	0.122954	-0.640000
185	-0.580009	-0.183272	-0.090695	-0.640000
186	-0.596320	0.088885	-0.121354	-0.640000
187	-0.610466	0.072404	-0.017713	-0.640000
188	-0.612127	0.043015	0.040937	-0.640000
189	-0.606952	0.059868	-0.079059	-0.640000
190	-0.571734	0.148271	-0.171349	-0.640000
191	-0.547251	0.199439	0.197395	-0.640000
192	-0.605906	0.017692	0.103876	-0.640000
193	-0.613254	0.041874	-0.019768	-0.640000
194	-0.599079	0.109947	-0.085095	-0.640000
195	-0.598531	0.042700	0.134770	-0.640000
196	-0.604658	-0.004270	0.112229	-0.640000
197	-0.597871	0.071978	0.124878	-0.640000
198	-0.591431	0.131104	0.106050	-0.640000
199	-0.587287	0.179590	0.032654	-0.640000
200	-0.613263	0.039629	-0.023740	-0.640000
201	-0.608673	0.043483	-0.076497	-0.640000
202	-0.595442	-0.021323	0.152378	-0.640000
203	-0.564181	-0.233482	-0.073560	-0.640000
204	-0.604249	-0.100768	0.054348	-0.640000
205	-0.536902	-0.227199	0.195811	-0.640000
206	-0.605427	0.034857	0.102314	-0.640000
207	-0.543560	0.139633	0.251535	-0.640000
208	-0.613948	0.029788	-0.020148	-0.640000
209	-0.601080	-0.046281	0.121597	-0.640000
210	-0.586055	-0.133113	-0.130558	-0.640000
211	-0.512045	0.213612	-0.265339	-0.640000
212	-0.535600	-0.280421	0.112791	-0.640000
213	-0.563409	-0.240970	-0.052233	-0.640000
214	-0.548734	0.274520	-0.041895	-0.640000
215	-0.555697	0.261705	-0.030606	-0.640000
216	-0.586644	0.183964	-0.015189	-0.640000
217	-0.603124	0.111103	0.046075	-0.640000
218	-0.611259	0.067717	-0.001412	-0.640000
219	-0.560439	0.186553	-0.171264	-0.640000
220	-0.580929	0.200435	0.023934	-0.640000
221	-0.501462	0.355974	0.006593	-0.640000
222	-0.588742	0.170456	0.050522	-0.640000
223	-0.527545	0.258337	-0.182162	-0.640000
224	-0.539632	0.231141	0.183294	-0.640000
225	-0.579807	0.191505	0.073309	-0.640000
226	-0.568349	0.228117	0.056279	-0.640000
227	-0.576245	0.166013	0.136404	-0.640000
228	-0.570955	0.197343	0.115285	-0.640000
229	-0.605847	-0.025329	-0.102630	-0.640000
230	-0.554774	0.264620	-0.020666	-0.640000
231	-0.540781	0.287485	-0.055977	-0.640000
232	-0.563747	0.002819	-0.245778	-0.640000
233	-0.614895	0.011363	0.000183	-0.640000
234	-0.614140	-0.018823	0.026498	-0.640000
235	-0.565987	0.137292	-0.197571	-0.640000
236	-0.607727	0.093373	0.013216	-0.640000
237	-0.580232	0.196835	0.053027	-0.640000
238	-0.591251	0.141598	0.092724	-0.640000
239	-0.597811	0.143814	0.012822	-0.640000
240	-0.575167	0.108463	0.188796	-0.640000
241	-0.607856	0.044673	0.082103	-0.640000
242	-0.601143	0.120366	0.048628	-0.640000
243	-0.571182	0.218202	0.066064	-0.640000
244	-0.590012	0.124813	-0.120550	-0.640000
245	-0.612288	0.020616	0.053880	-0.640000
246	-0.561490	0.097365	0.231244	-0.640000
247	-0.610923	-0.000672	0.070697	-0.640000
248	-0.611189	-0.065713	0.018836	-0.640000
249	-0.612391	-0.007124	0.056136	-0.640000
250	-0.613550	0.007089	-0.041600	-0.640000
251	-0.585968	0.186035	-0.016042	-0.640000
252	-0.595779	0.145471	-0.045937	-0.640000
253	-0.567908	0.231957	0.043609	-0.640000
254	-0.555624	0.263518	-0.008070	-0.640000
255	-0.607521	0.068449	-0.066765	-0.640000
256	-0.609361	0.073100	0.039504	-0.640000
257	-0.597044	0.066406	0.131734	-0.640000
258	-0.602059	-0.072885	0.102164	-0.640000
259	-0.597357	-0.029007	-0.143347	-0.640000
260	-0.611436	0.059774	-0.028242	-0.640000
261	-0.606934	0.050443	-0.085507	-0.640000
262	-0.586817	-0.094412	0.157980	-0.640000
263	-0.597408	0.102644	0.103889	-0.640000
264	-0.604008	0.114447	-0.017349	-0.640000
265	-0.604437	-0.008130	0.113205	-0.640000
266	-0.597998	-0.143189	-0.010970	-0.640000
267	-0.606100	-0.018965	0.102510	-0.640000
268	-0.591121	0.130544	-0.108440	-0.640000
269	-0.566040	0.240105	-0.013175	-0.640000
270	-0.595645	0.151803	0.019705	-0.640000
271	-0.605063	0.035191	-0.104334	-0.640000
272	-0.611481	0.015279	0.063890	-0.640000
273	-0.597655	-0.072566	-0.125570	-0.640000
274	-0.605103	-0.045046	0.100232	-0.640000
275	-0.597622	-0.128404	0.067717	-0.640000
276	-0.554574	0.090240	0.250058	-0.640000
277	-0.581642	-0.107158	-0.168627	-0.640000
278	-0.602484	-0.110680	0.054662	-0.640000
279	-0.596722	-0.014413	0.148122	-0.640000
280	-0.603280	0.119353	0.005781	-0.640000
281	-0.596369	-0.113386	-0.098553	-0.640000
282	-0.573433	0.019630	0.221391	-0.640000
283	-0.559623	0.254978	0.005789	-0.640000
284	-0.569888	0.195970	0.122671	-0.640000
285	-0.603064	0.102513	0.063481	-0.640000
286	-0.614972	0.000388	0.005905	-0.640000
287	-0.589734	0.173010	-0.022497	-0.640000
288	-0.599071	0.138760	0.009179	-0.640000
289	-0.591215	0.031189	-0.166484	-0.640000
290	-0.603940	0.096713	0.064248	-0.640000
291	-0.575600	0.033951	0.213909	-0.640000
292	-0.593402	0.161147	-0.011460	-0.640000
293	-0.609080	0.072668	-0.044345	-0.640000
294	-0.552578	0.015369	-0.269531	-0.640000
295	-0.596647	0.086017	0.121814	-0.640000
296	-0.538199	0.237897	0.178807	-0.640000
297	-0.610213	0.059459	0.048264	-0.640000
298	-0.604157	0.112914	-0.021668	-0.640000
299	-0.593546	-0.098110	0.127680	-0.640000
300	-0.614057	-0.000919	-0.034029	-0.640000
301	-0.592444	-0.154754	0.057321	-0.640000
302	-0.585249	0.014036	0.188447	-0.640000
303	-0.610768	-0.010473	-0.071260	-0.640000
304	-0.588025	0.129208	0.125526	-0.640000
305	-0.568339	0.177120	-0.154415	-0.640000
306	-0.582536	0.197087	-0.005828	-0.640000
307	-0.578096	0.156124	0.140198	-0.640000
308	-0.563818	-0.243592	-0.031578	-0.640000
309	-0.604440	0.011026	-0.112942	-0.640000
310	-0.600259	-0.110672	0.075271	-0.640000
311	-0.601749	0.098675	0.079911	-0.640000
312	-0.603304	0.061985	0.102017	-0.640000
313	-0.552807	0.220331	0.155191	-0.640000
314	-0.580522	0.104067	0.174324	-0.640000
315	-0.604245	0.060712	0.097092	-0.640000
316	-0.583163	0.128501	0.147084	-0.640000
317	-0.613267	0.038506	0.025421	-0.640000
318	-0.592226	0.149321	0.072085	-0.640000
319	-0.583386	0.191411	0.035320	-0.640000
320	-0.606813	0.038433	-0.092334	-0.640000
321	-0.565375	-0.194682	0.143790	-0.640000
322	-0.600534	0.021225	-0.130896	-0.640000
323	-0.605088	0.020651	-0.108015	-0.640000
324	-0.582469	0.137992	-0.141112	-0.640000
325	-0.597068	0.147089	0.010006	-0.640000
326	-0.587444	0.146499	-0.108041	-0.640000
327	-0.594881	-0.102095	-0.117975	-0.640000
328	-0.573574	0.050235	0.216135	-0.640000
329	-0.612697	0.051636	-0.012691	-0.640000
330	-0.578825	0.179798	-0.104210	-0.640000
331	-0.607773	0.091939	0.019614	-0.640000
332	-0.606643	0.066951	0.075674	-0.640000
333	-0.533457	0.293794	-0.085636	-0.640000
334	-0.587340	0.175346	0.050107	-0.640000
335	-0.567363	0.166049	0.169563	-0.640000
336	-0.602817	0.011854	-0.121227	-0.640000
337	-0.563568	0.054763	-0.240036	-0.640000
338	-0.570925	0.227379	0.023852	-0.640000
339	-0.600872	0.014232	0.130288	-0.640000
340	-0.553644	0.212091	0.163466	-0.640000
341	-0.593524	0.135864	0.086578	-0.640000
342	-0.602614	0.092307	0.080998	-0.640000
343	-0.538436	0.289425	0.067415	-0.640000
344	-0.561686	0.233733	0.090016	-0.640000
345	-0.559139	0.247967	0.064035	-0.640000
346	-0.611958	0.003446	0.060992	-0.640000
347	-0.540434	0.281567	0.082919	-0.640000
348	-0.581307	0.198751	0.028374	-0.640000
349	-0.590619	0.150559	0.082011	-0.640000
350	-0.604303	0.094408	0.064264	-0.640000
351	-0.614769	0.006508	-0.015566	-0.640000
352	-0.606510	-0.099697	0.020766	-0.640000
353	-0.599700	0.017305	-0.135224	-0.640000
354	-0.586292	0.166896	0.081438	-0.640000
355	-0.516044	0.326694	-0.072077	-0.640000
356	-0.578170	0.025281	-0.208098	-0.640000
357	-0.585501	0.088458	-0.166100	-0.640000
358	-0.539114	0.167422	0.244030	-0.640000
359	-0.607417	0.088534	-0.037831	-0.640000
360	-0.590533	0.098765	0.140502	-0.640000
361	-0.614722	-0.017245	0.006694	-0.640000
362	-0.614937	0.005742	0.006683	-0.640000
363	-0.576009	0.215484	0.002370	-0.640000
364	-0.614678	0.019116	-0.005529	-0.640000
365	-0.587744	0.055474	0.172352	-0.640000
366	-0.554128	0.263475	-0.041806	-0.640000
367	-0.593054	0.147096	0.069822	-0.640000
368	-0.600519	0.107316	-0.078005	-0.640000
369	-0.551434	0.116170	-0.246272	-0.640000
370	-0.587237	-0.161577	-0.085267	-0.640000
371	-0.569345	0.170428	-0.158196	-0.640000
372	-0.600557	-0.118799	0.058677	-0.640000
373	-0.607999	0.035251	-0.085557	-0.640000
374	-0.584322	-0.172827	0.083209	-0.640000
375	-0.590899	0.161277	0.055259	-0.640000
376	-0.586045	0.079639	0.168625	-0.640000
377	-0.575304	0.054947	-0.210313	-0.640000
378	-0.610161	0.075474	0.015223	-0.640000
379	-0.568829	0.232827	-0.021222	-0.640000
380	-0.606616	-0.054123	0.085517	-0.640000
381	-0.606993	-0.064055	0.075379	-0.640000
382	-0.612506	-0.024268	0.049728	-0.640000
383	-0.601852	-0.075500	0.101486	-0.640000
384	-0.612122	0.057989	0.012982	-0.640000
385	-0.536931	0.299256	-0.019408	-0.640000
386	-0.602692	0.037296	-0.116605	-0.640000
387	-0.553414	0.036257	0.265788	-0.640000
388	-0.531914	0.208708	0.227450	-0.640000
389	-0.608486	-0.028694	0.084539	-0.640000
390	-0.576682	0.211332	0.031643	-0.640000
391	-0.607676	0.087523	0.035987	-0.640000
392	-0.547208	0.225540	-0.167094	-0.640000
393	-0.598319	0.142166	0.005301	-0.640000
394	-0.583155	0.188543	-0.051051	-0.640000
395	-0.601649	0.008930	0.127136	-0.640000
396	-0.605569	0.037534	0.100513	-0.640000
397	-0.580020	0.116897	0.167740	-0.640000
398	-0.604901	0.108735	-0.022285	-0.640000
399	-0.572632	0.123399	0.187325	-0.640000
400	-0.611242	0.024321	-0.063379	-0.640000
401	-0.606126	0.104058	-0.002864	-0.640000
402	-0.582736	0.187424	-0.059299	-0.640000
403	-0.605535	0.107360	-0.005067	-0.640000
404	-0.596279	0.112681	0.099896	-0.640000
405	-0.608383	-0.062645	0.064578	-0.640000
406	-0.610601	-0.069102	0.024825	-0.640000
407	-0.597626	-0.090925	-0.113139	-0.640000
408	-0.608222	0.033876	0.084518	-0.640000
409	-0.613124	0.008505	0.047241	-0.640000
410	-0.516527	0.332251	-0.032154	-0.640000
411	-0.613481	0.022343	0.036969	-0.640000
412	-0.597646	0.144448	0.013372	-0.640000
413	-0.549858	0.254874	0.104500	-0.640000
414	-0.555828	0.149361	0.216728	-0.640000
415	-0.607945	0.079641	0.047805	-0.640000
416	-0.555014	-0.013012	0.264604	-0.640000
417	-0.605735	-0.059938	0.087849	-0.640000
418	-0.462054	0.390216	-0.111635	-0.640000
419	-0.613661	0.027909	-0.029423	-0.640000
420	-0.599220	0.076095	0.115628	-0.640000
421	-0.598603	-0.109642	-0.088760	-0.640000
422	-0.600808	0.072267	-0.109691	-0.640000
423	-0.592957	0.154942	0.051191	-0.640000
424	-0.609237	-0.082113	0.017672	-0.640000
425	-0.510646	-0.322916	-0.114849	-0.640000
426	-0.479796	0.194837	-0.331752	-0.640000
427	-0.591754	0.134511	-0.099794	-0.640000
428	-0.611479	-0.027186	0.059823	-0.640000
429	-0.599223	-0.020026	-0.136950	-0.640000
430	-0.575100	0.131107	-0.174058	-0.640000
431	-0.570036	0.211840	-0.091694	-0.640000
432	-0.577053	0.184176	0.106368	-0.640000
433	-0.506973	0.265015	0.225766	-0.640000
434	-0.610965	0.060992	0.035027	-0.640000
435	-0.533562	0.275212	0.133396	-0.640000
436	-0.591432	0.168514	-0.006027	-0.640000
437	-0.513338	0.322855	0.102342	-0.640000
438	-0.537362	0.232619	-0.188031	-0.640000
439	-0.538296	0.294512	0.041530	-0.640000
440	-0.579024	0.116249	0.171586	-0.640000
441	-0.567299	0.212017	-0.106985	-0.640000
442	-0.530757	0.254398	0.178335	-0.640000
443	-0.529324	0.307720	0.057873	-0.640000
444	-0.587534	0.179603	-0.027766	-0.640000
445	-0.559259	0.248674	0.060132	-0.640000
446	-0.555797	0.182882	0.189389	-0.640000
447	-0.583333	0.174766	-0.086053	-0.640000
448	-0.545986	0.278613	0.049991	-0.640000
449	-0.603766	0.081342	0.084111	-0.640000
450	-0.610542	0.057117	-0.046914	-0.640000
451	-0.600971	0.118160	-0.055654	-0.640000
452	-0.608244	0.059453	0.068775	-0.640000
453	-0.602736	0.119421	0.025950	-0.640000
454	-0.542102	0.257786	-0.133780	-0.640000
455	-0.597195	0.130197	-0.068054	-0.640000
456	-0.594898	0.110822	-0.109726	-0.640000
457	-0.595083	0.150655	-0.037466	-0.640000
458	-0.613028	-0.002629	0.049136	-0.640000
459	-0.610425	0.044954	0.059881	-0.640000
460	-0.614933	-0.001645	-0.008914	-0.640000
461	-0.597985	0.048056	0.135387	-0.640000
462	-0.591872	0.154449	0.063699	-0.640000
463	-0.573194	0.209765	-0.075315	-0.640000
464	-0.605183	0.103745	-0.034869	-0.640000
465	-0.599963	0.084741	-0.105301	-0.640000
466	-0.606860	0.042866	-0.090048	-0.640000
467	-0.604633	0.087559	0.070549	-0.640000
468	-0.613824	0.022984	-0.030271	-0.640000
469	-0.608354	0.023728	0.086988	-0.640000
470	-0.588155	-0.068540	0.166136	-0.640000
471	-0.613051	0.048888	-0.001925	-0.640000
472	-0.559099	0.217097	-0.136022	-0.640000
473	-0.614386	0.010351	0.025449	-0.640000
474	-0.540226	0.241905	-0.166921	-0.640000
475	-0.518274	0.282372	-0.172869	-0.640000
476	-0.591138	0.162615	-0.048344	-0.640000
477	-0.611332	0.042735	0.051686	-0.640000
478	-0.609834	-0.079537	-0.001313	-0.640000
479	-0.613108	0.040956	-0.025409	-0.640000
480	-0.590053	0.127272	-0.117748	-0.640000
481	-0.612213	0.017971	0.055658	-0.640000
482	-0.580184	0.042119	-0.199592	-0.640000
483	-0.601112	0.078902	-0.103265	-0.640000
484	-0.596601	0.092266	0.117383	-0.640000
485	-0.612660	0.051265	-0.015635	-0.640000
486	-0.570732	0.014358	0.228656	-0.640000
487	-0.598348	-0.086022	0.113159	-0.640000
488	-0.603154	-0.116498	-0.029298	-0.640000
489	-0.545593	0.202747	-0.198612	-0.640000
490	-0.585617	0.176242	0.064929	-0.640000
491	-0.559221	0.252024	0.044501	-0.640000
492	-0.563019	0.178192	-0.171702	-0.640000
493	-0.609414	0.079226	-0.023731	-0.640000
494	-0.605658	0.004029	-0.106713	-0.640000
495	-0.596038	-0.026710	-0.149164	-0.640000
496	-0.591754	0.134394	-0.099952	-0.640000
497	-0.583420	0.194431	-0.006550	-0.640000
498	-0.594341	-0.046307	-0.151128	-0.640000
499	-0.598401	-0.135536	0.042084	-0.640000
500	-0.520457	0.186497	0.269385	-0.640000
501	-0.614979	-0.003763	0.003462	-0.640000
502	-0.597593	-0.119075	0.083238	-0.640000
503	-0.572344	-0.214431	-0.068317	-0.640000
504	-0.609420	0.045066	0.069289	-0.640000
505	-0.614644	-0.019138	0.008467	-0.640000
506	-0.610281	0.075593	-0.008234	-0.640000
507	-0.538544	0.296976	-0.000968	-0.640000
508	-0.584433	0.144377	0.125770	-0.640000
509	-0.535330	0.232518	0.193862	-0.640000
510	-0.604850	-0.039145	-0.104160	-0.640000
511	-0.614075	-0.018632	0.028112	-0.640000
512	-0.609997	0.075831	-0.019464	-0.640000
513	-0.509764	-0.268902	0.214610	-0.640000
514	-0.580105	0.153715	0.134441	-0.640000
515	-0.604693	0.029347	-0.108213	-0.640000
516	-0.596491	-0.147196	0.027510	-0.640000
517	-0.595747	0.152676	-0.000145	-0.640000
518	-0.592112	0.007785	0.166035	-0.640000
519	-0.562933	0.220311	0.113114	-0.640000
520	-0.600113	0.096465	-0.093720	-0.640000
521	-0.611722	-0.020749	0.059926	-0.640000
522	-0.582617	0.075177	0.182018	-0.640000
523	-0.612539	-0.031911	0.044748	-0.640000
524	-0.535420	-0.097657	0.286379	-0.640000
525	-0.548988	0.178958	-0.211687	-0.640000
526	-0.594204	0.156764	0.023898	-0.640000
527	-0.602164	0.124990	-0.000814	-0.640000
528	-0.524312	0.305535	0.099854	-0.640000
529	-0.603095	0.107931	0.053405	-0.640000
530	-0.576858	0.207298	0.049872	-0.640000
531	-0.578018	0.131555	0.163747	-0.640000
532	-0.604707	0.037698	-0.105512	-0.640000
533	-0.570035	-0.227214	0.040725	-0.640000
534	-0.465575	0.382988	0.121595	-0.640000
535	-0.581853	0.113391	-0.163752	-0.640000
536	-0.604546	0.108913	-0.029778	-0.640000
537	-0.613313	-0.020286	-0.040747	-0.640000
538	-0.596890	-0.141661	0.043358	-0.640000
539	-0.594522	0.070165	-0.140874	-0.640000
540	-0.556672	0.038225	0.258612	-0.640000
541	-0.598025	-0.142701	-0.015101	-0.640000
542	-0.610274	-0.054240	0.053371	-0.640000
543	-0.562136	0.100422	-0.228350	-0.640000
544	-0.555492	0.251445	0.080184	-0.640000
545	-0.601415	0.117145	0.052931	-0.640000
546	-0.599855	0.077980	-0.110988	-0.640000
547	-0.566430	0.239261	-0.011676	-0.640000
548	-0.583489	0.194266	0.005168	-0.640000
549	-0.529505	0.248086	0.190532	-0.640000
550	-0.576894	0.065267	0.202876	-0.640000
551	-0.516692	0.284966	0.173345	-0.640000
552	-0.573987	0.220799	-0.003385	-0.640000
553	-0.602233	0.123978	0.013025	-0.640000
554	-0.556108	0.261139	-0.027849	-0.640000
555	-0.501417	0.352195	0.052578	-0.640000
556	-0.599112	0.136171	-0.027338	-0.640000
557	-0.612323	-0.031027	-0.048197	-0.640000
558	-0.539522	0.219396	0.197500	-0.640000
559	-0.586709	0.150267	-0.106855	-0.640000
560	-0.614298	0.018863	-0.022510	-0.640000
561	-0.566204	0.237349	-0.036103	-0.640000
562	-0.570938	0.228089	-0.015164	-0.640000
563	-0.601953	0.066558	0.106995	-0.640000
564	-0.608779	0.075896	0.043049	-0.640000
565	-0.613240	-0.040843	-0.022207	-0.640000
566	-0.580597	0.085691	0.183820	-0.640000
567	-0.597576	0.092542	-0.112090	-0.640000
568	-0.527246	0.289223	-0.128791	-0.640000
569	-0.604013	0.067153	-0.094256	-0.640000
570	-0.580493	0.173745	-0.105193	-0.640000
571	-0.605309	0.108633	-0.004958	-0.640000
572	-0.611089	0.069002	0.005779	-0.640000
573	-0.582121	0.104551	-0.168610	-0.640000
574	-0.576189	0.094837	-0.192970	-0.640000
575	-0.557258	0.260020	0.008854	-0.640000
576	-0.607150	0.084017	0.050347	-0.640000
577	-0.556837	0.257593	-0.042467	-0.640000
578	-0.583605	0.153399	-0.118740	-0.640000
579	-0.560527	0.252555	0.015839	-0.640000
580	-0.610973	0.070023	0.005797	-0.640000
581	-0.589777	0.105879	0.138482	-0.640000
582	-0.611123	-0.068949	-0.000326	-0.640000
583	-0.614214	-0.030970	0.002602	-0.640000
584	-0.549557	0.238236	0.139485	-0.640000
585	-0.597023	0.130920	0.068176	-0.640000
586	-0.552063	0.199782	0.183136	-0.640000
587	-0.584026	0.186405	0.048909	-0.640000
588	-0.610139	0.031919	0.070260	-0.640000
589	-0.599605	0.105541	0.086946	-0.640000
590	-0.599055	0.086868	0.108682	-0.640000
591	-0.579405	0.178514	0.103186	-0.640000
592	-0.606586	0.093947	0.038115	-0.640000
593	-0.600554	0.046797	-0.123978	-0.640000
594	-0.594312	-0.007190	-0.158006	-0.640000
595	-0.605812	0.080136	0.069250	-0.640000
596	-0.606051	0.091801	-0.049997	-0.640000
597	-0.594276	0.087608	-0.131855	-0.640000
598	-0.611765	-0.061420	-0.014001	-0.640000
599	-0.614372	0.014655	0.023604	-0.640000
600	-0.612232	-0.041042	-0.041384	-0.640000
601	-0.563257	-0.083015	-0.232539	-0.640000
602	-0.613184	0.014615	-0.044908	-0.640000
603	-0.613144	-0.029376	-0.037641	-0.640000
604	-0.578977	0.190758	0.081374	-0.640000
605	-0.609581	-0.078006	-0.023476	-0.640000
606	-0.589795	0.164660	-0.057037	-0.640000
607	-0.612987	0.049710	-0.000807	-0.640000
608	-0.605190	0.107845	-0.018432	-0.640000
609	-0.571216	0.032654	0.225546	-0.640000
610	-0.600079	0.134087	0.012294	-0.640000
611	-0.614215	-0.029958	-0.008203	-0.640000
612	-0.545568	-0.252248	0.130199	-0.640000
613	-0.604739	-0.081414	-0.076731	-0.640000
614	-0.585755	0.057584	-0.178325	-0.640000
615	-0.509565	0.254539	0.231900	-0.640000
616	-0.578696	0.197236	0.066589	-0.640000
617	-0.594959	0.150960	0.038206	-0.640000
618	-0.590036	0.053718	0.164916	-0.640000
619	-0.609640	0.033362	0.073835	-0.640000
620	-0.613049	-0.047161	0.013103	-0.640000
621	-0.601939	0.000893	0.126069	-0.640000
622	-0.606284	0.071029	-0.074832	-0.640000
623	-0.596026	0.150861	-0.014809	-0.640000
624	-0.558815	0.241440	0.087510	-0.640000
625	-0.514795	0.297220	0.157708	-0.640000
626	-0.613255	0.032960	-0.032517	-0.640000
627	-0.613800	-0.016467	0.034692	-0.640000
628	-0.599871	0.097022	0.094691	-0.640000
629	-0.614046	-0.028098	0.019558	-0.640000
630	-0.591535	0.006004	0.168153	-0.640000
631	-0.478870	0.378131	-0.076977	-0.640000
632	-0.598849	0.115595	-0.079011	-0.640000
633	-0.565081	-0.080848	-0.228849	-0.640000
634	-0.607480	0.057745	0.076545	-0.640000
635	-0.604703	0.112062	0.000881	-0.640000
636	-0.598082	0.042264	-0.136884	-0.640000
637	-0.600304	0.076338	-0.109691	-0.640000
638	-0.513662	-0.336244	0.036281	-0.640000
639	-0.460405	0.377752	-0.153477	-0.640000
640	-0.488849	0.115099	-0.354970	-0.640000
641	-0.587805	0.171311	0.057990	-0.640000
642	-0.566435	0.232348	-0.058229	-0.640000
643	-0.525062	0.312166	-0.071321	-0.640000
644	-0.549523	0.275306	-0.021370	-0.640000
645	-0.493066	0.366791	-0.023978	-0.640000
646	-0.512921	0.173550	0.291577	-0.640000
647	-0.530988	0.243738	0.192011	-0.640000
648	-0.266419	0.546348	-0.093543	-0.640000
649	-0.524902	0.268275	0.175303	-0.640000
650	-0.584065	0.163070	-0.102473	-0.640000
651	-0.500407	0.295089	0.201842	-0.640000
652	-0.459959	0.385050	-0.135645	-0.640000
653	-0.505698	0.313366	0.155874	-0.640000
654	-0.597883	-0.094302	0.108938	-0.640000
655	-0.572568	0.094015	0.203843	-0.640000
656	-0.600935	0.115408	0.061509	-0.640000
657	-0.542278	0.261574	-0.125455	-0.640000
658	-0.526863	0.315771	-0.030481	-0.640000
659	-0.514872	0.319674	0.104594	-0.640000
660	-0.578936	0.141913	0.151390	-0.640000
661	-0.593342	0.151341	0.057147	-0.640000
662	-0.591519	0.143791	0.087488	-0.640000
663	-0.610788	-0.068865	-0.020499	-0.640000
664	-0.524907	0.294694	0.125910	-0.640000
665	-0.595813	-0.063355	0.138630	-0.640000
666	-0.614423	-0.003991	-0.026327	-0.640000
667	-0.564097	0.234892	-0.069609	-0.640000
668	-0.609928	0.060282	-0.050781	-0.640000
669	-0.608611	0.061839	-0.063193	-0.640000
670	-0.596251	0.021251	-0.149193	-0.640000
671	-0.612389	0.030235	-0.047857	-0.640000
672	-0.603992	-0.113369	0.023789	-0.640000
673	-0.589450	0.150382	0.090328	-0.640000
674	-0.613485	-0.028586	0.032319	-0.640000
675	-0.607361	0.068984	-0.067666	-0.640000
676	-0.580283	0.200938	-0.033471	-0.640000
677	-0.488824	0.364574	-0.079762	-0.640000
678	-0.566346	0.228713	0.071885	-0.640000
679	-0.610296	0.051683	-0.055612	-0.640000
680	-0.608424	0.084791	-0.029245	-0.640000
681	-0.612733	-0.010256	-0.051745	-0.640000
682	-0.599419	0.094850	0.099627	-0.640000
683	-0.612870	0.017140	-0.048179	-0.640000
684	-0.603769	0.106838	0.047682	-0.640000
685	-0.561536	0.230400	0.099087	-0.640000
686	-0.607349	0.095113	-0.017494	-0.640000
687	-0.554364	0.250416	-0.090537	-0.640000
688	-0.504651	0.210634	-0.281400	-0.640000
689	-0.613189	0.037336	0.028805	-0.640000
690	-0.591096	0.102196	0.135597	-0.640000
691	-0.549123	0.191458	0.200083	-0.640000
692	-0.576277	-0.097186	0.191533	-0.640000
693	-0.568528	0.068370	-0.224334	-0.640000
694	-0.565377	0.088916	-0.225095	-0.640000
695	-0.609110	0.020784	0.082327	-0.640000
696	-0.539600	0.215513	-0.201522	-0.640000
697	-0.610510	0.074097	-0.003552	-0.640000
698	-0.613467	0.005225	-0.043085	-0.640000
699	-0.570492	-0.046257	0.224999	-0.640000
700	-0.611308	0.013267	0.065962	-0.640000
701	-0.604603	-0.007789	0.112338	-0.640000
702	-0.605302	0.025315	-0.105799	-0.640000
703	-0.603914	-0.044581	0.107357	-0.640000
704	-0.608716	0.050358	0.071791	-0.640000
705	-0.592509	-0.017787	0.163833	-0.640000
706	-0.614517	0.017914	0.016503	-0.640000
707	-0.598692	0.075170	-0.118924	-0.640000
708	-0.613567	0.037816	-0.018179	-0.640000
709	-0.598891	-0.007029	-0.139663	-0.640000
710	-0.563210	0.226110	-0.099467	-0.640000
711	-0.571582	0.070633	-0.215707	-0.640000
712	-0.586862	-0.076350	0.167298	-0.640000
713	-0.563232	0.052443	0.241338	-0.640000
714	-0.595088	0.147428	0.048584	-0.640000
715	-0.604236	0.110060	-0.031782	-0.640000
716	-0.584779	-0.142207	-0.126633	-0.640000
717	-0.578880	-0.083569	0.190102	-0.640000
718	-0.613087	-0.015398	0.045962	-0.640000
719	-0.571952	0.041301	-0.222239	-0.640000
720	-0.501070	0.071518	0.349341	-0.640000
721	-0.608987	0.040643	0.075555	-0.640000
722	-0.585940	0.163227	0.090867	-0.640000
723	-0.596399	-0.100065	-0.111893	-0.640000
724	-0.567246	0.235537	0.031298	-0.640000
725	-0.600750	0.106426	-0.077445	-0.640000
726	-0.609742	0.071337	-0.036746	-0.640000
727	-0.614869	-0.010588	-0.007015	-0.640000
728	-0.606929	0.068783	-0.071635	-0.640000
729	-0.595156	0.137861	0.070771	-0.640000
730	-0.576316	0.213963	0.017456	-0.640000
731	-0.545654	0.149022	0.241410	-0.640000
732	-0.551403	0.154162	0.224531	-0.640000
733	-0.604713	0.070345	-0.087174	-0.640000
734	-0.594217	0.120324	0.103217	-0.640000
735	-0.599439	0.012525	0.136899	-0.640000
736	-0.575599	-0.139244	0.165897	-0.640000
737	-0.421081	-0.448224	0.003384	-0.640000
738	-0.468410	0.395435	-0.049481	-0.640000
739	-0.588259	-0.085645	0.157612	-0.640000
740	-0.582594	0.112079	0.162012	-0.640000
741	-0.506800	0.194000	0.289383	-0.640000
742	-0.598668	0.118615	0.075841	-0.640000
743	-0.608225	0.033544	-0.084631	-0.640000
744	-0.608098	-0.073561	0.055047	-0.640000
745	-0.596158	-0.100870	0.112452	-0.640000
746	-0.550690	-0.222902	0.158996	-0.640000
747	-0.437988	-0.009884	-0.431618	-0.640000
748	-0.584872	0.161351	-0.100573	-0.640000
749	-0.541246	-0.264041	0.124742	-0.640000
750	-0.611641	-0.003871	-0.064076	-0.640000
751	-0.598526	0.139215	0.024709	-0.640000
752	-0.401169	0.391600	0.252859	-0.640000
753	-0.569868	0.153629	0.172839	-0.640000
754	-0.591166	0.096310	0.139542	-0.640000
755	-0.521399	0.286413	-0.156000	-0.640000
756	-0.612669	0.045149	-0.028683	-0.640000
757	-0.546701	0.273437	-0.067641	-0.640000
758	-0.545517	0.283964	0.000674	-0.640000
759	-0.570110	0.229195	0.025869	-0.640000
760	-0.471529	0.372634	0.130494	-0.640000
761	-0.552840	0.260610	0.068375	-0.640000
762	-0.547554	0.266619	0.085579	-0.640000
763	-0.611534	0.005477	-0.064973	-0.640000
764	-0.598499	0.140103	-0.019870	-0.640000
765	-0.518393	0.330334	-0.019321	-0.640000
766	-0.532059	0.166544	0.259618	-0.640000
767	-0.552388	0.219942	-0.157218	-0.640000
768	-0.608051	0.083957	-0.038082	-0.640000
769	-0.601337	0.069750	0.108414	-0.640000
770	-0.603897	-0.096207	-0.065401	-0.640000
771	-0.595399	0.147504	-0.044356	-0.640000
772	-0.583509	0.194140	0.007241	-0.640000
773	-0.585537	0.172694	0.074486	-0.640000
774	-0.537973	0.288783	0.073586	-0.640000
775	-0.596139	0.001592	0.151132	-0.640000
776	-0.574423	0.165099	0.144934	-0.640000
777	-0.548362	0.276853	-0.029609	-0.640000
778	-0.610551	0.056880	-0.047091	-0.640000
779	-0.595262	0.099620	-0.118169	-0.640000
780	-0.561366	0.183766	0.171241	-0.640000
781	-0.597896	0.044482	-0.136991	-0.640000
782	-0.599306	-0.044954	-0.130522	-0.640000
783	-0.578437	0.126272	-0.166405	-0.640000
784	-0.603380	-0.118650	0.008925	-0.640000
785	-0.601957	-0.002237	0.125967	-0.640000
786	-0.592564	0.108061	-0.124159	-0.640000
787	-0.614737	0.009168	0.015491	-0.640000
788	-0.557024	0.225333	0.131053	-0.640000
789	-0.614673	0.003958	0.019643	-0.640000
790	-0.450182	0.418399	0.022436	-0.640000
791	-0.557102	0.259695	0.020505	-0.640000
792	-0.610455	0.031510	-0.067648	-0.640000
793	-0.572045	0.141295	0.176141	-0.640000
794	-0.612920	0.017453	-0.047424	-0.640000
795	-0.554695	0.241726	0.110032	-0.640000
796	-0.576313	0.212219	-0.032427	-0.640000
797	-0.614045	-0.021821	0.026422	-0.640000
798	-0.537983	0.239634	0.177131	-0.640000
799	-0.499722	0.356986	-0.032622	-0.640000
800	-0.603765	-0.029829	0.113149	-0.640000
801	-0.596740	-0.010225	0.148399	-0.640000
802	-0.610224	0.071531	-0.027105	-0.640000
803	-0.614952	-0.004548	0.006147	-0.640000
804	-0.548682	0.169272	0.220272	-0.640000
805	-0.605584	0.099816	0.039113	-0.640000
806	-0.614903	0.010655	0.002328	-0.640000
807	-0.613168	-0.043824	0.018138	-0.640000
808	-0.607151	0.089165	-0.040527	-0.640000
809	-0.592628	0.160349	0.036124	-0.640000
810	-0.602508	-0.121753	0.019641	-0.640000
811	-0.584628	-0.134509	0.135433	-0.640000
812	-0.581345	-0.017756	0.199870	-0.640000
813	-0.593407	-0.018353	0.160486	-0.640000
814	-0.598656	-0.063340	0.125791	-0.640000
815	-0.517870	-0.323973	-0.071258	-0.640000
816	-0.554254	-0.262908	0.043667	-0.640000
817	-0.574720	-0.186754	0.114215	-0.640000
818	-0.590754	0.051937	-0.162902	-0.640000
819	-0.594022	0.156799	0.027871	-0.640000
820	-0.614850	0.009786	-0.009419	-0.640000
821	-0.606518	-0.101708	-0.004072	-0.640000
822	-0.528372	0.180700	0.257674	-0.640000
823	-0.592615	0.164415	0.000079	-0.640000
824	-0.592054	-0.111956	-0.123137	-0.640000
825	-0.600366	-0.127908	0.037749	-0.640000
826	-0.572762	0.143033	0.172366	-0.640000
827	-0.577271	0.138393	0.160720	-0.640000
828	-0.601630	0.023223	0.125409	-0.640000
829	-0.527888	0.191769	0.250567	-0.640000
830	-0.601384	-0.096189	0.085500	-0.640000
831	-0.543774	0.194813	0.211147	-0.640000
832	-0.608069	-0.073355	-0.055646	-0.640000
833	-0.584402	-0.039576	0.187437	-0.640000
834	-0.602063	-0.124955	-0.011436	-0.640000
835	-0.555905	0.203885	-0.166208	-0.640000
836	-0.465251	0.402078	0.009983	-0.640000
837	-0.566903	0.227668	0.070806	-0.640000
838	-0.459294	0.376158	0.160560	-0.640000
839	-0.609728	-0.071528	-0.036605	-0.640000
840	-0.612885	0.046906	0.019914	-0.640000
841	-0.614595	0.006775	-0.021254	-0.640000
842	-0.563758	-0.190698	0.155037	-0.640000
843	-0.547655	0.233755	0.153812	-0.640000
844	-0.602063	-0.068408	-0.105192	-0.640000
845	-0.610020	-0.015132	0.076630	-0.640000
846	-0.614842	-0.008344	0.011155	-0.640000
847	-0.601373	-0.110529	0.066020	-0.640000
848	-0.581075	0.158583	0.124212	-0.640000
849	-0.573099	0.210223	0.074758	-0.640000
850	-0.596480	-0.047440	0.142079	-0.640000
