1	0.587128	-0.065951	0.170754	-0.050000
2	0.453509	0.114700	0.399248	-0.050000
3	0.578093	0.079923	0.194025	-0.050000
4	0.601941	-0.124180	-0.021710	-0.050000
5	0.582088	0.132065	-0.148181	-0.050000
6	0.606893	-0.019907	-0.097515	-0.050000
7	0.610517	0.038176	0.063538	-0.050000
8	0.447347	-0.114858	0.406095	-0.050000
9	0.476747	-0.380538	0.078282	-0.050000
10	0.594943	0.154225	-0.021957	-0.050000
11	0.604408	0.020982	-0.111694	-0.050000
12	0.527672	0.314543	-0.029156	-0.050000
13	0.612906	-0.018842	-0.047081	-0.050000
14	0.589199	-0.135147	0.113159	-0.050000
15	0.495636	-0.345720	-0.114228	-0.050000
16	0.571888	-0.218538	-0.058397	-0.050000
17	0.490374	-0.252457	0.272072	-0.050000
18	0.592260	-0.164100	-0.022888	-0.050000
19	0.538863	0.083877	-0.284281	-0.050000
20	0.588272	0.175480	-0.036974	-0.050000
21	0.545061	0.207086	-0.195574	-0.050000
22	0.614071	-0.033456	0.004688	-0.050000
23	0.532669	-0.303980	0.045659	-0.050000
24	0.603413	-0.073633	-0.093253	-0.050000
25	0.605901	-0.100310	0.032366	-0.050000
26	0.614628	0.019585	0.008606	-0.050000
27	0.613867	0.037064	-0.004316	-0.050000
28	0.593665	-0.004564	-0.160518	-0.050000
29	0.591195	-0.083295	-0.147564	-0.050000
30	0.504136	0.278463	-0.215709	-0.050000
31	0.593587	0.089764	-0.133500	-0.050000
32	0.537589	-0.213083	-0.209330	-0.050000
33	0.595627	-0.152162	-0.017327	-0.050000
34	0.575198	-0.189401	0.107235	-0.050000
35	0.571931	-0.205737	-0.093769	-0.050000
36	0.607494	-0.005911	-0.095610	-0.050000
37	0.477375	0.383045	-0.060122	-0.050000
38	0.612981	0.038109	0.032041	-0.050000
39	0.598745	-0.125631	0.062816	-0.050000
40	0.576878	0.114515	0.179785	-0.050000
41	0.587539	0.181315	0.012153	-0.050000
42	0.539917	0.235207	0.177180	-0.050000
43	0.613733	-0.026430	-0.029306	-0.050000
44	0.587044	-0.097954	-0.154951	-0.050000
45	0.590832	0.165892	0.040277	-0.050000
46	0.459402	0.408851	0.003919	-0.050000
47	0.571036	0.227550	0.019063	-0.050000
48	0.610176	0.059745	0.048378	-0.050000
49	0.575318	0.087455	0.198961	-0.050000
50	0.612660	0.051490	0.014864	-0.050000
51	0.611670	0.063782	-0.004009	-0.050000
52	0.608420	-0.032207	-0.083742	-0.050000
53	0.579016	0.120706	0.168512	-0.050000
54	0.491698	0.332791	0.160336	-0.050000
55	0.608490	0.086043	0.023696	-0.050000
56	0.573883	0.194077	0.105909	-0.050000
57	0.600665	-0.107448	-0.076694	-0.050000
58	0.608725	0.072070	0.049853	-0.050000
59	0.596339	-0.030139	-0.147296	-0.050000
60	0.554423	0.218987	-0.151276	-0.050000
61	0.590699	0.115369	0.126452	-0.050000
62	0.551772	0.270499	0.024566	-0.050000
63	0.599198	0.108154	0.086538	-0.050000
64	0.582654	-0.027185	-0.194938	-0.050000
65	0.541902	0.278161	-0.084813	-0.050000
66	0.583382	0.142839	-0.132240	-0.050000
67	0.557972	0.241489	0.092604	-0.050000
68	0.609202	0.082954	0.014702	-0.050000
69	0.579348	0.094580	0.183400	-0.050000
70	0.568032	0.151486	-0.180600	-0.050000
71	0.606578	0.082547	0.058945	-0.050000
72	0.549133	0.195014	-0.196588	-0.050000
73	0.614196	0.031032	0.005034	-0.050000
74	0.608341	0.041158	0.080322	-0.050000
75	0.606857	-0.078454	-0.061604	-0.050000
76	0.595416	0.141250	0.061262	-0.050000
77	0.607896	0.064973	-0.066827	-0.050000
78	0.606462	0.090182	-0.047920	-0.050000
79	0.607913	-0.093060	-0.002587	-0.050000
80	0.608818	0.051046	0.070424	-0.050000
81	0.509527	0.195938	0.283224	-0.050000
82	0.497984	-0.056672	0.356406	-0.050000
83	0.613842	-0.003618	0.037546	-0.050000
84	0.533157	0.230272	-0.202346	-0.050000
85	0.613722	-0.037696	-0.012230	-0.050000
86	0.607564	-0.031040	0.090151	-0.050000
87	0.610730	0.056717	-0.044906	-0.050000
88	0.563385	0.210919	-0.127812	-0.050000
89	0.582765	0.186664	0.061368	-0.050000
90	0.456835	0.270929	0.310039	-0.050000
91	0.549135	0.116589	0.251163	-0.050000
92	0.612804	0.046239	-0.023615	-0.050000
93	0.614368	0.003069	0.027697	-0.050000
94	0.612289	0.021342	-0.053585	-0.050000
95	0.591407	0.166459	0.027463	-0.050000
96	0.592160	0.165901	0.006937	-0.050000
97	0.596837	0.148356	-0.000825	-0.050000
98	0.576777	0.022553	-0.212237	-0.050000
99	0.466644	0.400585	-0.000041	-0.050000
100	0.541679	0.288114	-0.042415	-0.050000
101	0.596082	-0.151343	-0.002591	-0.050000
102	0.607782	0.085246	0.039482	-0.050000
103	0.581458	0.200200	0.007194	-0.050000
104	0.602908	0.108901	0.053554	-0.050000
105	0.536045	0.003519	0.301444	-0.050000
106	0.516635	0.156513	-0.294646	-0.050000
107	0.529772	0.294104	-0.105212	-0.050000
108	0.489971	0.365793	-0.065951	-0.050000
109	0.609544	-0.080801	-0.012359	-0.050000
110	0.599427	-0.137491	0.002800	-0.050000
111	0.501566	0.183857	-0.304719	-0.050000
112	0.609393	0.043817	0.070324	-0.050000
113	0.582600	0.146251	0.131957	-0.050000
114	0.579631	0.177666	0.103381	-0.050000
115	0.462402	0.386489	-0.122619	-0.050000
116	0.458916	0.375918	0.162194	-0.050000
117	0.614248	0.028988	0.009153	-0.050000
118	0.584930	0.006199	0.189853	-0.050000
119	0.426112	0.200882	0.395348	-0.050000
120	0.597167	-0.004401	0.146960	-0.050000
121	0.604034	0.113188	-0.023574	-0.050000
122	0.600273	0.033375	-0.129551	-0.050000
123	0.542723	-0.168608	-0.235050	-0.050000
124	0.527010	-0.152813	0.277729	-0.050000
125	0.572711	-0.124041	0.186657	-0.050000
126	0.548317	0.197137	-0.196749	-0.050000
127	0.535731	0.289759	0.085190	-0.050000
128	0.607906	0.086212	-0.035257	-0.050000
129	0.611142	0.068132	-0.009410	-0.050000
130	0.581513	-0.138824	-0.144208	-0.050000
131	0.602450	-0.085171	0.089583	-0.050000
132	0.600499	0.011607	0.132256	-0.050000
133	0.590803	-0.089683	0.145376	-0.050000
134	0.547190	0.278927	0.031736	-0.050000
135	0.606546	0.040164	-0.093350	-0.050000
136	0.609783	0.079812	0.004420	-0.050000
137	0.613152	0.009353	-0.046711	-0.050000
138	0.611208	-0.029805	0.061326	-0.050000
139	0.599502	-0.121933	-0.062883	-0.050000
140	0.581329	-0.147459	0.136154	-0.050000
141	0.596050	-0.037163	-0.146862	-0.050000
142	0.547170	0.107786	0.259254	-0.050000
143	0.614507	-0.017615	0.017204	-0.050000
144	0.609606	-0.037897	-0.071901	-0.050000
145	0.503769	0.302867	-0.180869	-0.050000
146	0.610895	0.068527	-0.018352	-0.050000
147	0.614996	-0.001531	0.001548	-0.050000
148	0.503063	-0.351209	0.042486	-0.050000
149	0.598069	-0.113712	-0.087227	-0.050000
150	0.537141	0.194653	0.227628	-0.050000
151	0.610257	0.066953	0.036458	-0.050000
152	0.580835	-0.150496	0.134931	-0.050000
153	0.598246	0.046475	-0.134784	-0.050000
154	0.553440	0.232024	0.134513	-0.050000
155	0.610689	-0.072675	-0.001652	-0.050000
156	0.604903	-0.106683	0.030596	-0.050000
157	0.613036	0.025384	-0.042040	-0.050000
158	0.500645	0.355365	0.035995	-0.050000
159	0.589123	-0.146218	-0.098891	-0.050000
160	0.595852	0.122357	-0.090635	-0.050000
161	0.552957	0.224874	0.147972	-0.050000
162	0.595848	0.136434	-0.067644	-0.050000
163	0.561201	0.119781	-0.221203	-0.050000
164	0.585845	0.024207	-0.185539	-0.050000
165	0.566737	0.232732	-0.053575	-0.050000
166	0.606246	0.058881	-0.084990	-0.050000
167	0.600177	0.091116	-0.098541	-0.050000
168	0.597445	0.084017	-0.119273	-0.050000
169	0.594881	0.122936	0.096062	-0.050000
170	0.586483	0.170257	-0.072635	-0.050000
171	0.569623	0.231732	-0.007441	-0.050000
172	0.520373	0.326413	0.029847	-0.050000
173	0.562561	0.222219	0.111213	-0.050000
174	0.488443	0.292760	-0.232250	-0.050000
175	0.524979	0.235507	-0.217161	-0.050000
176	0.588862	0.035061	-0.173887	-0.050000
177	0.614981	-0.004422	-0.001826	-0.050000
178	0.609178	0.047297	0.069930	-0.050000
179	0.605854	0.079607	-0.069488	-0.050000
180	0.580088	-0.016506	-0.203593	-0.050000
181	0.611278	0.015128	-0.065842	-0.050000
182	0.607037	0.018343	0.096926	-0.050000
183	0.605543	-0.014210	-0.106493	-0.050000
184	0.582406	-0.091087	-0.175303	-0.050000
185	0.594027	0.015427	-0.158489	-0.050000
186	0.607604	-0.056151	-0.076741	-0.050000
187	0.565258	0.094486	-0.223115	-0.050000
188	0.443633	0.421401	-0.061936	-0.050000
189	0.555368	0.149449	0.217845	-0.050000
190	0.520538	-0.308916	0.108794	-0.050000
191	0.568599	-0.011000	-0.234093	-0.050000
192	0.575472	0.216903	0.003197	-0.050000
193	0.610958	-0.067340	0.020516	-0.050000
194	0.572192	0.214422	-0.069602	-0.050000
195	0.577331	0.207413	0.043519	-0.050000
196	0.598257	-0.020994	0.140970	-0.050000
197	0.605644	0.070129	0.080638	-0.050000
198	0.613815	0.037959	-0.003844	-0.050000
199	0.608328	0.017395	0.088652	-0.050000
200	0.590530	0.156834	-0.070015	-0.050000
201	0.585899	0.170238	0.077242	-0.050000
202	0.565664	0.169669	0.171643	-0.050000
203	0.605080	0.087311	0.066932	-0.050000
204	0.586762	0.181949	0.028806	-0.050000
205	0.548862	0.258549	0.100635	-0.050000
206	0.578063	-0.147149	0.149719	-0.050000
207	0.610355	0.067376	0.033941	-0.050000
208	0.506247	0.309443	-0.161817	-0.050000
209	0.574771	0.218268	-0.014911	-0.050000
210	0.562060	0.116400	-0.220827	-0.050000
211	0.530519	0.304034	-0.065860	-0.050000
212	0.442468	0.404230	-0.138003	-0.050000
213	0.445543	0.334399	-0.260565	-0.050000
214	0.338583	0.462133	0.223650	-0.050000
215	0.553111	0.266728	-0.033898	-0.050000
216	0.593614	0.119538	0.107507	-0.050000
217	0.608584	0.070382	-0.053826	-0.050000
218	0.600446	-0.078390	-0.107448	-0.050000
219	0.571847	-0.092325	-0.206621	-0.050000
220	0.589777	-0.094391	0.146554	-0.050000
221	0.460925	-0.341941	0.221019	-0.050000
222	0.447167	-0.303929	0.293076	-0.050000
223	0.603499	0.061864	-0.100933	-0.050000
224	0.592337	0.128817	-0.103768	-0.050000
225	0.585884	-0.010761	-0.186679	-0.050000
226	0.607878	0.081361	-0.045712	-0.050000
227	0.599738	-0.135545	0.012900	-0.050000
228	0.581168	-0.201168	-0.000674	-0.050000
229	0.604802	-0.102373	-0.044263	-0.050000
230	0.564398	-0.196341	0.145362	-0.050000
231	0.611679	-0.045575	-0.044679	-0.050000
232	0.608245	0.054693	0.072608	-0.050000
233	0.582928	0.195795	0.009177	-0.050000
234	0.557406	0.120897	-0.230015	-0.050000
235	0.599319	-0.137784	-0.007572	-0.050000
236	0.606356	0.031738	-0.097726	-0.050000
237	0.610604	-0.041155	-0.060780	-0.050000
238	0.595487	-0.005280	0.153598	-0.050000
239	0.612368	-0.041408	-0.038936	-0.050000
240	0.600908	-0.021256	0.129164	-0.050000
241	0.555866	0.206767	-0.162742	-0.050000
242	0.611055	0.069254	0.006332	-0.050000
243	0.602250	0.083342	-0.092594	-0.050000
244	0.531980	0.305647	0.042450	-0.050000
245	0.607902	-0.045264	0.081433	-0.050000
246	0.564746	0.122698	0.210315	-0.050000
247	0.582593	-0.170549	0.098605	-0.050000
248	0.614917	-0.005590	-0.008429	-0.050000
249	0.595669	0.058270	0.141451	-0.050000
250	0.433432	0.387985	0.199572	-0.050000
251	0.612683	0.045925	0.027112	-0.050000
252	0.612025	-0.025200	0.054909	-0.050000
253	0.593958	0.009832	0.159194	-0.050000
254	0.596242	0.148537	0.025625	-0.050000
255	0.593363	0.012153	0.161238	-0.050000
256	0.604073	-0.073975	-0.088595	-0.050000
257	0.596951	0.073863	-0.128136	-0.050000
258	0.574571	0.214935	-0.043552	-0.050000
259	0.607912	0.086287	0.034969	-0.050000
260	0.579231	0.202503	0.041344	-0.050000
261	0.609398	0.056626	0.060436	-0.050000
262	0.612625	-0.047642	0.025421	-0.050000
263	0.612689	-0.015019	-0.051102	-0.050000
264	0.611895	-0.038294	-0.048410	-0.050000
265	0.609903	-0.065324	0.044458	-0.050000
266	0.602790	0.092577	0.079368	-0.050000
267	0.614789	0.007502	-0.014235	-0.050000
268	0.598865	0.042439	0.133360	-0.050000
269	0.547332	-0.021693	-0.279610	-0.050000
270	0.592420	0.122626	-0.110571	-0.050000
271	0.609470	0.003610	-0.082207	-0.050000
272	0.607234	-0.054339	-0.080868	-0.050000
273	0.577108	0.050534	-0.206441	-0.050000
274	0.590913	0.168815	0.023414	-0.050000
275	0.613757	0.019989	0.033576	-0.050000
276	0.477557	0.386815	-0.023189	-0.050000
277	0.591639	0.001944	-0.167881	-0.050000
278	0.592608	0.086108	-0.140093	-0.050000
279	0.610965	0.016989	-0.068251	-0.050000
280	0.608708	0.046469	0.074429	-0.050000
281	0.563399	0.218724	0.113869	-0.050000
282	0.560769	0.248068	-0.047169	-0.050000
283	0.613062	-0.044832	-0.019242	-0.050000
284	0.613343	-0.023419	-0.038565	-0.050000
285	0.579806	0.156323	0.132715	-0.050000
286	0.590740	0.114663	0.126900	-0.050000
287	0.606624	-0.076838	-0.065787	-0.050000
288	0.610083	0.014143	0.076314	-0.050000
289	0.590098	-0.050926	-0.165576	-0.050000
290	0.614066	0.032922	-0.008010	-0.050000
291	0.571212	0.158433	-0.163831	-0.050000
292	0.590882	0.163348	0.048994	-0.050000
293	0.583523	0.156055	-0.115639	-0.050000
294	0.555177	0.183238	0.190860	-0.050000
295	0.506716	-0.320791	0.136222	-0.050000
296	0.603668	-0.055540	0.103560	-0.050000
297	0.613465	-0.040028	0.016837	-0.050000
298	0.603439	-0.076584	0.090670	-0.050000
299	0.609086	0.013677	0.083975	-0.050000
300	0.595825	0.139138	0.062113	-0.050000
301	0.609000	0.055363	0.065417	-0.050000
302	0.612468	-0.016469	-0.053260	-0.050000
303	0.568309	0.164991	0.167415	-0.050000
304	0.572896	0.110183	-0.194614	-0.050000
305	0.600232	0.024480	0.131709	-0.050000
306	0.606188	0.072423	-0.074271	-0.050000
307	0.609624	-0.031380	-0.074827	-0.050000
308	0.610222	0.039112	0.065763	-0.050000
309	0.586939	0.144810	0.112948	-0.050000
310	0.607827	0.078086	0.051712	-0.050000
311	0.591913	0.157068	0.056515	-0.050000
312	0.577701	0.175965	0.116289	-0.050000
313	0.578977	-0.134848	-0.157565	-0.050000
314	0.561367	-0.249631	0.027862	-0.050000
315	0.599964	0.120636	-0.060955	-0.050000
316	0.611846	0.057806	0.022971	-0.050000
317	0.574087	0.198795	0.095547	-0.050000
318	0.567110	0.188901	0.144666	-0.050000
319	0.439611	0.416449	-0.107411	-0.050000
320	0.516228	0.293881	-0.159274	-0.050000
321	0.597765	-0.143861	-0.014364	-0.050000
322	0.565842	0.222109	-0.093356	-0.050000
323	0.517062	0.262579	0.204753	-0.050000
324	0.581838	0.199080	-0.007528	-0.050000
325	0.594500	-0.135989	-0.079384	-0.050000
326	0.609079	0.054606	0.065314	-0.050000
327	0.550719	-0.225920	-0.154574	-0.050000
328	0.497460	-0.211120	0.293576	-0.050000
329	0.511171	-0.042882	0.339250	-0.050000
330	0.609874	-0.017164	-0.077361	-0.050000
331	0.600659	0.132007	0.002827	-0.050000
332	0.521234	0.201628	-0.256683	-0.050000
333	0.593935	0.116815	-0.108723	-0.050000
334	0.553194	-0.062454	-0.261345	-0.050000
335	0.574964	-0.213953	-0.043189	-0.050000
336	0.564720	-0.107597	0.218494	-0.050000
337	0.480775	-0.377376	0.068325	-0.050000
338	0.574555	0.077225	-0.205300	-0.050000
339	0.591586	0.158466	-0.056029	-0.050000
340	0.559905	0.211355	0.141633	-0.050000
341	0.613250	-0.018310	0.042592	-0.050000
342	0.599654	-0.133620	0.028037	-0.050000
343	0.560491	0.171444	-0.186231	-0.050000
344	0.614068	-0.033833	-0.000767	-0.050000
345	0.576999	0.101860	-0.186872	-0.050000
346	0.575936	0.195921	0.090209	-0.050000
347	0.542821	0.156638	-0.242970	-0.050000
348	0.608563	-0.045963	-0.075919	-0.050000
349	0.599991	0.063407	-0.119229	-0.050000
350	0.588756	-0.176422	-0.021610	-0.050000
351	0.557005	-0.259311	-0.026992	-0.050000
352	0.598258	-0.040122	0.136757	-0.050000
353	0.611590	0.042580	0.048675	-0.050000
354	0.520147	0.327840	0.013898	-0.050000
355	0.602917	-0.038887	0.114906	-0.050000
356	0.588397	-0.030814	0.176251	-0.050000
357	0.576033	0.162436	-0.141512	-0.050000
358	0.582464	0.153981	0.123493	-0.050000
359	0.599546	0.080609	0.110779	-0.050000
360	0.613922	0.032988	0.015400	-0.050000
361	0.574807	0.216106	-0.033459	-0.050000
362	0.560443	0.251812	-0.026827	-0.050000
363	0.606212	0.034495	-0.097685	-0.050000
364	0.611399	-0.064310	0.016732	-0.050000
365	0.606216	-0.075074	0.071351	-0.050000
366	0.609247	0.025381	0.079990	-0.050000
367	0.596140	-0.140199	0.056445	-0.050000
368	0.551564	0.148126	0.228168	-0.050000
369	0.593155	0.152255	-0.056664	-0.050000
370	0.589722	0.135842	0.109542	-0.050000
371	0.613360	0.034954	0.028159	-0.050000
372	0.589612	0.133706	0.112720	-0.050000
373	0.571536	0.217242	0.066166	-0.050000
374	0.613764	-0.016251	-0.035420	-0.050000
375	0.609831	0.041786	0.067717	-0.050000
376	0.591337	0.165796	-0.032513	-0.050000
377	0.535734	0.280975	0.110755	-0.050000
378	0.533561	0.274184	-0.135502	-0.050000
379	0.611479	0.027610	-0.059631	-0.050000
380	0.576596	-0.008531	-0.213750	-0.050000
381	0.602666	0.117885	-0.033498	-0.050000
382	0.606415	0.101227	-0.015473	-0.050000
383	0.593733	0.122653	-0.103260	-0.050000
384	0.602084	0.121584	-0.030604	-0.050000
385	0.604099	0.062627	0.096783	-0.050000
386	0.593347	-0.021583	-0.160307	-0.050000
387	0.579929	0.204495	0.009428	-0.050000
388	0.599581	0.120819	-0.064269	-0.050000
389	0.589223	0.109094	-0.138348	-0.050000
390	0.566912	0.223008	-0.084282	-0.050000
391	0.602224	-0.105575	-0.066370	-0.050000
392	0.484079	0.337226	-0.173697	-0.050000
393	0.607782	0.092982	-0.013442	-0.050000
394	0.584124	0.032726	0.189614	-0.050000
395	0.567153	-0.228987	-0.064247	-0.050000
396	0.585467	0.155190	-0.106628	-0.050000
397	0.596302	-0.123734	-0.085666	-0.050000
398	0.598337	0.108895	-0.091434	-0.050000
399	0.614235	0.019502	-0.023655	-0.050000
400	0.603329	-0.005565	0.119115	-0.050000
401	0.572586	0.092532	0.204471	-0.050000
402	0.583440	0.193979	0.013955	-0.050000
403	0.591996	-0.132451	-0.101105	-0.050000
404	0.596315	-0.146214	0.035416	-0.050000
405	0.567646	-0.129662	0.197965	-0.050000
406	0.603404	0.106231	0.053328	-0.050000
407	0.598914	0.115351	-0.078874	-0.050000
408	0.607392	0.087599	-0.040334	-0.050000
409	0.543080	0.251432	0.141674	-0.050000
410	0.597088	-0.101162	-0.107132	-0.050000
411	0.613876	0.034080	-0.014825	-0.050000
412	0.613239	-0.044981	0.011803	-0.050000
413	0.558315	0.240832	0.092247	-0.050000
414	0.599201	-0.132189	0.041344	-0.050000
415	0.558281	0.187760	-0.176901	-0.050000
416	0.544287	0.023866	-0.285320	-0.050000
417	0.561084	0.196358	0.157649	-0.050000
418	0.502731	-0.320667	-0.150527	-0.050000
419	0.613144	0.022215	0.042263	-0.050000
420	0.522134	0.084848	-0.313690	-0.050000
421	0.482226	-0.144136	0.353423	-0.050000
422	0.604971	0.101035	0.045016	-0.050000
423	0.544935	0.180380	-0.220757	-0.050000
424	0.520318	0.213174	-0.249100	-0.050000
425	0.553303	0.194506	-0.185064	-0.050000
426	0.583229	0.111736	-0.159948	-0.050000
427	0.610454	0.072316	-0.018488	-0.050000
428	0.553923	0.148581	-0.222076	-0.050000
429	0.506550	0.336228	-0.092645	-0.050000
430	0.568323	-0.200944	0.121882	-0.050000
431	0.597762	-0.143053	0.021017	-0.050000
432	0.574111	-0.219528	0.020713	-0.050000
433	0.506190	-0.213292	0.276592	-0.050000
434	0.314221	-0.215267	0.482857	-0.050000
435	0.588755	0.168340	-0.057048	-0.050000
436	0.585856	0.139215	-0.124967	-0.050000
437	0.600651	0.130483	-0.020442	-0.050000
438	0.594262	0.135162	-0.082516	-0.050000
439	0.597250	0.029796	-0.143630	-0.050000
440	0.603016	0.021795	-0.118833	-0.050000
441	0.539764	-0.114767	0.271493	-0.050000
442	0.550272	-0.274536	0.007485	-0.050000
443	0.549742	-0.264747	0.076926	-0.050000
444	0.555302	-0.248465	-0.090166	-0.050000
445	0.585919	0.138934	-0.124987	-0.050000
446	0.587914	0.177004	-0.035383	-0.050000
447	0.586426	0.077533	-0.168280	-0.050000
448	0.569428	-0.167098	-0.161418	-0.050000
449	0.612339	-0.050435	-0.026877	-0.050000
450	0.608423	-0.018262	0.087823	-0.050000
451	0.603437	0.109415	-0.046005	-0.050000
452	0.579758	0.124193	-0.163344	-0.050000
453	0.602180	0.124082	0.014402	-0.050000
454	0.613344	0.030215	-0.033486	-0.050000
455	0.587532	0.177402	0.039490	-0.050000
456	0.604749	-0.003646	-0.111761	-0.050000
457	0.574622	0.154413	-0.155534	-0.050000
458	0.605966	0.078275	-0.070018	-0.050000
459	0.607777	-0.093945	0.002533	-0.050000
460	0.609948	0.009770	-0.078059	-0.050000
461	0.599116	-0.079347	0.113968	-0.050000
462	0.525372	0.180989	0.263538	-0.050000
463	0.583717	0.159347	0.110034	-0.050000
464	0.547219	0.245354	0.136298	-0.050000
465	0.595755	0.139677	-0.061574	-0.050000
466	0.597511	0.078458	0.122676	-0.050000
467	0.564919	0.053205	0.237194	-0.050000
468	0.591101	-0.160781	0.054536	-0.050000
469	0.524308	0.126876	-0.295345	-0.050000
470	0.610087	-0.074721	0.020864	-0.050000
471	0.554664	0.231723	-0.129914	-0.050000
472	0.605025	0.042440	-0.101827	-0.050000
473	0.580107	0.176329	0.103000	-0.050000
474	0.598868	0.139860	0.004648	-0.050000
475	0.609137	-0.036970	-0.076223	-0.050000
476	0.577927	0.133958	0.162114	-0.050000
477	0.609295	0.063730	0.054064	-0.050000
478	0.608961	0.084334	0.016696	-0.050000
479	0.591767	0.167326	-0.006246	-0.050000
480	0.598980	0.123503	-0.064766	-0.050000
481	0.613806	0.035470	-0.014463	-0.050000
482	0.604715	0.110081	-0.020674	-0.050000
483	0.599430	0.080041	0.111814	-0.050000
484	0.589016	0.115435	-0.134015	-0.050000
485	0.605767	-0.083319	0.065799	-0.050000
486	0.583732	0.105976	0.162020	-0.050000
487	0.606023	0.071341	0.076630	-0.050000
488	0.610205	0.073667	-0.021153	-0.050000
489	0.525904	-0.282355	-0.148071	-0.050000
490	0.590393	-0.012356	-0.171781	-0.050000
491	0.594721	0.140378	0.069464	-0.050000
492	0.613937	0.014548	-0.033082	-0.050000
493	0.605769	0.037066	-0.099471	-0.050000
494	0.602114	0.124815	0.010229	-0.050000
495	0.589396	0.085488	-0.153391	-0.050000
496	0.607597	0.090425	-0.029577	-0.050000
497	0.608240	0.026573	-0.086963	-0.050000
498	0.602689	-0.116665	0.037156	-0.050000
499	0.594727	-0.055521	0.146432	-0.050000
500	0.598319	-0.034807	-0.137940	-0.050000
501	0.610466	-0.002199	-0.074509	-0.050000
502	0.597564	0.012520	-0.144864	-0.050000
503	0.500144	0.356434	-0.032193	-0.050000
504	0.542609	0.288447	-0.024459	-0.050000
505	0.520646	0.317534	-0.079529	-0.050000
506	0.600503	0.017843	0.131541	-0.050000
507	0.607764	0.032047	-0.088439	-0.050000
508	0.612059	0.058744	-0.012569	-0.050000
509	0.575543	0.203500	-0.074589	-0.050000
510	0.596493	-0.103342	-0.108356	-0.050000
511	0.606808	0.098537	-0.017320	-0.050000
512	0.596471	0.143963	-0.041500	-0.050000
513	0.593474	-0.031739	-0.158135	-0.050000
514	0.612302	-0.032289	-0.047628	-0.050000
515	0.590662	0.124875	0.117258	-0.050000
516	0.593913	-0.067684	0.144606	-0.050000
517	0.607991	-0.091125	0.016371	-0.050000
518	0.611989	0.000991	-0.060774	-0.050000
519	0.592131	-0.060033	0.154925	-0.050000
520	0.584736	0.123451	0.145150	-0.050000
521	0.596753	0.141114	0.046879	-0.050000
522	0.580668	-0.018924	-0.201721	-0.050000
523	0.602019	0.062319	0.109155	-0.050000
524	0.592402	-0.016352	0.164369	-0.050000
525	0.605930	0.000144	-0.105234	-0.050000
526	0.612613	-0.032346	0.043410	-0.050000
527	0.613450	0.040841	-0.015380	-0.050000
528	0.535770	0.268311	0.138510	-0.050000
529	0.607393	0.095168	0.015532	-0.050000
530	0.611165	0.006700	0.068250	-0.050000
531	0.492652	0.365229	-0.046123	-0.050000
532	0.568333	0.217609	-0.088705	-0.050000
533	0.601129	0.123913	-0.038917	-0.050000
534	0.560811	-0.248910	0.041953	-0.050000
535	0.608607	-0.059753	-0.065205	-0.050000
536	0.611969	0.005053	-0.060776	-0.050000
537	0.613135	-0.007216	0.047314	-0.050000
538	0.562118	0.201833	-0.146670	-0.050000
539	0.518646	0.329724	-0.022660	-0.050000
540	0.528945	0.284941	-0.131342	-0.050000
541	0.442501	0.403807	-0.139131	-0.050000
542	0.588350	-0.141709	-0.109486	-0.050000
543	0.573156	0.148747	-0.166108	-0.050000
544	0.612053	0.030021	-0.052104	-0.050000
545	0.501539	0.355925	-0.001134	-0.050000
546	0.608358	0.014645	-0.088943	-0.050000
547	0.607465	0.084289	-0.045894	-0.050000
548	0.554023	-0.127662	-0.234490	-0.050000
549	0.552265	-0.263459	0.061785	-0.050000
550	0.606509	-0.087670	0.051818	-0.050000
551	0.572843	0.218257	-0.049391	-0.050000
552	0.609843	0.002309	0.079440	-0.050000
553	0.551047	0.129067	-0.240653	-0.050000
554	0.612936	0.046606	0.019040	-0.050000
555	0.562085	-0.249266	0.012340	-0.050000
556	0.612394	-0.054744	-0.014206	-0.050000
557	0.585687	-0.180785	-0.050130	-0.050000
558	0.605066	-0.044526	0.100687	-0.050000
559	0.607536	0.058763	-0.075311	-0.050000
560	0.609346	-0.026513	-0.078861	-0.050000
561	0.601910	0.088957	0.089531	-0.050000
562	0.572385	0.156120	-0.161948	-0.050000
563	0.588149	-0.167177	0.066015	-0.050000
564	0.610372	-0.052029	0.054446	-0.050000
565	0.608185	-0.091292	0.001339	-0.050000
566	0.593673	0.140257	0.078134	-0.050000
567	0.605966	-0.004050	0.104948	-0.050000
568	0.596110	0.144892	-0.043402	-0.050000
569	0.600606	0.074559	0.109265	-0.050000
570	0.614085	0.010365	-0.031896	-0.050000
571	0.587245	0.033261	0.179615	-0.050000
572	0.599505	-0.064720	0.120954	-0.050000
573	0.612946	-0.048788	-0.011917	-0.050000
574	0.605260	-0.063363	0.088718	-0.050000
575	0.522924	0.321374	0.038651	-0.050000
576	0.593083	0.136556	-0.088485	-0.050000
577	0.603436	-0.056654	0.104306	-0.050000
578	0.603917	-0.013642	0.115428	-0.050000
579	0.588680	-0.027093	0.175916	-0.050000
580	0.598935	0.055033	0.128349	-0.050000
581	0.610467	0.046712	0.058080	-0.050000
582	0.552380	0.269282	-0.024268	-0.050000
583	0.597875	0.144100	0.002243	-0.050000
584	0.575070	0.143775	-0.163855	-0.050000
585	0.534318	0.048295	0.300661	-0.050000
586	0.594109	0.119459	-0.104827	-0.050000
587	0.600717	-0.034048	0.127300	-0.050000
588	0.609397	0.075679	-0.033654	-0.050000
589	0.589530	0.139343	-0.106127	-0.050000
590	0.593000	0.069977	0.147237	-0.050000
591	0.577920	0.083827	-0.192891	-0.050000
592	0.609849	-0.066157	-0.043954	-0.050000
593	0.608108	0.091255	0.010106	-0.050000
594	0.592090	0.076447	-0.147685	-0.050000
595	0.597461	-0.140550	0.038880	-0.050000
596	0.599642	-0.063103	0.121131	-0.050000
597	0.607791	0.086511	-0.036474	-0.050000
598	0.603649	-0.057447	0.102627	-0.050000
599	0.611392	-0.024020	0.062032	-0.050000
600	0.569853	0.071435	-0.219977	-0.050000
601	0.606162	0.091124	0.049895	-0.050000
602	0.608483	0.087632	-0.017139	-0.050000
603	0.604887	0.038453	-0.104203	-0.050000
604	0.582698	0.195737	0.019382	-0.050000
605	0.589281	0.041449	0.171041	-0.050000
606	0.608972	0.061637	0.059825	-0.050000
607	0.588251	-0.033451	0.176258	-0.050000
608	0.573548	0.161056	0.152737	-0.050000
609	0.532958	-0.022798	-0.306041	-0.050000
610	0.590191	0.156868	0.072747	-0.050000
611	0.583875	0.100628	-0.164891	-0.050000
612	0.524616	0.273135	-0.168524	-0.050000
613	0.587803	0.026636	-0.178894	-0.050000
614	0.590877	0.151905	-0.077550	-0.050000
615	0.515095	0.121119	0.313420	-0.050000
616	0.608262	-0.090566	-0.006320	-0.050000
617	0.597194	-0.086876	0.118479	-0.050000
618	0.554321	-0.244114	-0.106589	-0.050000
619	0.602928	0.120494	-0.013556	-0.050000
620	0.611842	0.015702	0.060229	-0.050000
621	0.598595	0.135544	-0.039200	-0.050000
622	0.565095	0.092642	-0.224298	-0.050000
623	0.611355	0.009974	0.066114	-0.050000
624	0.593999	-0.150002	-0.053755	-0.050000
625	0.610345	-0.073541	0.017213	-0.050000
626	0.605733	-0.028675	0.102421	-0.050000
627	0.610285	0.044567	-0.061570	-0.050000
628	0.602582	-0.024347	-0.120530	-0.050000
629	0.564498	0.244063	-0.000347	-0.050000
630	0.592368	0.080397	0.144437	-0.050000
631	0.587499	-0.002735	0.181832	-0.050000
632	0.611352	-0.041004	-0.052847	-0.050000
633	0.591637	-0.011989	-0.167473	-0.050000
634	0.580804	0.111719	0.168555	-0.050000
635	0.576718	0.130418	0.169153	-0.050000
636	0.566048	0.231310	-0.065658	-0.050000
637	0.501959	0.323531	-0.146935	-0.050000
638	0.432395	0.127052	-0.418470	-0.050000
639	0.519654	0.213034	-0.250602	-0.050000
640	0.556262	0.166623	-0.202570	-0.050000
641	0.605802	0.095932	0.045016	-0.050000
642	0.592863	0.163488	0.003257	-0.050000
643	0.594538	0.146278	-0.057895	-0.050000
644	0.610022	-0.014605	-0.076710	-0.050000
645	0.590530	-0.159126	0.064636	-0.050000
646	0.358193	-0.478675	0.144200	-0.050000
647	0.479024	-0.294758	0.248755	-0.050000
648	0.608150	0.021538	-0.088965	-0.050000
649	0.606654	0.098314	0.023040	-0.050000
650	0.554737	0.255991	0.070435	-0.050000
651	0.582354	0.092873	-0.174538	-0.050000
652	0.597185	-0.125752	0.076036	-0.050000
653	0.568178	-0.048175	-0.230386	-0.050000
654	0.566409	-0.203625	0.126267	-0.050000
655	0.568287	-0.213586	0.098266	-0.050000
656	0.591420	-0.168223	-0.012206	-0.050000
657	0.612786	0.042980	0.029516	-0.050000
658	0.597825	0.051703	-0.134749	-0.050000
659	0.602204	-0.057405	0.110816	-0.050000
660	0.605411	0.038687	0.101026	-0.050000
661	0.603321	-0.113851	0.035594	-0.050000
662	0.612672	0.019681	0.049705	-0.050000
663	0.612679	0.029841	0.044261	-0.050000
664	0.533928	-0.274989	-0.132390	-0.050000
665	0.605618	-0.100201	0.037577	-0.050000
666	0.510562	0.318452	0.127041	-0.050000
667	0.611519	0.051946	-0.039636	-0.050000
668	0.570226	0.193699	-0.124693	-0.050000
669	0.547796	0.166731	0.224377	-0.050000
670	0.609222	0.080259	-0.025140	-0.050000
671	0.586927	0.121903	0.137411	-0.050000
672	0.590523	0.161146	-0.059496	-0.050000
673	0.605369	0.071912	0.081127	-0.050000
674	0.504663	-0.202789	0.287083	-0.050000
675	0.566988	0.235244	-0.037550	-0.050000
676	0.588690	0.175823	0.027475	-0.050000
677	0.568477	0.233566	-0.022497	-0.050000
678	0.520305	0.327594	-0.013776	-0.050000
679	0.591795	0.140180	0.091396	-0.050000
680	0.555751	0.020501	0.262574	-0.050000
681	0.612086	-0.059024	-0.009562	-0.050000
682	0.559679	0.162582	-0.196345	-0.050000
683	0.561292	0.222251	-0.117392	-0.050000
684	0.603146	-0.090836	-0.078670	-0.050000
685	0.573821	0.141156	-0.170380	-0.050000
686	0.530262	0.306692	0.054649	-0.050000
687	0.606224	-0.050620	-0.090302	-0.050000
688	0.559120	0.248528	0.061996	-0.050000
689	0.592496	-0.064240	0.151811	-0.050000
690	0.613103	-0.040814	-0.025767	-0.050000
691	0.564079	0.244995	-0.004208	-0.050000
692	0.580918	0.099314	0.175772	-0.050000
693	0.557216	0.259315	-0.022164	-0.050000
694	0.600511	0.070875	-0.112196	-0.050000
695	0.599507	-0.127192	0.051370	-0.050000
696	0.572518	0.136938	-0.178033	-0.050000
697	0.592587	0.160689	-0.035276	-0.050000
698	0.575478	-0.205529	0.069343	-0.050000
699	0.525521	0.246928	-0.202681	-0.050000
700	0.601601	0.126679	-0.015930	-0.050000
701	0.579619	-0.200538	-0.045292	-0.050000
702	0.552043	0.236104	0.133149	-0.050000
703	0.609316	0.082310	0.013585	-0.050000
704	0.605008	-0.061968	-0.091380	-0.050000
705	0.596214	0.125589	-0.083552	-0.050000
706	0.611951	-0.053901	-0.028898	-0.050000
707	0.533431	0.302960	-0.043486	-0.050000
708	0.556443	0.082070	0.248717	-0.050000
709	0.604530	0.004507	0.112909	-0.050000
710	0.568675	0.066812	0.224432	-0.050000
711	0.595702	0.043255	-0.146606	-0.050000
712	0.607590	0.076497	-0.056633	-0.050000
713	0.612530	0.038065	-0.039783	-0.050000
714	0.598018	-0.132027	-0.056286	-0.050000
715	0.504993	0.344485	0.067361	-0.050000
716	0.531213	0.272680	-0.147252	-0.050000
717	0.469993	0.388547	-0.079767	-0.050000
718	0.522765	0.282999	-0.157651	-0.050000
719	0.558835	-0.069839	0.247085	-0.050000
720	0.601139	-0.057876	0.116220	-0.050000
721	0.551914	-0.265964	0.053653	-0.050000
722	0.614881	-0.008982	-0.008129	-0.050000
723	0.545599	-0.281891	-0.032935	-0.050000
724	0.614038	-0.034296	0.002573	-0.050000
725	0.590575	0.165562	-0.045110	-0.050000
726	0.524461	-0.075415	-0.312215	-0.050000
727	0.594680	0.076888	0.136635	-0.050000
728	0.611829	-0.058241	0.022314	-0.050000
729	0.605458	-0.070894	0.081361	-0.050000
730	0.551653	-0.264401	-0.063212	-0.050000
731	0.612677	0.044131	-0.030073	-0.050000
732	0.542323	0.251636	0.144188	-0.050000
733	0.607115	-0.090043	-0.039096	-0.050000
734	0.590010	0.166452	-0.049057	-0.050000
735	0.607755	0.093442	-0.011271	-0.050000
736	0.569824	0.191802	0.129374	-0.050000
737	0.606659	-0.036315	0.094185	-0.050000
738	0.508779	0.108948	0.327871	-0.050000
739	0.607543	-0.065415	0.069552	-0.050000
740	0.599701	-0.124272	-0.056037	-0.050000
741	0.608236	0.056622	0.071192	-0.050000
742	0.586316	0.126155	0.136176	-0.050000
743	0.568134	0.207623	0.111091	-0.050000
744	0.426481	0.332584	-0.292791	-0.050000
745	0.547892	0.209266	-0.185060	-0.050000
746	0.423767	-0.106017	-0.432906	-0.050000
747	0.553040	0.262342	0.059566	-0.050000
748	0.577317	-0.206247	0.048913	-0.050000
749	0.507817	0.307967	-0.159696	-0.050000
750	0.583251	0.193638	-0.023395	-0.050000
751	0.575864	-0.155629	-0.149619	-0.050000
752	0.582849	-0.193725	0.031340	-0.050000
753	0.418338	-0.432489	0.127169	-0.050000
754	0.357354	-0.423460	0.266843	-0.050000
755	0.465935	0.279537	-0.288078	-0.050000
756	0.547083	-0.004655	-0.280898	-0.050000
757	0.576553	0.193123	-0.092276	-0.050000
758	0.592081	-0.053083	-0.157630	-0.050000
759	0.601306	0.041472	-0.122212	-0.050000
760	0.526844	-0.315494	0.033517	-0.050000
761	0.548417	-0.253205	0.115546	-0.050000
762	0.604792	-0.078703	0.079103	-0.050000
763	0.555832	-0.258905	-0.047374	-0.050000
764	0.566177	0.204416	0.126027	-0.050000
765	0.590843	-0.164863	0.044155	-0.050000
766	0.606321	0.101500	-0.017232	-0.050000
767	0.578125	-0.207799	0.028572	-0.050000
768	0.613257	-0.045585	-0.007893	-0.050000
769	0.588527	-0.155242	-0.088095	-0.050000
770	0.602783	0.076342	0.095128	-0.050000
771	0.534262	0.304492	0.008616	-0.050000
772	0.550651	0.272391	0.028486	-0.050000
773	0.602050	0.059883	0.110338	-0.050000
774	0.601844	0.109209	-0.063893	-0.050000
775	0.603907	0.002036	0.116263	-0.050000
776	0.595125	-0.082766	-0.131155	-0.050000
777	0.565344	-0.233764	-0.062973	-0.050000
778	0.564912	-0.218055	0.107479	-0.050000
779	0.584747	0.190513	0.000476	-0.050000
780	0.547776	0.257269	0.109447	-0.050000
781	0.521036	0.249041	0.211483	-0.050000
782	0.568812	0.038611	0.230623	-0.050000
783	0.607525	0.082924	0.047556	-0.050000
784	0.566551	0.099392	0.217638	-0.050000
785	0.601520	0.064467	0.110647	-0.050000
786	0.577669	0.210187	0.018572	-0.050000
787	0.594571	0.151809	-0.040800	-0.050000
788	0.611916	-0.042135	-0.044812	-0.050000
789	0.582522	0.181258	0.077708	-0.050000
790	0.516906	0.270053	-0.195206	-0.050000
791	0.608526	0.074505	0.048683	-0.050000
792	0.589393	-0.040443	0.170897	-0.050000
793	0.610655	-0.070882	-0.017348	-0.050000
794	0.527552	0.310919	0.056944	-0.050000
795	0.553908	0.252272	-0.088149	-0.050000
796	0.602830	0.014504	-0.120872	-0.050000
797	0.589491	-0.005574	-0.175199	-0.050000
798	0.599155	0.000116	-0.138703	-0.050000
799	0.609468	0.076799	0.029599	-0.050000
800	0.593806	0.141620	0.074590	-0.050000
801	0.575316	0.205570	0.070553	-0.050000
802	0.605006	0.073976	0.081977	-0.050000
803	0.604196	0.107698	-0.039669	-0.050000
804	0.543574	-0.198914	-0.207812	-0.050000
805	0.603645	-0.116342	0.017398	-0.050000
806	0.580594	-0.068534	-0.190891	-0.050000
807	0.582300	-0.066634	-0.186312	-0.050000
808	0.577463	0.182064	0.107770	-0.050000
809	0.610884	-0.051918	-0.048474	-0.050000
810	0.610842	-0.055966	0.044328	-0.050000
811	0.576200	0.066189	0.204541	-0.050000
812	0.598293	-0.026679	-0.139851	-0.050000
813	0.592411	-0.016029	-0.164370	-0.050000
814	0.613407	0.000233	0.044231	-0.050000
815	0.589673	0.123560	-0.123467	-0.050000
816	0.551432	0.223913	0.154953	-0.050000
817	0.574954	0.174174	0.131589	-0.050000
818	0.594486	0.135732	0.079924	-0.050000
819	0.604913	0.102860	0.041536	-0.050000
820	0.539506	0.243074	0.167550	-0.050000
821	0.614974	-0.002351	0.005114	-0.050000
822	0.583576	0.137475	0.136984	-0.050000
823	0.604501	0.095908	-0.060045	-0.050000
824	0.607287	0.041536	-0.087760	-0.050000
825	0.511447	-0.059839	-0.336253	-0.050000
826	0.575385	0.107357	-0.188762	-0.050000
827	0.581034	0.190488	0.065872	-0.050000
828	0.595207	-0.141000	0.063817	-0.050000
829	0.587549	-0.180447	0.021216	-0.050000
830	0.507246	-0.332294	-0.102502	-0.050000
831	0.576514	0.209134	-0.046042	-0.050000
832	0.584874	0.027386	-0.188141	-0.050000
833	0.597379	0.141137	0.037994	-0.050000
834	0.593994	0.030116	0.156489	-0.050000
835	0.564985	0.145144	0.194807	-0.050000
836	0.608334	0.062796	-0.064898	-0.050000
837	0.590338	0.124014	0.119776	-0.050000
838	0.578582	0.194356	0.075455	-0.050000
839	0.610209	0.076357	-0.006324	-0.050000
840	0.585218	0.182739	-0.048493	-0.050000
841	0.589147	0.173764	-0.030609	-0.050000
842	0.596399	0.076079	0.129402	-0.050000
843	0.577682	-0.048711	0.205269	-0.050000
844	0.608544	-0.013921	0.087780	-0.050000
845	0.538295	-0.095548	0.281663	-0.050000
846	0.612543	0.005938	0.054598	-0.050000
847	0.549842	0.275383	-0.007896	-0.050000
848	0.400995	0.459566	-0.078917	-0.050000
849	0.360351	0.152283	-0.474534	-0.050000
850	0.531699	0.045972	-0.305627	-0.050000
