1	-0.585924	-0.073575	0.171771	-2.700000
2	-0.527828	0.300767	-0.095719	-2.700000
3	-0.590808	-0.014137	0.170208	-2.700000
4	-0.606997	0.072819	0.066907	-2.700000
5	-0.543528	-0.227755	-0.175868	-2.700000
6	-0.608961	0.085908	-0.003374	-2.700000
7	-0.493130	0.316931	-0.186016	-2.700000
8	-0.563151	0.110328	-0.221164	-2.700000
9	-0.596401	-0.009990	-0.149770	-2.700000
10	-0.598936	0.105016	0.092045	-2.700000
11	-0.580826	0.194105	0.056479	-2.700000
12	-0.609126	-0.073172	0.042855	-2.700000
13	-0.592112	0.066344	0.152404	-2.700000
14	-0.602928	0.121114	0.005843	-2.700000
15	-0.598370	0.133671	-0.048069	-2.700000
16	-0.611965	-0.032501	-0.051649	-2.700000
17	-0.535289	0.238390	0.186711	-2.700000
18	-0.463339	0.312183	0.257068	-2.700000
19	-0.491816	-0.311945	0.197567	-2.700000
20	-0.603486	0.057472	0.103567	-2.700000
21	-0.610400	0.044221	0.060672	-2.700000
22	-0.580822	-0.197714	-0.042190	-2.700000
23	-0.579004	-0.195920	0.067786	-2.700000
24	-0.614069	-0.033774	0.001784	-2.700000
25	-0.607863	0.087915	0.031606	-2.700000
26	-0.576722	0.213110	0.014181	-2.700000
27	-0.594674	0.153819	-0.030458	-2.700000
28	-0.565572	0.197102	-0.139656	-2.700000
29	-0.586005	0.172343	0.071561	-2.700000
30	-0.578210	0.036075	0.206391	-2.700000
31	-0.529488	0.087846	0.300251	-2.700000
32	-0.537826	-0.295196	-0.042754	-2.700000
33	-0.569486	-0.213832	0.090483	-2.700000
34	-0.610186	-0.068666	0.034403	-2.700000
35	-0.603752	-0.095906	0.067162	-2.700000
36	-0.605755	-0.105515	-0.012340	-2.700000
37	-0.614133	0.005727	0.032131	-2.700000
38	-0.599368	-0.093920	-0.100806	-2.700000
39	-0.590333	0.139523	0.101317	-2.700000
40	-0.592632	0.149526	0.068224	-2.700000
41	-0.550302	0.022983	0.273613	-2.700000
42	-0.596211	-0.026362	-0.148534	-2.700000
43	-0.587851	0.149800	-0.101073	-2.700000
44	-0.581566	0.011797	-0.199666	-2.700000
45	-0.545013	-0.251741	0.133465	-2.700000
46	-0.598935	-0.050913	-0.130040	-2.700000
47	-0.599459	0.034218	-0.133055	-2.700000
48	-0.613348	0.005722	0.044680	-2.700000
49	-0.593274	-0.146974	0.068191	-2.700000
50	-0.523440	0.192874	0.258913	-2.700000
51	-0.578346	0.208031	0.021538	-2.700000
52	-0.552310	-0.235562	-0.133003	-2.700000
53	-0.597324	0.127784	-0.071420	-2.700000
54	-0.613988	0.032080	-0.014668	-2.700000
55	-0.607753	-0.060823	-0.071844	-2.700000
56	-0.567267	-0.237525	0.003939	-2.700000
57	-0.591262	0.167634	-0.023086	-2.700000
58	-0.601542	-0.125964	0.022469	-2.700000
59	-0.576626	0.006556	0.213740	-2.700000
60	-0.540009	-0.001555	0.294301	-2.700000
61	-0.611399	0.052531	-0.040706	-2.700000
62	-0.601570	0.067209	-0.108725	-2.700000
63	-0.601891	-0.074285	0.102147	-2.700000
64	-0.487564	0.369106	0.065324	-2.700000
65	-0.614896	-0.006847	0.009013	-2.700000
66	-0.609538	-0.051168	0.063800	-2.700000
67	-0.586158	0.184442	-0.025008	-2.700000
68	-0.552368	0.265225	-0.052634	-2.700000
69	-0.586077	0.022741	0.184990	-2.700000
70	-0.495335	0.240833	0.273619	-2.700000
71	-0.556952	0.247993	0.080799	-2.700000
72	-0.607068	-0.098432	0.002021	-2.700000
73	-0.596768	0.047647	0.140794	-2.700000
74	-0.582005	0.163861	-0.112450	-2.700000
75	-0.594273	-0.023065	0.156630	-2.700000
76	-0.577600	0.012130	0.210846	-2.700000
77	-0.563360	0.243012	-0.042383	-2.700000
78	-0.610080	0.033855	-0.069868	-2.700000
79	-0.575697	0.213260	0.036298	-2.700000
80	-0.522682	-0.079013	-0.314302	-2.700000
81	-0.522790	0.302448	0.115937	-2.700000
82	-0.525061	0.319921	0.013650	-2.700000
83	-0.613586	-0.030826	0.028056	-2.700000
84	-0.603527	0.116189	-0.021924	-2.700000
85	-0.579377	-0.100557	0.180100	-2.700000
86	-0.528841	-0.069189	-0.306211	-2.700000
87	-0.614567	-0.009765	0.020893	-2.700000
88	-0.614749	0.009701	0.014665	-2.700000
89	-0.600378	-0.015685	0.132382	-2.700000
90	-0.532909	0.160334	-0.261774	-2.700000
91	-0.440248	0.295784	0.311318	-2.700000
92	-0.598389	0.121232	0.073877	-2.700000
93	-0.528725	0.146162	0.278049	-2.700000
94	-0.564284	0.219085	-0.108675	-2.700000
95	-0.595386	-0.147194	-0.045547	-2.700000
96	-0.604184	-0.088901	-0.072683	-2.700000
97	-0.611713	-0.063136	0.006802	-2.700000
98	-0.552796	0.062134	0.262261	-2.700000
99	-0.612505	-0.021432	0.051020	-2.700000
100	-0.601073	0.018252	0.128853	-2.700000
101	-0.463651	0.295016	0.276076	-2.700000
102	-0.611040	-0.054466	-0.043452	-2.700000
103	-0.606324	-0.072159	-0.073410	-2.700000
104	-0.594165	-0.157526	-0.019457	-2.700000
105	-0.608587	-0.017793	-0.086776	-2.700000
106	-0.589355	0.004722	-0.175680	-2.700000
107	-0.593744	0.014855	-0.159599	-2.700000
108	-0.517305	0.230407	-0.239861	-2.700000
109	-0.586508	0.174591	0.061254	-2.700000
110	-0.523870	0.278234	0.162391	-2.700000
111	-0.611024	-0.010713	-0.068988	-2.700000
112	-0.577740	-0.066774	-0.199958	-2.700000
113	-0.583954	-0.144224	0.128150	-2.700000
114	-0.546987	0.275225	-0.057288	-2.700000
115	-0.569379	0.198018	0.121743	-2.700000
116	-0.594870	0.047743	0.148578	-2.700000
117	-0.605982	0.103396	-0.017885	-2.700000
118	-0.612960	0.049042	0.009989	-2.700000
119	-0.611297	0.066187	0.012670	-2.700000
120	-0.611211	-0.018816	0.065516	-2.700000
121	-0.526564	0.157912	-0.275716	-2.700000
122	-0.564370	-0.042136	-0.240699	-2.700000
123	-0.597115	0.146999	0.008380	-2.700000
124	-0.585347	0.028338	-0.186524	-2.700000
125	-0.601841	0.094365	0.084306	-2.700000
126	-0.577750	-0.207074	0.039369	-2.700000
127	-0.614523	0.017866	0.016360	-2.700000
128	-0.612412	0.055565	-0.009442	-2.700000
129	-0.605110	0.010388	0.109356	-2.700000
130	-0.609165	0.004746	-0.084383	-2.700000
131	-0.582391	0.161341	0.114084	-2.700000
132	-0.521324	0.160975	0.283784	-2.700000
133	-0.573375	0.215849	0.053617	-2.700000
134	-0.592951	-0.044379	-0.157049	-2.700000
135	-0.613005	0.033242	-0.036666	-2.700000
136	-0.598929	-0.079047	0.115157	-2.700000
137	-0.599833	-0.044399	0.128275	-2.700000
138	-0.595817	0.016171	0.151544	-2.700000
139	-0.558809	-0.243713	0.081001	-2.700000
140	-0.607067	0.041337	0.089365	-2.700000
141	-0.609142	-0.084510	-0.005347	-2.700000
142	-0.574156	0.001664	-0.220379	-2.700000
143	-0.550499	0.243185	0.126637	-2.700000
144	-0.566728	0.054558	0.232525	-2.700000
145	-0.591881	0.074137	0.149685	-2.700000
146	-0.590494	-0.013543	-0.171343	-2.700000
147	-0.609175	0.071158	-0.045468	-2.700000
148	-0.607008	-0.095879	0.023954	-2.700000
149	-0.605649	-0.066380	-0.083713	-2.700000
150	-0.546577	-0.229280	-0.164040	-2.700000
151	-0.611661	-0.062912	-0.011764	-2.700000
152	-0.562159	0.248351	-0.022904	-2.700000
153	-0.512981	-0.097018	0.325059	-2.700000
154	-0.589488	0.155263	-0.081378	-2.700000
155	-0.597792	0.143922	0.012476	-2.700000
156	-0.580063	0.188318	0.079295	-2.700000
157	-0.592293	0.042430	-0.160042	-2.700000
158	-0.604545	-0.096843	0.058066	-2.700000
159	-0.507818	0.235786	-0.254462	-2.700000
160	-0.607990	0.090115	0.021261	-2.700000
161	-0.605828	-0.034925	0.099887	-2.700000
162	-0.600386	0.098918	0.089311	-2.700000
163	-0.594553	-0.042370	-0.151446	-2.700000
164	-0.508879	0.127858	-0.320810	-2.700000
165	-0.613670	-0.039855	0.006733	-2.700000
166	-0.568977	-0.052791	-0.227383	-2.700000
167	-0.601400	-0.090467	0.091425	-2.700000
168	-0.599789	0.093134	0.099013	-2.700000
169	-0.574414	-0.187309	-0.114842	-2.700000
170	-0.552628	0.019309	0.269173	-2.700000
171	-0.565994	0.158206	0.181236	-2.700000
172	-0.603117	0.027065	0.117227	-2.700000
173	-0.608979	0.045734	0.072648	-2.700000
174	-0.562029	0.143641	0.204245	-2.700000
175	-0.579294	-0.156193	0.135085	-2.700000
176	-0.579821	0.151951	0.137635	-2.700000
177	-0.585015	0.157842	-0.105206	-2.700000
178	-0.528412	0.310080	-0.053446	-2.700000
179	-0.611059	0.053618	0.044232	-2.700000
180	-0.526663	0.317405	0.010289	-2.700000
181	-0.562022	0.229530	0.098351	-2.700000
182	-0.581492	0.200229	-0.000166	-2.700000
183	-0.596882	0.038996	0.142957	-2.700000
184	-0.606086	-0.087790	0.056371	-2.700000
185	-0.604343	0.058157	-0.098041	-2.700000
186	-0.537434	0.273397	0.121011	-2.700000
187	-0.608322	0.076350	0.048376	-2.700000
188	-0.524277	-0.207680	-0.245413	-2.700000
189	-0.581377	0.066329	-0.189279	-2.700000
190	-0.597242	0.128865	0.070151	-2.700000
191	-0.614878	-0.007579	0.009620	-2.700000
192	-0.584047	0.138257	0.134163	-2.700000
193	-0.611852	0.001716	-0.062124	-2.700000
194	-0.595764	0.101299	0.114146	-2.700000
195	-0.602728	0.102284	-0.066948	-2.700000
196	-0.610919	-0.039759	0.058499	-2.700000
197	-0.540845	0.291604	-0.026056	-2.700000
198	-0.561911	0.076823	0.237864	-2.700000
199	-0.599022	-0.038610	0.133815	-2.700000
200	-0.586792	0.151215	0.105043	-2.700000
201	-0.611306	0.006987	-0.066944	-2.700000
202	-0.583161	-0.181031	-0.073318	-2.700000
203	-0.597772	-0.130731	0.061665	-2.700000
204	-0.576052	0.153710	0.150872	-2.700000
205	-0.612177	0.039536	0.043599	-2.700000
206	-0.527206	0.210877	0.236240	-2.700000
207	-0.456331	0.394979	0.118232	-2.700000
208	-0.610701	0.071228	0.013974	-2.700000
209	-0.601186	0.118018	-0.053595	-2.700000
210	-0.598026	-0.090299	0.111515	-2.700000
211	-0.612517	-0.050704	-0.021835	-2.700000
212	-0.597535	0.118965	-0.083810	-2.700000
213	-0.579718	-0.199039	-0.050354	-2.700000
214	-0.543174	0.193409	0.213962	-2.700000
215	-0.559474	0.249018	0.056604	-2.700000
216	-0.579338	0.185964	-0.089499	-2.700000
217	-0.546777	-0.168309	-0.225680	-2.700000
218	-0.589810	-0.123095	-0.123275	-2.700000
219	-0.563769	0.222472	-0.104384	-2.700000
220	-0.574550	0.215094	-0.043032	-2.700000
221	-0.606898	-0.077368	0.062561	-2.700000
222	-0.608559	-0.088241	0.009734	-2.700000
223	-0.591744	-0.102672	-0.132374	-2.700000
224	-0.610175	0.027937	-0.071635	-2.700000
225	-0.589560	-0.066211	0.162048	-2.700000
226	-0.600553	-0.010659	0.132088	-2.700000
227	-0.612302	0.055539	0.015074	-2.700000
228	-0.594857	0.155874	0.008562	-2.700000
229	-0.590307	0.168067	0.038932	-2.700000
230	-0.583964	0.088630	0.171336	-2.700000
231	-0.584469	0.177796	0.070782	-2.700000
232	-0.590838	-0.059111	0.160130	-2.700000
233	-0.610802	0.061855	0.036328	-2.700000
234	-0.611489	0.006356	0.065316	-2.700000
235	-0.599402	-0.053455	0.126824	-2.700000
236	-0.610930	-0.012098	0.069593	-2.700000
237	-0.606595	0.022040	0.098902	-2.700000
238	-0.606302	0.028940	-0.098919	-2.700000
239	-0.614916	-0.003358	-0.009588	-2.700000
240	-0.612706	-0.049248	0.019774	-2.700000
241	-0.608952	-0.054693	-0.066418	-2.700000
242	-0.614974	0.002468	0.005037	-2.700000
243	-0.564972	-0.034387	0.240519	-2.700000
244	-0.583262	0.111634	0.159901	-2.700000
245	-0.570590	-0.015468	0.228938	-2.700000
246	-0.588107	0.163115	-0.075818	-2.700000
247	-0.585774	-0.105219	-0.154992	-2.700000
248	-0.586737	-0.109800	-0.148016	-2.700000
249	-0.609366	-0.024752	0.079279	-2.700000
250	-0.582534	-0.196744	0.013087	-2.700000
251	-0.610462	-0.052069	0.053384	-2.700000
252	-0.597926	-0.044990	-0.136694	-2.700000
253	-0.599878	0.101702	0.089602	-2.700000
254	-0.598303	0.098919	0.102342	-2.700000
255	-0.606282	0.037206	-0.096242	-2.700000
256	-0.588932	0.045299	-0.171267	-2.700000
257	-0.602776	0.059220	-0.106673	-2.700000
258	-0.607523	-0.081703	-0.049657	-2.700000
259	-0.583211	-0.173278	0.089805	-2.700000
260	-0.614941	-0.007187	-0.004570	-2.700000
261	-0.606503	0.100843	-0.014505	-2.700000
262	-0.611351	0.059697	0.030188	-2.700000
263	-0.592783	0.002960	0.163782	-2.700000
264	-0.608259	0.040481	0.081289	-2.700000
265	-0.570460	0.074202	-0.217473	-2.700000
266	-0.575722	0.038959	-0.212724	-2.700000
267	-0.488425	-0.156687	0.339286	-2.700000
268	-0.586259	0.162082	0.090857	-2.700000
269	-0.613586	-0.004207	-0.041462	-2.700000
270	-0.608551	-0.029843	-0.083668	-2.700000
271	-0.578584	0.193379	0.077910	-2.700000
272	-0.560769	-0.159047	0.196131	-2.700000
273	-0.586704	0.031628	0.181668	-2.700000
274	-0.584932	0.186264	0.037220	-2.700000
275	-0.584833	0.048250	-0.184031	-2.700000
276	-0.608637	-0.006858	0.087973	-2.700000
277	-0.557406	0.168098	0.198159	-2.700000
278	-0.570340	0.008188	0.229936	-2.700000
279	-0.608371	-0.035117	0.082923	-2.700000
280	-0.600928	0.072572	0.108831	-2.700000
281	-0.613139	0.047366	-0.006487	-2.700000
282	-0.558353	-0.082732	0.244178	-2.700000
283	-0.602035	0.124217	-0.018680	-2.700000
284	-0.592202	0.020424	-0.164635	-2.700000
285	-0.614555	0.017932	0.015031	-2.700000
286	-0.554041	0.233871	0.128715	-2.700000
287	-0.583245	0.150229	0.124426	-2.700000
288	-0.588694	-0.133648	0.117483	-2.700000
289	-0.611487	0.039279	0.052586	-2.700000
290	-0.593194	0.040422	-0.157201	-2.700000
291	-0.571653	0.209254	0.087466	-2.700000
292	-0.602172	-0.096638	-0.079218	-2.700000
293	-0.586714	-0.008208	-0.184185	-2.700000
294	-0.566139	0.228773	-0.073310	-2.700000
295	-0.605864	-0.099420	0.035637	-2.700000
296	-0.594359	-0.000628	0.157994	-2.700000
297	-0.590727	0.144386	0.091755	-2.700000
298	-0.598876	-0.033926	0.135726	-2.700000
299	-0.583051	-0.084392	0.176508	-2.700000
300	-0.595744	0.086295	0.125965	-2.700000
301	-0.560104	0.202969	0.152683	-2.700000
302	-0.609925	-0.020005	-0.076268	-2.700000
303	-0.596418	-0.148418	-0.021977	-2.700000
304	-0.592356	0.153063	0.062541	-2.700000
305	-0.587360	0.180286	-0.027018	-2.700000
306	-0.550071	-0.166708	0.218758	-2.700000
307	-0.600783	-0.069651	0.111509	-2.700000
308	-0.613646	0.012414	0.038853	-2.700000
309	-0.605796	-0.063481	0.084893	-2.700000
310	-0.576226	-0.139190	0.163752	-2.700000
311	-0.614253	0.008007	0.029227	-2.700000
312	-0.613731	0.010551	0.038049	-2.700000
313	-0.613383	0.011404	0.043090	-2.700000
314	-0.522191	0.117467	0.302891	-2.700000
315	-0.600409	0.044952	0.125351	-2.700000
316	-0.604279	-0.041264	0.106625	-2.700000
317	-0.597653	-0.107458	0.097409	-2.700000
318	-0.602363	0.062259	-0.107273	-2.700000
319	-0.576026	-0.095023	-0.193364	-2.700000
320	-0.608540	-0.068190	0.057049	-2.700000
321	-0.568735	-0.232674	0.025065	-2.700000
322	-0.565838	0.148231	0.189946	-2.700000
323	-0.614149	0.029640	-0.012965	-2.700000
324	-0.567862	-0.212071	-0.103842	-2.700000
325	-0.590553	0.046877	-0.165150	-2.700000
326	-0.614071	-0.009036	-0.032565	-2.700000
327	-0.501432	0.261844	-0.241307	-2.700000
328	-0.604146	0.109873	0.034067	-2.700000
329	-0.606803	0.019422	0.098174	-2.700000
330	-0.601780	0.040771	-0.120096	-2.700000
331	-0.613865	0.031127	0.020632	-2.700000
332	-0.613745	-0.010048	0.037959	-2.700000
333	-0.610079	0.077403	-0.006094	-2.700000
334	-0.573099	0.161984	0.153439	-2.700000
335	-0.544220	0.286395	0.005228	-2.700000
336	-0.599437	-0.098631	0.095773	-2.700000
337	-0.606328	0.097466	-0.033046	-2.700000
338	-0.505567	-0.334816	0.102593	-2.700000
339	-0.614697	0.018589	0.005158	-2.700000
340	-0.614816	0.006512	0.013564	-2.700000
341	-0.602823	-0.121680	0.004784	-2.700000
342	-0.612388	0.028727	-0.048797	-2.700000
343	-0.609889	0.026172	0.074668	-2.700000
344	-0.602618	0.045222	0.114155	-2.700000
345	-0.529411	0.311038	-0.034709	-2.700000
346	-0.604182	0.020905	-0.112925	-2.700000
347	-0.596744	0.019172	0.147494	-2.700000
348	-0.595863	0.025419	0.150087	-2.700000
349	-0.514189	-0.081412	0.327424	-2.700000
350	-0.611325	-0.046729	-0.048200	-2.700000
351	-0.589291	-0.137137	-0.110248	-2.700000
352	-0.594671	-0.016305	-0.155966	-2.700000
353	-0.601844	-0.125793	-0.013612	-2.700000
354	-0.603865	0.068948	-0.093903	-2.700000
355	-0.604350	-0.089564	-0.070454	-2.700000
356	-0.601988	0.069186	0.105112	-2.700000
357	-0.586243	0.099188	0.157181	-2.700000
358	-0.590253	0.050995	0.165003	-2.700000
359	-0.547240	0.263115	-0.097592	-2.700000
360	-0.595427	-0.078236	-0.132557	-2.700000
361	-0.599464	-0.119952	0.066926	-2.700000
362	-0.614913	-0.009715	-0.003624	-2.700000
363	-0.601538	0.060841	-0.112586	-2.700000
364	-0.561616	0.134588	0.211420	-2.700000
365	-0.605563	0.082712	0.068388	-2.700000
366	-0.601978	0.101502	0.074467	-2.700000
367	-0.594147	0.153921	0.039018	-2.700000
368	-0.605579	0.044912	-0.097377	-2.700000
369	-0.591508	-0.028839	0.165868	-2.700000
370	-0.602165	-0.002179	0.124971	-2.700000
371	-0.610444	0.064896	0.037041	-2.700000
372	-0.603800	0.101724	0.057466	-2.700000
373	-0.595398	-0.060497	0.141656	-2.700000
374	-0.593538	0.033244	0.157584	-2.700000
375	-0.581254	0.158216	0.123839	-2.700000
376	-0.600155	0.097027	-0.092868	-2.700000
377	-0.604580	0.029153	0.108894	-2.700000
378	-0.561477	0.220435	0.119906	-2.700000
379	-0.612050	-0.030966	0.051581	-2.700000
380	-0.574783	0.211870	0.054416	-2.700000
381	-0.549059	0.274370	-0.038476	-2.700000
382	-0.563262	0.175367	0.173803	-2.700000
383	-0.609327	0.068184	-0.047929	-2.700000
384	-0.588279	0.167472	-0.064079	-2.700000
385	-0.610092	0.002775	0.077489	-2.700000
386	-0.593100	0.111643	0.118292	-2.700000
387	-0.610820	0.058049	0.041885	-2.700000
388	-0.614856	-0.013272	-0.000800	-2.700000
389	-0.613533	-0.034044	-0.025374	-2.700000
390	-0.603794	0.103223	-0.054793	-2.700000
391	-0.613928	-0.003497	0.036120	-2.700000
392	-0.606820	0.010724	-0.099397	-2.700000
393	-0.607953	0.090975	-0.018479	-2.700000
394	-0.613643	-0.036314	0.018657	-2.700000
395	-0.609560	0.042881	0.069449	-2.700000
396	-0.600927	0.004120	0.130745	-2.700000
397	-0.576717	0.137764	0.163228	-2.700000
398	-0.606119	0.088544	-0.054810	-2.700000
399	-0.603839	0.079745	-0.085111	-2.700000
400	-0.611061	0.040317	-0.056599	-2.700000
401	-0.569423	-0.220124	-0.074351	-2.700000
402	-0.611080	-0.060874	0.033180	-2.700000
403	-0.583758	0.079359	0.176505	-2.700000
404	-0.612945	0.034464	0.036549	-2.700000
405	-0.590347	-0.168441	0.036640	-2.700000
406	-0.606525	-0.002663	-0.101713	-2.700000
407	-0.597544	-0.141127	-0.035346	-2.700000
408	-0.591529	-0.163427	0.040131	-2.700000
409	-0.600982	0.108459	0.072675	-2.700000
410	-0.529456	0.219667	0.222819	-2.700000
411	-0.576115	0.043827	0.210702	-2.700000
412	-0.603342	-0.085892	-0.082617	-2.700000
413	-0.610439	-0.044198	-0.060302	-2.700000
414	-0.608299	-0.075022	0.050691	-2.700000
415	-0.604753	-0.038710	-0.104882	-2.700000
416	-0.607845	0.077053	-0.053035	-2.700000
417	-0.575810	-0.207725	-0.059316	-2.700000
418	-0.579464	-0.177270	0.104987	-2.700000
419	-0.579954	0.182262	0.093056	-2.700000
420	-0.605194	0.109334	0.003373	-2.700000
421	-0.614363	-0.008524	0.026643	-2.700000
422	-0.606354	0.049782	0.089896	-2.700000
423	-0.590842	-0.026442	0.168617	-2.700000
424	-0.603349	0.115457	0.029413	-2.700000
425	-0.599940	-0.028844	0.132157	-2.700000
426	-0.555697	0.214782	0.152626	-2.700000
427	-0.562457	0.247719	0.022403	-2.700000
428	-0.591141	0.029719	0.167016	-2.700000
429	-0.610810	0.026347	-0.066647	-2.700000
430	-0.608013	0.074714	-0.054436	-2.700000
431	-0.610896	0.049809	-0.050502	-2.700000
432	-0.536299	0.300805	-0.011183	-2.700000
433	-0.610982	-0.042626	0.055757	-2.700000
434	-0.561408	0.216704	0.126830	-2.700000
435	-0.554758	-0.075819	0.254401	-2.700000
436	-0.610493	0.074255	-0.002993	-2.700000
437	-0.598827	-0.035173	0.135624	-2.700000
438	-0.583232	-0.195009	-0.006027	-2.700000
439	-0.607157	0.024074	-0.094898	-2.700000
440	-0.565168	0.154362	-0.187037	-2.700000
441	-0.602206	0.124493	-0.008601	-2.700000
442	-0.571543	-0.200912	-0.105819	-2.700000
443	-0.597825	0.115341	0.086760	-2.700000
444	-0.587011	-0.156494	0.095667	-2.700000
445	-0.602283	-0.093603	0.081968	-2.700000
446	-0.611303	-0.064828	-0.018190	-2.700000
447	-0.608075	-0.086972	-0.030104	-2.700000
448	-0.588536	-0.073242	0.162745	-2.700000
449	-0.591851	0.105869	0.129343	-2.700000
450	-0.595732	0.126176	0.086072	-2.700000
451	-0.606499	0.062791	-0.080258	-2.700000
452	-0.564875	0.148467	-0.192609	-2.700000
453	-0.496894	-0.346172	-0.107174	-2.700000
454	-0.561227	-0.223446	-0.115415	-2.700000
455	-0.614856	-0.002483	0.013079	-2.700000
456	-0.612163	-0.008941	0.058323	-2.700000
457	-0.561117	0.014820	0.251304	-2.700000
458	-0.596130	-0.012027	-0.150697	-2.700000
459	-0.601642	-0.082374	-0.097294	-2.700000
460	-0.612801	0.051046	0.009733	-2.700000
461	-0.609686	-0.009948	-0.080056	-2.700000
462	-0.585098	-0.075191	-0.173872	-2.700000
463	-0.605608	-0.062333	0.087054	-2.700000
464	-0.598106	0.027534	0.140483	-2.700000
465	-0.605564	0.106936	0.009051	-2.700000
466	-0.575159	0.161927	0.145593	-2.700000
467	-0.606119	-0.098904	0.032596	-2.700000
468	-0.585740	0.054768	-0.179260	-2.700000
469	-0.580291	-0.181999	0.091455	-2.700000
470	-0.589049	0.176589	-0.007891	-2.700000
471	-0.610299	0.072431	0.022660	-2.700000
472	-0.608268	0.010417	-0.090148	-2.700000
473	-0.603559	0.091147	-0.075056	-2.700000
474	-0.582867	0.143399	0.133892	-2.700000
475	-0.531614	0.258963	0.168966	-2.700000
476	-0.613341	-0.034837	-0.028709	-2.700000
477	-0.582127	-0.003850	-0.198338	-2.700000
478	-0.608973	-0.006041	0.085674	-2.700000
479	-0.592299	-0.043911	0.159621	-2.700000
480	-0.613203	0.043534	-0.017653	-2.700000
481	-0.576066	0.183885	0.112067	-2.700000
482	-0.596109	-0.010192	0.150913	-2.700000
483	-0.585044	-0.123568	0.143804	-2.700000
484	-0.566162	-0.048267	0.235278	-2.700000
485	-0.606085	0.100031	-0.029655	-2.700000
486	-0.575667	0.172515	-0.130655	-2.700000
487	-0.607434	-0.017350	0.094591	-2.700000
488	-0.614032	-0.017209	-0.029885	-2.700000
489	-0.564008	-0.121463	-0.212994	-2.700000
490	-0.572289	-0.059771	0.217113	-2.700000
491	-0.594060	0.017455	0.158154	-2.700000
492	-0.568178	0.008863	0.235203	-2.700000
493	-0.598609	0.026540	0.138523	-2.700000
494	-0.601441	0.024223	0.126125	-2.700000
495	-0.550750	0.273298	-0.014405	-2.700000
496	-0.597342	-0.037404	-0.141451	-2.700000
497	-0.598142	0.097716	-0.104418	-2.700000
498	-0.575773	0.138825	0.165643	-2.700000
499	-0.596792	0.046443	0.141095	-2.700000
500	-0.571511	-0.213881	0.076521	-2.700000
501	-0.585058	-0.158013	0.104709	-2.700000
502	-0.611850	-0.036480	-0.050342	-2.700000
503	-0.509948	0.332737	-0.086400	-2.700000
504	-0.607135	-0.086526	-0.046107	-2.700000
505	-0.597448	-0.145873	-0.001222	-2.700000
506	-0.601131	0.008900	-0.129565	-2.700000
507	-0.600855	-0.045805	0.122882	-2.700000
508	-0.611306	0.057440	0.035084	-2.700000
509	-0.608956	0.014985	0.084696	-2.700000
510	-0.563178	-0.067513	0.237692	-2.700000
511	-0.614555	-0.021027	-0.010231	-2.700000
512	-0.596301	0.049531	-0.142115	-2.700000
513	-0.608287	-0.058972	-0.068805	-2.700000
514	-0.590758	-0.022607	0.169466	-2.700000
515	-0.596815	0.072226	0.129694	-2.700000
516	-0.606415	-0.098530	-0.027896	-2.700000
517	-0.613425	0.043583	0.005983	-2.700000
518	-0.603473	-0.067074	0.097705	-2.700000
519	-0.560833	-0.158682	0.196243	-2.700000
520	-0.607365	0.010321	-0.096054	-2.700000
521	-0.607180	-0.097660	0.004499	-2.700000
522	-0.587908	-0.012807	-0.180071	-2.700000
523	-0.613438	0.039274	0.019387	-2.700000
524	-0.613747	-0.034531	-0.018637	-2.700000
525	-0.597812	0.028978	0.141442	-2.700000
526	-0.578690	-0.039086	0.204487	-2.700000
527	-0.542776	0.004224	0.289140	-2.700000
528	-0.573023	0.157226	0.158588	-2.700000
529	-0.585319	-0.169444	0.083161	-2.700000
530	-0.563188	0.182542	-0.166501	-2.700000
531	-0.610657	-0.032686	-0.065226	-2.700000
532	-0.611368	-0.042022	-0.051846	-2.700000
533	-0.594741	-0.149824	0.045398	-2.700000
534	-0.601789	-0.055164	0.114155	-2.700000
535	-0.597618	-0.065229	0.129703	-2.700000
536	-0.580195	0.199582	-0.042021	-2.700000
537	-0.597686	0.137271	-0.046398	-2.700000
538	-0.604152	-0.001954	0.114984	-2.700000
539	-0.588894	0.026927	0.175225	-2.700000
540	-0.592079	-0.145724	-0.080197	-2.700000
541	-0.597656	-0.057775	-0.133021	-2.700000
542	-0.560205	-0.241607	-0.077598	-2.700000
543	-0.613462	-0.009381	0.042442	-2.700000
544	-0.613756	-0.035782	-0.015736	-2.700000
545	-0.511562	-0.340840	0.018895	-2.700000
546	-0.587693	-0.094619	-0.154563	-2.700000
547	-0.599568	-0.030791	0.133397	-2.700000
548	-0.610120	-0.062989	-0.044844	-2.700000
549	-0.598333	0.140617	-0.021196	-2.700000
550	-0.596009	0.089477	-0.122442	-2.700000
551	-0.588730	-0.173751	-0.037848	-2.700000
552	-0.614666	-0.000849	-0.020251	-2.700000
553	-0.598859	-0.111897	0.084094	-2.700000
554	-0.570789	-0.228584	-0.013230	-2.700000
555	-0.591606	-0.150690	-0.074293	-2.700000
556	-0.614223	0.021953	-0.021759	-2.700000
557	-0.599222	0.136605	-0.022296	-2.700000
558	-0.614345	0.024702	0.013950	-2.700000
559	-0.614598	-0.022186	0.001365	-2.700000
560	-0.588130	-0.021697	0.178487	-2.700000
561	-0.581797	-0.112209	0.164761	-2.700000
562	-0.606803	0.064610	0.076428	-2.700000
563	-0.612807	-0.039800	-0.033296	-2.700000
564	-0.589295	0.081683	-0.155836	-2.700000
565	-0.610542	0.058649	-0.044986	-2.700000
566	-0.612893	-0.049368	-0.012258	-2.700000
567	-0.551770	-0.182322	-0.201329	-2.700000
568	-0.548443	-0.261747	0.094465	-2.700000
569	-0.554988	0.020314	0.264198	-2.700000
570	-0.579833	0.192629	0.070095	-2.700000
571	-0.605868	0.055609	0.089758	-2.700000
572	-0.610551	0.068985	0.026329	-2.700000
573	-0.604465	-0.005531	-0.113211	-2.700000
574	-0.578916	-0.038669	0.203926	-2.700000
575	-0.564392	0.035370	0.241736	-2.700000
576	-0.614916	-0.006757	0.007571	-2.700000
577	-0.589402	-0.081066	0.155751	-2.700000
578	-0.595420	0.128220	0.085201	-2.700000
579	-0.597819	0.111575	-0.091588	-2.700000
580	-0.608586	0.081041	-0.035777	-2.700000
581	-0.601917	0.121943	-0.032418	-2.700000
582	-0.603873	0.113439	0.026341	-2.700000
583	-0.575783	-0.036633	-0.212971	-2.700000
584	-0.614306	-0.017741	0.023198	-2.700000
585	-0.583931	0.105527	0.161596	-2.700000
586	-0.596964	-0.050809	0.138843	-2.700000
587	-0.584571	0.166113	0.094382	-2.700000
588	-0.599702	-0.136303	0.002016	-2.700000
589	-0.587828	0.179041	-0.025052	-2.700000
590	-0.598687	-0.118759	0.075463	-2.700000
591	-0.593357	0.134397	-0.089947	-2.700000
592	-0.590187	0.089595	0.147910	-2.700000
593	-0.609066	-0.000966	0.085221	-2.700000
594	-0.517498	-0.057774	0.327236	-2.700000
595	-0.614693	0.013445	0.014021	-2.700000
596	-0.590433	0.171275	0.016692	-2.700000
597	-0.609110	0.013332	-0.083857	-2.700000
598	-0.605128	0.106289	-0.027355	-2.700000
599	-0.597688	0.023325	0.143004	-2.700000
600	-0.612072	0.058536	0.012885	-2.700000
601	-0.584656	-0.007078	0.190663	-2.700000
602	-0.585807	-0.140968	0.123222	-2.700000
603	-0.591908	0.120922	0.115102	-2.700000
604	-0.590255	0.171277	0.022084	-2.700000
605	-0.604493	-0.079821	-0.080259	-2.700000
606	-0.595916	0.111776	-0.103029	-2.700000
607	-0.612965	-0.018919	0.046269	-2.700000
608	-0.611313	0.062816	0.023994	-2.700000
609	-0.573197	-0.071360	0.211136	-2.700000
610	-0.591705	-0.155202	-0.063424	-2.700000
611	-0.583460	0.188809	0.046377	-2.700000
612	-0.598836	0.065482	-0.123827	-2.700000
613	-0.609341	0.082841	0.008123	-2.700000
614	-0.609803	0.065922	-0.044937	-2.700000
615	-0.610529	0.019669	0.071365	-2.700000
616	-0.581535	0.045969	0.194755	-2.700000
617	-0.578717	0.081303	0.191577	-2.700000
618	-0.614413	0.012737	0.023661	-2.700000
619	-0.517039	-0.303056	-0.138030	-2.700000
620	-0.598144	-0.140334	-0.027476	-2.700000
621	-0.612228	0.039795	-0.042647	-2.700000
622	-0.609294	0.026926	0.079122	-2.700000
623	-0.519614	0.179214	0.275877	-2.700000
624	-0.586170	0.079437	0.168285	-2.700000
625	-0.491167	-0.092267	0.358422	-2.700000
626	-0.599522	0.113827	0.076436	-2.700000
627	-0.614161	0.013915	0.028948	-2.700000
628	-0.599816	0.031876	-0.132024	-2.700000
629	-0.599353	-0.113290	-0.078527	-2.700000
630	-0.613662	-0.038974	0.011206	-2.700000
631	-0.568364	0.075136	0.222580	-2.700000
632	-0.579943	0.099887	0.178645	-2.700000
633	-0.607735	0.044737	-0.082953	-2.700000
634	-0.595283	0.035537	-0.150334	-2.700000
635	-0.607499	-0.077145	0.056737	-2.700000
636	-0.606138	0.038432	-0.096667	-2.700000
637	-0.610127	0.000679	-0.077263	-2.700000
638	-0.572059	-0.189634	-0.122528	-2.700000
639	-0.452016	-0.082986	0.408681	-2.700000
640	-0.598473	-0.137730	-0.032949	-2.700000
641	-0.593985	-0.142210	0.071996	-2.700000
642	-0.574460	-0.180894	-0.124491	-2.700000
643	-0.550259	-0.272659	-0.033121	-2.700000
644	-0.607008	0.021768	-0.096396	-2.700000
645	-0.597657	0.144125	-0.016084	-2.700000
646	-0.591874	0.133298	-0.100704	-2.700000
647	-0.451160	0.384981	0.162694	-2.700000
648	-0.579055	-0.199866	0.054528	-2.700000
649	-0.605996	0.095696	-0.042849	-2.700000
650	-0.576549	-0.165830	0.135340	-2.700000
651	-0.606034	-0.098633	0.034925	-2.700000
652	-0.600232	-0.133961	0.000862	-2.700000
653	-0.602409	-0.006712	0.123626	-2.700000
654	-0.602144	0.056303	0.111704	-2.700000
655	-0.610408	-0.065224	0.037057	-2.700000
656	-0.582960	0.189863	-0.048315	-2.700000
657	-0.584074	-0.112529	0.156269	-2.700000
658	-0.611399	-0.021342	-0.062930	-2.700000
659	-0.587395	-0.078815	0.164257	-2.700000
660	-0.604056	-0.107219	0.042963	-2.700000
661	-0.560536	-0.126225	0.219298	-2.700000
662	-0.613837	0.004434	0.037542	-2.700000
663	-0.613493	0.032066	0.028690	-2.700000
664	-0.585820	0.028257	0.185046	-2.700000
665	-0.557504	-0.223191	0.132667	-2.700000
666	-0.580368	-0.015407	-0.202879	-2.700000
667	-0.594202	-0.153336	-0.040458	-2.700000
668	-0.592067	-0.103556	0.130223	-2.700000
669	-0.605882	-0.077367	0.071737	-2.700000
670	-0.597302	0.127524	0.072063	-2.700000
671	-0.605430	-0.096609	0.048435	-2.700000
672	-0.594692	0.005049	-0.156654	-2.700000
673	-0.586803	-0.030738	0.181501	-2.700000
674	-0.604425	-0.031899	0.108987	-2.700000
675	-0.611581	0.049205	-0.042108	-2.700000
676	-0.518877	-0.079507	-0.320421	-2.700000
677	-0.585851	0.177219	0.059976	-2.700000
678	-0.563230	0.152045	0.194625	-2.700000
679	-0.584222	0.166700	-0.095504	-2.700000
680	-0.610594	-0.050432	0.053450	-2.700000
681	-0.590533	0.156260	-0.071262	-2.700000
682	-0.586495	-0.024041	0.183495	-2.700000
683	-0.586115	-0.108986	0.151051	-2.700000
684	-0.600061	0.134718	0.001686	-2.700000
685	-0.561306	-0.007213	0.251213	-2.700000
686	-0.595764	0.022041	0.151012	-2.700000
687	-0.565613	0.014560	0.241030	-2.700000
688	-0.567156	0.080169	0.223902	-2.700000
689	-0.599036	0.091115	0.105256	-2.700000
690	-0.608587	0.084415	-0.026845	-2.700000
691	-0.613432	-0.014026	-0.041589	-2.700000
692	-0.570508	-0.115715	0.198383	-2.700000
693	-0.558177	0.226417	-0.124093	-2.700000
694	-0.540108	-0.031936	0.292385	-2.700000
695	-0.548088	-0.201285	0.193156	-2.700000
696	-0.587837	-0.050358	0.173598	-2.700000
697	-0.580064	0.073132	0.190795	-2.700000
698	-0.602864	0.058481	0.106585	-2.700000
699	-0.605032	-0.109322	-0.014487	-2.700000
700	-0.575946	-0.155104	-0.149847	-2.700000
701	-0.589582	0.034665	-0.171511	-2.700000
702	-0.602986	-0.074595	-0.095226	-2.700000
703	-0.567991	-0.116753	0.204889	-2.700000
704	-0.544089	-0.115888	0.262225	-2.700000
705	-0.614860	0.013036	0.001372	-2.700000
706	-0.614696	0.014383	-0.012900	-2.700000
707	-0.552968	0.267015	0.033983	-2.700000
708	-0.611578	-0.036137	-0.053773	-2.700000
709	-0.612523	0.055093	0.002272	-2.700000
710	-0.585577	-0.130712	-0.135052	-2.700000
711	-0.588742	-0.043699	0.172333	-2.700000
712	-0.606459	0.013803	0.101202	-2.700000
713	-0.597840	-0.115540	0.086386	-2.700000
714	-0.573516	-0.171801	0.140672	-2.700000
715	-0.602823	0.117373	0.032454	-2.700000
716	-0.600708	0.116047	-0.062517	-2.700000
717	-0.568268	0.216157	-0.092588	-2.700000
718	-0.601477	0.090462	-0.090923	-2.700000
719	-0.609787	-0.040535	0.068860	-2.700000
720	-0.613720	0.022079	-0.032944	-2.700000
721	-0.614719	0.018179	0.003910	-2.700000
722	-0.586139	0.106014	0.153060	-2.700000
723	-0.522067	-0.222116	0.237351	-2.700000
724	-0.590892	-0.036867	0.166471	-2.700000
725	-0.585779	-0.121826	-0.142291	-2.700000
726	-0.549745	0.024928	-0.274562	-2.700000
727	-0.590593	-0.081419	0.150984	-2.700000
728	-0.499045	-0.329943	-0.142537	-2.700000
729	-0.603417	0.066192	0.098649	-2.700000
730	-0.537684	0.272837	0.121164	-2.700000
731	-0.602850	0.060431	0.105572	-2.700000
732	-0.524069	-0.025340	0.320835	-2.700000
733	-0.560122	-0.063634	-0.245843	-2.700000
734	-0.613515	0.030716	-0.029679	-2.700000
735	-0.603670	-0.113232	-0.031407	-2.700000
736	-0.614270	-0.029210	-0.006647	-2.700000
737	-0.607092	-0.066230	0.072646	-2.700000
738	-0.572220	-0.122568	0.189121	-2.700000
739	-0.549521	0.182902	0.206878	-2.700000
740	-0.593768	0.126087	0.098826	-2.700000
741	-0.534175	0.302946	0.033262	-2.700000
742	-0.606966	-0.013531	0.098153	-2.700000
743	-0.587675	-0.162102	0.081151	-2.700000
744	-0.574533	0.109758	-0.189974	-2.700000
745	-0.593521	-0.127132	-0.098973	-2.700000
746	-0.560193	-0.114721	-0.226380	-2.700000
747	-0.609279	0.059769	0.058579	-2.700000
748	-0.534324	0.133534	0.273663	-2.700000
749	-0.588134	-0.145067	0.106200	-2.700000
750	-0.611639	0.012545	-0.062972	-2.700000
751	-0.566610	-0.230426	-0.063889	-2.700000
752	-0.550483	-0.092039	0.258307	-2.700000
753	-0.606213	0.045449	0.093084	-2.700000
754	-0.591031	0.162892	-0.048719	-2.700000
755	-0.582184	-0.198098	-0.006643	-2.700000
756	-0.587129	-0.004091	0.182996	-2.700000
757	-0.511428	-0.257319	0.224617	-2.700000
758	-0.575697	-0.195398	0.092830	-2.700000
759	-0.590462	0.156667	-0.070959	-2.700000
760	-0.611456	-0.065096	-0.010432	-2.700000
761	-0.614208	-0.012279	-0.028694	-2.700000
762	-0.540748	0.275315	-0.100093	-2.700000
763	-0.609680	-0.080065	0.010243	-2.700000
764	-0.613720	0.039608	-0.001988	-2.700000
765	-0.435597	-0.252301	0.353305	-2.700000
766	-0.576330	-0.155131	-0.148333	-2.700000
767	-0.566581	-0.230908	-0.062390	-2.700000
768	-0.607041	-0.087922	-0.044676	-2.700000
769	-0.600823	-0.088647	0.096840	-2.700000
770	-0.588109	0.007685	0.179704	-2.700000
771	-0.462113	-0.218467	-0.341978	-2.700000
772	-0.586565	-0.138084	0.122881	-2.700000
773	-0.545730	-0.270321	-0.085616	-2.700000
774	-0.608370	0.032981	0.083801	-2.700000
775	-0.608322	-0.043103	-0.079445	-2.700000
776	-0.521701	0.006640	-0.325590	-2.700000
777	-0.602590	0.035063	0.117818	-2.700000
778	-0.548851	-0.204552	0.187473	-2.700000
779	-0.607105	0.064579	-0.074011	-2.700000
780	-0.566564	0.061429	0.231206	-2.700000
781	-0.605956	0.035267	0.098989	-2.700000
782	-0.529689	0.283247	0.132009	-2.700000
783	-0.549064	0.243069	0.132935	-2.700000
784	-0.604755	0.004178	0.111710	-2.700000
785	-0.590384	-0.123098	-0.120493	-2.700000
786	-0.596379	0.028911	0.147382	-2.700000
787	-0.590918	0.053149	-0.161914	-2.700000
788	-0.599341	-0.059479	0.124411	-2.700000
789	-0.607059	0.095466	0.024298	-2.700000
790	-0.554694	0.084953	0.251641	-2.700000
791	-0.590189	0.152672	0.081202	-2.700000
792	-0.609218	-0.082834	-0.014747	-2.700000
793	-0.563221	-0.128263	0.211081	-2.700000
794	-0.608153	0.036016	0.084129	-2.700000
795	-0.542672	0.176429	0.229359	-2.700000
796	-0.575952	0.128389	0.173265	-2.700000
797	-0.598945	-0.069434	0.121116	-2.700000
798	-0.496456	-0.142482	0.333849	-2.700000
799	-0.580437	0.127891	0.157993	-2.700000
800	-0.545327	-0.283390	-0.023097	-2.700000
801	-0.608226	0.052324	-0.074489	-2.700000
802	-0.605917	-0.046725	-0.094371	-2.700000
803	-0.578583	-0.054122	0.201339	-2.700000
804	-0.613057	0.011475	0.047483	-2.700000
805	-0.440989	-0.093639	0.418313	-2.700000
806	-0.605928	-0.095266	0.044725	-2.700000
807	-0.593826	-0.129824	-0.093495	-2.700000
808	-0.577730	0.118404	0.174451	-2.700000
809	-0.577129	0.150200	-0.150291	-2.700000
810	-0.597981	-0.122305	-0.075398	-2.700000
811	-0.599684	-0.035523	0.131688	-2.700000
812	-0.606403	0.098848	-0.027019	-2.700000
813	-0.605117	-0.109727	-0.004367	-2.700000
814	-0.599541	-0.007392	0.136825	-2.700000
815	-0.588011	-0.167812	-0.065632	-2.700000
816	-0.567911	0.125938	-0.199605	-2.700000
817	-0.590609	-0.171042	-0.012297	-2.700000
818	-0.602498	0.068876	-0.102358	-2.700000
819	-0.576218	0.157766	-0.145972	-2.700000
820	-0.572423	0.195629	0.110844	-2.700000
821	-0.592831	0.056522	0.153564	-2.700000
822	-0.548922	0.275510	0.031688	-2.700000
823	-0.587406	0.143906	0.111669	-2.700000
824	-0.613549	-0.022004	-0.036029	-2.700000
825	-0.548254	0.142846	-0.239245	-2.700000
826	-0.603014	0.104243	0.061091	-2.700000
827	-0.605409	-0.021062	0.106120	-2.700000
828	-0.542973	0.045165	0.285245	-2.700000
829	-0.507613	-0.185117	0.293744	-2.700000
830	-0.579338	0.015540	0.205794	-2.700000
831	-0.593556	-0.157284	0.034327	-2.700000
832	-0.567430	-0.168905	-0.166493	-2.700000
833	-0.599718	-0.135071	-0.017864	-2.700000
834	-0.577910	-0.198236	-0.070343	-2.700000
835	-0.610390	0.074030	-0.013007	-2.700000
836	-0.566900	0.150104	0.185251	-2.700000
837	-0.605782	-0.090846	0.054772	-2.700000
838	-0.586074	-0.153080	-0.106343	-2.700000
839	-0.558793	0.086148	0.241979	-2.700000
840	-0.581022	-0.156079	-0.127584	-2.700000
841	-0.579458	-0.001347	-0.206038	-2.700000
842	-0.607696	0.001041	-0.094495	-2.700000
843	-0.596717	-0.062901	0.134898	-2.700000
844	-0.600952	0.128155	0.025648	-2.700000
845	-0.599007	0.086550	0.109200	-2.700000
846	-0.540621	0.252721	-0.148614	-2.700000
847	-0.565629	-0.179525	0.161430	-2.700000
848	-0.577684	0.083544	-0.193717	-2.700000
849	-0.594739	0.119706	-0.100902	-2.700000
850	-0.519903	-0.328185	-0.014865	-2.700000
