1	-0.594996	-0.119795	-0.099266	-1.930000
2	-0.588239	-0.153926	-0.092231	-1.930000
3	-0.557591	-0.259216	0.011171	-1.930000
4	-0.594696	-0.153268	-0.032725	-1.930000
5	-0.510847	-0.324448	-0.109514	-1.930000
6	-0.588210	-0.031582	0.176738	-1.930000
7	-0.610923	0.070225	0.008171	-1.930000
8	-0.588628	0.020194	-0.177014	-1.930000
9	-0.581107	-0.176595	-0.096718	-1.930000
10	-0.596251	-0.135624	-0.065695	-1.930000
11	-0.613104	0.028672	0.038805	-1.930000
12	-0.608593	-0.076190	-0.045104	-1.930000
13	-0.596751	0.017207	0.147706	-1.930000
14	-0.577645	0.198516	0.071713	-1.930000
15	-0.601390	-0.124464	-0.032619	-1.930000
16	-0.601787	0.096671	0.082049	-1.930000
17	-0.596412	0.113007	0.098727	-1.930000
18	-0.580203	0.164916	-0.119966	-1.930000
19	-0.597821	0.119728	-0.080624	-1.930000
20	-0.551440	-0.205017	-0.179185	-1.930000
21	-0.553252	-0.222972	0.149736	-1.930000
22	-0.606933	-0.099114	-0.005862	-1.930000
23	-0.544454	-0.188495	-0.215091	-1.930000
24	-0.544357	-0.225796	0.175832	-1.930000
25	-0.604575	0.019971	-0.110974	-1.930000
26	-0.600459	-0.017814	0.131743	-1.930000
27	-0.480271	-0.153543	0.352121	-1.930000
28	-0.607531	0.007213	-0.095283	-1.930000
29	-0.542452	-0.276521	0.086643	-1.930000
30	-0.571844	-0.122931	0.190018	-1.930000
31	-0.589428	-0.141909	0.103253	-1.930000
32	-0.576957	0.071560	0.200562	-1.930000
33	-0.533502	-0.055127	0.300935	-1.930000
34	-0.604482	-0.107242	-0.036413	-1.930000
35	-0.530993	-0.310203	0.006766	-1.930000
36	-0.595885	0.104030	-0.111010	-1.930000
37	-0.604092	0.029936	-0.111365	-1.930000
38	-0.540776	-0.208341	-0.205864	-1.930000
39	-0.549294	0.034143	-0.274472	-1.930000
40	-0.550304	0.128191	-0.242811	-1.930000
41	-0.606653	-0.066531	-0.075970	-1.930000
42	-0.521227	-0.278337	0.170517	-1.930000
43	-0.601865	-0.126402	-0.002504	-1.930000
44	-0.603488	0.055307	0.104730	-1.930000
45	-0.610731	0.072158	-0.005048	-1.930000
46	-0.524772	-0.170360	-0.271693	-1.930000
47	-0.609971	-0.045902	0.063666	-1.930000
48	-0.572961	-0.213135	0.067184	-1.930000
49	-0.592881	-0.095614	0.132572	-1.930000
50	-0.609081	-0.005462	-0.084948	-1.930000
51	-0.611497	0.061643	-0.022289	-1.930000
52	-0.611284	-0.032569	0.059123	-1.930000
53	-0.608614	0.074041	0.048286	-1.930000
54	-0.593497	-0.139167	0.081357	-1.930000
55	-0.540916	0.241562	-0.165175	-1.930000
56	-0.503881	0.351268	0.030657	-1.930000
57	-0.596111	0.145199	-0.042356	-1.930000
58	-0.538491	-0.055214	-0.291896	-1.930000
59	-0.563914	0.138310	-0.202722	-1.930000
60	-0.587881	0.180611	-0.000971	-1.930000
61	-0.610739	0.058322	0.042673	-1.930000
62	-0.576470	0.208752	0.048266	-1.930000
63	-0.598127	0.110957	-0.090320	-1.930000
64	-0.506983	-0.288285	-0.195154	-1.930000
65	-0.591177	0.169489	0.002827	-1.930000
66	-0.538770	0.184509	-0.232182	-1.930000
67	-0.512220	0.184856	-0.285804	-1.930000
68	-0.591802	-0.055272	-0.157925	-1.930000
69	-0.586547	-0.027992	0.182769	-1.930000
70	-0.500316	0.048933	0.354280	-1.930000
71	-0.579404	0.006699	0.206086	-1.930000
72	-0.614462	0.024056	-0.009073	-1.930000
73	-0.459923	0.149841	0.379794	-1.930000
74	-0.582292	-0.184736	0.070944	-1.930000
75	-0.603678	-0.115323	0.022337	-1.930000
76	-0.609088	-0.019423	0.082822	-1.930000
77	-0.598788	-0.014827	0.139491	-1.930000
78	-0.603002	0.119401	-0.018891	-1.930000
79	-0.585078	0.187787	0.025397	-1.930000
80	-0.610295	0.075800	0.004374	-1.930000
81	-0.581437	0.200132	-0.010175	-1.930000
82	-0.579319	0.016641	-0.205760	-1.930000
83	-0.591875	-0.142126	-0.087801	-1.930000
84	-0.610469	-0.036894	-0.064741	-1.930000
85	-0.598941	-0.113009	-0.081996	-1.930000
86	-0.611547	-0.044511	0.047480	-1.930000
87	-0.605568	0.010542	0.106778	-1.930000
88	-0.594768	0.013216	-0.155889	-1.930000
89	-0.613653	-0.040334	-0.005305	-1.930000
90	-0.597260	-0.144920	0.022430	-1.930000
91	-0.572023	-0.079402	0.211446	-1.930000
92	-0.609074	-0.068298	0.050890	-1.930000
93	-0.613811	-0.030095	0.023577	-1.930000
94	-0.614127	0.000145	0.032758	-1.930000
95	-0.537612	0.296191	0.038322	-1.930000
96	-0.604800	-0.097282	0.054573	-1.930000
97	-0.604136	-0.051628	-0.102856	-1.930000
98	-0.610802	0.020449	-0.068757	-1.930000
99	-0.599755	-0.135234	0.015202	-1.930000
100	-0.562549	0.108703	0.223489	-1.930000
101	-0.462376	0.102456	0.392347	-1.930000
102	-0.585268	0.186067	0.032636	-1.930000
103	-0.548000	0.272569	0.060231	-1.930000
104	-0.614152	0.019574	-0.025674	-1.930000
105	-0.489580	0.356458	-0.107116	-1.930000
106	-0.614347	0.022623	0.017050	-1.930000
107	-0.588574	-0.015058	-0.177704	-1.930000
108	-0.573654	0.129052	-0.180256	-1.930000
109	-0.564380	0.240594	0.042604	-1.930000
110	-0.559273	0.198123	0.161823	-1.930000
111	-0.572891	0.209208	0.079080	-1.930000
112	-0.602637	0.100733	0.070047	-1.930000
113	-0.489901	0.358967	0.096772	-1.930000
114	-0.509349	-0.315340	0.139100	-1.930000
115	-0.589305	0.005055	-0.175838	-1.930000
116	-0.504706	0.072458	-0.343870	-1.930000
117	-0.555673	0.143718	-0.220902	-1.930000
118	-0.597372	-0.093717	-0.112201	-1.930000
119	-0.564960	0.028807	0.241279	-1.930000
120	-0.526796	-0.310578	0.065212	-1.930000
121	-0.537371	-0.046012	0.295535	-1.930000
122	-0.594967	0.142233	0.063312	-1.930000
123	-0.600047	-0.109658	0.078383	-1.930000
124	-0.532832	0.298813	-0.070891	-1.930000
125	-0.585759	0.152022	-0.109547	-1.930000
126	-0.581453	-0.171778	-0.103099	-1.930000
127	-0.605973	-0.097323	0.039368	-1.930000
128	-0.614990	0.003148	-0.001653	-1.930000
129	-0.600318	-0.131908	0.021060	-1.930000
130	-0.596040	-0.018261	0.150426	-1.930000
131	-0.594037	0.125493	0.097962	-1.930000
132	-0.607763	-0.037327	-0.086350	-1.930000
133	-0.544666	-0.215093	0.187879	-1.930000
134	-0.596608	-0.105037	0.106069	-1.930000
135	-0.473879	-0.368198	0.134515	-1.930000
136	-0.503304	-0.331857	0.121575	-1.930000
137	-0.602444	0.065742	0.104710	-1.930000
138	-0.528626	-0.034566	0.312386	-1.930000
139	-0.605719	0.041316	0.098093	-1.930000
140	-0.614556	0.023334	0.001350	-1.930000
141	-0.521422	-0.159826	0.284252	-1.930000
142	-0.580519	0.109218	-0.171154	-1.930000
143	-0.610099	-0.049801	0.059367	-1.930000
144	-0.612244	-0.057992	-0.004348	-1.930000
145	-0.609131	-0.082943	0.017466	-1.930000
146	-0.607591	-0.044197	0.084292	-1.930000
147	-0.609417	0.034032	-0.075353	-1.930000
148	-0.577049	0.111808	0.180937	-1.930000
149	-0.595214	0.074460	0.135652	-1.930000
150	-0.611351	-0.066284	0.008994	-1.930000
151	-0.560479	-0.164133	-0.192741	-1.930000
152	-0.584114	0.075679	-0.176944	-1.930000
153	-0.571533	-0.111004	-0.198125	-1.930000
154	-0.581682	-0.144043	-0.138286	-1.930000
155	-0.588765	-0.079604	0.158883	-1.930000
156	-0.574133	0.160217	0.151416	-1.930000
157	-0.585749	-0.183208	-0.039474	-1.930000
158	-0.579739	0.204592	-0.016428	-1.930000
159	-0.602138	0.113096	-0.053521	-1.930000
160	-0.605132	-0.109705	0.002392	-1.930000
161	-0.610171	-0.048184	0.059955	-1.930000
162	-0.595558	-0.052914	-0.144000	-1.930000
163	-0.608814	0.057287	0.065485	-1.930000
164	-0.584050	-0.057124	0.183976	-1.930000
165	-0.600360	0.078008	-0.108204	-1.930000
166	-0.609775	-0.013133	0.078908	-1.930000
167	-0.565823	-0.041764	-0.237329	-1.930000
168	-0.587362	0.049310	-0.175496	-1.930000
169	-0.608877	0.068158	-0.053369	-1.930000
170	-0.584090	-0.113633	0.155406	-1.930000
171	-0.579146	0.091298	0.185686	-1.930000
172	-0.614067	-0.026189	0.021463	-1.930000
173	-0.611486	0.035518	0.055211	-1.930000
174	-0.590192	0.062591	0.161186	-1.930000
175	-0.575384	0.080281	-0.201776	-1.930000
176	-0.556217	0.245644	-0.092231	-1.930000
177	-0.579848	-0.098150	0.179911	-1.930000
178	-0.611932	0.040676	0.045927	-1.930000
179	-0.575536	0.107198	0.188393	-1.930000
180	-0.597719	-0.056768	0.133171	-1.930000
181	-0.581387	0.147515	0.135842	-1.930000
182	-0.598277	-0.136428	0.040943	-1.930000
183	-0.613782	-0.038576	0.002978	-1.930000
184	-0.571953	-0.196479	-0.111761	-1.930000
185	-0.602204	0.026303	-0.121999	-1.930000
186	-0.576998	0.004554	0.212784	-1.930000
187	-0.583397	-0.012122	-0.194233	-1.930000
188	-0.606421	0.078595	-0.065586	-1.930000
189	-0.563251	-0.020819	0.246049	-1.930000
190	-0.607782	-0.093287	0.011094	-1.930000
191	-0.605390	-0.048992	-0.096580	-1.930000
192	-0.595418	-0.037141	-0.149408	-1.930000
193	-0.597990	0.142818	0.015372	-1.930000
194	-0.606056	0.010001	-0.104027	-1.930000
195	-0.591677	-0.004783	0.167690	-1.930000
196	-0.592981	-0.100514	0.128434	-1.930000
197	-0.556864	0.203469	0.163487	-1.930000
198	-0.580027	-0.022493	0.203193	-1.930000
199	-0.612807	0.050194	0.013171	-1.930000
200	-0.591174	0.090797	0.143157	-1.930000
201	-0.612573	0.054508	-0.002855	-1.930000
202	-0.593394	0.151478	-0.056239	-1.930000
203	-0.602659	0.061748	-0.105897	-1.930000
204	-0.589219	0.166262	-0.058329	-1.930000
205	-0.586516	0.184208	-0.017063	-1.930000
206	-0.566147	0.164061	-0.175461	-1.930000
207	-0.571541	0.081707	0.211872	-1.930000
208	-0.614021	0.004696	-0.034374	-1.930000
209	-0.568979	0.205756	-0.110238	-1.930000
210	-0.604469	0.113162	-0.006029	-1.930000
211	-0.599516	-0.113272	-0.077299	-1.930000
212	-0.596806	0.029234	-0.145579	-1.930000
213	-0.587307	0.022735	-0.181050	-1.930000
214	-0.538143	0.078518	-0.287163	-1.930000
215	-0.580242	-0.189246	-0.075697	-1.930000
216	-0.610330	-0.028804	0.069947	-1.930000
217	-0.573217	-0.176166	0.136430	-1.930000
218	-0.591330	-0.016167	0.168203	-1.930000
219	-0.589236	0.129267	0.119649	-1.930000
220	-0.595208	-0.154683	-0.005110	-1.930000
221	-0.583423	0.119436	-0.153551	-1.930000
222	-0.600067	-0.104858	-0.084552	-1.930000
223	-0.583443	-0.174094	-0.086662	-1.930000
224	-0.568028	-0.194705	-0.132887	-1.930000
225	-0.612557	-0.045059	0.031132	-1.930000
226	-0.592638	-0.155488	0.053181	-1.930000
227	-0.567621	0.138694	0.191822	-1.930000
228	-0.552601	-0.038361	0.267182	-1.930000
229	-0.606190	0.087766	-0.055279	-1.930000
230	-0.612815	0.038885	-0.034208	-1.930000
231	-0.588344	-0.175392	0.036252	-1.930000
232	-0.614325	-0.026769	0.010647	-1.930000
233	-0.578859	-0.132356	-0.160092	-1.930000
234	-0.607614	-0.093045	0.019306	-1.930000
235	-0.596872	0.106518	0.103069	-1.930000
236	-0.604359	-0.019901	0.112155	-1.930000
237	-0.614167	-0.024154	0.020983	-1.930000
238	-0.500608	0.356903	0.015374	-1.930000
239	-0.594801	-0.028459	0.153709	-1.930000
240	-0.612228	-0.057149	0.011681	-1.930000
241	-0.612142	0.059205	-0.001190	-1.930000
242	-0.600091	-0.035501	-0.129830	-1.930000
243	-0.610361	-0.067472	-0.033642	-1.930000
244	-0.613274	-0.042453	0.017815	-1.930000
245	-0.611718	0.053360	-0.034327	-1.930000
246	-0.558695	-0.078412	0.244819	-1.930000
247	-0.591341	-0.158908	0.057348	-1.930000
248	-0.608000	-0.062527	-0.068199	-1.930000
249	-0.612458	-0.014951	-0.053819	-1.930000
250	-0.611782	-0.014440	0.061145	-1.930000
251	-0.584008	-0.188204	-0.041709	-1.930000
252	-0.606535	0.053479	-0.086487	-1.930000
253	-0.594029	-0.018392	-0.158166	-1.930000
254	-0.596686	-0.137477	-0.057364	-1.930000
255	-0.602731	-0.098661	0.072151	-1.930000
256	-0.515630	0.168745	0.289614	-1.930000
257	-0.614583	0.018232	-0.013420	-1.930000
258	-0.563792	-0.215267	0.118423	-1.930000
259	-0.601621	-0.017545	-0.126369	-1.930000
260	-0.613380	0.044493	-0.003275	-1.930000
261	-0.601610	-0.015210	-0.126726	-1.930000
262	-0.611664	-0.053841	0.034544	-1.930000
263	-0.599221	0.133464	0.036691	-1.930000
264	-0.588906	-0.083600	0.156286	-1.930000
265	-0.611979	0.008206	0.060324	-1.930000
266	-0.614882	0.012035	-0.000349	-1.930000
267	-0.603281	0.044634	-0.110838	-1.930000
268	-0.612841	0.049589	-0.013837	-1.930000
269	-0.614777	0.010852	0.012515	-1.930000
270	-0.566543	0.236479	0.036500	-1.930000
271	-0.548880	0.272238	-0.053309	-1.930000
272	-0.614845	0.012545	-0.005751	-1.930000
273	-0.556501	-0.027416	0.260346	-1.930000
274	-0.582926	0.185472	0.063426	-1.930000
275	-0.611483	-0.060699	-0.025080	-1.930000
276	-0.568688	0.223401	0.070076	-1.930000
277	-0.553597	-0.000364	0.267872	-1.930000
278	-0.611468	0.059875	-0.027331	-1.930000
279	-0.604717	0.086071	-0.071656	-1.930000
280	-0.614430	-0.014675	0.022030	-1.930000
281	-0.605671	-0.054181	0.091937	-1.930000
282	-0.596032	-0.061738	0.138416	-1.930000
283	-0.580526	0.110268	0.170458	-1.930000
284	-0.595402	0.031613	0.150740	-1.930000
285	-0.561520	-0.250836	0.001269	-1.930000
286	-0.591265	-0.159789	0.055666	-1.930000
287	-0.590081	0.116039	-0.128700	-1.930000
288	-0.584964	-0.025347	-0.188149	-1.930000
289	-0.614326	0.028593	0.003353	-1.930000
290	-0.596038	0.139992	-0.058012	-1.930000
291	-0.576575	0.067985	0.202891	-1.930000
292	-0.594245	0.158302	-0.006215	-1.930000
293	-0.614512	-0.024236	0.003472	-1.930000
294	-0.611268	-0.066088	0.014461	-1.930000
295	-0.589103	0.037382	0.172583	-1.930000
296	-0.605111	0.077974	0.077364	-1.930000
297	-0.608216	0.008815	-0.090667	-1.930000
298	-0.604020	0.045486	-0.106376	-1.930000
299	-0.611061	-0.031800	0.061793	-1.930000
300	-0.569205	-0.028594	0.231113	-1.930000
301	-0.609899	-0.051975	-0.059557	-1.930000
302	-0.613777	0.026191	-0.028585	-1.930000
303	-0.609868	0.065850	-0.044151	-1.930000
304	-0.592887	0.148905	0.067359	-1.930000
305	-0.613665	0.006121	0.040029	-1.930000
306	-0.605875	-0.026519	0.102162	-1.930000
307	-0.577527	-0.054802	0.204167	-1.930000
308	-0.613992	-0.023522	0.026178	-1.930000
309	-0.572829	0.164467	0.151797	-1.930000
310	-0.595752	0.114033	-0.101494	-1.930000
311	-0.603684	0.066516	-0.096780	-1.930000
312	-0.596233	-0.058701	-0.138874	-1.930000
313	-0.517500	0.222449	0.246851	-1.930000
314	-0.576523	0.189259	-0.100136	-1.930000
315	-0.608240	0.047045	-0.077822	-1.930000
316	-0.609277	0.080797	0.021859	-1.930000
317	-0.609535	0.050687	0.064212	-1.930000
318	-0.568509	0.219368	0.083071	-1.930000
319	-0.608699	0.051305	0.071261	-1.930000
320	-0.565750	0.188207	-0.150764	-1.930000
321	-0.508870	0.248175	-0.240178	-1.930000
322	-0.565051	-0.218193	-0.106463	-1.930000
323	-0.582823	0.015205	0.195732	-1.930000
324	-0.611642	0.054852	0.033323	-1.930000
325	-0.605545	-0.000866	0.107422	-1.930000
326	-0.598339	-0.040388	0.136323	-1.930000
327	-0.611148	-0.020059	0.065735	-1.930000
328	-0.614131	-0.025062	-0.020971	-1.930000
329	-0.584804	0.033084	-0.187444	-1.930000
330	-0.554256	-0.193796	-0.182945	-1.930000
331	-0.548510	-0.259527	-0.100040	-1.930000
332	-0.613422	-0.044003	0.001549	-1.930000
333	-0.609274	-0.051782	0.065791	-1.930000
334	-0.573154	-0.109596	0.194185	-1.930000
335	-0.608338	-0.086385	0.026226	-1.930000
336	-0.589214	0.174849	-0.021913	-1.930000
337	-0.603767	-0.015404	-0.115987	-1.930000
338	-0.589513	-0.174750	0.012721	-1.930000
339	-0.547528	-0.263951	-0.093634	-1.930000
340	-0.609999	-0.078253	-0.001573	-1.930000
341	-0.603586	0.112158	0.036468	-1.930000
342	-0.609004	-0.084414	-0.014598	-1.930000
343	-0.594146	0.148393	-0.056522	-1.930000
344	-0.545618	0.261191	-0.110928	-1.930000
345	-0.559097	-0.083434	0.242228	-1.930000
346	-0.586789	-0.086845	-0.162363	-1.930000
347	-0.563557	-0.211027	0.126870	-1.930000
348	-0.597813	-0.136745	0.046319	-1.930000
349	-0.602247	-0.124290	0.008695	-1.930000
350	-0.575772	0.158532	0.146897	-1.930000
351	-0.610627	-0.071040	-0.017680	-1.930000
352	-0.537748	-0.126412	0.270318	-1.930000
353	-0.613573	-0.041142	0.007790	-1.930000
354	-0.541581	-0.287940	0.044780	-1.930000
355	-0.597919	-0.060457	-0.130626	-1.930000
356	-0.604648	-0.086442	0.071788	-1.930000
357	-0.601037	0.127058	-0.028910	-1.930000
358	-0.604341	-0.056358	0.099097	-1.930000
359	-0.601732	-0.012084	0.126480	-1.930000
360	-0.597697	0.038770	0.139573	-1.930000
361	-0.608358	-0.074420	0.050868	-1.930000
362	-0.586942	0.134339	-0.125209	-1.930000
363	-0.612499	-0.017885	-0.052441	-1.930000
364	-0.584891	-0.138137	-0.130560	-1.930000
365	-0.606059	0.061878	-0.084192	-1.930000
366	-0.608586	-0.075614	-0.046160	-1.930000
367	-0.573699	-0.020082	0.220662	-1.930000
368	-0.603041	0.052679	0.108586	-1.930000
369	-0.606579	0.072518	-0.070912	-1.930000
370	-0.613390	0.027416	-0.035012	-1.930000
371	-0.539277	0.240350	-0.172153	-1.930000
372	-0.604637	0.112090	-0.008679	-1.930000
373	-0.568223	0.151698	-0.179821	-1.930000
374	-0.607827	0.020250	-0.091438	-1.930000
375	-0.612220	0.050774	0.028866	-1.930000
376	-0.613110	0.038243	0.029301	-1.930000
377	-0.564500	0.230187	-0.081108	-1.930000
378	-0.611164	0.065461	-0.020451	-1.930000
379	-0.608693	-0.004835	-0.087721	-1.930000
380	-0.594347	0.074369	-0.139446	-1.930000
381	-0.564774	0.243289	-0.008081	-1.930000
382	-0.591025	0.049391	0.162710	-1.930000
383	-0.561667	0.236133	0.083643	-1.930000
384	-0.597369	0.056383	0.134894	-1.930000
385	-0.604310	-0.000505	0.114167	-1.930000
386	-0.611466	-0.028255	-0.059461	-1.930000
387	-0.602704	-0.082828	-0.090068	-1.930000
388	-0.605291	-0.094864	-0.053369	-1.930000
389	-0.614954	0.000283	-0.007478	-1.930000
390	-0.605130	0.105252	-0.031058	-1.930000
391	-0.607034	0.045862	0.087357	-1.930000
392	-0.598217	0.121901	0.074170	-1.930000
393	-0.588928	0.177109	-0.004629	-1.930000
394	-0.608340	-0.064324	0.063325	-1.930000
395	-0.607634	-0.052722	-0.078906	-1.930000
396	-0.577294	0.011337	-0.211727	-1.930000
397	-0.602177	0.124712	-0.007419	-1.930000
398	-0.614853	0.013442	0.000355	-1.930000
399	-0.587812	0.049519	0.173925	-1.930000
400	-0.578594	0.208452	-0.001464	-1.930000
401	-0.607795	0.043563	-0.083139	-1.930000
402	-0.606492	-0.022970	0.099324	-1.930000
403	-0.608253	-0.078036	0.046511	-1.930000
404	-0.599937	-0.071121	-0.115077	-1.930000
405	-0.601424	0.127468	0.016322	-1.930000
406	-0.594827	0.057229	0.145364	-1.930000
407	-0.606034	0.100742	-0.028253	-1.930000
408	-0.602804	0.095270	-0.075997	-1.930000
409	-0.603710	0.112285	-0.033931	-1.930000
410	-0.614328	0.024256	-0.015432	-1.930000
411	-0.613320	0.045367	-0.002451	-1.930000
412	-0.551232	0.138937	0.234660	-1.930000
413	-0.611566	0.060601	-0.023226	-1.930000
414	-0.575989	0.087437	0.197018	-1.930000
415	-0.594135	0.126244	-0.096390	-1.930000
416	-0.605961	-0.012566	-0.104297	-1.930000
417	-0.546080	0.143131	-0.243997	-1.930000
418	-0.374554	0.476194	0.105705	-1.930000
419	-0.559511	0.216188	0.135777	-1.930000
420	-0.599735	0.090853	-0.101431	-1.930000
421	-0.517517	0.332195	0.006890	-1.930000
422	-0.542571	0.271304	-0.101172	-1.930000
423	-0.612789	0.044739	0.026711	-1.930000
424	-0.613825	0.033355	-0.018217	-1.930000
425	-0.573411	0.169636	-0.143695	-1.930000
426	-0.585955	0.166121	-0.085357	-1.930000
427	-0.531082	-0.151782	0.270443	-1.930000
428	-0.560486	-0.191057	0.166067	-1.930000
429	-0.610354	-0.043979	-0.061307	-1.930000
430	-0.542615	-0.289012	0.016309	-1.930000
431	-0.610358	-0.004354	0.075296	-1.930000
432	-0.608958	0.085372	0.010334	-1.930000
433	-0.520900	0.322253	-0.055146	-1.930000
434	-0.610882	0.021843	-0.067611	-1.930000
435	-0.580068	0.065570	0.193510	-1.930000
436	-0.613109	-0.047228	0.009581	-1.930000
437	-0.549278	-0.203924	0.186905	-1.930000
438	-0.590506	-0.097997	0.141154	-1.930000
439	-0.613807	0.003729	-0.038109	-1.930000
440	-0.606786	0.048545	0.087629	-1.930000
441	-0.601474	-0.104213	-0.074793	-1.930000
442	-0.598531	0.133385	-0.046839	-1.930000
443	-0.552945	0.061548	-0.262086	-1.930000
444	-0.586815	-0.083708	-0.163908	-1.930000
445	-0.573473	-0.221741	0.013600	-1.930000
446	-0.603483	0.012554	-0.117794	-1.930000
447	-0.601799	-0.125140	-0.020081	-1.930000
448	-0.593119	-0.087765	0.136864	-1.930000
449	-0.560640	0.235094	-0.092942	-1.930000
450	-0.589886	0.077687	0.155641	-1.930000
451	-0.608519	0.070292	0.054664	-1.930000
452	-0.594336	-0.133197	-0.085139	-1.930000
453	-0.508879	-0.327965	0.108197	-1.930000
454	-0.587516	-0.180510	-0.021586	-1.930000
455	-0.598487	-0.078875	0.117545	-1.930000
456	-0.614356	-0.007009	-0.027254	-1.930000
457	-0.599085	0.096064	-0.100468	-1.930000
458	-0.609256	0.048399	0.068481	-1.930000
459	-0.573153	0.013337	-0.222583	-1.930000
460	-0.590165	0.161959	0.060829	-1.930000
461	-0.614594	0.006174	-0.021473	-1.930000
462	-0.572167	-0.222429	-0.037087	-1.930000
463	-0.586090	-0.138054	-0.125158	-1.930000
464	-0.596827	-0.137863	-0.054919	-1.930000
465	-0.590735	0.154240	-0.073943	-1.930000
466	-0.594975	-0.127805	0.088856	-1.930000
467	-0.611203	-0.017582	-0.065927	-1.930000
468	-0.450351	0.313525	0.277690	-1.930000
469	-0.600400	-0.088708	0.099377	-1.930000
470	-0.565400	0.076992	0.229391	-1.930000
471	-0.556654	0.042962	-0.257907	-1.930000
472	-0.593387	-0.152518	-0.053440	-1.930000
473	-0.580903	0.082080	-0.184497	-1.930000
474	-0.578351	0.204634	-0.043124	-1.930000
475	-0.610890	0.041681	0.057457	-1.930000
476	-0.589716	0.015282	0.173857	-1.930000
477	-0.608983	0.063219	0.058029	-1.930000
478	-0.601574	-0.116026	0.053588	-1.930000
479	-0.598192	0.099186	-0.102728	-1.930000
480	-0.589185	0.028093	-0.174061	-1.930000
481	-0.613386	-0.003330	-0.044404	-1.930000
482	-0.605682	-0.019427	0.104868	-1.930000
483	-0.611486	0.031300	-0.057704	-1.930000
484	-0.600593	0.006397	0.132182	-1.930000
485	-0.598177	0.030413	0.139584	-1.930000
486	-0.595728	-0.029511	0.149876	-1.930000
487	-0.603447	0.108913	-0.047063	-1.930000
488	-0.610098	0.074790	-0.020294	-1.930000
489	-0.613168	-0.027914	-0.038354	-1.930000
490	-0.600632	0.067158	-0.113824	-1.930000
491	-0.561321	0.251249	0.004253	-1.930000
492	-0.595551	0.018694	-0.152299	-1.930000
493	-0.583247	0.001613	0.195052	-1.930000
494	-0.583247	0.179539	0.076248	-1.930000
495	-0.576027	0.180333	0.117888	-1.930000
496	-0.590631	-0.153912	0.075439	-1.930000
497	-0.556548	0.254099	0.062554	-1.930000
498	-0.607610	-0.086146	-0.040177	-1.930000
499	-0.611544	-0.061371	0.021752	-1.930000
500	-0.571627	0.198447	-0.109939	-1.930000
501	-0.610092	-0.050490	-0.058853	-1.930000
502	-0.613211	-0.044196	0.015617	-1.930000
503	-0.585348	0.184733	0.038296	-1.930000
504	-0.607074	-0.038891	-0.090410	-1.930000
505	-0.609064	0.008576	-0.084810	-1.930000
506	-0.609821	-0.062648	0.049182	-1.930000
507	-0.580627	0.047027	0.197195	-1.930000
508	-0.591640	0.066231	-0.154276	-1.930000
509	-0.573506	0.185860	0.121540	-1.930000
510	-0.599276	0.094012	-0.101265	-1.930000
511	-0.609013	0.058460	0.062534	-1.930000
512	-0.595456	0.153745	0.004484	-1.930000
513	-0.592118	-0.166121	-0.005026	-1.930000
514	-0.526023	0.148589	-0.281862	-1.930000
515	-0.600285	-0.005858	-0.133600	-1.930000
516	-0.589875	-0.150994	0.086450	-1.930000
517	-0.600965	0.105467	0.077089	-1.930000
518	-0.610044	-0.013835	-0.076683	-1.930000
519	-0.548424	0.021833	-0.277452	-1.930000
520	-0.600519	0.075303	0.109230	-1.930000
521	-0.588321	0.101372	-0.147741	-1.930000
522	-0.575984	0.138267	-0.165376	-1.930000
523	-0.610576	0.055503	0.048387	-1.930000
524	-0.611855	-0.028081	-0.055406	-1.930000
525	-0.578338	0.206348	-0.034216	-1.930000
526	-0.602178	0.091974	-0.084544	-1.930000
527	-0.605752	-0.051476	-0.092947	-1.930000
528	-0.591860	0.119979	0.116327	-1.930000
529	-0.570315	0.222165	-0.060072	-1.930000
530	-0.598302	0.121779	-0.073689	-1.930000
531	-0.613401	0.037896	0.022974	-1.930000
532	-0.597511	0.021732	-0.143991	-1.930000
533	-0.562301	0.146959	-0.201113	-1.930000
534	-0.519744	0.082572	0.318235	-1.930000
535	-0.566537	0.187581	-0.148573	-1.930000
536	-0.556903	0.259741	-0.024868	-1.930000
537	-0.609593	-0.013229	-0.080290	-1.930000
538	-0.581246	0.155616	0.127130	-1.930000
539	-0.568044	0.235693	0.000235	-1.930000
540	-0.606286	-0.101782	-0.016827	-1.930000
541	-0.598201	0.110497	-0.090390	-1.930000
542	-0.595943	0.094504	-0.118936	-1.930000
543	-0.591155	0.041257	0.164496	-1.930000
544	-0.542738	-0.231506	0.173392	-1.930000
545	-0.602110	0.062528	0.108530	-1.930000
546	-0.611212	0.030273	0.061065	-1.930000
547	-0.609755	-0.015376	0.078658	-1.930000
548	-0.593153	0.147550	-0.067992	-1.930000
549	-0.583497	0.179037	-0.075514	-1.930000
550	-0.519234	0.106556	-0.311877	-1.930000
551	-0.594125	-0.151494	0.047851	-1.930000
552	-0.516828	-0.287153	-0.169284	-1.930000
553	-0.605271	-0.093268	-0.056330	-1.930000
554	-0.560143	-0.198719	0.158036	-1.930000
555	-0.577721	0.017556	0.210131	-1.930000
556	-0.595317	0.142478	-0.059353	-1.930000
557	-0.603426	0.113511	0.034891	-1.930000
558	-0.607730	-0.092525	-0.018132	-1.930000
559	-0.609547	-0.022193	0.078644	-1.930000
560	-0.592779	-0.136486	0.090608	-1.930000
561	-0.599232	-0.080896	-0.112256	-1.930000
562	-0.585002	0.189659	0.005181	-1.930000
563	-0.606304	-0.082173	0.062193	-1.930000
564	-0.582836	0.116938	-0.157646	-1.930000
565	-0.600268	0.132957	0.015019	-1.930000
566	-0.613478	-0.039342	-0.017934	-1.930000
567	-0.600310	0.133590	0.002690	-1.930000
568	-0.593469	0.082236	-0.138770	-1.930000
569	-0.611399	0.006128	0.066172	-1.930000
570	-0.614739	-0.010475	-0.014536	-1.930000
571	-0.589363	-0.057304	-0.166109	-1.930000
572	-0.595196	0.109779	-0.109159	-1.930000
573	-0.605307	-0.108258	0.010427	-1.930000
574	-0.589866	0.104775	0.138944	-1.930000
575	-0.597034	-0.026894	-0.145092	-1.930000
576	-0.603606	-0.086045	-0.080504	-1.930000
577	-0.613896	0.033325	0.015685	-1.930000
578	-0.605926	0.043414	-0.095883	-1.930000
579	-0.602398	-0.115729	-0.044137	-1.930000
580	-0.576414	0.104763	0.187074	-1.930000
581	-0.595675	0.115782	0.099954	-1.930000
582	-0.591138	0.121217	-0.118690	-1.930000
583	-0.590401	-0.068255	-0.158091	-1.930000
584	-0.583853	0.163312	-0.103293	-1.930000
585	-0.612446	-0.043769	-0.034920	-1.930000
586	-0.609245	0.072473	-0.042345	-1.930000
587	-0.563888	-0.044476	0.241407	-1.930000
588	-0.605337	-0.106294	-0.022212	-1.930000
589	-0.609406	0.082203	0.009557	-1.930000
590	-0.613480	0.037950	-0.020658	-1.930000
591	-0.591996	0.145420	-0.081358	-1.930000
592	-0.585145	0.184459	-0.042487	-1.930000
593	-0.590542	0.085986	0.148631	-1.930000
594	-0.604914	0.001289	-0.110915	-1.930000
595	-0.582792	0.047790	0.190513	-1.930000
596	-0.605499	-0.001733	0.107669	-1.930000
597	-0.578295	0.063047	0.199563	-1.930000
598	-0.586747	0.183514	0.016619	-1.930000
599	-0.613038	0.044049	-0.021662	-1.930000
600	-0.608517	-0.061539	-0.064378	-1.930000
601	-0.588186	0.078700	0.161458	-1.930000
602	-0.568191	0.209182	-0.107828	-1.930000
603	-0.603499	0.009694	0.117985	-1.930000
604	-0.588409	0.136957	0.115075	-1.930000
605	-0.558822	0.012876	0.256471	-1.930000
606	-0.604454	-0.040053	0.106094	-1.930000
607	-0.586881	-0.103187	-0.152143	-1.930000
608	-0.595859	-0.152101	-0.006528	-1.930000
609	-0.613312	-0.029963	0.034285	-1.930000
610	-0.611016	-0.010055	-0.069162	-1.930000
611	-0.614925	0.005519	0.007858	-1.930000
612	-0.603569	0.113138	0.033612	-1.930000
613	-0.592057	0.004158	0.166361	-1.930000
614	-0.573067	-0.179360	-0.132851	-1.930000
615	-0.537791	-0.294646	0.046791	-1.930000
616	-0.590837	0.153444	-0.074775	-1.930000
617	-0.582262	-0.047321	-0.192242	-1.930000
618	-0.577270	0.187333	0.099450	-1.930000
619	-0.613642	-0.027723	-0.029992	-1.930000
620	-0.595438	0.055597	0.143485	-1.930000
621	-0.551776	0.085740	-0.257715	-1.930000
622	-0.589181	0.006311	-0.176214	-1.930000
623	-0.605852	0.069371	-0.079721	-1.930000
624	-0.612174	0.057282	-0.013665	-1.930000
625	-0.613000	-0.034713	0.035375	-1.930000
626	-0.591685	-0.161850	-0.044034	-1.930000
627	-0.587890	0.157739	-0.087911	-1.930000
628	-0.606144	0.102046	0.020034	-1.930000
629	-0.563312	0.153311	-0.193392	-1.930000
630	-0.576260	0.171475	-0.129404	-1.930000
631	-0.606477	0.100765	0.016016	-1.930000
632	-0.603478	0.031646	0.114181	-1.930000
633	-0.577379	0.191050	-0.091428	-1.930000
634	-0.571897	0.223348	0.035692	-1.930000
635	-0.556156	0.224425	-0.136195	-1.930000
636	-0.574888	0.217270	0.022857	-1.930000
637	-0.559668	0.051077	-0.249775	-1.930000
638	-0.486260	0.338057	-0.165813	-1.930000
639	-0.614433	0.009935	0.024469	-1.930000
640	-0.591964	0.128944	0.105721	-1.930000
641	-0.470449	-0.336770	0.208539	-1.930000
642	-0.567561	0.209620	0.110268	-1.930000
643	-0.552406	-0.203907	0.177468	-1.930000
644	-0.604002	0.107199	0.043760	-1.930000
645	-0.583903	0.164923	-0.100415	-1.930000
646	-0.583772	-0.190607	0.033229	-1.930000
647	-0.595171	-0.034628	-0.150988	-1.930000
648	-0.580109	-0.048988	0.198240	-1.930000
649	-0.558498	-0.209346	-0.149930	-1.930000
650	-0.513551	-0.324029	-0.097447	-1.930000
651	-0.601604	-0.127402	0.008182	-1.930000
652	-0.584479	0.134045	-0.136533	-1.930000
653	-0.597049	0.112961	-0.094852	-1.930000
654	-0.552570	0.169422	0.210207	-1.930000
655	-0.588539	0.165496	-0.066768	-1.930000
656	-0.568439	-0.189436	-0.138621	-1.930000
657	-0.599453	0.136329	0.017188	-1.930000
658	-0.604497	-0.038512	0.106421	-1.930000
659	-0.597921	-0.143767	-0.006785	-1.930000
660	-0.611742	-0.024840	0.058139	-1.930000
661	-0.576073	-0.213995	-0.023900	-1.930000
662	-0.609104	-0.081898	-0.022593	-1.930000
663	-0.586517	0.015114	0.184376	-1.930000
664	-0.603356	0.115391	0.029519	-1.930000
665	-0.502965	0.352001	0.036694	-1.930000
666	-0.580224	-0.045532	-0.198726	-1.930000
667	-0.577117	0.197463	-0.078549	-1.930000
668	-0.609300	0.077190	-0.031936	-1.930000
669	-0.573348	0.076995	0.208732	-1.930000
670	-0.610913	-0.060961	-0.035971	-1.930000
671	-0.612337	0.017614	-0.054388	-1.930000
672	-0.597084	0.053152	0.137445	-1.930000
673	-0.605198	-0.109164	0.006637	-1.930000
674	-0.544619	-0.279104	-0.060964	-1.930000
675	-0.592028	-0.056835	-0.156515	-1.930000
676	-0.610318	0.019440	-0.073209	-1.930000
677	-0.584833	0.130745	-0.138206	-1.930000
678	-0.591862	0.132114	-0.102322	-1.930000
679	-0.597157	-0.080584	-0.123021	-1.930000
680	-0.562424	0.132432	0.210632	-1.930000
681	-0.541420	0.160722	0.243429	-1.930000
682	-0.420726	0.413302	0.174343	-1.930000
683	-0.610773	-0.059841	0.040004	-1.930000
684	-0.531577	-0.137235	-0.277160	-1.930000
685	-0.586967	0.134986	-0.124394	-1.930000
686	-0.597059	-0.122757	0.081709	-1.930000
687	-0.586494	-0.169956	-0.073241	-1.930000
688	-0.589644	-0.028641	0.172410	-1.930000
689	-0.586387	0.178335	0.050716	-1.930000
690	-0.533906	-0.008293	0.305125	-1.930000
691	-0.592278	0.165506	-0.006296	-1.930000
692	-0.562646	0.106481	0.224313	-1.930000
693	-0.564910	0.061179	-0.235285	-1.930000
694	-0.574295	0.213531	0.053055	-1.930000
695	-0.613109	0.020767	0.043488	-1.930000
696	-0.601582	0.034262	0.123085	-1.930000
697	-0.575289	0.191447	0.103032	-1.930000
698	-0.482487	0.089979	0.370587	-1.930000
699	-0.594945	-0.013645	-0.155177	-1.930000
700	-0.558534	0.213902	0.143215	-1.930000
701	-0.546398	0.178856	0.218369	-1.930000
702	-0.521536	0.280128	-0.166594	-1.930000
703	-0.609284	0.035807	-0.075607	-1.930000
704	-0.588767	0.170303	0.050746	-1.930000
705	-0.602177	0.018113	-0.123611	-1.930000
706	-0.609961	0.009302	0.078010	-1.930000
707	-0.575047	0.181428	0.120954	-1.930000
708	-0.606736	0.066398	-0.075417	-1.930000
709	-0.605017	0.001860	0.110344	-1.930000
710	-0.606800	0.035943	-0.093416	-1.930000
711	-0.603022	0.019440	0.119212	-1.930000
712	-0.603414	-0.041105	0.111478	-1.930000
713	-0.489531	0.335619	-0.161072	-1.930000
714	-0.597107	0.104082	0.104190	-1.930000
715	-0.610590	-0.072544	0.011912	-1.930000
716	-0.595722	0.142663	0.054659	-1.930000
717	-0.555589	-0.177984	-0.194595	-1.930000
718	-0.564010	-0.205584	-0.133613	-1.930000
719	-0.570359	-0.205043	-0.104275	-1.930000
720	-0.606362	-0.084950	-0.057742	-1.930000
721	-0.589705	-0.173522	0.019060	-1.930000
722	-0.591404	0.017822	-0.167776	-1.930000
723	-0.612715	0.017383	0.050030	-1.930000
724	-0.595040	0.155105	0.009722	-1.930000
725	-0.564998	0.091824	0.224879	-1.930000
726	-0.601636	0.114019	0.057082	-1.930000
727	-0.577131	-0.188541	-0.097964	-1.930000
728	-0.554098	0.265676	-0.024822	-1.930000
729	-0.606702	0.099980	-0.011895	-1.930000
730	-0.577057	0.212111	0.015452	-1.930000
731	-0.594833	-0.143322	-0.062105	-1.930000
732	-0.605315	0.052623	-0.095129	-1.930000
733	-0.542067	0.274545	-0.094941	-1.930000
734	-0.597950	-0.143731	0.004734	-1.930000
735	-0.557942	0.032054	-0.256706	-1.930000
736	-0.534176	0.300567	-0.050400	-1.930000
737	-0.599882	0.125597	-0.050915	-1.930000
738	-0.564119	0.224108	-0.098843	-1.930000
739	-0.561755	-0.173904	-0.180039	-1.930000
740	-0.563735	0.146210	-0.197612	-1.930000
741	-0.440846	0.418292	-0.094404	-1.930000
742	-0.528665	0.290349	-0.120148	-1.930000
743	-0.583766	0.193273	0.009349	-1.930000
744	-0.599143	0.097150	0.099066	-1.930000
745	-0.611691	0.057081	-0.028307	-1.930000
746	-0.563435	0.012814	-0.246174	-1.930000
747	-0.608811	0.073622	0.046413	-1.930000
748	-0.512753	-0.113681	0.319977	-1.930000
749	-0.528440	-0.082580	0.303574	-1.930000
750	-0.605522	0.035506	0.101526	-1.930000
751	-0.610690	-0.000590	0.072676	-1.930000
752	-0.586384	-0.030685	0.182860	-1.930000
753	-0.431694	0.437976	-0.006534	-1.930000
754	-0.524336	0.046405	0.318030	-1.930000
755	-0.592143	-0.130026	-0.103368	-1.930000
756	-0.435383	-0.434209	-0.011369	-1.930000
757	-0.570851	-0.176233	0.145930	-1.930000
758	-0.591783	-0.111456	-0.124879	-1.930000
759	-0.613765	-0.020951	0.032845	-1.930000
760	-0.605172	-0.005942	-0.109347	-1.930000
761	-0.603004	0.078945	0.091538	-1.930000
762	-0.592267	0.164421	0.020254	-1.930000
763	-0.546175	-0.228164	-0.166910	-1.930000
764	-0.525852	-0.299661	0.109126	-1.930000
765	-0.610469	0.047515	-0.057404	-1.930000
766	-0.572005	-0.164927	0.154382	-1.930000
767	-0.559351	0.221827	0.127062	-1.930000
768	-0.526040	0.314049	-0.053669	-1.930000
769	-0.571857	0.209211	0.086230	-1.930000
770	-0.602260	-0.006221	-0.124377	-1.930000
771	-0.571359	-0.205610	-0.097458	-1.930000
772	-0.587238	-0.176022	0.048913	-1.930000
773	-0.602641	-0.107088	-0.059838	-1.930000
774	-0.606316	0.089160	0.051540	-1.930000
775	-0.544634	-0.282541	-0.042064	-1.930000
776	-0.595221	0.125496	-0.090486	-1.930000
777	-0.613744	-0.024526	0.030692	-1.930000
778	-0.579773	-0.181031	0.096517	-1.930000
779	-0.569937	-0.184578	-0.139025	-1.930000
780	-0.595957	0.066715	-0.136417	-1.930000
781	-0.609629	0.062937	0.051152	-1.930000
782	-0.548154	-0.278832	-0.002208	-1.930000
783	-0.611305	-0.052202	0.042506	-1.930000
784	-0.578202	0.155651	0.140286	-1.930000
785	-0.583560	0.070655	0.180805	-1.930000
786	-0.597108	0.147204	-0.004250	-1.930000
787	-0.554936	-0.098968	-0.245918	-1.930000
788	-0.592083	0.164403	0.025176	-1.930000
789	-0.576492	0.093995	-0.192474	-1.930000
790	-0.610036	-0.036279	-0.069030	-1.930000
791	-0.577323	-0.162471	0.136112	-1.930000
792	-0.520204	0.054128	0.323547	-1.930000
793	-0.601219	0.000204	0.129463	-1.930000
794	-0.562968	0.242227	-0.051167	-1.930000
795	-0.563359	-0.042487	-0.242995	-1.930000
796	-0.589390	0.164634	-0.061161	-1.930000
797	-0.598116	-0.012017	0.142611	-1.930000
798	-0.609306	-0.032186	0.077038	-1.930000
799	-0.593936	-0.027280	0.157227	-1.930000
800	-0.605982	0.103032	-0.019879	-1.930000
801	-0.531899	0.191477	0.242167	-1.930000
802	-0.535945	0.077403	0.291542	-1.930000
803	-0.584089	0.034659	-0.189377	-1.930000
804	-0.608345	-0.064443	0.063155	-1.930000
805	-0.591455	0.127994	0.109652	-1.930000
806	-0.611017	0.016472	0.067915	-1.930000
807	-0.547310	0.108829	0.258521	-1.930000
808	-0.596017	0.150553	0.017948	-1.930000
809	-0.599733	0.122727	-0.059018	-1.930000
810	-0.612546	-0.054155	-0.008903	-1.930000
811	-0.591805	-0.167083	-0.008683	-1.930000
812	-0.589022	-0.164897	0.063931	-1.930000
813	-0.592978	0.007357	-0.162935	-1.930000
814	-0.611425	-0.025288	0.061192	-1.930000
815	-0.589982	-0.014357	0.173031	-1.930000
816	-0.592083	0.165633	0.015108	-1.930000
817	-0.612451	0.036388	0.042479	-1.930000
818	-0.610476	-0.002058	0.074433	-1.930000
819	-0.576428	0.077340	0.199935	-1.930000
820	-0.604377	-0.017559	-0.112449	-1.930000
821	-0.603362	-0.042526	0.111225	-1.930000
822	-0.603435	0.106892	0.051628	-1.930000
823	-0.496202	0.277305	0.234755	-1.930000
824	-0.557444	0.210866	-0.151712	-1.930000
825	-0.565545	-0.189342	-0.150112	-1.930000
826	-0.607402	0.022142	-0.093795	-1.930000
827	-0.580316	-0.197473	0.049620	-1.930000
828	-0.609338	-0.053733	0.063602	-1.930000
829	-0.608948	0.085586	-0.009093	-1.930000
830	-0.612375	0.029162	0.048697	-1.930000
831	-0.613266	-0.030552	-0.034590	-1.930000
832	-0.606766	0.097074	-0.025242	-1.930000
833	-0.598127	0.082405	-0.116956	-1.930000
834	-0.604340	0.100566	-0.053707	-1.930000
835	-0.594704	-0.121950	-0.098390	-1.930000
836	-0.549613	0.216331	-0.171324	-1.930000
837	-0.588934	0.161342	-0.073151	-1.930000
838	-0.613337	0.000423	-0.045201	-1.930000
839	-0.531782	0.229414	-0.206886	-1.930000
840	-0.577594	0.192585	-0.086723	-1.930000
841	-0.569429	0.202642	-0.113630	-1.930000
842	-0.579113	0.198950	0.057200	-1.930000
843	-0.540339	0.209500	0.205836	-1.930000
844	-0.532432	0.229434	-0.205186	-1.930000
845	-0.604756	0.054320	0.097694	-1.930000
846	-0.585304	0.180302	-0.055997	-1.930000
847	-0.607860	0.027978	0.089157	-1.930000
848	-0.514766	0.088095	0.324777	-1.930000
849	-0.614329	0.028551	-0.003215	-1.930000
850	-0.597467	0.139829	0.041307	-1.930000
