1	0.109776	0.275688	0.538674	-1.390000
2	0.081224	0.606439	-0.062125	-1.390000
3	-0.224624	0.569063	0.062742	-1.390000
4	-0.042233	0.581115	0.196842	-1.390000
5	-0.160814	0.559518	0.198250	-1.390000
6	-0.173500	0.553225	0.205097	-1.390000
7	-0.150737	0.594582	-0.044445	-1.390000
8	-0.292832	0.537872	-0.056288	-1.390000
9	-0.468511	0.364133	0.161647	-1.390000
10	-0.105560	0.533297	0.287534	-1.390000
11	0.128849	0.592802	0.101041	-1.390000
12	-0.034875	0.558073	0.256054	-1.390000
13	-0.138415	0.598551	0.028343	-1.390000
14	0.043174	0.543253	0.285021	-1.390000
15	-0.235701	0.567824	-0.015680	-1.390000
16	-0.247214	0.551468	-0.113988	-1.390000
17	-0.178172	0.490562	-0.325313	-1.390000
18	-0.157885	0.548027	-0.230138	-1.390000
19	-0.140601	0.517643	0.300835	-1.390000
20	0.042268	0.609567	0.069761	-1.390000
21	0.095505	0.577520	0.188613	-1.390000
22	0.078107	0.605503	-0.074101	-1.390000
23	0.144415	0.579232	0.147851	-1.390000
24	-0.204340	0.578318	-0.044928	-1.390000
25	0.002478	0.565915	-0.240746	-1.390000
26	0.238977	0.534413	-0.188460	-1.390000
27	-0.399898	0.398125	-0.244547	-1.390000
28	-0.031482	0.611279	0.059769	-1.390000
29	0.064647	0.529433	0.306180	-1.390000
30	0.059775	0.607125	0.077786	-1.390000
31	0.123479	0.601424	-0.035600	-1.390000
32	0.240439	0.565818	0.016256	-1.390000
33	0.179424	0.581348	0.089812	-1.390000
34	0.256758	0.557875	0.032800	-1.390000
35	0.273906	0.550104	0.024206	-1.390000
36	0.160732	0.586472	0.091873	-1.390000
37	0.138045	0.539201	0.261593	-1.390000
38	0.270618	0.495318	0.244235	-1.390000
39	0.352168	0.502307	-0.043477	-1.390000
40	0.276037	0.541037	0.096475	-1.390000
41	0.287386	0.543233	-0.023079	-1.390000
42	0.407131	0.459859	-0.031609	-1.390000
43	0.345659	0.507744	-0.030672	-1.390000
44	0.257392	0.525021	-0.190598	-1.390000
45	0.056980	0.574703	-0.211411	-1.390000
46	0.110792	0.525247	0.300110	-1.390000
47	0.361863	0.402418	0.292131	-1.390000
48	0.315169	0.521124	0.085576	-1.390000
49	0.306936	0.476360	-0.238948	-1.390000
50	0.390102	0.473868	0.038655	-1.390000
51	0.380223	0.448207	-0.181015	-1.390000
52	0.575655	0.204386	-0.071220	-1.390000
53	0.396385	0.422338	-0.206724	-1.390000
54	0.445278	0.397913	0.147031	-1.390000
55	0.084536	0.514280	0.326489	-1.390000
56	0.558481	0.257517	-0.003017	-1.390000
57	0.342930	0.508470	0.045632	-1.390000
58	0.261278	0.554198	0.053130	-1.390000
59	0.497538	0.358591	-0.045756	-1.390000
60	0.597287	0.023853	0.144585	-1.390000
61	0.528101	0.313894	-0.028367	-1.390000
62	0.496661	0.353096	0.082921	-1.390000
63	0.518522	0.218046	-0.248628	-1.390000
64	0.187760	0.585206	0.022487	-1.390000
65	0.495143	0.355927	-0.079837	-1.390000
66	0.589416	0.095623	-0.147206	-1.390000
67	0.419339	0.437037	-0.106669	-1.390000
68	0.407957	0.454302	-0.073526	-1.390000
69	0.534016	0.204441	-0.226397	-1.390000
70	0.576753	0.213188	-0.011473	-1.390000
71	0.498275	0.359657	0.024366	-1.390000
72	0.559384	0.228507	0.114451	-1.390000
73	0.415062	0.416376	-0.180498	-1.390000
74	0.433899	0.434835	0.029584	-1.390000
75	0.353937	0.491921	-0.104725	-1.390000
76	0.485269	0.377758	-0.006096	-1.390000
77	0.395105	0.467219	-0.061837	-1.390000
78	0.452559	0.378456	-0.173743	-1.390000
79	0.497160	0.355976	-0.065863	-1.390000
80	0.466599	0.383576	-0.115674	-1.390000
81	0.416286	0.325927	-0.314170	-1.390000
82	0.416207	0.452747	0.004209	-1.390000
83	0.520544	0.320324	-0.068201	-1.390000
84	0.549988	0.271519	-0.044901	-1.390000
85	0.454284	0.414052	-0.020309	-1.390000
86	0.506529	0.348780	-0.002457	-1.390000
87	0.570577	0.227520	-0.030020	-1.390000
88	0.562266	0.240467	-0.065254	-1.390000
89	0.509188	0.313572	0.143616	-1.390000
90	0.428044	0.423686	-0.124474	-1.390000
91	0.383782	0.479154	0.036707	-1.390000
92	0.525250	0.319731	-0.010466	-1.390000
93	0.524500	0.239395	-0.214043	-1.390000
94	0.518406	0.289165	0.160824	-1.390000
95	0.290212	0.530986	-0.109798	-1.390000
96	0.414988	0.450282	0.057068	-1.390000
97	0.515381	0.335542	0.004309	-1.390000
98	0.246765	0.556541	0.087145	-1.390000
99	0.445932	0.407743	-0.114522	-1.390000
100	0.588985	0.098424	-0.147085	-1.390000
101	0.599474	0.137105	0.007630	-1.390000
102	0.469687	0.396596	-0.018176	-1.390000
103	0.502775	0.325624	-0.139325	-1.390000
104	0.469753	0.344371	-0.197398	-1.390000
105	0.463695	0.286491	-0.284841	-1.390000
106	0.549964	0.247052	-0.121366	-1.390000
107	0.325960	0.511455	-0.101927	-1.390000
108	0.179961	0.586850	0.038020	-1.390000
109	0.495631	0.351984	-0.093176	-1.390000
110	0.446749	0.409758	-0.103628	-1.390000
111	0.475627	0.385923	0.055380	-1.390000
112	0.421245	0.410641	-0.179310	-1.390000
113	0.536472	0.278958	-0.112273	-1.390000
114	0.320891	0.239682	-0.466697	-1.390000
115	0.326962	0.432970	-0.289582	-1.390000
116	0.272873	0.458877	-0.305283	-1.390000
117	0.302567	0.467606	-0.260812	-1.390000
118	0.122810	0.543659	0.259957	-1.390000
119	-0.013930	0.613895	-0.034117	-1.390000
120	0.017432	0.572158	0.224848	-1.390000
121	-0.025750	0.550280	0.273411	-1.390000
122	-0.097378	0.596457	0.113938	-1.390000
123	-0.414265	0.390924	-0.231923	-1.390000
124	0.009048	0.559886	-0.254305	-1.390000
125	-0.220382	0.569566	-0.072468	-1.390000
126	0.024792	0.504720	0.350525	-1.390000
127	-0.070906	0.609376	0.043107	-1.390000
128	-0.231901	0.565662	0.066884	-1.390000
129	0.127579	0.588778	0.123649	-1.390000
130	-0.063761	0.611378	-0.019398	-1.390000
131	-0.210235	0.572192	0.081379	-1.390000
132	0.089261	0.599715	-0.102953	-1.390000
133	0.104824	0.592624	-0.126626	-1.390000
134	-0.141239	0.515539	0.304131	-1.390000
135	0.163078	0.568807	0.167598	-1.390000
136	0.087375	0.582591	0.176574	-1.390000
137	0.126776	0.540517	0.264565	-1.390000
138	0.078158	0.599383	-0.113387	-1.390000
139	-0.007386	0.614944	-0.003740	-1.390000
140	0.193245	0.565250	-0.146197	-1.390000
141	-0.034845	0.573722	-0.218754	-1.390000
142	0.213456	0.541845	0.197652	-1.390000
143	0.237960	0.551716	0.131185	-1.390000
144	0.216956	0.564923	0.109623	-1.390000
145	0.249793	0.556380	0.079179	-1.390000
146	0.209017	0.574966	-0.062858	-1.390000
147	0.149299	0.578303	-0.146629	-1.390000
148	0.313696	0.515824	0.117243	-1.390000
149	0.291329	0.496969	-0.215347	-1.390000
150	0.161971	0.533808	0.258919	-1.390000
151	0.162996	0.534320	0.257215	-1.390000
152	0.283363	0.541137	0.071424	-1.390000
153	0.406454	0.428499	0.171489	-1.390000
154	0.416914	0.448061	-0.060405	-1.390000
155	0.431802	0.431735	0.073325	-1.390000
156	0.421115	0.440608	-0.082167	-1.390000
157	0.370258	0.481320	-0.097290	-1.390000
158	0.434621	0.376312	0.218447	-1.390000
159	0.434959	0.434776	-0.002413	-1.390000
160	0.266229	0.534449	-0.147349	-1.390000
161	0.360827	0.497751	-0.016511	-1.390000
162	0.539746	0.294010	-0.021389	-1.390000
163	0.552046	0.270664	-0.014519	-1.390000
164	0.524448	0.302449	0.108183	-1.390000
165	0.358411	0.495631	0.064162	-1.390000
166	0.479857	0.371717	0.098938	-1.390000
167	0.549777	0.209616	0.178972	-1.390000
168	0.276812	0.520814	-0.174222	-1.390000
169	0.466745	0.397316	0.050148	-1.390000
170	0.439287	0.321345	-0.286339	-1.390000
171	0.476845	0.332410	-0.200867	-1.390000
172	0.474621	0.390119	-0.027693	-1.390000
173	0.566647	0.238709	-0.012440	-1.390000
174	0.506409	0.338565	-0.084550	-1.390000
175	0.286307	0.517769	-0.167834	-1.390000
176	0.316076	0.525721	0.044020	-1.390000
177	0.303439	0.510188	0.160804	-1.390000
178	0.507358	0.342627	-0.058480	-1.390000
179	0.598512	0.138195	-0.030183	-1.390000
180	0.487473	0.374957	0.001387	-1.390000
181	0.563379	0.233491	0.079439	-1.390000
182	0.405509	0.460408	0.042564	-1.390000
183	0.538041	0.268830	-0.128325	-1.390000
184	0.373309	0.453211	0.182935	-1.390000
185	0.570542	0.229530	-0.004829	-1.390000
186	0.533573	0.297653	-0.070196	-1.390000
187	0.446420	0.414309	-0.085337	-1.390000
188	0.399207	0.447863	0.135196	-1.390000
189	0.421587	0.432275	-0.116736	-1.390000
190	0.544909	0.279058	0.058532	-1.390000
191	0.504976	0.346041	-0.058990	-1.390000
192	0.549045	0.239279	-0.139713	-1.390000
193	0.446204	0.419710	0.054501	-1.390000
194	0.450998	0.413490	-0.062065	-1.390000
195	0.552623	0.269593	-0.012340	-1.390000
196	0.370227	0.488934	-0.045835	-1.390000
197	0.470721	0.297449	-0.261095	-1.390000
198	0.576642	0.205715	0.058228	-1.390000
199	0.532899	0.291171	0.097276	-1.390000
200	0.497015	0.361921	0.014638	-1.390000
201	0.438871	0.361660	-0.234136	-1.390000
202	0.383560	0.474666	-0.076152	-1.390000
203	0.551613	0.264117	-0.064730	-1.390000
204	0.454874	0.405933	0.080830	-1.390000
205	0.387385	0.437212	-0.192364	-1.390000
206	0.458975	0.406562	-0.047697	-1.390000
207	0.552659	0.256968	-0.082225	-1.390000
208	0.478660	0.369875	-0.110914	-1.390000
209	0.549826	0.268412	-0.062217	-1.390000
210	0.408249	0.437411	-0.142230	-1.390000
211	0.418675	0.154827	-0.423042	-1.390000
212	0.362110	0.431059	-0.247566	-1.390000
213	0.231755	0.484955	-0.298886	-1.390000
214	0.055341	0.606599	0.084850	-1.390000
215	-0.023034	0.613367	-0.038405	-1.390000
216	-0.052074	0.607986	0.076591	-1.390000
217	-0.029366	0.597816	0.141348	-1.390000
218	-0.153118	0.522800	0.285412	-1.390000
219	-0.175075	0.572272	0.141700	-1.390000
220	-0.152655	0.577357	-0.146900	-1.390000
221	-0.089321	0.603729	-0.075882	-1.390000
222	-0.142832	0.585753	-0.121313	-1.390000
223	-0.079471	0.577311	0.196524	-1.390000
224	-0.105038	0.573888	0.194538	-1.390000
225	-0.017902	0.604616	0.111102	-1.390000
226	0.026396	0.607015	-0.095189	-1.390000
227	-0.162017	0.593242	0.006263	-1.390000
228	-0.055439	0.610148	0.053584	-1.390000
229	0.003723	0.607305	0.096911	-1.390000
230	-0.114255	0.590358	-0.129027	-1.390000
231	-0.066487	0.551814	-0.263259	-1.390000
232	-0.061586	0.593774	0.147865	-1.390000
233	0.180582	0.566924	0.155605	-1.390000
234	0.146039	0.590761	0.088876	-1.390000
235	0.069251	0.611073	0.004367	-1.390000
236	0.112395	0.598099	0.088713	-1.390000
237	0.180974	0.580120	-0.094523	-1.390000
238	0.082732	0.609361	0.007707	-1.390000
239	0.353979	0.500844	-0.045589	-1.390000
240	-0.191667	0.479088	-0.334610	-1.390000
241	0.215076	0.574268	0.046732	-1.390000
242	0.129925	0.532772	0.278385	-1.390000
243	0.152519	0.595634	-0.013549	-1.390000
244	0.175298	0.589431	-0.008180	-1.390000
245	0.125334	0.598577	0.064978	-1.390000
246	0.220987	0.568177	-0.081025	-1.390000
247	0.339689	0.503333	0.097431	-1.390000
248	0.391732	0.473155	0.029930	-1.390000
249	0.126458	0.581983	-0.153393	-1.390000
250	0.187355	0.548899	0.204532	-1.390000
251	0.234617	0.564555	0.066763	-1.390000
252	0.237188	0.565148	-0.050741	-1.390000
253	0.402227	0.443910	0.139221	-1.390000
254	0.193785	0.581265	0.052943	-1.390000
255	0.399644	0.410293	-0.223985	-1.390000
256	0.432586	0.437091	-0.006750	-1.390000
257	0.465911	0.388254	-0.102033	-1.390000
258	0.479278	0.373230	-0.096006	-1.390000
259	0.392349	0.458246	0.119571	-1.390000
260	0.452929	0.415984	-0.006130	-1.390000
261	0.475251	0.387123	0.049974	-1.390000
262	0.315705	0.527287	-0.022893	-1.390000
263	0.488476	0.373105	0.020218	-1.390000
264	0.524760	0.298618	-0.116960	-1.390000
265	0.387813	0.418765	-0.229047	-1.390000
266	0.378483	0.480062	0.067203	-1.390000
267	0.541579	0.277052	-0.090326	-1.390000
268	0.243462	0.493814	0.274042	-1.390000
269	0.412756	0.451858	-0.060676	-1.390000
270	0.471409	0.394322	0.022554	-1.390000
271	0.271094	0.539019	-0.119127	-1.390000
272	0.347601	0.499551	-0.088587	-1.390000
273	0.450426	0.321274	-0.268560	-1.390000
274	0.521003	0.305947	0.114795	-1.390000
275	0.540424	0.293249	0.013096	-1.390000
276	0.460608	0.403006	0.060427	-1.390000
277	0.463672	0.403759	0.014544	-1.390000
278	0.473289	0.382297	0.089842	-1.390000
279	0.418353	0.447330	-0.055694	-1.390000
280	0.370829	0.488582	-0.044701	-1.390000
281	0.413977	0.439399	-0.117375	-1.390000
282	0.587856	0.081809	0.161114	-1.390000
283	0.538082	0.294209	-0.046192	-1.390000
284	0.506433	0.336395	-0.092676	-1.390000
285	0.593545	0.081162	-0.139076	-1.390000
286	0.364213	0.406999	-0.282711	-1.390000
287	0.486998	0.375330	-0.013619	-1.390000
288	0.516481	0.333870	0.001778	-1.390000
289	0.584498	0.183853	-0.052781	-1.390000
290	0.513463	0.336616	-0.035643	-1.390000
291	0.487582	0.364821	0.085991	-1.390000
292	0.600322	0.093715	-0.095161	-1.390000
293	0.464786	0.396996	-0.067773	-1.390000
294	0.488444	0.348932	-0.133767	-1.390000
295	0.329437	0.519322	-0.000452	-1.390000
296	0.559886	0.240994	-0.081696	-1.390000
297	0.558560	0.257362	0.000785	-1.390000
298	0.529048	0.265734	-0.166488	-1.390000
299	0.559787	0.254621	-0.005594	-1.390000
300	0.469937	0.393904	-0.047161	-1.390000
301	0.487197	0.347648	-0.141439	-1.390000
302	0.486094	0.374726	-0.038959	-1.390000
303	0.588063	0.146070	-0.105214	-1.390000
304	0.542440	0.141427	-0.252948	-1.390000
305	0.510643	0.231218	-0.252996	-1.390000
306	0.521709	0.303429	-0.118219	-1.390000
307	0.547573	0.240993	-0.142515	-1.390000
308	0.451442	0.393712	0.139343	-1.390000
309	0.479481	0.372595	-0.097447	-1.390000
310	0.413669	0.395669	-0.224832	-1.390000
311	0.343409	0.510046	-0.012179	-1.390000
312	0.345983	0.463662	-0.208659	-1.390000
313	0.569196	0.195933	-0.125903	-1.390000
314	0.563746	0.245786	0.002180	-1.390000
315	0.595946	0.151629	-0.009056	-1.390000
316	0.462882	0.346834	-0.208978	-1.390000
317	0.428017	0.368688	-0.243096	-1.390000
318	0.435779	0.355427	-0.248983	-1.390000
319	0.426333	0.433440	-0.092712	-1.390000
320	0.319447	0.486513	-0.198706	-1.390000
321	0.173198	0.550289	-0.213095	-1.390000
322	0.105653	0.605668	0.015116	-1.390000
323	0.054774	0.591603	-0.158842	-1.390000
324	-0.238758	0.552560	0.126081	-1.390000
325	-0.269073	0.534872	0.140487	-1.390000
326	-0.276872	0.498808	0.229690	-1.390000
327	-0.106884	0.604280	-0.040578	-1.390000
328	-0.229179	0.514317	-0.247345	-1.390000
329	-0.136611	0.570625	0.184255	-1.390000
330	-0.076837	0.595167	0.134526	-1.390000
331	0.012654	0.581588	0.199550	-1.390000
332	-0.142979	0.546033	0.244193	-1.390000
333	-0.092703	0.579274	0.184589	-1.390000
334	-0.226894	0.533197	0.206023	-1.390000
335	-0.099580	0.606310	0.026410	-1.390000
336	0.215865	0.570566	-0.077983	-1.390000
337	-0.037451	0.579954	-0.201187	-1.390000
338	-0.022492	0.606584	0.098868	-1.390000
339	0.198705	0.573257	0.100586	-1.390000
340	-0.079948	0.601537	0.099932	-1.390000
341	-0.008153	0.614911	0.006595	-1.390000
342	0.309676	0.529725	0.041443	-1.390000
343	0.016173	0.609829	0.077925	-1.390000
344	-0.040194	0.596927	-0.142435	-1.390000
345	0.144252	0.576842	-0.157067	-1.390000
346	0.127783	0.592258	0.105486	-1.390000
347	0.312140	0.529900	0.000342	-1.390000
348	0.200976	0.547635	0.194756	-1.390000
349	0.099948	0.602707	0.070569	-1.390000
350	-0.171594	0.590176	-0.021747	-1.390000
351	0.192413	0.580696	0.063202	-1.390000
352	0.198866	0.568934	-0.122439	-1.390000
353	0.256900	0.471399	-0.300017	-1.390000
354	-0.029751	0.577757	0.208654	-1.390000
355	0.234942	0.541611	-0.172291	-1.390000
356	0.222576	0.567915	0.078465	-1.390000
357	0.378780	0.444725	0.192276	-1.390000
358	0.396878	0.462393	-0.083100	-1.390000
359	0.253630	0.555219	-0.075024	-1.390000
360	0.254264	0.552825	-0.089215	-1.390000
361	0.286463	0.519566	-0.161910	-1.390000
362	0.322274	0.517479	0.081120	-1.390000
363	0.390041	0.470388	0.069480	-1.390000
364	0.224121	0.563025	-0.104871	-1.390000
365	0.346969	0.495634	-0.110382	-1.390000
366	0.434301	0.391636	-0.190338	-1.390000
367	0.491996	0.368994	0.002871	-1.390000
368	0.516619	0.208611	-0.260405	-1.390000
369	0.423334	0.421635	0.145731	-1.390000
370	0.437004	0.431235	0.035904	-1.390000
371	0.531320	0.287171	0.116001	-1.390000
372	0.349514	0.496178	0.099363	-1.390000
373	0.321712	0.522290	-0.044045	-1.390000
374	0.608680	0.067319	-0.056586	-1.390000
375	0.534527	0.303822	-0.014079	-1.390000
376	0.480294	0.361271	-0.130484	-1.390000
377	0.515130	0.294675	-0.161346	-1.390000
378	0.438335	0.426321	0.065864	-1.390000
379	0.428142	0.406679	-0.171847	-1.390000
380	0.488042	0.358742	-0.106507	-1.390000
381	0.414697	0.421677	0.168642	-1.390000
382	0.512808	0.339383	0.008536	-1.390000
383	0.538646	0.253941	0.153619	-1.390000
384	0.443130	0.424367	0.042108	-1.390000
385	0.522805	0.300422	-0.121022	-1.390000
386	0.414869	0.450867	0.053173	-1.390000
387	0.446506	0.419770	-0.051479	-1.390000
388	0.450721	0.392142	-0.145945	-1.390000
389	0.416111	0.444277	-0.087716	-1.390000
390	0.438986	0.425492	-0.066875	-1.390000
391	0.519250	0.273450	0.183928	-1.390000
392	0.516111	0.322101	0.090029	-1.390000
393	0.586921	0.087343	-0.161618	-1.390000
394	0.512498	0.309128	-0.141460	-1.390000
395	0.552285	0.259642	-0.076105	-1.390000
396	0.494238	0.365994	-0.001433	-1.390000
397	0.503227	0.349866	-0.050802	-1.390000
398	0.566052	0.231267	-0.065767	-1.390000
399	0.549751	0.273919	-0.031093	-1.390000
400	0.556338	0.256836	0.052424	-1.390000
401	0.441873	0.398162	-0.156335	-1.390000
402	0.565891	0.225163	-0.085408	-1.390000
403	0.545607	0.236857	-0.156322	-1.390000
404	0.492606	0.347674	-0.121189	-1.390000
405	0.483083	0.380206	0.017293	-1.390000
406	0.493919	0.363253	-0.048121	-1.390000
407	0.522409	0.302734	0.116901	-1.390000
408	0.406530	0.392209	-0.243169	-1.390000
409	0.431468	0.436991	-0.033161	-1.390000
410	0.536441	0.300549	-0.011229	-1.390000
411	0.537559	0.262138	-0.143312	-1.390000
412	0.397132	0.438413	-0.168242	-1.390000
413	0.376542	0.404787	-0.269423	-1.390000
414	0.495097	0.345956	-0.115835	-1.390000
415	0.510692	0.341233	-0.031284	-1.390000
416	0.516636	0.331107	-0.040999	-1.390000
417	0.318215	0.499808	-0.164793	-1.390000
418	0.547278	0.194962	0.201747	-1.390000
419	0.587808	0.158199	-0.087634	-1.390000
420	0.480096	0.336732	-0.185322	-1.390000
421	0.450117	0.308046	-0.284125	-1.390000
422	0.517649	0.235737	-0.233865	-1.390000
423	0.417780	0.352157	-0.282259	-1.390000
424	0.281790	0.546580	-0.008336	-1.390000
425	0.208749	0.516777	-0.259981	-1.390000
426	0.204274	0.575620	0.071828	-1.390000
427	-0.172660	0.553542	0.204950	-1.390000
428	-0.041286	0.612791	0.031744	-1.390000
429	-0.202037	0.535303	0.225515	-1.390000
430	-0.112888	0.595812	0.102419	-1.390000
431	-0.075468	0.607840	0.055318	-1.390000
432	0.170547	0.576636	-0.128954	-1.390000
433	0.144364	0.589064	-0.101921	-1.390000
434	-0.159466	0.582424	0.116525	-1.390000
435	-0.172745	0.587538	-0.056415	-1.390000
436	-0.018591	0.594628	0.155874	-1.390000
437	-0.135959	0.598926	0.032052	-1.390000
438	-0.170055	0.567113	0.166401	-1.390000
439	-0.129529	0.594006	0.092759	-1.390000
440	-0.051726	0.599059	-0.129143	-1.390000
441	-0.001229	0.585067	-0.189527	-1.390000
442	-0.127221	0.574369	-0.179276	-1.390000
443	-0.043036	0.512142	-0.337762	-1.390000
444	0.142602	0.567652	0.188842	-1.390000
445	0.025691	0.613763	-0.029328	-1.390000
446	-0.020118	0.612309	0.053837	-1.390000
447	0.003329	0.607677	0.094565	-1.390000
448	-0.068453	0.611172	-0.002831	-1.390000
449	0.049434	0.609392	-0.066503	-1.390000
450	0.017369	0.559765	-0.254138	-1.390000
451	-0.063103	0.596408	-0.136162	-1.390000
452	0.004334	0.558237	-0.258027	-1.390000
453	0.132377	0.598862	0.045449	-1.390000
454	0.160784	0.590509	0.060605	-1.390000
455	0.192191	0.583104	-0.035744	-1.390000
456	0.017293	0.613989	-0.030707	-1.390000
457	0.041365	0.562018	0.246272	-1.390000
458	0.088284	0.600220	0.100830	-1.390000
459	0.279681	0.547705	-0.004794	-1.390000
460	0.339894	0.492961	-0.140309	-1.390000
461	0.087214	0.593784	-0.134310	-1.390000
462	0.208775	0.548868	0.182707	-1.390000
463	0.231536	0.568463	-0.038284	-1.390000
464	0.151342	0.590647	-0.080354	-1.390000
465	0.372040	0.485618	-0.063138	-1.390000
466	0.347337	0.496366	-0.105845	-1.390000
467	0.403790	0.444960	-0.131111	-1.390000
468	0.189968	0.576179	-0.100771	-1.390000
469	0.346422	0.492780	-0.124035	-1.390000
470	0.398730	0.306378	-0.354079	-1.390000
471	0.233905	0.567819	0.033094	-1.390000
472	0.353060	0.487461	0.126314	-1.390000
473	0.412687	0.453792	-0.044579	-1.390000
474	0.240950	0.536764	-0.179033	-1.390000
475	0.416705	0.414239	-0.181625	-1.390000
476	0.387807	0.361288	-0.311932	-1.390000
477	0.566639	0.163892	-0.174024	-1.390000
478	0.545694	0.275166	-0.068754	-1.390000
479	0.529143	0.298950	-0.094138	-1.390000
480	0.465085	0.370573	0.156835	-1.390000
481	0.385995	0.478760	0.004588	-1.390000
482	0.322398	0.523276	0.021614	-1.390000
483	0.422508	0.445273	0.038004	-1.390000
484	0.444143	0.425381	0.003656	-1.390000
485	0.402801	0.464730	-0.001422	-1.390000
486	0.446266	0.409419	-0.106992	-1.390000
487	0.530623	0.259952	-0.170557	-1.390000
488	0.490307	0.308851	-0.205997	-1.390000
489	0.418631	0.450324	0.013493	-1.390000
490	0.363592	0.482727	0.114018	-1.390000
491	0.504751	0.346717	-0.056909	-1.390000
492	0.396966	0.452040	0.127682	-1.390000
493	0.485850	0.374777	-0.041437	-1.390000
494	0.545185	0.276107	0.069014	-1.390000
495	0.577927	0.207317	-0.035287	-1.390000
496	0.597238	0.138896	0.047321	-1.390000
497	0.568447	0.191693	-0.135449	-1.390000
498	0.416795	0.442874	0.091485	-1.390000
499	0.518427	0.328308	-0.040902	-1.390000
500	0.545601	0.224050	-0.174201	-1.390000
501	0.448730	0.380499	-0.179127	-1.390000
502	0.458308	0.397132	-0.102297	-1.390000
503	0.534728	0.241753	0.183975	-1.390000
504	0.448499	0.412752	-0.081912	-1.390000
505	0.509148	0.329310	-0.102703	-1.390000
506	0.561669	0.063667	-0.242279	-1.390000
507	0.554130	0.251313	-0.089479	-1.390000
508	0.581756	0.185310	-0.073791	-1.390000
509	0.484100	0.351838	-0.141712	-1.390000
510	0.551897	0.253753	-0.096147	-1.390000
511	0.489798	0.371907	0.002751	-1.390000
512	0.523878	0.280365	-0.158656	-1.390000
513	0.526095	0.305854	-0.088899	-1.390000
514	0.585434	0.182852	-0.045350	-1.390000
515	0.497143	0.355164	-0.070231	-1.390000
516	0.571348	0.211078	-0.085046	-1.390000
517	0.573074	0.202975	-0.092804	-1.390000
518	0.547686	0.123981	-0.250787	-1.390000
519	0.589879	0.155293	-0.078433	-1.390000
520	0.580872	0.200849	-0.021740	-1.390000
521	0.459639	0.381196	-0.147129	-1.390000
522	0.452244	0.396692	-0.127813	-1.390000
523	0.410520	0.454794	0.053483	-1.390000
524	0.434030	0.334532	-0.279162	-1.390000
525	0.572810	0.017710	-0.223158	-1.390000
526	0.578782	0.203877	-0.040881	-1.390000
527	0.564498	0.225274	-0.093909	-1.390000
528	0.489256	0.334798	-0.163598	-1.390000
529	0.542742	0.279591	-0.074063	-1.390000
530	0.456737	0.375847	-0.168390	-1.390000
531	0.492247	0.286741	-0.231728	-1.390000
532	0.419085	0.449961	0.011292	-1.390000
533	0.383039	0.474868	0.077501	-1.390000
534	0.576065	0.202813	0.072392	-1.390000
535	0.561972	0.212203	0.131841	-1.390000
536	0.498537	0.260126	-0.249040	-1.390000
537	0.502637	0.354081	-0.014435	-1.390000
538	0.414021	0.425990	-0.159198	-1.390000
539	0.410291	0.451986	-0.074801	-1.390000
540	0.329656	0.517290	0.044300	-1.390000
541	0.291002	0.523211	-0.140686	-1.390000
542	0.309884	0.503522	-0.169299	-1.390000
543	-0.012539	0.606578	0.100650	-1.390000
544	-0.000708	0.586640	0.184602	-1.390000
545	-0.132931	0.583182	0.143016	-1.390000
546	-0.081893	0.606817	0.057369	-1.390000
547	-0.087793	0.520985	0.314789	-1.390000
548	-0.041495	0.611030	0.056090	-1.390000
549	-0.207263	0.502721	-0.287296	-1.390000
550	-0.180504	0.583470	-0.072153	-1.390000
551	-0.073133	0.591422	0.151974	-1.390000
552	-0.085096	0.595319	0.128758	-1.390000
553	0.048595	0.610948	0.051047	-1.390000
554	-0.232902	0.552420	0.137163	-1.390000
555	-0.019869	0.614281	-0.022103	-1.390000
556	0.221158	0.545927	-0.176855	-1.390000
557	0.030144	0.538097	-0.296256	-1.390000
558	0.016502	0.532181	-0.307792	-1.390000
559	-0.034809	0.612792	0.038726	-1.390000
560	0.155764	0.594166	0.030474	-1.390000
561	-0.065229	0.608219	0.063563	-1.390000
562	0.132906	0.600358	0.011480	-1.390000
563	-0.018572	0.614022	-0.029282	-1.390000
564	0.149447	0.590327	0.086047	-1.390000
565	0.065214	0.586581	-0.172903	-1.390000
566	0.249744	0.539816	-0.156371	-1.390000
567	0.136629	0.532866	0.274974	-1.390000
568	0.246646	0.552723	-0.109034	-1.390000
569	0.211998	0.577037	0.017622	-1.390000
570	0.089985	0.607459	-0.033483	-1.390000
571	0.061629	0.611875	-0.005964	-1.390000
572	0.328078	0.483986	-0.190648	-1.390000
573	0.197869	0.582267	-0.006174	-1.390000
574	0.338705	0.504857	-0.092863	-1.390000
575	0.182055	0.584766	0.055939	-1.390000
576	0.218511	0.545274	-0.182084	-1.390000
577	0.250365	0.537566	-0.162987	-1.390000
578	0.264382	0.543885	-0.111875	-1.390000
579	0.381560	0.449933	-0.173773	-1.390000
580	0.443038	0.426459	0.008689	-1.390000
581	0.409458	0.437530	-0.138337	-1.390000
582	0.538341	0.292207	-0.055041	-1.390000
583	0.509979	0.290108	-0.184347	-1.390000
584	0.345605	0.488796	0.140928	-1.390000
585	0.383675	0.479042	0.039203	-1.390000
586	0.339134	0.509769	0.057870	-1.390000
587	0.437852	0.390619	-0.184194	-1.390000
588	0.530758	0.289991	-0.111473	-1.390000
589	0.584756	0.143717	-0.125022	-1.390000
590	0.550264	0.226444	0.155428	-1.390000
591	0.447441	0.418999	0.049615	-1.390000
592	0.426503	0.433578	0.091273	-1.390000
593	0.498840	0.342195	-0.110841	-1.390000
594	0.399387	0.467526	0.011597	-1.390000
595	0.305705	0.533626	0.003606	-1.390000
596	0.552197	0.250733	0.102160	-1.390000
597	0.539442	0.293815	-0.030000	-1.390000
598	0.569299	0.216284	0.085704	-1.390000
599	0.314236	0.527606	-0.033359	-1.390000
600	0.432568	0.417682	-0.129042	-1.390000
601	0.493909	0.311977	0.192223	-1.390000
602	0.463372	0.400527	-0.055587	-1.390000
603	0.494329	0.346337	0.117958	-1.390000
604	0.584024	0.189369	0.035783	-1.390000
605	0.536158	0.300254	-0.024655	-1.390000
606	0.568367	0.223076	-0.073626	-1.390000
607	0.517591	0.325639	-0.065452	-1.390000
608	0.533053	0.292423	-0.092562	-1.390000
609	0.365977	0.451925	-0.200124	-1.390000
610	0.498115	0.344685	-0.106296	-1.390000
611	0.570959	0.220332	0.060698	-1.390000
612	0.500539	0.356802	0.019448	-1.390000
613	0.514752	0.317118	-0.112659	-1.390000
614	0.476199	0.386693	-0.043904	-1.390000
615	0.529826	0.302752	-0.076489	-1.390000
616	0.508599	0.278781	-0.204533	-1.390000
617	0.517381	0.329679	-0.043054	-1.390000
618	0.554904	0.262295	-0.038830	-1.390000
619	0.526751	0.303393	0.093337	-1.390000
620	0.375717	0.484644	-0.046719	-1.390000
621	0.533365	0.306132	0.005466	-1.390000
622	0.428501	0.432308	-0.087875	-1.390000
623	0.571549	0.223151	-0.041955	-1.390000
624	0.561427	0.215775	-0.128318	-1.390000
625	0.571050	0.226237	-0.030716	-1.390000
626	0.567076	0.205497	-0.120089	-1.390000
627	0.441459	0.365739	-0.222652	-1.390000
628	0.337089	0.472199	-0.204019	-1.390000
629	0.394978	0.470708	-0.025519	-1.390000
630	0.411840	0.451341	0.070026	-1.390000
631	0.608222	0.046170	0.078483	-1.390000
632	0.598308	0.142020	0.009073	-1.390000
633	0.550903	0.251331	-0.107531	-1.390000
634	0.563144	0.206988	-0.135094	-1.390000
635	0.342052	0.388002	-0.332686	-1.390000
636	0.442454	0.425745	-0.034657	-1.390000
637	0.423498	0.433777	-0.103498	-1.390000
638	0.354683	0.436426	-0.248911	-1.390000
639	-0.092822	0.598963	0.104174	-1.390000
640	-0.078808	0.601003	0.103970	-1.390000
641	-0.163631	0.587532	0.079097	-1.390000
642	-0.170231	0.578001	0.123131	-1.390000
643	-0.036810	0.536745	0.297951	-1.390000
644	-0.125005	0.592984	-0.104731	-1.390000
645	-0.137529	0.539300	-0.261661	-1.390000
646	-0.319724	0.515235	-0.102637	-1.390000
647	-0.137493	0.584396	-0.133422	-1.390000
648	-0.073069	0.606174	-0.073749	-1.390000
649	-0.030796	0.614105	-0.012310	-1.390000
650	0.017671	0.614632	0.011821	-1.390000
651	0.099428	0.516122	0.319307	-1.390000
652	-0.060979	0.603090	-0.103867	-1.390000
653	0.120602	0.603006	-0.008009	-1.390000
654	-0.025179	0.533036	-0.305717	-1.390000
655	0.026123	0.422259	-0.446363	-1.390000
656	-0.056073	0.602685	-0.108865	-1.390000
657	-0.085447	0.607468	0.043664	-1.390000
658	-0.043637	0.612815	0.027897	-1.390000
659	-0.030318	0.614210	0.007234	-1.390000
660	0.186123	0.585969	0.014957	-1.390000
661	0.221217	0.571426	0.052535	-1.390000
662	0.041136	0.611782	0.047492	-1.390000
663	-0.074784	0.606065	-0.072924	-1.390000
664	0.197664	0.504403	-0.291087	-1.390000
665	-0.049260	0.612144	-0.032832	-1.390000
666	0.003796	0.534725	0.303776	-1.390000
667	0.255268	0.549077	0.107601	-1.390000
668	0.200377	0.577791	-0.065048	-1.390000
669	0.177224	0.587517	0.040506	-1.390000
670	0.205911	0.576192	0.061874	-1.390000
671	0.329909	0.510967	0.091090	-1.390000
672	0.179774	0.561879	0.173778	-1.390000
673	0.321940	0.522324	-0.041922	-1.390000
674	0.357831	0.489466	-0.102980	-1.390000
675	0.381635	0.473131	-0.093419	-1.390000
676	0.188780	0.535611	0.236025	-1.390000
677	0.121726	0.595520	-0.093615	-1.390000
678	0.258770	0.557525	0.020722	-1.390000
679	0.270017	0.527035	-0.165982	-1.390000
680	0.288081	0.474178	-0.265310	-1.390000
681	0.497205	0.357175	0.058643	-1.390000
682	0.514316	0.196738	-0.273858	-1.390000
683	0.412534	0.428412	0.156537	-1.390000
684	0.441793	0.418589	-0.088470	-1.390000
685	0.247704	0.561954	-0.032797	-1.390000
686	0.277429	0.548869	0.001135	-1.390000
687	0.318627	0.521202	-0.071064	-1.390000
688	0.446410	0.348254	-0.240128	-1.390000
689	0.451745	0.311225	-0.278012	-1.390000
690	0.537880	0.271717	-0.122800	-1.390000
691	0.606990	0.084952	0.050704	-1.390000
692	0.606562	0.001581	-0.101513	-1.390000
693	0.196329	0.573003	0.106522	-1.390000
694	0.259710	0.556762	-0.028138	-1.390000
695	0.395693	0.470461	-0.017845	-1.390000
696	0.592714	0.094884	-0.133837	-1.390000
697	0.276960	0.523216	-0.166624	-1.390000
698	0.422427	0.389260	0.219674	-1.390000
699	0.548162	0.251201	-0.121003	-1.390000
700	0.573036	0.210935	0.073216	-1.390000
701	0.329516	0.506639	-0.113850	-1.390000
702	0.413441	0.455191	0.009607	-1.390000
703	0.455183	0.395313	0.121494	-1.390000
704	0.492075	0.368882	-0.003623	-1.390000
705	0.499571	0.358608	-0.007344	-1.390000
706	0.545813	0.280302	0.041760	-1.390000
707	0.557078	0.119485	0.231543	-1.390000
708	0.530264	0.254248	0.180009	-1.390000
709	0.527607	0.268408	-0.166773	-1.390000
710	0.544245	0.040154	-0.283566	-1.390000
711	0.420274	0.398242	-0.207361	-1.390000
712	0.351628	0.457318	-0.213173	-1.390000
713	0.516976	0.331815	0.029325	-1.390000
714	0.455172	0.412763	-0.025888	-1.390000
715	0.603221	0.064299	-0.101072	-1.390000
716	0.568536	0.183056	0.146567	-1.390000
717	0.485287	0.255619	0.278174	-1.390000
718	0.467511	0.370287	-0.150153	-1.390000
719	0.429257	0.419290	-0.134757	-1.390000
720	0.399070	0.328932	-0.332825	-1.390000
721	0.499215	0.198736	-0.299188	-1.390000
722	0.532067	0.291299	-0.101365	-1.390000
723	0.515094	0.308345	-0.133515	-1.390000
724	0.380976	0.399258	-0.271432	-1.390000
725	0.488522	0.370718	0.046253	-1.390000
726	0.515395	0.203741	0.266614	-1.390000
727	0.382551	0.478553	-0.053543	-1.390000
728	0.468399	0.385289	-0.101880	-1.390000
729	0.581347	-0.069121	-0.188368	-1.390000
730	0.568201	0.135224	-0.192579	-1.390000
731	0.586069	0.185308	0.020216	-1.390000
732	0.515851	0.286327	-0.173608	-1.390000
733	0.578945	0.205963	0.025035	-1.390000
734	0.460471	0.404015	-0.054437	-1.390000
735	0.405166	0.453844	0.089952	-1.390000
736	0.504620	0.348706	-0.044585	-1.390000
737	0.258424	0.466446	0.306383	-1.390000
738	0.606820	-0.095280	-0.030264	-1.390000
739	0.505475	0.342248	-0.074740	-1.390000
740	0.397901	0.365095	-0.294288	-1.390000
741	0.448014	0.420859	-0.019642	-1.390000
742	0.517345	0.221579	-0.247957	-1.390000
743	0.273112	0.457920	-0.306504	-1.390000
744	0.218307	0.506679	-0.271742	-1.390000
745	0.343088	0.380034	-0.340719	-1.390000
746	0.345856	0.506400	0.046559	-1.390000
747	-0.035467	0.491036	0.368580	-1.390000
748	-0.079584	0.590096	0.153876	-1.390000
749	-0.074131	0.606948	-0.065910	-1.390000
750	-0.070994	0.602737	0.099466	-1.390000
751	-0.212374	0.568323	-0.100652	-1.390000
752	-0.290472	0.436203	0.321835	-1.390000
753	-0.015469	0.595343	0.153468	-1.390000
754	-0.089595	0.608252	-0.015062	-1.390000
755	-0.018681	0.613989	0.029901	-1.390000
756	0.037446	0.591252	0.165058	-1.390000
757	-0.033390	0.533261	0.304537	-1.390000
758	-0.154022	0.594807	0.026576	-1.390000
759	0.093744	0.599949	0.097456	-1.390000
760	-0.002198	0.588178	-0.179630	-1.390000
761	-0.043381	0.525195	-0.317039	-1.390000
762	-0.206822	0.470037	-0.338401	-1.390000
763	-0.084228	0.608735	-0.023923	-1.390000
764	-0.063500	0.609809	0.048229	-1.390000
765	0.048769	0.611602	-0.042309	-1.390000
766	0.004981	0.614290	0.029122	-1.390000
767	0.029573	0.600511	-0.129369	-1.390000
768	-0.009336	0.604586	0.112309	-1.390000
769	0.076676	0.562851	-0.235678	-1.390000
770	-0.001136	0.529284	-0.313181	-1.390000
771	-0.101335	0.597311	-0.105716	-1.390000
772	0.128090	0.595645	-0.083817	-1.390000
773	0.375603	0.486952	-0.005073	-1.390000
774	0.091736	0.585728	0.163499	-1.390000
775	-0.018459	0.597265	-0.145459	-1.390000
776	0.300631	0.533169	-0.059807	-1.390000
777	0.373805	0.484196	-0.063629	-1.390000
778	0.109087	0.601067	0.071015	-1.390000
779	0.123871	0.574498	0.181200	-1.390000
780	0.094227	0.536925	-0.284707	-1.390000
781	0.001451	0.605024	-0.110313	-1.390000
782	0.335797	0.494631	0.144242	-1.390000
783	0.413210	0.444758	-0.098349	-1.390000
784	0.238078	0.515289	-0.236689	-1.390000
785	0.281880	0.545315	0.037414	-1.390000
786	0.428879	0.430900	0.092806	-1.390000
787	0.322489	0.521816	-0.043978	-1.390000
788	0.128580	0.599709	0.045174	-1.390000
789	0.301122	0.533938	0.049605	-1.390000
790	0.290259	0.541579	0.025814	-1.390000
791	0.494169	0.217018	-0.294830	-1.390000
792	0.344831	0.469774	-0.196544	-1.390000
793	0.594775	0.144294	-0.060384	-1.390000
794	0.563144	0.211236	-0.128350	-1.390000
795	0.368782	0.402467	-0.283275	-1.390000
796	0.375516	0.478709	0.089726	-1.390000
797	0.457610	0.409529	0.033238	-1.390000
798	0.405220	0.427169	-0.177619	-1.390000
799	0.392671	0.448243	-0.152028	-1.390000
800	0.499544	0.351171	-0.073213	-1.390000
801	0.576541	0.206790	-0.055349	-1.390000
802	0.598749	0.067478	-0.123173	-1.390000
803	0.332811	0.499400	-0.134393	-1.390000
804	0.367050	0.471337	-0.146082	-1.390000
805	0.525232	0.315527	-0.052902	-1.390000
806	0.549363	0.258090	-0.099067	-1.390000
807	0.582182	0.171716	-0.099009	-1.390000
808	0.432554	0.353982	0.256551	-1.390000
809	0.451003	0.404395	-0.106235	-1.390000
810	0.594520	0.143265	0.065163	-1.390000
811	0.447145	0.406724	-0.113412	-1.390000
812	0.487696	0.350403	0.132649	-1.390000
813	0.571559	0.199101	-0.109106	-1.390000
814	0.554758	0.251396	-0.085257	-1.390000
815	0.592773	0.163242	0.014036	-1.390000
816	0.532723	0.302982	-0.051313	-1.390000
817	0.322791	0.521624	-0.044033	-1.390000
818	0.550822	0.241989	-0.127519	-1.390000
819	0.298168	0.492482	-0.216294	-1.390000
820	0.466051	0.359639	-0.177994	-1.390000
821	0.534231	0.281123	-0.117439	-1.390000
822	0.513102	0.309699	-0.137978	-1.390000
823	0.493169	0.349345	0.113874	-1.390000
824	0.606342	0.045833	0.092052	-1.390000
825	0.507253	0.330016	0.109584	-1.390000
826	0.332244	0.505658	0.110221	-1.390000
827	0.553907	0.265615	-0.029338	-1.390000
828	0.564829	0.180614	-0.163009	-1.390000
829	0.472627	0.385255	-0.080169	-1.390000
830	0.522129	0.324624	-0.014994	-1.390000
831	0.430131	0.439125	0.019542	-1.390000
832	0.578284	0.191240	-0.085085	-1.390000
833	0.514201	0.316739	0.116185	-1.390000
834	0.341448	0.510869	-0.025527	-1.390000
835	0.510260	0.192074	-0.284548	-1.390000
836	0.399689	0.418332	-0.208498	-1.390000
837	0.551858	0.271429	-0.001982	-1.390000
838	0.487307	0.277782	-0.252179	-1.390000
839	0.423947	0.220767	-0.386983	-1.390000
840	0.465023	0.373307	-0.150400	-1.390000
841	0.512862	0.339144	0.013372	-1.390000
842	0.378511	0.480299	0.065326	-1.390000
843	0.529075	0.229637	0.213475	-1.390000
844	0.520436	0.260756	-0.198439	-1.390000
845	0.522441	0.280672	-0.162799	-1.390000
846	0.555427	0.089976	-0.248254	-1.390000
847	0.271287	0.507583	-0.216766	-1.390000
848	0.427564	0.440405	-0.038187	-1.390000
849	0.122043	0.602509	-0.017696	-1.390000
850	0.483715	0.331526	-0.185297	-1.390000
