1	0.472576	-0.390716	-0.047308	0.380000
2	0.600867	0.044059	0.123460	0.380000
3	0.479555	0.255034	0.288461	0.380000
4	0.582895	-0.188905	0.052665	0.380000
5	0.519636	0.241281	-0.223578	0.380000
6	0.486293	0.080560	-0.367769	0.380000
7	0.607485	0.033409	0.089837	0.380000
8	0.596269	0.149596	-0.017581	0.380000
9	0.578074	-0.187842	0.093652	0.380000
10	0.513085	0.337668	0.030815	0.380000
11	0.601909	0.111925	0.058339	0.380000
12	0.592261	-0.071476	-0.149475	0.380000
13	0.609346	0.081712	0.015686	0.380000
14	0.610515	0.073707	0.007942	0.380000
15	0.595201	0.023568	-0.152987	0.380000
16	0.592858	0.139376	-0.085549	0.380000
17	0.609433	-0.023980	-0.079004	0.380000
18	0.588132	-0.073287	0.164180	0.380000
19	0.578839	-0.146490	-0.147349	0.380000
20	0.561988	0.210953	0.133765	0.380000
21	0.551458	0.266960	-0.053393	0.380000
22	0.608580	0.030274	0.083303	0.380000
23	0.582746	0.196499	0.004457	0.380000
24	0.560049	-0.190668	0.167975	0.380000
25	0.462357	0.073051	0.398892	0.380000
26	0.593383	-0.158017	0.033948	0.380000
27	0.577666	0.066364	-0.200306	0.380000
28	0.613466	-0.029315	0.032007	0.380000
29	0.580488	0.189933	0.071997	0.380000
30	0.573190	0.058145	0.215168	0.380000
31	0.590904	-0.011211	0.170095	0.380000
32	0.591106	0.092571	0.142300	0.380000
33	0.581570	0.141560	0.141289	0.380000
34	0.602414	-0.113932	-0.048388	0.380000
35	0.576327	-0.015238	-0.214102	0.380000
36	0.605170	-0.083829	-0.070481	0.380000
37	0.590072	-0.002139	0.173309	0.380000
38	0.609526	-0.017884	-0.079895	0.380000
39	0.595667	-0.042106	0.147083	0.380000
40	0.589345	0.056753	0.166362	0.380000
41	0.583702	-0.170757	0.091427	0.380000
42	0.601177	0.129613	0.003470	0.380000
43	0.605772	0.097447	0.042066	0.380000
44	0.525672	-0.198168	0.250247	0.380000
45	0.412740	-0.264308	0.371500	0.380000
46	0.607605	0.009364	-0.094622	0.380000
47	0.612829	-0.040397	-0.032155	0.380000
48	0.564508	-0.018784	0.243317	0.380000
49	0.604050	0.070309	0.091683	0.380000
50	0.594820	-0.130131	0.086484	0.380000
51	0.589846	0.169576	0.039385	0.380000
52	0.613254	0.043338	0.016331	0.380000
53	0.573060	-0.181449	-0.130011	0.380000
54	0.599779	-0.134162	0.022162	0.380000
55	0.605672	-0.023420	0.104103	0.380000
56	0.580331	-0.045393	-0.198444	0.380000
57	0.605784	0.008467	-0.105733	0.380000
58	0.605911	-0.086049	-0.060769	0.380000
59	0.587761	0.121072	0.134551	0.380000
60	0.613982	-0.031181	-0.016714	0.380000
61	0.611033	0.069643	0.003618	0.380000
62	0.585104	-0.031046	0.186855	0.380000
63	0.533362	-0.162156	0.259721	0.380000
64	0.574168	-0.201133	0.090008	0.380000
65	0.591784	-0.093091	-0.139108	0.380000
66	0.609532	0.013170	-0.080764	0.380000
67	0.599443	-0.134698	0.027372	0.380000
68	0.601960	0.124723	-0.017695	0.380000
69	0.600169	-0.131303	-0.027953	0.380000
70	0.557679	0.188202	-0.178324	0.380000
71	0.506653	0.169294	0.304741	0.380000
72	0.604103	-0.039799	0.108167	0.380000
73	0.526030	-0.225623	-0.224970	0.380000
74	0.577008	-0.098749	-0.188510	0.380000
75	0.601548	-0.112055	-0.061715	0.380000
76	0.602884	-0.120914	0.011656	0.380000
77	0.586649	-0.117537	0.142315	0.380000
78	0.576356	0.043492	0.210111	0.380000
79	0.583721	0.174618	-0.083687	0.380000
80	0.572629	-0.046978	0.219348	0.380000
81	0.517587	-0.269068	0.194761	0.380000
82	0.604001	0.068196	-0.093577	0.380000
83	0.549817	-0.031958	-0.273689	0.380000
84	0.571819	-0.194202	-0.116335	0.380000
85	0.591045	-0.167196	-0.030604	0.380000
86	0.591607	-0.128959	0.107682	0.380000
87	0.608526	-0.000288	0.088999	0.380000
88	0.569665	0.190222	0.132371	0.380000
89	0.523735	-0.181370	0.266517	0.380000
90	0.584401	-0.146404	0.123559	0.380000
91	0.573616	-0.112755	0.190987	0.380000
92	0.589103	-0.130023	0.119486	0.380000
93	0.591286	-0.155562	-0.066377	0.380000
94	0.608798	0.024621	-0.083567	0.380000
95	0.583401	-0.183702	0.064199	0.380000
96	0.605759	0.106188	0.002377	0.380000
97	0.607115	-0.036998	0.090927	0.380000
98	0.563449	0.232884	0.080719	0.380000
99	0.540689	0.058877	0.287079	0.380000
100	0.607438	0.060826	0.074459	0.380000
101	0.606416	-0.045423	0.091767	0.380000
102	0.592031	-0.012193	0.166059	0.380000
103	0.577932	0.194966	0.078787	0.380000
104	0.612296	-0.049069	0.030188	0.380000
105	0.601456	-0.118456	0.049433	0.380000
106	0.599861	0.039392	0.129770	0.380000
107	0.548208	-0.159011	0.228930	0.380000
108	0.564287	-0.214716	0.117057	0.380000
109	0.603548	-0.114591	-0.028704	0.380000
110	0.614995	-0.002438	0.000095	0.380000
111	0.563064	-0.235685	0.075079	0.380000
112	0.592906	0.064830	0.149950	0.380000
113	0.562835	-0.246427	-0.026763	0.380000
114	0.460382	-0.023385	0.407095	0.380000
115	0.524896	-0.301018	0.109989	0.380000
116	0.598573	-0.121357	0.072166	0.380000
117	0.602506	-0.010992	0.122846	0.380000
118	0.586537	0.145201	0.114526	0.380000
119	0.539050	0.251398	0.156362	0.380000
120	0.601835	0.102620	0.074087	0.380000
121	0.584550	0.165190	-0.096118	0.380000
122	0.554618	0.265663	-0.006856	0.380000
123	0.584730	-0.190245	0.011085	0.380000
124	0.590248	0.159207	0.066978	0.380000
125	0.584298	0.189713	-0.028813	0.380000
126	0.546829	0.084310	0.268505	0.380000
127	0.607086	0.076017	0.062398	0.380000
128	0.502944	-0.194652	0.295606	0.380000
129	0.589082	-0.101995	-0.144237	0.380000
130	0.531081	0.180171	0.252422	0.380000
131	0.603773	-0.081376	-0.084031	0.380000
132	0.588893	0.068346	0.163580	0.380000
133	0.588934	-0.042636	0.171943	0.380000
134	0.563252	0.244033	0.037689	0.380000
135	0.603940	0.109642	-0.038206	0.380000
136	0.484556	0.273048	0.262441	0.380000
137	0.585331	0.078189	-0.171754	0.380000
138	0.585145	0.125641	0.141578	0.380000
139	0.607969	-0.080111	0.046695	0.380000
140	0.548935	-0.264634	-0.082854	0.380000
141	0.586187	0.159162	-0.096318	0.380000
142	0.545414	0.280544	0.045209	0.380000
143	0.613483	0.038328	-0.019851	0.380000
144	0.611065	-0.037897	0.058209	0.380000
145	0.566273	-0.226526	0.079030	0.380000
146	0.583380	-0.070140	0.181586	0.380000
147	0.592853	0.012605	-0.163067	0.380000
148	0.603871	-0.078193	-0.086319	0.380000
149	0.555611	-0.177341	0.195121	0.380000
150	0.613937	-0.011691	-0.034205	0.380000
151	0.601088	0.103124	-0.079268	0.380000
152	0.594974	-0.069302	0.139384	0.380000
153	0.608315	0.005505	0.090266	0.380000
154	0.586551	-0.081172	0.166115	0.380000
155	0.547774	0.204551	-0.190598	0.380000
156	0.605433	-0.081903	0.070483	0.380000
157	0.597992	-0.134249	0.051067	0.380000
158	0.558148	0.015231	-0.257806	0.380000
159	0.603398	-0.013876	-0.118081	0.380000
160	0.604769	0.098015	0.053598	0.380000
161	0.595364	-0.149978	0.035680	0.380000
162	0.565475	-0.045977	-0.237379	0.380000
163	0.600008	0.053003	0.124122	0.380000
164	0.575551	-0.212818	0.040921	0.380000
165	0.511424	-0.283020	-0.191233	0.380000
166	0.572270	-0.143536	0.173578	0.380000
167	0.583754	-0.189321	0.040168	0.380000
168	0.587540	-0.143189	0.111888	0.380000
169	0.606438	-0.006522	0.102059	0.380000
170	0.585037	0.138682	0.129323	0.380000
171	0.577891	-0.208213	-0.030244	0.380000
172	0.567711	0.234261	-0.032422	0.380000
173	0.603534	-0.118169	-0.002751	0.380000
174	0.573982	-0.161543	0.150577	0.380000
175	0.593456	0.135761	0.087203	0.380000
176	0.586392	-0.161379	0.091251	0.380000
177	0.612686	-0.021746	0.048658	0.380000
178	0.599429	-0.135805	0.021606	0.380000
179	0.518767	0.267775	0.193396	0.380000
180	0.598802	0.125592	-0.062357	0.380000
181	0.538498	-0.196655	0.222646	0.380000
182	0.591701	-0.118108	-0.119020	0.380000
183	0.614980	0.002255	-0.004427	0.380000
184	0.549228	-0.272042	0.050661	0.380000
185	0.602194	0.106623	-0.064955	0.380000
186	0.591162	-0.087957	0.144971	0.380000
187	0.605401	0.094962	0.051929	0.380000
188	0.545336	0.059776	0.277958	0.380000
189	0.572126	0.054182	0.219001	0.380000
190	0.600992	-0.082012	-0.101525	0.380000
191	0.614387	-0.022683	0.015451	0.380000
192	0.555071	-0.224173	-0.140953	0.380000
193	0.512662	-0.325606	-0.096870	0.380000
194	0.601927	-0.116445	0.048475	0.380000
195	0.577689	0.145236	0.152993	0.380000
196	0.613102	0.037303	-0.030656	0.380000
197	0.569213	0.173380	0.155437	0.380000
198	0.593133	-0.157657	-0.039532	0.380000
199	0.611697	0.019432	-0.060620	0.380000
200	0.583107	0.087661	0.174718	0.380000
201	0.584475	-0.077460	0.174970	0.380000
202	0.590697	0.026486	0.169116	0.380000
203	0.596712	-0.143880	-0.038192	0.380000
204	0.611085	0.005621	0.069058	0.380000
205	0.572744	-0.172008	0.143535	0.380000
206	0.612499	-0.053162	0.015626	0.380000
207	0.611113	0.040636	0.055805	0.380000
208	0.567937	-0.217085	-0.092445	0.380000
209	0.562582	-0.029119	0.246736	0.380000
210	0.507183	-0.177896	0.298903	0.380000
211	0.540376	-0.293592	-0.004743	0.380000
212	0.592042	-0.058273	0.155933	0.380000
213	0.568839	-0.022761	0.232656	0.380000
214	0.605312	0.092152	0.057710	0.380000
215	0.604208	0.096151	0.062555	0.380000
216	0.510980	0.144213	0.310366	0.380000
217	0.613184	0.042264	-0.021084	0.380000
218	0.606799	0.083458	-0.055270	0.380000
219	0.569401	0.178791	-0.148463	0.380000
220	0.598193	0.101687	0.100250	0.380000
221	0.606850	0.045212	-0.088962	0.380000
222	0.611895	-0.049703	-0.036592	0.380000
223	0.586277	-0.103024	0.154565	0.380000
224	0.581492	0.075636	0.185396	0.380000
225	0.594272	0.050850	0.149933	0.380000
226	0.611493	0.042130	0.050264	0.380000
227	0.572399	0.224653	0.010721	0.380000
228	0.603246	-0.029351	0.116008	0.380000
229	0.608571	-0.000772	-0.088690	0.380000
230	0.608966	0.079266	-0.033193	0.380000
231	0.596621	-0.146776	0.026930	0.380000
232	0.596932	0.080885	0.123913	0.380000
233	0.599064	0.118240	-0.073258	0.380000
234	0.593909	0.159455	-0.008426	0.380000
235	0.585592	0.186012	-0.026576	0.380000
236	0.561680	0.054622	0.244453	0.380000
237	0.613878	-0.024210	-0.028159	0.380000
238	0.602926	-0.109961	-0.051123	0.380000
239	0.559148	-0.186907	-0.175056	0.380000
240	0.603763	-0.053522	-0.104069	0.380000
241	0.592847	-0.055886	-0.153733	0.380000
242	0.610852	0.047813	-0.052905	0.380000
243	0.612422	0.030782	0.047080	0.380000
244	0.613916	0.029938	0.020866	0.380000
245	0.523645	-0.227740	0.228376	0.380000
246	0.613732	0.037528	0.012220	0.380000
247	0.606552	0.033892	-0.095767	0.380000
248	0.583499	-0.193821	-0.013681	0.380000
249	0.588363	-0.172347	-0.048485	0.380000
250	0.611193	0.005886	-0.068071	0.380000
251	0.604630	0.102643	0.045957	0.380000
252	0.577394	-0.196717	0.078383	0.380000
253	0.581220	0.181136	0.087164	0.380000
254	0.607112	-0.088127	-0.043283	0.380000
255	0.598249	0.141981	-0.012819	0.380000
256	0.603023	0.099470	-0.068511	0.380000
257	0.602853	-0.116842	0.033786	0.380000
258	0.548248	-0.262964	0.092189	0.380000
259	0.590281	0.022598	0.171123	0.380000
260	0.588429	0.076441	-0.161658	0.380000
261	0.614216	0.005010	0.030639	0.380000
262	0.577149	0.138967	-0.160663	0.380000
263	0.611954	-0.031929	-0.052135	0.380000
264	0.606633	0.042746	0.091619	0.380000
265	0.589061	0.170654	-0.045928	0.380000
266	0.592209	-0.148122	0.074652	0.380000
267	0.612436	-0.035477	0.043455	0.380000
268	0.606457	0.097324	-0.031024	0.380000
269	0.611464	0.031801	-0.057671	0.380000
270	0.611922	-0.027429	0.054988	0.380000
271	0.600235	-0.028797	0.130819	0.380000
272	0.609996	0.071996	0.030754	0.380000
273	0.600218	-0.024768	0.131718	0.380000
274	0.554298	-0.242435	-0.110473	0.380000
275	0.515839	-0.309235	0.128487	0.380000
276	0.597229	0.129220	0.069602	0.380000
277	0.548783	-0.267190	-0.075315	0.380000
278	0.608278	0.027186	-0.086511	0.380000
279	0.604587	-0.108672	-0.029831	0.380000
280	0.612006	-0.051977	-0.031175	0.380000
281	0.607692	-0.084371	0.042620	0.380000
282	0.612515	0.050876	0.021481	0.380000
283	0.612801	0.051738	-0.004799	0.380000
284	0.598540	0.108615	0.090431	0.380000
285	0.579024	0.051865	0.200665	0.380000
286	0.587011	-0.142814	-0.115098	0.380000
287	0.610312	-0.052206	0.054940	0.380000
288	0.606828	-0.000925	-0.099917	0.380000
289	0.580673	-0.202553	-0.004089	0.380000
290	0.614573	0.018223	-0.013909	0.380000
291	0.589746	-0.062580	0.162815	0.380000
292	0.544711	0.194495	0.209014	0.380000
293	0.566118	-0.214634	0.108019	0.380000
294	0.611325	0.066706	-0.007590	0.380000
295	0.587278	-0.119856	0.137711	0.380000
296	0.601575	-0.127522	0.008396	0.380000
297	0.614460	-0.025402	-0.004255	0.380000
298	0.591430	-0.096141	0.138535	0.380000
299	0.610207	-0.045301	-0.061805	0.380000
300	0.613781	0.037487	-0.009635	0.380000
301	0.611624	0.016119	-0.062301	0.380000
302	0.599856	-0.060263	0.121516	0.380000
303	0.592253	0.107314	0.126271	0.380000
304	0.601171	-0.000134	-0.129684	0.380000
305	0.575859	-0.153792	0.151523	0.380000
306	0.609444	0.077159	-0.029152	0.380000
307	0.613492	-0.041416	0.011731	0.380000
308	0.550405	-0.091670	0.258604	0.380000
309	0.611000	0.064136	0.028123	0.380000
310	0.587097	-0.072421	0.168217	0.380000
311	0.611398	0.044864	-0.049044	0.380000
312	0.579817	-0.123794	0.163440	0.380000
313	0.577828	-0.195165	-0.079062	0.380000
314	0.573685	0.194253	0.106663	0.380000
315	0.581978	-0.198813	-0.000207	0.380000
316	0.497508	-0.358849	0.044025	0.380000
317	0.533064	-0.216708	0.217038	0.380000
318	0.545872	-0.269242	0.088079	0.380000
319	0.457648	-0.169426	0.374270	0.380000
320	0.592777	0.025362	0.161857	0.380000
321	0.598106	0.043373	0.136431	0.380000
322	0.530228	0.068100	0.304050	0.380000
323	0.605695	0.003427	0.106524	0.380000
324	0.600255	-0.036805	0.128700	0.380000
325	0.525989	0.296077	-0.117895	0.380000
326	0.514656	0.231216	-0.244731	0.380000
327	0.586848	0.024381	-0.182317	0.380000
328	0.564501	0.238687	0.050913	0.380000
329	0.506532	0.342821	-0.064223	0.380000
330	0.613136	-0.038609	0.028252	0.380000
331	0.560602	0.120563	0.222294	0.380000
332	0.610484	0.073594	-0.010876	0.380000
333	0.569307	0.189066	0.135531	0.380000
334	0.556770	0.233175	0.117734	0.380000
335	0.576043	0.150069	0.154529	0.380000
336	0.571825	0.130067	-0.185266	0.380000
337	0.563302	-0.099580	-0.225831	0.380000
338	0.605283	-0.077320	0.076674	0.380000
339	0.576396	0.202075	-0.071820	0.380000
340	0.540826	0.155946	0.247816	0.380000
341	0.572972	0.171443	-0.143302	0.380000
342	0.613866	0.037328	-0.000336	0.380000
343	0.603630	0.103768	0.055568	0.380000
344	0.590960	0.022541	0.168770	0.380000
345	0.599578	-0.060823	0.122606	0.380000
346	0.602879	0.107942	-0.055776	0.380000
347	0.578374	0.196389	0.071691	0.380000
348	0.562884	0.247669	-0.006866	0.380000
349	0.590968	0.165286	-0.040780	0.380000
350	0.612149	0.055806	-0.019597	0.380000
351	0.582457	-0.026211	-0.195659	0.380000
352	0.610114	-0.038436	-0.067147	0.380000
353	0.569179	-0.226069	-0.056158	0.380000
354	0.597921	0.093373	-0.109532	0.380000
355	0.608058	0.092081	0.003321	0.380000
356	0.605130	-0.091650	0.060359	0.380000
357	0.613983	-0.033839	-0.010240	0.380000
358	0.588724	-0.035500	0.174265	0.380000
359	0.597593	0.088452	-0.115258	0.380000
360	0.578307	-0.018317	0.208448	0.380000
361	0.608849	-0.072678	0.047391	0.380000
362	0.604980	0.090711	0.063212	0.380000
363	0.612934	0.050259	0.003286	0.380000
364	0.610224	0.030754	-0.070040	0.380000
365	0.579083	-0.065785	-0.196367	0.380000
366	0.614571	-0.002635	-0.022814	0.380000
367	0.580895	0.108401	0.170398	0.380000
368	0.572613	0.041098	0.220567	0.380000
369	0.597935	-0.142972	0.016035	0.380000
370	0.609145	-0.010473	0.084012	0.380000
371	0.599916	-0.121211	0.060278	0.380000
372	0.607548	0.089656	-0.032749	0.380000
373	0.608896	0.028516	-0.081593	0.380000
374	0.520709	-0.158266	0.286425	0.380000
375	0.581813	0.156757	0.123068	0.380000
376	0.592992	0.099161	0.129430	0.380000
377	0.602204	-0.117647	0.041652	0.380000
378	0.602854	-0.034890	-0.116511	0.380000
379	0.569683	-0.211101	0.095511	0.380000
380	0.587677	-0.177358	-0.037476	0.380000
381	0.605493	0.100476	0.038835	0.380000
382	0.606786	-0.028298	0.096096	0.380000
383	0.606421	0.017808	0.100807	0.380000
384	0.610347	0.073507	-0.017252	0.380000
385	0.598076	0.112103	0.089235	0.380000
386	0.583431	-0.134716	-0.140304	0.380000
387	0.537727	0.003565	-0.298432	0.380000
388	0.546830	-0.201609	-0.196357	0.380000
389	0.600094	0.077622	0.109939	0.380000
390	0.614406	-0.018625	0.019586	0.380000
391	0.566971	0.110819	0.210922	0.380000
392	0.599184	-0.123801	-0.062265	0.380000
393	0.600642	-0.087126	0.099311	0.380000
394	0.575985	0.190568	0.100747	0.380000
395	0.574711	-0.200124	0.088783	0.380000
396	0.576839	-0.105552	-0.185313	0.380000
397	0.582182	0.153980	-0.124817	0.380000
398	0.609683	-0.054982	-0.059068	0.380000
399	0.601888	-0.092419	0.086106	0.380000
400	0.612076	0.012804	0.058511	0.380000
401	0.543042	0.033820	0.286681	0.380000
402	0.607897	-0.082340	0.043663	0.380000
403	0.609174	0.078642	-0.030785	0.380000
404	0.608189	-0.089709	-0.016820	0.380000
405	0.599410	-0.120414	-0.066578	0.380000
406	0.606872	0.022439	0.097097	0.380000
407	0.602853	-0.007802	-0.121376	0.380000
408	0.613647	0.009739	0.039587	0.380000
409	0.585978	-0.035795	0.183232	0.380000
410	0.605915	-0.027192	0.101745	0.380000
411	0.613983	0.021915	0.027731	0.380000
412	0.600497	-0.104376	0.082058	0.380000
413	0.546901	-0.247664	0.133367	0.380000
414	0.566114	-0.143918	0.192425	0.380000
415	0.579088	-0.143808	0.149002	0.380000
416	0.602160	-0.098323	-0.077205	0.380000
417	0.483515	-0.053344	0.376288	0.380000
418	0.573618	-0.051056	0.215826	0.380000
419	0.598021	-0.044560	-0.136419	0.380000
420	0.556731	-0.261279	-0.003029	0.380000
421	0.575340	-0.215657	-0.026483	0.380000
422	0.440220	-0.100786	0.417461	0.380000
423	0.596323	-0.107550	0.105154	0.380000
424	0.568497	-0.054419	0.228200	0.380000
425	0.573934	0.204083	0.084707	0.380000
426	0.553336	0.182293	0.197012	0.380000
427	0.593149	0.146484	0.070294	0.380000
428	0.598625	0.026426	-0.138475	0.380000
429	0.613508	-0.011596	0.041206	0.380000
430	0.597174	0.142786	0.034941	0.380000
431	0.575194	-0.042214	-0.213531	0.380000
432	0.570970	0.228403	0.007121	0.380000
433	0.583084	0.118288	-0.155710	0.380000
434	0.547045	0.280729	0.012558	0.380000
435	0.593528	0.116987	0.110743	0.380000
436	0.600102	-0.078189	0.109492	0.380000
437	0.544633	0.208678	0.195072	0.380000
438	0.608513	-0.086553	0.021113	0.380000
439	0.606977	0.094821	-0.028514	0.380000
440	0.568189	0.190471	-0.138228	0.380000
441	0.590248	0.079280	0.153450	0.380000
442	0.612238	0.057496	-0.009137	0.380000
443	0.604892	-0.029034	0.107179	0.380000
444	0.589714	-0.072277	0.158865	0.380000
445	0.545755	0.241240	0.148928	0.380000
446	0.604114	-0.010408	-0.114731	0.380000
447	0.569860	0.203880	0.109168	0.380000
448	0.599605	0.105221	-0.087338	0.380000
449	0.613312	0.017580	0.042001	0.380000
450	0.612386	-0.050541	-0.025583	0.380000
451	0.605791	-0.072835	0.077052	0.380000
452	0.603170	-0.056895	-0.105704	0.380000
453	0.579908	-0.065353	0.194065	0.380000
454	0.604483	0.113002	0.007508	0.380000
455	0.588786	0.172289	0.043279	0.380000
456	0.590948	0.127395	0.113030	0.380000
457	0.608228	0.088475	-0.021346	0.380000
458	0.584477	0.131625	0.138874	0.380000
459	0.580604	-0.072846	-0.189256	0.380000
460	0.612396	-0.037826	0.042020	0.380000
461	0.491469	-0.292507	-0.226103	0.380000
462	0.614090	-0.015503	0.029635	0.380000
463	0.549638	-0.209838	-0.179138	0.380000
464	0.590379	-0.171699	0.014030	0.380000
465	0.604454	0.080447	-0.079927	0.380000
466	0.600711	-0.112925	-0.067965	0.380000
467	0.608938	0.072656	0.046263	0.380000
468	0.590278	-0.092383	-0.145816	0.380000
469	0.605032	0.080103	-0.075798	0.380000
470	0.595124	-0.111549	-0.107746	0.380000
471	0.611466	0.048227	-0.044812	0.380000
472	0.614301	-0.002920	0.029158	0.380000
473	0.597251	-0.121455	0.082248	0.380000
474	0.524514	-0.121657	-0.297170	0.380000
475	0.596866	-0.132589	-0.066302	0.380000
476	0.600776	-0.035549	-0.126609	0.380000
477	0.584380	0.166337	-0.095172	0.380000
478	0.613681	0.039486	-0.007829	0.380000
479	0.611827	-0.025110	0.057120	0.380000
480	0.607235	0.036338	-0.090390	0.380000
481	0.611728	-0.015680	0.061384	0.380000
482	0.614647	0.007826	-0.019317	0.380000
483	0.601423	0.087398	0.094216	0.380000
484	0.604092	0.077991	0.084945	0.380000
485	0.598867	0.004635	0.139865	0.380000
486	0.613229	-0.034656	0.031217	0.380000
487	0.590338	-0.117093	-0.126551	0.380000
488	0.590333	-0.055477	-0.163260	0.380000
489	0.610918	-0.070542	-0.005333	0.380000
490	0.561626	-0.162765	-0.190548	0.380000
491	0.607296	-0.013358	0.096117	0.380000
492	0.566384	0.118918	0.208068	0.380000
493	0.612911	0.035320	-0.036295	0.380000
494	0.594032	-0.057604	0.148434	0.380000
495	0.598898	0.025181	0.137523	0.380000
496	0.587651	0.149953	0.102009	0.380000
497	0.561994	0.179848	0.173328	0.380000
498	0.551228	0.036865	-0.270211	0.380000
499	0.587320	-0.182351	0.005303	0.380000
500	0.608362	-0.075208	0.049647	0.380000
501	0.603673	-0.034849	-0.112201	0.380000
502	0.610678	-0.055084	0.047569	0.380000
503	0.613965	0.035442	0.003981	0.380000
504	0.610868	0.040468	0.058549	0.380000
505	0.586731	-0.048924	0.177702	0.380000
506	0.614221	0.030848	0.002396	0.380000
507	0.602733	-0.121098	-0.016545	0.380000
508	0.612819	0.037428	0.035741	0.380000
509	0.598522	-0.004496	0.141336	0.380000
510	0.521631	-0.240020	-0.220265	0.380000
511	0.611463	-0.065347	-0.008207	0.380000
512	0.611012	-0.069610	0.006587	0.380000
513	0.609363	0.028271	0.078116	0.380000
514	0.602803	0.121378	-0.011014	0.380000
515	0.582975	-0.009668	0.195631	0.380000
516	0.594514	-0.033766	0.153746	0.380000
517	0.598756	-0.033548	0.136346	0.380000
518	0.614527	-0.015834	-0.018182	0.380000
519	0.608672	-0.029626	-0.082862	0.380000
520	0.614716	0.015388	0.010587	0.380000
521	0.575471	0.014640	-0.216435	0.380000
522	0.611301	0.047487	0.047765	0.380000
523	0.582732	-0.145323	-0.132402	0.380000
524	0.582370	0.113097	0.162108	0.380000
525	0.563307	-0.107499	0.222159	0.380000
526	0.608441	-0.087773	-0.017913	0.380000
527	0.539664	0.291017	-0.047919	0.380000
528	0.608776	0.023400	0.084080	0.380000
529	0.524176	-0.142271	0.288484	0.380000
530	0.600375	0.010324	0.132921	0.380000
531	0.552908	0.049680	0.264670	0.380000
532	0.556943	0.053784	0.255238	0.380000
533	0.535146	-0.009909	0.302895	0.380000
534	0.528678	-0.271784	0.157665	0.380000
535	0.575783	-0.216048	-0.004724	0.380000
536	0.596826	-0.135546	-0.060421	0.380000
537	0.565427	-0.236615	0.050303	0.380000
538	0.539896	-0.127727	0.265374	0.380000
539	0.581010	-0.065649	0.190636	0.380000
540	0.562682	-0.208768	0.134276	0.380000
541	0.583861	0.170032	0.091763	0.380000
542	0.613021	-0.000191	0.049301	0.380000
543	0.595512	0.064648	0.139322	0.380000
544	0.566011	0.120062	0.208427	0.380000
545	0.610002	0.072264	-0.030016	0.380000
546	0.588151	0.135714	-0.117835	0.380000
547	0.556537	0.151294	-0.213545	0.380000
548	0.613873	0.015954	0.033614	0.380000
549	0.574730	0.194083	-0.101202	0.380000
550	0.599323	-0.067765	-0.120187	0.380000
551	0.586285	-0.035476	0.182309	0.380000
552	0.565555	-0.117756	0.210965	0.380000
553	0.597713	0.142480	0.025751	0.380000
554	0.609420	-0.080230	-0.019889	0.380000
555	0.591444	0.155307	-0.065565	0.380000
556	0.571342	0.130590	0.186384	0.380000
557	0.600215	-0.131505	0.025957	0.380000
558	0.612825	-0.002760	-0.051602	0.380000
559	0.614622	0.021030	0.004777	0.380000
560	0.607088	0.082253	0.053880	0.380000
561	0.604600	0.098681	0.054279	0.380000
562	0.614384	0.015198	-0.022945	0.380000
563	0.591070	0.082352	0.148593	0.380000
564	0.596912	0.047016	0.140393	0.380000
565	0.614359	-0.007977	0.026917	0.380000
566	0.517923	-0.306636	-0.126312	0.380000
567	0.598832	-0.138938	-0.017929	0.380000
568	0.612247	-0.054728	0.019577	0.380000
569	0.612525	-0.004400	0.054940	0.380000
570	0.614481	0.005620	-0.024629	0.380000
571	0.612271	-0.051506	-0.026384	0.380000
572	0.553707	0.061794	-0.260414	0.380000
573	0.610580	-0.040811	-0.061252	0.380000
574	0.602029	-0.054717	-0.113101	0.380000
575	0.572133	0.198230	-0.107675	0.380000
576	0.591687	-0.008226	-0.167523	0.380000
577	0.603989	-0.109353	0.038270	0.380000
578	0.586499	0.015869	-0.184370	0.380000
579	0.594347	-0.121283	-0.101328	0.380000
580	0.574773	0.194382	-0.100384	0.380000
581	0.602624	-0.037541	-0.116876	0.380000
582	0.602044	0.056813	0.111985	0.380000
583	0.604389	0.081834	0.079009	0.380000
584	0.590780	0.092818	0.143489	0.380000
585	0.614658	0.002729	0.020331	0.380000
586	0.612751	0.030275	-0.042955	0.380000
587	0.570989	0.219654	-0.062840	0.380000
588	0.535995	-0.032501	0.299797	0.380000
589	0.609279	-0.054024	-0.063913	0.380000
590	0.597103	-0.142778	-0.036164	0.380000
591	0.569934	-0.230407	0.017698	0.380000
592	0.610257	-0.073361	0.020735	0.380000
593	0.613928	0.023704	-0.027485	0.380000
594	0.608171	0.016980	0.089801	0.380000
595	0.594766	0.009522	0.156164	0.380000
596	0.608620	0.060064	0.064804	0.380000
597	0.583647	-0.104600	0.163219	0.380000
598	0.610206	-0.057740	-0.050396	0.380000
599	0.614844	0.013841	0.000866	0.380000
600	0.582300	-0.190287	0.054248	0.380000
601	0.611472	-0.065454	0.006553	0.380000
602	0.578721	0.103728	0.180409	0.380000
603	0.574059	0.218909	-0.027568	0.380000
604	0.597030	0.009743	0.147261	0.380000
605	0.613177	0.022452	-0.041647	0.380000
606	0.593815	0.074366	0.141698	0.380000
607	0.608536	-0.080586	-0.037610	0.380000
608	0.613917	0.031042	-0.019166	0.380000
609	0.608296	0.042051	0.080207	0.380000
610	0.570994	-0.151345	0.171130	0.380000
611	0.611558	-0.061721	0.020301	0.380000
612	0.612430	0.055449	-0.008932	0.380000
613	0.599536	0.007638	0.136834	0.380000
614	0.613079	-0.036113	0.032480	0.380000
615	0.543560	0.135200	0.253945	0.380000
616	0.606383	0.057419	0.085018	0.380000
617	0.609802	-0.002625	-0.079748	0.380000
618	0.610055	-0.068036	-0.037795	0.380000
619	0.600069	-0.118415	-0.064190	0.380000
620	0.568961	-0.170137	-0.159881	0.380000
621	0.599122	0.108894	-0.086139	0.380000
622	0.594289	0.143335	0.067091	0.380000
623	0.504939	-0.279872	0.211976	0.380000
624	0.569751	0.104206	0.206762	0.380000
625	0.571446	0.141709	-0.177744	0.380000
626	0.589388	0.092614	0.149228	0.380000
627	0.613290	0.014515	0.043472	0.380000
628	0.604793	-0.075137	0.082491	0.380000
629	0.604822	-0.093114	-0.061196	0.380000
630	0.606018	0.047437	0.093367	0.380000
631	0.601624	0.054585	0.115299	0.380000
632	0.579357	-0.187702	0.085663	0.380000
633	0.607402	-0.090168	0.034027	0.380000
634	0.553097	0.005020	0.268855	0.380000
635	0.485023	-0.202125	0.319567	0.380000
636	0.605910	-0.098962	0.036124	0.380000
637	0.545725	0.004913	0.283522	0.380000
638	0.613978	0.035371	-0.002282	0.380000
639	0.602176	0.118493	0.039603	0.380000
640	0.519531	0.315451	0.093825	0.380000
641	0.597531	0.051651	-0.136066	0.380000
642	0.589635	-0.042395	-0.169583	0.380000
643	0.550278	0.247474	0.119063	0.380000
644	0.587081	0.040227	-0.178724	0.380000
645	0.570761	0.219190	-0.066428	0.380000
646	0.573893	-0.206411	0.079161	0.380000
647	0.607796	-0.066959	-0.065773	0.380000
648	0.609125	0.025292	-0.080941	0.380000
649	0.611047	0.064968	-0.025011	0.380000
650	0.595376	0.079637	0.131951	0.380000
651	0.607104	0.016148	0.096899	0.380000
652	0.603897	0.092082	0.071098	0.380000
653	0.594942	0.102685	-0.117152	0.380000
654	0.614075	-0.030774	-0.013791	0.380000
655	0.591214	-0.096384	-0.139290	0.380000
656	0.606311	0.038833	0.095415	0.380000
657	0.609727	0.022312	0.077200	0.380000
658	0.564706	-0.093248	0.225026	0.380000
659	0.605869	-0.098757	-0.037341	0.380000
660	0.599553	0.052840	0.126368	0.380000
661	0.613615	0.008440	-0.040373	0.380000
662	0.606132	0.103823	0.007039	0.380000
663	0.607101	0.061779	0.076395	0.380000
664	0.584921	0.076675	0.173820	0.380000
665	0.584734	-0.082505	-0.171768	0.380000
666	0.596663	0.026811	0.146626	0.380000
667	0.606968	-0.044588	-0.088469	0.380000
668	0.614093	-0.033372	0.001270	0.380000
669	0.602973	-0.089009	0.082016	0.380000
670	0.584152	-0.192326	-0.001333	0.380000
671	0.588303	0.178233	-0.018918	0.380000
672	0.612534	-0.013701	-0.053283	0.380000
673	0.608389	-0.035375	-0.082680	0.380000
674	0.595740	0.150064	0.028282	0.380000
675	0.586938	0.133072	-0.126573	0.380000
676	0.549300	-0.118452	-0.249927	0.380000
677	0.612244	0.027258	0.051377	0.380000
678	0.610359	0.054623	-0.051992	0.380000
679	0.605022	0.013757	-0.109473	0.380000
680	0.596371	-0.040893	-0.144547	0.380000
681	0.491739	0.114045	-0.351299	0.380000
682	0.560333	0.203190	-0.151546	0.380000
683	0.584683	0.157511	0.107521	0.380000
684	0.604411	0.033795	0.108493	0.380000
685	0.601434	-0.071056	0.107021	0.380000
686	0.606750	-0.098870	0.017454	0.380000
687	0.614148	0.023508	0.022240	0.380000
688	0.553806	-0.264635	0.038637	0.380000
689	0.612846	-0.045948	0.023109	0.380000
690	0.589495	-0.036836	0.171358	0.380000
691	0.571474	-0.207173	-0.093392	0.380000
692	0.519366	-0.323185	0.063525	0.380000
693	0.573600	-0.219525	-0.031877	0.380000
694	0.611785	0.022951	0.058461	0.380000
695	0.602939	0.118991	-0.023034	0.380000
696	0.568261	0.144941	-0.185194	0.380000
697	0.604858	-0.101116	-0.046334	0.380000
698	0.595710	0.023934	0.150937	0.380000
699	0.580697	0.080962	0.185638	0.380000
700	0.604926	-0.110564	-0.008079	0.380000
701	0.607077	-0.048029	0.085881	0.380000
702	0.592330	-0.153816	0.060922	0.380000
703	0.562076	-0.192812	-0.158490	0.380000
704	0.610933	-0.053467	-0.046126	0.380000
705	0.608769	-0.079947	-0.035125	0.380000
706	0.499160	0.351778	0.072920	0.380000
707	0.542307	0.289698	-0.014267	0.380000
708	0.566766	-0.138811	0.194250	0.380000
709	0.592124	0.077256	0.147124	0.380000
710	0.587125	-0.182006	-0.019564	0.380000
711	0.585279	0.129723	-0.137281	0.380000
712	0.565518	-0.240837	0.020286	0.380000
713	0.613943	0.035914	-0.003006	0.380000
714	0.556900	0.005332	0.260881	0.380000
715	0.613556	-0.012853	0.040113	0.380000
716	0.602310	0.123601	-0.013066	0.380000
717	0.535703	0.300828	-0.027388	0.380000
718	0.611748	-0.057554	0.026020	0.380000
719	0.504796	0.089489	0.339703	0.380000
720	0.588437	-0.092005	0.153302	0.380000
721	0.586720	0.163563	0.085041	0.380000
722	0.614648	-0.020111	0.005366	0.380000
723	0.604294	0.043003	-0.105852	0.380000
724	0.573587	-0.174775	0.136665	0.380000
725	0.563074	0.101696	-0.225456	0.380000
726	0.575419	-0.191625	-0.101968	0.380000
727	0.613518	-0.040706	-0.012779	0.380000
728	0.500385	0.312723	-0.173334	0.380000
729	0.522312	-0.081327	0.314326	0.380000
730	0.605802	-0.087300	0.060065	0.380000
731	0.613816	0.037790	0.005153	0.380000
732	0.612166	0.003321	-0.058881	0.380000
733	0.610697	0.028379	0.066852	0.380000
734	0.610582	0.050850	0.053193	0.380000
735	0.600390	0.129130	0.032892	0.380000
736	0.602224	0.011698	-0.124156	0.380000
737	0.603345	0.054651	0.105894	0.380000
738	0.546026	-0.208982	0.190806	0.380000
739	0.573267	0.217978	-0.045554	0.380000
740	0.607405	-0.077206	0.057646	0.380000
741	0.571122	-0.172682	0.149082	0.380000
742	0.536644	0.093412	0.285504	0.380000
743	0.500507	-0.067951	0.350856	0.380000
744	0.588959	0.104956	0.142608	0.380000
745	0.584547	0.163031	0.099751	0.380000
746	0.613975	0.033293	-0.012312	0.380000
747	0.495526	0.145247	0.334040	0.380000
748	0.603872	0.111200	0.034610	0.380000
749	0.573308	0.108630	-0.194275	0.380000
750	0.575428	0.199334	-0.085870	0.380000
751	0.574314	0.216116	-0.041014	0.380000
752	0.606303	0.022712	-0.100527	0.380000
753	0.542496	0.010848	-0.289492	0.380000
754	0.611000	0.038958	-0.058191	0.380000
755	0.578582	0.207912	-0.015510	0.380000
756	0.565993	-0.096381	0.220426	0.380000
757	0.609894	-0.028619	0.073721	0.380000
758	0.614726	0.016153	0.008733	0.380000
759	0.549874	0.270194	-0.053468	0.380000
760	0.588086	0.179802	-0.007171	0.380000
761	0.598946	0.136000	-0.031507	0.380000
762	0.596526	-0.136091	0.062132	0.380000
763	0.574420	0.006881	0.219588	0.380000
764	0.551579	0.268710	-0.042195	0.380000
765	0.603410	0.114933	-0.030192	0.380000
766	0.601067	0.102371	-0.080396	0.380000
767	0.598213	0.083781	0.115529	0.380000
768	0.608594	-0.064130	0.061038	0.380000
769	0.611926	0.060937	-0.007593	0.380000
770	0.594833	-0.091489	0.126604	0.380000
771	0.593130	0.012377	0.162077	0.380000
772	0.555026	0.215875	0.153523	0.380000
773	0.610971	-0.015876	-0.068461	0.380000
774	0.592823	0.039599	0.158802	0.380000
775	0.607920	0.041579	0.083241	0.380000
776	0.607826	0.091413	0.020413	0.380000
777	0.609449	0.075922	-0.032138	0.380000
778	0.608094	0.004321	-0.091802	0.380000
779	0.599534	-0.048851	-0.128053	0.380000
780	0.553653	-0.217792	-0.155757	0.380000
781	0.612963	-0.046173	0.019216	0.380000
782	0.593396	0.035338	-0.157662	0.380000
783	0.541749	-0.265314	0.119753	0.380000
784	0.610624	-0.053902	-0.049577	0.380000
785	0.592632	0.158400	-0.043845	0.380000
786	0.608567	-0.024943	-0.085141	0.380000
787	0.603994	-0.114598	-0.016852	0.380000
788	0.414198	-0.225233	0.394886	0.380000
789	0.588856	-0.177209	0.008377	0.380000
790	0.557381	-0.145652	-0.215261	0.380000
791	0.517584	-0.128111	0.306462	0.380000
792	0.611957	0.010951	0.060110	0.380000
793	0.599362	0.064619	-0.121716	0.380000
794	0.609017	0.047610	-0.071114	0.380000
795	0.611800	0.007282	0.062228	0.380000
796	0.602264	0.079816	0.095563	0.380000
797	0.605702	0.070942	0.079484	0.380000
798	0.611377	-0.014151	0.065133	0.380000
799	0.604941	0.067525	0.087816	0.380000
800	0.606204	-0.076229	-0.070218	0.380000
801	0.555147	-0.159009	0.211548	0.380000
802	0.579678	-0.199131	0.050454	0.380000
803	0.610697	0.062294	-0.037338	0.380000
804	0.611537	0.002334	0.065129	0.380000
805	0.613582	-0.041610	0.003177	0.380000
806	0.590376	0.170698	0.023300	0.380000
807	0.575846	0.209831	0.050964	0.380000
808	0.553070	-0.113883	0.243659	0.380000
809	0.524663	-0.054553	0.316193	0.380000
810	0.609819	-0.022920	-0.076289	0.380000
811	0.584251	-0.187086	-0.043301	0.380000
812	0.475431	-0.362526	-0.144103	0.380000
813	0.612433	0.007790	0.055593	0.380000
814	0.613125	0.012941	-0.046205	0.380000
815	0.587325	0.176815	-0.044837	0.380000
816	0.562547	0.114273	0.220699	0.380000
817	0.571398	-0.093452	0.207356	0.380000
818	0.612913	0.037024	0.034518	0.380000
819	0.596918	-0.042399	0.141833	0.380000
820	0.602486	0.098801	0.073989	0.380000
821	0.528508	-0.209770	0.234308	0.380000
822	0.589411	-0.170386	0.042289	0.380000
823	0.603147	-0.068242	0.098904	0.380000
824	0.595297	-0.043273	-0.148235	0.380000
825	0.613280	-0.030042	0.034793	0.380000
826	0.566944	-0.178445	0.157978	0.380000
827	0.579027	0.044871	0.202333	0.380000
828	0.556542	0.081071	0.248823	0.380000
829	0.613040	0.001073	-0.049049	0.380000
830	0.527839	-0.172580	-0.264248	0.380000
831	0.610555	-0.059025	0.044311	0.380000
832	0.611193	0.028316	0.062184	0.380000
833	0.614036	-0.011501	-0.032451	0.380000
834	0.524981	0.225051	-0.227974	0.380000
835	0.593917	-0.046697	0.152665	0.380000
836	0.611728	-0.062248	0.011815	0.380000
837	0.613295	-0.033802	-0.030840	0.380000
838	0.613625	-0.030824	0.027196	0.380000
839	0.613641	0.002434	0.040787	0.380000
840	0.550565	0.184340	0.202785	0.380000
841	0.562258	0.204342	0.142602	0.380000
842	0.578597	0.069954	0.196358	0.380000
843	0.477505	-0.301266	0.243830	0.380000
844	0.591520	0.155420	-0.064607	0.380000
845	0.613641	-0.008841	-0.039892	0.380000
846	0.491006	-0.209313	0.305493	0.380000
847	0.471983	-0.018918	0.393826	0.380000
848	0.578810	0.090804	0.186971	0.380000
849	0.601225	0.105528	0.074947	0.380000
850	0.559289	0.232374	-0.106877	0.380000
