1	0.564222	0.000097	-0.244700	-0.280000
2	0.486128	0.376412	-0.014782	-0.280000
3	0.612227	0.022371	-0.053878	-0.280000
4	0.516914	0.123502	-0.309470	-0.280000
5	0.588790	-0.140499	0.108683	-0.280000
6	0.606546	-0.073976	0.069677	-0.280000
7	0.526175	-0.298090	-0.111836	-0.280000
8	0.499725	-0.269384	0.236501	-0.280000
9	0.569556	-0.126882	0.194247	-0.280000
10	0.591797	0.150868	-0.072390	-0.280000
11	0.564902	0.025706	-0.241765	-0.280000
12	0.589656	0.064612	-0.162345	-0.280000
13	0.518864	0.314429	-0.100696	-0.280000
14	0.592540	0.160949	-0.034883	-0.280000
15	0.600950	-0.015959	0.129729	-0.280000
16	0.528527	-0.222090	0.222621	-0.280000
17	0.540515	-0.281184	-0.083691	-0.280000
18	0.528040	-0.118993	0.291959	-0.280000
19	0.501434	0.107256	-0.339537	-0.280000
20	0.543257	0.219115	-0.187312	-0.280000
21	0.597031	0.138565	-0.050782	-0.280000
22	0.575361	0.197061	-0.091390	-0.280000
23	0.605582	-0.053455	0.092943	-0.280000
24	0.564325	0.197306	-0.144334	-0.280000
25	0.609370	-0.074184	0.037289	-0.280000
26	0.549251	-0.172466	0.216341	-0.280000
27	0.447722	-0.291497	0.304630	-0.280000
28	0.475912	-0.156544	-0.356688	-0.280000
29	0.575777	0.064864	-0.206151	-0.280000
30	0.542221	-0.289857	-0.014298	-0.280000
31	0.571438	0.185895	0.130871	-0.280000
32	0.540051	0.087607	-0.280883	-0.280000
33	0.588295	0.170819	0.054358	-0.280000
34	0.535115	0.295004	0.069638	-0.280000
35	0.614886	-0.009716	0.006769	-0.280000
36	0.541215	-0.048828	0.287971	-0.280000
37	0.594765	-0.144883	0.059067	-0.280000
38	0.592796	0.105445	-0.125296	-0.280000
39	0.611422	0.065384	0.010628	-0.280000
40	0.562685	0.003203	-0.248193	-0.280000
41	0.614866	0.003720	-0.012284	-0.280000
42	0.581865	0.133433	0.147829	-0.280000
43	0.605677	0.046052	0.096226	-0.280000
44	0.575135	-0.213362	0.043832	-0.280000
45	0.605710	0.070126	0.080142	-0.280000
46	0.588848	-0.014128	-0.176873	-0.280000
47	0.534293	0.291861	0.087020	-0.280000
48	0.593441	-0.157071	-0.037167	-0.280000
49	0.609767	0.045813	-0.065655	-0.280000
50	0.550663	-0.213139	-0.171952	-0.280000
51	0.601640	0.117274	0.050006	-0.280000
52	0.612493	-0.047965	-0.027876	-0.280000
53	0.598073	-0.037068	0.138419	-0.280000
54	0.575825	0.067423	-0.205195	-0.280000
55	0.453293	0.404523	-0.095453	-0.280000
56	0.585731	0.048610	0.181056	-0.280000
57	0.608636	0.044388	-0.076267	-0.280000
58	0.591209	0.134396	-0.103127	-0.280000
59	0.582138	-0.081938	0.180628	-0.280000
60	0.612203	-0.013303	-0.057058	-0.280000
61	0.488275	0.319799	0.193756	-0.280000
62	0.609710	0.075545	0.027773	-0.280000
63	0.543224	0.277210	-0.079290	-0.280000
64	0.500639	0.045100	-0.354332	-0.280000
65	0.581908	-0.133437	0.147656	-0.280000
66	0.551035	0.260190	-0.082983	-0.280000
67	0.609485	0.058592	-0.057622	-0.280000
68	0.598333	0.019119	0.140914	-0.280000
69	0.547661	0.228707	0.161200	-0.280000
70	0.504301	0.351011	0.026391	-0.280000
71	0.585439	0.161732	0.096583	-0.280000
72	0.583233	0.182373	0.069314	-0.280000
73	0.601354	-0.124337	-0.033746	-0.280000
74	0.514341	-0.317953	-0.112180	-0.280000
75	0.593872	0.021628	-0.158344	-0.280000
76	0.613420	0.017718	0.040335	-0.280000
77	0.611145	0.012534	0.067597	-0.280000
78	0.466505	0.400613	0.010377	-0.280000
79	0.532743	0.229184	0.204657	-0.280000
80	0.613543	0.032046	0.027616	-0.280000
81	0.596151	0.117739	0.094694	-0.280000
82	0.571012	0.031337	0.226248	-0.280000
83	0.607431	0.088086	-0.038651	-0.280000
84	0.608960	0.049210	0.070503	-0.280000
85	0.598921	-0.028227	-0.136826	-0.280000
86	0.609491	-0.049564	0.065493	-0.280000
87	0.588054	0.161661	-0.079266	-0.280000
88	0.597237	0.133415	-0.061104	-0.280000
89	0.578134	0.204076	0.048363	-0.280000
90	0.598441	0.042396	-0.135263	-0.280000
91	0.530531	0.041557	0.308277	-0.280000
92	0.602274	0.060807	0.108598	-0.280000
93	0.613810	-0.037467	0.007660	-0.280000
94	0.576836	0.040077	-0.209474	-0.280000
95	0.555452	0.264003	0.000708	-0.280000
96	0.591770	0.141006	0.090283	-0.280000
97	0.558107	0.257935	-0.014547	-0.280000
98	0.519140	0.317220	0.089945	-0.280000
99	0.561752	0.178638	-0.175351	-0.280000
100	0.598389	-0.032928	-0.138099	-0.280000
101	0.603240	-0.111844	-0.042638	-0.280000
102	0.560757	0.104005	0.230130	-0.280000
103	0.599170	0.118049	0.072698	-0.280000
104	0.510365	0.338134	-0.058464	-0.280000
105	0.514316	0.337001	-0.011605	-0.280000
106	0.568213	0.228664	0.055422	-0.280000
107	0.536450	0.300220	0.017740	-0.280000
108	0.397103	0.374257	0.283665	-0.280000
109	0.525162	-0.132047	-0.291536	-0.280000
110	0.610171	-0.069634	0.032667	-0.280000
111	0.582763	0.104076	0.166676	-0.280000
112	0.576021	0.209875	-0.048755	-0.280000
113	0.471014	0.244038	-0.311153	-0.280000
114	0.513987	0.290689	-0.171877	-0.280000
115	0.454098	0.392186	-0.134946	-0.280000
116	0.260121	0.556857	-0.021733	-0.280000
117	0.505686	0.198239	-0.288458	-0.280000
118	0.569027	0.197983	-0.123435	-0.280000
119	0.572338	0.027057	-0.223432	-0.280000
120	0.578094	0.202265	0.055863	-0.280000
121	0.568549	0.227309	-0.057515	-0.280000
122	0.608792	0.031021	0.081454	-0.280000
123	0.585162	-0.126661	0.140596	-0.280000
124	0.552965	-0.266516	0.037733	-0.280000
125	0.555751	-0.064617	0.255324	-0.280000
126	0.593897	0.110111	-0.115701	-0.280000
127	0.600184	0.128819	0.037553	-0.280000
128	0.603767	0.086964	0.078281	-0.280000
129	0.567485	0.066873	0.227406	-0.280000
130	0.610494	0.026479	0.069431	-0.280000
131	0.576962	-0.038937	0.209340	-0.280000
132	0.606805	0.006396	0.099859	-0.280000
133	0.585943	-0.042152	0.181987	-0.280000
134	0.613374	0.009374	-0.043692	-0.280000
135	0.560522	0.186753	0.170772	-0.280000
136	0.612426	0.040230	0.039248	-0.280000
137	0.602393	0.005514	0.123763	-0.280000
138	0.612070	0.056707	0.019473	-0.280000
139	0.540710	0.287226	-0.057957	-0.280000
140	0.612602	-0.039149	0.037568	-0.280000
141	0.551620	0.053394	0.266626	-0.280000
142	0.581326	-0.057130	-0.192408	-0.280000
143	0.593507	-0.137412	-0.084218	-0.280000
144	0.593236	0.048549	0.154724	-0.280000
145	0.611175	0.052549	-0.043911	-0.280000
146	0.588516	0.152960	-0.092073	-0.280000
147	0.608023	0.086879	-0.031393	-0.280000
148	0.594510	-0.098152	-0.123081	-0.280000
149	0.604359	-0.078786	0.082268	-0.280000
150	0.502485	-0.121878	-0.332985	-0.280000
151	0.613730	-0.032536	-0.022413	-0.280000
152	0.577134	-0.195262	-0.083753	-0.280000
153	0.564675	-0.222924	-0.098346	-0.280000
154	0.596492	-0.121911	0.086949	-0.280000
155	0.575582	-0.054151	0.209756	-0.280000
156	0.610060	-0.058236	0.051578	-0.280000
157	0.608080	-0.035056	-0.085061	-0.280000
158	0.613401	-0.014099	0.042022	-0.280000
159	0.612402	-0.027959	-0.049058	-0.280000
160	0.612891	0.050885	0.000624	-0.280000
161	0.602897	0.074353	0.095978	-0.280000
162	0.591213	0.168688	0.015369	-0.280000
163	0.597181	0.145943	-0.017328	-0.280000
164	0.594856	0.145622	0.056260	-0.280000
165	0.559184	0.238916	-0.091963	-0.280000
166	0.542780	0.289013	0.009279	-0.280000
167	0.556639	0.250223	0.075938	-0.280000
168	0.606652	0.086289	0.052463	-0.280000
169	0.612573	-0.039037	0.038151	-0.280000
170	0.609709	0.046727	0.065550	-0.280000
171	0.549779	0.194039	-0.195747	-0.280000
172	0.602315	0.111830	0.054188	-0.280000
173	0.513046	0.339061	0.006807	-0.280000
174	0.599908	-0.120304	-0.062150	-0.280000
175	0.604335	0.051642	-0.101671	-0.280000
176	0.575072	0.217985	-0.000285	-0.280000
177	0.579816	0.197893	0.053634	-0.280000
178	0.612503	0.018455	0.052193	-0.280000
179	0.446494	0.315553	0.281593	-0.280000
180	0.525626	0.256166	0.190582	-0.280000
181	0.565248	0.239006	-0.039949	-0.280000
182	0.579499	-0.203333	0.032587	-0.280000
183	0.613611	-0.038830	-0.014081	-0.280000
184	0.583550	-0.088078	0.173022	-0.280000
185	0.602846	-0.021541	-0.119741	-0.280000
186	0.610062	-0.040032	-0.066683	-0.280000
187	0.421606	0.390980	0.218192	-0.280000
188	0.614861	-0.007153	-0.010965	-0.280000
189	0.592915	0.022578	0.161761	-0.280000
190	0.501288	-0.063842	0.350513	-0.280000
191	0.606816	-0.014291	0.098972	-0.280000
192	0.599178	-0.044817	-0.131156	-0.280000
193	0.608998	-0.062731	-0.058404	-0.280000
194	0.526420	0.317632	-0.014720	-0.280000
195	0.576153	0.137458	-0.165464	-0.280000
196	0.563898	0.244931	0.015901	-0.280000
197	0.583298	0.062587	-0.184583	-0.280000
198	0.601424	-0.001939	0.128493	-0.280000
199	0.590679	0.029722	0.168642	-0.280000
200	0.577521	0.086464	0.192920	-0.280000
201	0.480511	0.207476	-0.322936	-0.280000
202	0.508601	0.328529	-0.107790	-0.280000
203	0.552772	0.269363	-0.010560	-0.280000
204	0.545382	0.255554	0.124398	-0.280000
205	0.450376	0.374764	0.186917	-0.280000
206	0.570232	-0.011761	-0.230048	-0.280000
207	0.557853	0.064258	0.250792	-0.280000
208	0.595027	0.061230	-0.142893	-0.280000
209	0.566066	0.227200	-0.078576	-0.280000
210	0.458360	0.299884	-0.279643	-0.280000
211	0.544016	0.265380	0.108835	-0.280000
212	0.579749	0.199736	-0.047133	-0.280000
213	0.414827	0.436701	-0.124240	-0.280000
214	0.437948	0.258923	-0.345522	-0.280000
215	0.446703	0.217714	-0.362329	-0.280000
216	0.585913	0.079204	-0.169284	-0.280000
217	0.588950	0.167830	0.056536	-0.280000
218	0.611539	0.043391	0.048602	-0.280000
219	0.576160	-0.116744	0.180652	-0.280000
220	0.605452	-0.106439	0.017999	-0.280000
221	0.541230	-0.191459	0.220542	-0.280000
222	0.535173	-0.241211	0.183391	-0.280000
223	0.568380	0.077987	-0.221558	-0.280000
224	0.508976	-0.014785	-0.344891	-0.280000
225	0.594695	0.146154	-0.056589	-0.280000
226	0.595863	0.138448	-0.063280	-0.280000
227	0.610515	-0.068970	0.027192	-0.280000
228	0.593855	0.144635	-0.068132	-0.280000
229	0.588357	-0.124487	0.128703	-0.280000
230	0.543875	-0.277740	0.072699	-0.280000
231	0.336465	-0.372796	0.355020	-0.280000
232	0.537095	-0.011646	-0.299363	-0.280000
233	0.609455	0.082398	-0.000360	-0.280000
234	0.578162	0.117572	-0.173582	-0.280000
235	0.609616	0.038715	0.071377	-0.280000
236	0.571495	0.223460	-0.041032	-0.280000
237	0.596695	0.137631	-0.056906	-0.280000
238	0.588866	0.091732	-0.151814	-0.280000
239	0.600307	-0.133523	0.005340	-0.280000
240	0.597795	0.039243	0.139020	-0.280000
241	0.493027	-0.173321	-0.324205	-0.280000
242	0.613015	0.026003	-0.041972	-0.280000
243	0.608111	0.077230	-0.049620	-0.280000
244	0.609701	0.006053	0.080330	-0.280000
245	0.593163	-0.089934	-0.135258	-0.280000
246	0.595814	0.014836	0.151691	-0.280000
247	0.610376	-0.048062	-0.057936	-0.280000
248	0.614813	0.014184	0.005408	-0.280000
249	0.613610	-0.026134	-0.032012	-0.280000
250	0.608511	0.047485	-0.075397	-0.280000
251	0.611693	0.052052	-0.036705	-0.280000
252	0.585303	-0.043691	-0.183675	-0.280000
253	0.607429	-0.071717	-0.064120	-0.280000
254	0.534153	-0.277188	-0.126777	-0.280000
255	0.599183	0.045977	0.130731	-0.280000
256	0.606725	-0.097483	0.024638	-0.280000
257	0.594610	-0.132128	-0.084889	-0.280000
258	0.534415	0.301755	-0.039620	-0.280000
259	0.581589	0.183224	0.080053	-0.280000
260	0.575437	0.216500	-0.015001	-0.280000
261	0.612104	-0.017700	0.056928	-0.280000
262	0.609556	-0.003531	0.081576	-0.280000
263	0.612175	0.020629	-0.055147	-0.280000
264	0.582706	0.152099	0.124678	-0.280000
265	0.598904	0.115033	0.079410	-0.280000
266	0.549623	0.138894	-0.238428	-0.280000
267	0.613660	0.010444	0.039203	-0.280000
268	0.598701	-0.029971	-0.137421	-0.280000
269	0.592936	0.062315	0.150891	-0.280000
270	0.609603	0.057164	0.057807	-0.280000
271	0.600225	0.067802	0.115576	-0.280000
272	0.577743	0.135575	0.161422	-0.280000
273	0.581594	0.183380	-0.079654	-0.280000
274	0.596999	0.146099	-0.021729	-0.280000
275	0.522981	0.302255	0.115576	-0.280000
276	0.592873	0.156648	-0.046777	-0.280000
277	0.544566	0.236754	-0.160063	-0.280000
278	0.595331	-0.108654	-0.109548	-0.280000
279	0.592159	0.154157	0.061714	-0.280000
280	0.569718	0.136549	0.187085	-0.280000
281	0.606855	0.034117	0.093742	-0.280000
282	0.585395	0.175356	0.069197	-0.280000
283	0.609997	0.047225	0.062438	-0.280000
284	0.582738	0.194279	-0.029956	-0.280000
285	0.577896	0.203377	-0.053846	-0.280000
286	0.609276	-0.050563	-0.066713	-0.280000
287	0.606555	0.054870	-0.085468	-0.280000
288	0.608016	-0.052951	-0.075751	-0.280000
289	0.589852	0.159114	-0.070585	-0.280000
290	0.579950	0.192022	-0.070785	-0.280000
291	0.598681	0.126465	0.061750	-0.280000
292	0.604387	0.056904	0.098506	-0.280000
293	0.579867	0.150452	0.139080	-0.280000
294	0.580470	-0.109995	0.170824	-0.280000
295	0.545297	-0.139871	0.247613	-0.280000
296	0.593240	0.085709	0.137642	-0.280000
297	0.612538	-0.053445	0.012882	-0.280000
298	0.591706	0.014514	-0.167026	-0.280000
299	0.550982	0.270034	0.041538	-0.280000
300	0.613394	0.044098	0.005259	-0.280000
301	0.575533	0.208047	-0.060853	-0.280000
302	0.583815	0.178437	0.074466	-0.280000
303	0.532613	0.238694	0.193838	-0.280000
304	0.492785	-0.366453	0.033171	-0.280000
305	0.573121	-0.221286	-0.028099	-0.280000
306	0.580051	-0.058627	0.195778	-0.280000
307	0.587165	0.180720	0.028322	-0.280000
308	0.562634	0.246207	-0.032413	-0.280000
309	0.559177	0.238646	0.092704	-0.280000
310	0.596514	0.149594	0.004156	-0.280000
311	0.483878	0.375035	-0.058611	-0.280000
312	0.557352	0.252307	0.062644	-0.280000
313	0.504977	-0.086633	-0.340174	-0.280000
314	0.558203	0.043039	-0.254522	-0.280000
315	0.595988	0.141870	0.053819	-0.280000
316	0.581978	0.098151	-0.172896	-0.280000
317	0.577449	0.022326	-0.210426	-0.280000
318	0.525991	0.297898	-0.113204	-0.280000
319	0.546957	0.241333	0.144297	-0.280000
320	0.434364	0.431078	-0.061028	-0.280000
321	0.604846	0.101028	0.046689	-0.280000
322	0.376841	0.393622	-0.285092	-0.280000
323	0.538505	0.243316	-0.170396	-0.280000
324	0.607724	-0.032001	-0.088724	-0.280000
325	0.586879	0.170931	-0.067680	-0.280000
326	0.565218	0.030253	0.240496	-0.280000
327	0.595918	-0.099866	-0.114603	-0.280000
328	0.588832	-0.164068	0.067705	-0.280000
329	0.572422	-0.195205	0.111595	-0.280000
330	0.535355	0.214467	-0.213599	-0.280000
331	0.598813	0.031534	-0.136577	-0.280000
332	0.592871	0.162989	-0.012779	-0.280000
333	0.604279	-0.047356	0.104063	-0.280000
334	0.606816	0.067297	0.073961	-0.280000
335	0.569442	-0.024013	0.231050	-0.280000
336	0.564587	-0.042019	0.240209	-0.280000
337	0.585839	-0.156843	0.102069	-0.280000
338	0.605341	0.060942	-0.089853	-0.280000
339	0.604799	-0.068790	-0.087812	-0.280000
340	0.614175	0.016243	-0.027387	-0.280000
341	0.590350	0.163983	0.053117	-0.280000
342	0.606258	0.075398	-0.070651	-0.280000
343	0.591361	0.112793	0.125676	-0.280000
344	0.596687	-0.140520	0.049440	-0.280000
345	0.518653	-0.330375	-0.008752	-0.280000
346	0.597896	0.007125	-0.143858	-0.280000
347	0.606827	-0.083330	0.055154	-0.280000
348	0.612345	-0.046511	0.033096	-0.280000
349	0.609270	0.035409	-0.075905	-0.280000
350	0.604107	0.105906	-0.045423	-0.280000
351	0.605244	0.107617	-0.017990	-0.280000
352	0.611056	-0.068803	-0.010081	-0.280000
353	0.589793	-0.106161	0.138201	-0.280000
354	0.573083	-0.028142	-0.221378	-0.280000
355	0.610818	-0.065183	-0.029613	-0.280000
356	0.612740	-0.025672	-0.046001	-0.280000
357	0.605266	-0.107965	-0.014875	-0.280000
358	0.610571	-0.054760	-0.049288	-0.280000
359	0.580539	-0.092519	0.180666	-0.280000
360	0.576864	-0.059635	0.204687	-0.280000
361	0.568086	0.200054	-0.124426	-0.280000
362	0.611474	0.059445	-0.028123	-0.280000
363	0.594511	-0.071369	0.140314	-0.280000
364	0.608747	0.005599	0.087299	-0.280000
365	0.586711	-0.114263	-0.144704	-0.280000
366	0.606798	-0.064695	0.076392	-0.280000
367	0.593480	-0.124144	0.102930	-0.280000
368	0.604211	0.106138	0.043455	-0.280000
369	0.557723	0.213229	-0.147323	-0.280000
370	0.564394	0.227965	0.087845	-0.280000
371	0.575056	0.144091	-0.163627	-0.280000
372	0.610397	-0.054497	0.051672	-0.280000
373	0.582977	0.147673	0.128668	-0.280000
374	0.600505	-0.108348	0.076680	-0.280000
375	0.571415	0.211006	0.084771	-0.280000
376	0.600592	0.097564	0.089415	-0.280000
377	0.605045	0.080097	-0.075698	-0.280000
378	0.612979	-0.042948	0.025239	-0.280000
379	0.610610	-0.039395	-0.061878	-0.280000
380	0.593045	0.156932	0.043535	-0.280000
381	0.601154	0.128676	-0.016792	-0.280000
382	0.577627	0.209971	0.022007	-0.280000
383	0.609398	0.055258	-0.061691	-0.280000
384	0.566780	0.236087	0.035327	-0.280000
385	0.432840	0.425158	0.100577	-0.280000
386	0.594948	-0.025366	0.153681	-0.280000
387	0.598794	-0.033372	-0.136224	-0.280000
388	0.575367	0.216787	-0.013460	-0.280000
389	0.610231	0.075664	0.010859	-0.280000
390	0.545976	0.232268	-0.161825	-0.280000
391	0.576516	0.205375	0.060629	-0.280000
392	0.573570	0.150462	0.163105	-0.280000
393	0.595022	0.145744	0.054148	-0.280000
394	0.601069	0.017686	0.128950	-0.280000
395	0.607667	-0.049650	-0.080629	-0.280000
396	0.587865	-0.034689	-0.177304	-0.280000
397	0.579903	-0.004168	-0.204745	-0.280000
398	0.582532	0.031789	-0.194606	-0.280000
399	0.529386	0.294934	-0.104831	-0.280000
400	0.547185	0.217076	0.178020	-0.280000
401	0.605203	0.109334	-0.000646	-0.280000
402	0.514363	-0.003069	0.337114	-0.280000
403	0.607064	0.073338	0.065725	-0.280000
404	0.612544	0.007395	-0.054404	-0.280000
405	0.578514	0.166365	-0.125972	-0.280000
406	0.516717	0.284294	-0.174370	-0.280000
407	0.538055	0.296406	-0.029411	-0.280000
408	0.553791	0.264327	0.040891	-0.280000
409	0.556003	0.236944	-0.113768	-0.280000
410	0.607776	-0.043757	-0.083180	-0.280000
411	0.578849	-0.086237	0.189001	-0.280000
412	0.602186	0.107709	0.063217	-0.280000
413	0.513752	0.331934	0.064060	-0.280000
414	0.557207	0.216510	-0.144461	-0.280000
415	0.584280	0.187988	-0.038764	-0.280000
416	0.546031	0.281760	-0.026204	-0.280000
417	0.530022	0.303664	0.071344	-0.280000
418	0.559158	-0.077348	-0.244100	-0.280000
419	0.598002	-0.142651	0.016423	-0.280000
420	0.590102	0.160043	0.066264	-0.280000
421	0.585345	-0.022018	-0.187381	-0.280000
422	0.519893	0.318883	-0.079054	-0.280000
423	0.599309	0.137977	-0.004064	-0.280000
424	0.545758	0.270605	-0.084537	-0.280000
425	0.458787	0.382446	0.146541	-0.280000
426	0.390345	0.360903	-0.309200	-0.280000
427	0.553392	0.151517	-0.221417	-0.280000
428	0.575722	0.032496	-0.213806	-0.280000
429	0.578259	-0.000873	-0.209383	-0.280000
430	0.552380	-0.183759	0.198329	-0.280000
431	0.568349	-0.234955	0.000289	-0.280000
432	0.534983	-0.036051	0.301195	-0.280000
433	0.502484	-0.209866	0.285816	-0.280000
434	0.606024	-0.042422	-0.095709	-0.280000
435	0.569266	0.049319	-0.227440	-0.280000
436	0.528717	0.224641	-0.219589	-0.280000
437	0.589376	0.130328	-0.117793	-0.280000
438	0.578349	0.207762	0.023936	-0.280000
439	0.577312	0.163381	0.135064	-0.280000
440	0.570057	0.183797	0.139567	-0.280000
441	0.592606	-0.039492	0.159634	-0.280000
442	0.525006	-0.112516	0.299890	-0.280000
443	0.518182	-0.281280	0.174912	-0.280000
444	0.540041	0.083317	-0.282204	-0.280000
445	0.604833	-0.015468	-0.110285	-0.280000
446	0.547969	0.238686	-0.144857	-0.280000
447	0.500844	0.354327	0.042802	-0.280000
448	0.595822	0.124314	-0.088132	-0.280000
449	0.608137	0.033252	-0.085373	-0.280000
450	0.611620	0.014248	0.062796	-0.280000
451	0.555322	-0.237262	0.116399	-0.280000
452	0.607892	-0.075605	0.054556	-0.280000
453	0.583316	-0.054750	-0.187002	-0.280000
454	0.579670	0.205437	-0.002018	-0.280000
455	0.605063	-0.105496	0.031535	-0.280000
456	0.561119	0.053795	-0.245920	-0.280000
457	0.587181	0.065037	-0.170919	-0.280000
458	0.585673	0.186643	-0.019400	-0.280000
459	0.613952	-0.034953	0.008169	-0.280000
460	0.613653	-0.034283	-0.021906	-0.280000
461	0.607929	0.090421	-0.021717	-0.280000
462	0.608867	0.079754	-0.033847	-0.280000
463	0.606767	0.089909	-0.044440	-0.280000
464	0.612007	-0.030507	0.052357	-0.280000
465	0.612973	-0.013306	0.048090	-0.280000
466	0.600360	-0.123112	0.051343	-0.280000
467	0.602881	0.091066	-0.080411	-0.280000
468	0.593461	0.084527	0.137420	-0.280000
469	0.614983	-0.003026	-0.003364	-0.280000
470	0.612630	0.053215	-0.008833	-0.280000
471	0.562339	0.101559	-0.227345	-0.280000
472	0.609471	-0.079502	0.021193	-0.280000
473	0.603284	-0.112560	-0.040039	-0.280000
474	0.603264	-0.119428	0.005889	-0.280000
475	0.565283	-0.225346	0.088875	-0.280000
476	0.587800	-0.180877	-0.000099	-0.280000
477	0.572224	0.069184	0.214472	-0.280000
478	0.576225	0.103010	0.188624	-0.280000
479	0.550109	0.271576	0.043035	-0.280000
480	0.612406	-0.047465	-0.030510	-0.280000
481	0.611524	0.057095	0.031687	-0.280000
482	0.582901	0.116766	-0.157534	-0.280000
483	0.590691	0.167526	-0.035275	-0.280000
484	0.596495	-0.082388	0.125024	-0.280000
485	0.578807	0.198729	0.060947	-0.280000
486	0.574326	0.218690	0.023435	-0.280000
487	0.545164	0.214060	0.187617	-0.280000
488	0.532550	0.191666	0.240582	-0.280000
489	0.603045	-0.074517	0.094913	-0.280000
490	0.614950	0.003021	-0.007214	-0.280000
491	0.581708	0.151088	0.130436	-0.280000
492	0.598381	0.138852	0.029759	-0.280000
493	0.570877	0.223951	0.046582	-0.280000
494	0.519397	0.266054	0.194080	-0.280000
495	0.580126	0.158030	-0.129250	-0.280000
496	0.544082	0.285992	-0.020219	-0.280000
497	0.549533	0.275033	-0.024404	-0.280000
498	0.586979	0.166818	0.076498	-0.280000
499	0.607548	0.066873	-0.068105	-0.280000
500	0.585551	0.088142	-0.166092	-0.280000
501	0.609003	0.082425	-0.023384	-0.280000
502	0.610586	0.052284	-0.051731	-0.280000
503	0.591797	0.162392	0.040375	-0.280000
504	0.594650	0.143644	0.063106	-0.280000
505	0.596347	0.120911	-0.089308	-0.280000
506	0.586564	0.175304	-0.058623	-0.280000
507	0.562494	-0.054246	0.242659	-0.280000
508	0.608217	-0.006521	0.090852	-0.280000
509	0.601748	-0.017981	0.125704	-0.280000
510	0.585588	0.118858	-0.145551	-0.280000
511	0.609734	-0.069303	-0.040572	-0.280000
512	0.565330	0.242122	-0.001776	-0.280000
513	0.530223	0.311526	0.006367	-0.280000
514	0.614356	0.023256	-0.015840	-0.280000
515	0.558944	0.121839	-0.225748	-0.280000
516	0.573485	-0.088767	0.203617	-0.280000
517	0.563378	-0.186867	0.160967	-0.280000
518	0.600122	0.115607	0.068657	-0.280000
519	0.613087	-0.010560	0.047301	-0.280000
520	0.570399	0.185826	-0.135422	-0.280000
521	0.588587	0.165892	-0.065345	-0.280000
522	0.572560	0.211174	0.076191	-0.280000
523	0.550470	0.270336	-0.046119	-0.280000
524	0.592532	0.135206	-0.094076	-0.280000
525	0.592538	-0.031791	-0.161595	-0.280000
526	0.597392	0.020010	-0.144733	-0.280000
527	0.610774	0.040797	-0.059290	-0.280000
528	0.601239	0.037154	-0.123922	-0.280000
529	0.551972	0.222577	-0.154957	-0.280000
530	0.540323	0.252690	-0.149746	-0.280000
531	0.551360	0.244583	-0.120025	-0.280000
532	0.506148	0.349157	-0.011336	-0.280000
533	0.606601	0.030193	0.096687	-0.280000
534	0.586357	-0.074546	-0.169863	-0.280000
535	0.601548	-0.060547	-0.112691	-0.280000
536	0.579298	0.064649	0.196110	-0.280000
537	0.614378	0.003502	0.027423	-0.280000
538	0.588570	0.176516	0.025533	-0.280000
539	0.493975	0.324552	-0.169941	-0.280000
540	0.510022	0.334596	-0.078411	-0.280000
541	0.521140	0.323214	0.046595	-0.280000
542	0.480443	0.346230	0.165906	-0.280000
543	0.574689	0.199229	-0.090911	-0.280000
544	0.529285	0.236665	-0.205115	-0.280000
545	0.588979	-0.142459	-0.105044	-0.280000
546	0.612964	-0.020954	0.045402	-0.280000
547	0.591105	-0.036114	0.165880	-0.280000
548	0.543128	0.049683	0.284198	-0.280000
549	0.565470	-0.107475	0.216606	-0.280000
550	0.565544	-0.218403	0.103368	-0.280000
551	0.526079	0.109353	-0.299178	-0.280000
552	0.535648	0.125267	-0.274980	-0.280000
553	0.590195	0.087214	-0.149292	-0.280000
554	0.587788	0.112790	0.141454	-0.280000
555	0.589416	0.175322	0.008741	-0.280000
556	0.598682	-0.029448	0.137614	-0.280000
557	0.601288	0.039709	0.122884	-0.280000
558	0.545823	-0.260698	0.111080	-0.280000
559	0.562017	0.034599	-0.247314	-0.280000
560	0.605408	0.107116	-0.015250	-0.280000
561	0.604941	0.015129	-0.109738	-0.280000
562	0.593868	0.001404	-0.159824	-0.280000
563	0.547613	0.192299	-0.203386	-0.280000
564	0.603533	0.106220	-0.051862	-0.280000
565	0.612226	-0.049268	0.031253	-0.280000
566	0.609215	-0.057597	0.061353	-0.280000
567	0.600631	0.101859	-0.084213	-0.280000
568	0.572761	-0.091430	-0.204476	-0.280000
569	0.611315	0.064406	-0.019268	-0.280000
570	0.585989	-0.023007	-0.185235	-0.280000
571	0.581484	0.179519	0.088740	-0.280000
572	0.606365	0.020558	0.100615	-0.280000
573	0.608689	-0.017877	-0.086044	-0.280000
574	0.610462	0.072870	0.015855	-0.280000
575	0.558612	0.137671	-0.217311	-0.280000
576	0.590796	0.075736	-0.153131	-0.280000
577	0.604758	-0.029892	0.107701	-0.280000
578	0.593057	-0.149983	0.063354	-0.280000
579	0.596497	-0.143368	-0.043156	-0.280000
580	0.579898	-0.126546	0.161028	-0.280000
581	0.605008	0.079738	0.076369	-0.280000
582	0.592111	0.091459	0.138798	-0.280000
583	0.557034	0.080407	-0.247936	-0.280000
584	0.609748	0.076671	0.023544	-0.280000
585	0.578801	0.137460	0.155947	-0.280000
586	0.607133	-0.054840	0.081285	-0.280000
587	0.614797	-0.006854	-0.014242	-0.280000
588	0.614610	-0.007862	-0.020434	-0.280000
589	0.605854	0.105648	0.002155	-0.280000
590	0.549563	0.269040	-0.061831	-0.280000
591	0.604783	-0.110642	-0.014878	-0.280000
592	0.543648	0.130873	-0.256017	-0.280000
593	0.592919	0.153280	0.056371	-0.280000
594	0.572163	0.183628	0.130903	-0.280000
595	0.552169	0.021119	0.269978	-0.280000
596	0.596179	0.115672	-0.097036	-0.280000
597	0.558961	0.237405	-0.097089	-0.280000
598	0.588177	0.159512	0.082638	-0.280000
599	0.608435	0.089187	0.008809	-0.280000
600	0.590973	0.168807	0.021927	-0.280000
601	0.568954	0.229705	0.041858	-0.280000
602	0.595219	0.103944	0.114606	-0.280000
603	0.564332	0.242356	0.031915	-0.280000
604	0.598047	0.141688	0.022113	-0.280000
605	0.583520	0.194221	-0.002783	-0.280000
606	0.573845	0.150229	-0.162351	-0.280000
607	0.560597	0.211321	0.138921	-0.280000
608	0.610990	0.058948	-0.037964	-0.280000
609	0.525308	0.119507	-0.296638	-0.280000
610	0.614092	0.022763	-0.024460	-0.280000
611	0.566963	0.228480	-0.067636	-0.280000
612	0.525899	0.318286	0.018680	-0.280000
613	0.583181	0.195250	0.001489	-0.280000
614	0.612182	0.056944	0.014700	-0.280000
615	0.608681	-0.037171	0.079691	-0.280000
616	0.605560	0.041602	0.098954	-0.280000
617	0.610985	0.038729	-0.058500	-0.280000
618	0.606363	-0.059315	-0.083849	-0.280000
619	0.544583	0.004477	-0.285718	-0.280000
620	0.558802	0.200950	-0.159951	-0.280000
621	0.582555	0.099504	-0.170157	-0.280000
622	0.558518	0.257336	0.007774	-0.280000
623	0.614567	-0.010815	0.020390	-0.280000
624	0.599996	-0.135002	-0.002174	-0.280000
625	0.613822	-0.023637	-0.029815	-0.280000
626	0.610170	0.073684	-0.022086	-0.280000
627	0.594288	0.158136	0.006253	-0.280000
628	0.515453	0.298939	-0.152214	-0.280000
629	0.566685	0.227901	0.071795	-0.280000
630	0.554601	0.263185	-0.037100	-0.280000
631	0.601243	-0.076724	-0.104142	-0.280000
632	0.604395	-0.102356	-0.049547	-0.280000
633	0.605201	0.085592	-0.068050	-0.280000
634	0.516848	0.328725	-0.055073	-0.280000
635	0.468901	0.287422	-0.275219	-0.280000
636	0.567729	-0.095073	-0.216495	-0.280000
637	0.524305	0.320854	-0.019529	-0.280000
638	0.494835	0.338969	0.135878	-0.280000
639	0.448381	0.342987	-0.244006	-0.280000
640	0.436024	0.319424	-0.293387	-0.280000
641	0.589746	-0.044466	-0.168662	-0.280000
642	0.588359	0.178999	0.004195	-0.280000
643	0.563720	-0.245658	0.009809	-0.280000
644	0.585407	-0.179954	0.056037	-0.280000
645	0.608945	0.085938	0.005090	-0.280000
646	0.588807	0.078266	0.159391	-0.280000
647	0.364471	-0.321765	0.376634	-0.280000
648	0.481790	0.046635	-0.379379	-0.280000
649	0.561404	0.251014	0.006555	-0.280000
650	0.586424	0.098168	-0.157148	-0.280000
651	0.565089	0.236123	-0.056086	-0.280000
652	0.586849	-0.060158	0.173824	-0.280000
653	0.590560	0.081244	0.151206	-0.280000
654	0.591922	-0.160406	-0.046084	-0.280000
655	0.548751	-0.272556	0.053012	-0.280000
656	0.604203	-0.114597	-0.005600	-0.280000
657	0.552661	-0.091297	-0.253882	-0.280000
658	0.611563	0.005398	0.064699	-0.280000
659	0.614560	-0.015522	0.017317	-0.280000
660	0.564924	0.087576	-0.226751	-0.280000
661	0.594351	0.080287	-0.136109	-0.280000
662	0.604366	0.074365	-0.086234	-0.280000
663	0.600341	-0.111304	0.073672	-0.280000
664	0.590256	-0.171774	0.017796	-0.280000
665	0.569955	0.182649	0.141476	-0.280000
666	0.548868	-0.192648	-0.199638	-0.280000
667	0.608009	0.086611	-0.032380	-0.280000
668	0.600680	-0.051332	-0.121547	-0.280000
669	0.551559	0.217658	-0.163196	-0.280000
670	0.574498	0.013357	-0.219086	-0.280000
671	0.589734	0.018364	0.173497	-0.280000
672	0.611568	-0.040490	0.050701	-0.280000
673	0.601908	0.107198	0.066634	-0.280000
674	0.606252	-0.018775	0.101644	-0.280000
675	0.551784	0.251201	-0.103233	-0.280000
676	0.526052	0.158167	0.276545	-0.280000
677	0.527741	0.295844	-0.110413	-0.280000
678	0.601412	-0.113663	-0.060079	-0.280000
679	0.606883	-0.070225	-0.070618	-0.280000
680	0.525136	-0.136629	-0.289465	-0.280000
681	0.588754	-0.112971	0.137228	-0.280000
682	0.603423	-0.004220	0.118694	-0.280000
683	0.553328	-0.062457	0.261060	-0.280000
684	0.611083	0.058841	-0.036617	-0.280000
685	0.572163	-0.225437	0.005717	-0.280000
686	0.602810	-0.090989	0.081027	-0.280000
687	0.606730	0.100511	0.001255	-0.280000
688	0.531083	0.028811	0.308782	-0.280000
689	0.607344	0.033983	0.090571	-0.280000
690	0.520345	0.294575	-0.143846	-0.280000
691	0.588064	0.179911	-0.006129	-0.280000
692	0.522860	0.080046	0.313743	-0.280000
693	0.612392	0.032438	-0.046354	-0.280000
694	0.593328	0.115058	0.113793	-0.280000
695	0.565526	-0.048328	-0.236791	-0.280000
696	0.598541	0.141041	0.009030	-0.280000
697	0.610489	0.030126	-0.067978	-0.280000
698	0.588432	0.088897	0.155144	-0.280000
699	0.601019	0.130290	-0.005045	-0.280000
700	0.610844	-0.045388	-0.055083	-0.280000
701	0.571491	0.020277	0.226300	-0.280000
702	0.572961	-0.124744	-0.185419	-0.280000
703	0.611342	-0.064109	0.019376	-0.280000
704	0.544288	0.174782	0.226775	-0.280000
705	0.533720	0.284355	0.111847	-0.280000
706	0.602838	0.040153	0.114885	-0.280000
707	0.606963	0.055240	-0.082278	-0.280000
708	0.573537	0.200010	0.096315	-0.280000
709	0.613388	-0.022713	-0.038259	-0.280000
710	0.560539	0.189549	-0.167607	-0.280000
711	0.515404	0.279794	0.185200	-0.280000
712	0.591601	-0.103887	0.132063	-0.280000
713	0.514657	0.091719	-0.323945	-0.280000
714	0.403544	0.192282	-0.422380	-0.280000
715	0.582316	0.168605	-0.103465	-0.280000
716	0.591548	0.077364	-0.149367	-0.280000
717	0.537126	0.296775	0.040567	-0.280000
718	0.590988	0.090315	-0.144227	-0.280000
719	0.604155	0.101957	0.053168	-0.280000
720	0.596417	-0.146334	0.033135	-0.280000
721	0.573694	-0.030290	0.219505	-0.280000
722	0.614633	-0.012991	-0.016810	-0.280000
723	0.606772	0.084576	-0.053852	-0.280000
724	0.589481	-0.155872	-0.080257	-0.280000
725	0.594753	0.146627	-0.054726	-0.280000
726	0.515044	0.207846	-0.264111	-0.280000
727	0.607727	-0.020738	0.091995	-0.280000
728	0.594939	0.068473	-0.139944	-0.280000
729	0.554266	0.040125	0.263446	-0.280000
730	0.585967	-0.110705	-0.150373	-0.280000
731	0.591249	0.168909	-0.010927	-0.280000
732	0.563827	-0.122047	-0.213139	-0.280000
733	0.586786	0.174870	-0.057689	-0.280000
734	0.573168	0.201929	-0.094490	-0.280000
735	0.551736	0.236233	0.134188	-0.280000
736	0.502134	0.339657	-0.103535	-0.280000
737	0.591231	0.138103	-0.097973	-0.280000
738	0.603414	0.106790	-0.052085	-0.280000
739	0.565183	-0.225712	0.088586	-0.280000
740	0.584355	-0.154392	-0.113654	-0.280000
741	0.577057	-0.100089	-0.187649	-0.280000
742	0.538963	0.219046	-0.199405	-0.280000
743	0.601841	0.052148	-0.115293	-0.280000
744	0.571828	0.201204	-0.103702	-0.280000
745	0.459953	0.404668	0.053961	-0.280000
746	0.459955	0.379485	0.150522	-0.280000
747	0.403281	0.205668	-0.416282	-0.280000
748	0.529917	0.285315	-0.126524	-0.280000
749	0.554390	-0.146653	-0.222193	-0.280000
750	0.577935	-0.186113	0.097868	-0.280000
751	0.547982	-0.217779	-0.174681	-0.280000
752	0.611921	-0.052863	0.031347	-0.280000
753	0.597425	-0.029182	0.143027	-0.280000
754	0.600566	0.042555	0.125437	-0.280000
755	0.489412	0.294412	-0.228085	-0.280000
756	0.544897	0.074544	-0.275237	-0.280000
757	0.594228	0.151295	-0.047206	-0.280000
758	0.602446	0.107471	0.061107	-0.280000
759	0.602862	0.115135	0.039071	-0.280000
760	0.535867	0.026282	0.300633	-0.280000
761	0.550497	-0.205727	-0.181259	-0.280000
762	0.546921	-0.152164	0.236533	-0.280000
763	0.521732	0.031592	-0.324073	-0.280000
764	0.585701	0.091753	0.163588	-0.280000
765	0.602928	0.121139	-0.005300	-0.280000
766	0.586473	0.173993	-0.063251	-0.280000
767	0.606281	0.091423	-0.047854	-0.280000
768	0.604373	-0.112482	-0.017506	-0.280000
769	0.585585	-0.177592	0.061456	-0.280000
770	0.529906	-0.286175	-0.124616	-0.280000
771	0.601052	-0.085155	0.098542	-0.280000
772	0.605094	0.104477	-0.034215	-0.280000
773	0.580999	0.048509	-0.195734	-0.280000
774	0.610716	-0.062148	-0.037266	-0.280000
775	0.614809	0.005322	-0.014393	-0.280000
776	0.591202	-0.104169	-0.133619	-0.280000
777	0.602063	-0.012286	-0.124878	-0.280000
778	0.474021	-0.378951	-0.099627	-0.280000
779	0.614656	-0.000054	-0.020568	-0.280000
780	0.607241	-0.095641	0.018339	-0.280000
781	0.607573	0.062230	-0.072163	-0.280000
782	0.591103	-0.140938	0.094652	-0.280000
783	0.612900	0.018333	-0.047351	-0.280000
784	0.599283	0.050111	0.128741	-0.280000
785	0.546667	0.087796	0.267717	-0.280000
786	0.599633	0.134907	0.021562	-0.280000
787	0.589788	0.174285	0.000246	-0.280000
788	0.601454	-0.127121	0.017829	-0.280000
789	0.608518	-0.048463	-0.074711	-0.280000
790	0.583703	-0.119437	0.152480	-0.280000
791	0.609629	-0.072584	-0.036188	-0.280000
792	0.579968	-0.204575	-0.003347	-0.280000
793	0.581595	0.183843	0.078576	-0.280000
794	0.571444	0.196624	0.114085	-0.280000
795	0.612958	0.002389	-0.050018	-0.280000
796	0.611965	0.060176	0.010133	-0.280000
797	0.604693	0.088781	0.068475	-0.280000
798	0.606176	-0.078594	0.067811	-0.280000
799	0.595574	-0.026624	0.151021	-0.280000
800	0.508047	0.270592	0.216550	-0.280000
801	0.561477	0.186486	-0.167903	-0.280000
802	0.611795	0.053109	0.033340	-0.280000
803	0.519800	0.040796	-0.326142	-0.280000
804	0.583221	0.089296	0.173505	-0.280000
805	0.567164	0.219189	0.092233	-0.280000
806	0.574690	0.167590	-0.140960	-0.280000
807	0.606201	0.100362	0.025938	-0.280000
808	0.596290	0.150171	0.010596	-0.280000
809	0.483982	0.313235	-0.214172	-0.280000
810	0.578627	0.197021	-0.067809	-0.280000
811	0.596904	0.090418	0.117282	-0.280000
812	0.574465	0.205127	-0.078348	-0.280000
813	0.605441	0.079698	-0.072903	-0.280000
814	0.551423	0.188806	-0.196239	-0.280000
815	0.582903	0.124988	-0.151085	-0.280000
816	0.563767	0.232420	0.079829	-0.280000
817	0.484848	0.341008	0.163894	-0.280000
818	0.579068	-0.030876	-0.204822	-0.280000
819	0.606988	0.095565	0.025659	-0.280000
820	0.597084	0.002440	0.147342	-0.280000
821	0.605033	-0.049549	-0.098515	-0.280000
822	0.575208	0.150461	-0.157232	-0.280000
823	0.593097	0.154031	0.052302	-0.280000
824	0.578918	0.207153	0.012888	-0.280000
825	0.583158	0.141102	-0.135064	-0.280000
826	0.595164	0.154029	0.016719	-0.280000
827	0.547655	-0.277801	0.033548	-0.280000
828	0.567070	0.146377	0.187697	-0.280000
829	0.594311	0.139741	-0.074105	-0.280000
830	0.605630	0.006169	0.106767	-0.280000
831	0.600794	0.105996	0.077694	-0.280000
832	0.546793	0.277510	0.047234	-0.280000
833	0.584883	0.103397	0.159516	-0.280000
834	0.581671	0.090571	-0.177991	-0.280000
835	0.576745	-0.181100	-0.113107	-0.280000
836	0.598763	0.065768	-0.124028	-0.280000
837	0.609698	0.073071	-0.033974	-0.280000
838	0.614650	0.017049	-0.011841	-0.280000
839	0.547527	0.235137	-0.152149	-0.280000
840	0.601822	0.121745	0.034829	-0.280000
841	0.598407	0.115702	-0.082140	-0.280000
842	0.603652	0.100042	-0.061813	-0.280000
843	0.532520	-0.303434	-0.050753	-0.280000
844	0.514659	-0.297906	-0.156852	-0.280000
845	0.573495	-0.022012	-0.221007	-0.280000
846	0.600049	0.134774	-0.001274	-0.280000
847	0.580576	0.154328	-0.131677	-0.280000
848	0.553822	0.232895	-0.131400	-0.280000
849	0.499372	0.354845	0.054204	-0.280000
850	0.426329	0.420988	0.138703	-0.280000
