1	0.508716	0.326920	-0.112053	1.270000
2	0.562673	-0.236094	0.076708	1.270000
3	0.586032	-0.113996	-0.147637	1.270000
4	0.604181	-0.081271	0.081151	1.270000
5	0.593556	0.144335	0.071296	1.270000
6	0.585296	-0.169581	-0.083041	1.270000
7	0.607738	-0.085054	-0.040555	1.270000
8	0.514534	-0.118409	0.315371	1.270000
9	0.532942	0.124425	0.280565	1.270000
10	0.614641	-0.020373	-0.005191	1.270000
11	0.480717	0.208957	0.321673	1.270000
12	0.591621	-0.111003	0.126049	1.270000
13	0.598034	-0.065562	0.127599	1.270000
14	0.607529	-0.083571	0.046362	1.270000
15	0.598931	-0.067211	-0.122430	1.270000
16	0.601989	0.001146	-0.125829	1.270000
17	0.581433	0.000987	0.200399	1.270000
18	0.485845	-0.012871	0.376847	1.270000
19	0.601801	0.117434	-0.047647	1.270000
20	0.609651	-0.073800	0.033231	1.270000
21	0.605992	0.079705	-0.068163	1.270000
22	0.609643	0.080879	0.004340	1.270000
23	0.574473	-0.181796	-0.123108	1.270000
24	0.557787	0.200439	-0.164080	1.270000
25	0.607404	0.020729	-0.094103	1.270000
26	0.569018	-0.090567	0.215038	1.270000
27	0.597128	-0.145186	0.024177	1.270000
28	0.497557	-0.278151	0.230856	1.270000
29	0.601624	0.089185	-0.091212	1.270000
30	0.605548	-0.031019	-0.102832	1.270000
31	0.604396	-0.111723	0.021183	1.270000
32	0.558815	-0.032057	-0.254800	1.270000
33	0.599238	0.093205	0.102233	1.270000
34	0.566983	-0.233711	-0.046198	1.270000
35	0.585356	-0.102914	-0.158091	1.270000
36	0.541488	-0.272821	-0.102878	1.270000
37	0.532082	-0.174292	-0.254434	1.270000
38	0.565901	-0.045670	-0.236422	1.270000
39	0.607885	0.091141	0.019864	1.270000
40	0.580318	-0.056238	-0.195688	1.270000
41	0.607461	0.004324	-0.095904	1.270000
42	0.535832	-0.294460	0.066350	1.270000
43	0.593733	0.080379	-0.138728	1.270000
44	0.599708	-0.126857	0.049826	1.270000
45	0.591207	-0.118136	-0.121423	1.270000
46	0.595634	-0.149340	0.033807	1.270000
47	0.568034	-0.216123	-0.094095	1.270000
48	0.591401	-0.043618	0.162995	1.270000
49	0.597148	-0.088157	0.117760	1.270000
50	0.585301	0.178256	0.062224	1.270000
51	0.586730	0.169144	-0.073230	1.270000
52	0.598339	-0.117039	-0.080729	1.270000
53	0.610139	-0.075892	0.014014	1.270000
54	0.605156	-0.081413	0.073367	1.270000
55	0.580273	-0.193188	0.064703	1.270000
56	0.613731	0.034224	0.019700	1.270000
57	0.480691	-0.216974	0.316359	1.270000
58	0.536139	0.188706	0.234883	1.270000
59	0.584386	0.181284	0.062080	1.270000
60	0.610551	0.034890	0.065079	1.270000
61	0.611929	-0.010532	-0.060471	1.270000
62	0.596790	-0.042699	0.142281	1.270000
63	0.572515	-0.218450	0.052258	1.270000
64	0.614278	0.021050	-0.021074	1.270000
65	0.597911	-0.074818	0.123002	1.270000
66	0.614995	0.002466	-0.000388	1.270000
67	0.604383	-0.012344	0.113109	1.270000
68	0.586078	0.092180	0.161988	1.270000
69	0.609328	-0.020027	-0.080892	1.270000
70	0.592960	0.094618	-0.132934	1.270000
71	0.613624	0.018038	0.036945	1.270000
72	0.554984	-0.093747	0.247849	1.270000
73	0.532563	0.294711	-0.088016	1.270000
74	0.561031	-0.245835	-0.055084	1.270000
75	0.606631	0.100346	-0.012446	1.270000
76	0.601701	0.020419	0.125557	1.270000
77	0.574290	-0.219846	-0.009184	1.270000
78	0.596200	-0.149480	0.020633	1.270000
79	0.590484	-0.031195	-0.169056	1.270000
80	0.609179	-0.070972	-0.045709	1.270000
81	0.597904	-0.143920	-0.004791	1.270000
82	0.588014	-0.077136	-0.162834	1.270000
83	0.539943	-0.012925	0.294141	1.270000
84	0.606268	-0.074395	0.071623	1.270000
85	0.538939	0.192861	-0.224889	1.270000
86	0.581905	-0.043665	-0.194177	1.270000
87	0.592208	0.100490	-0.131972	1.270000
88	0.557757	0.049958	0.254238	1.270000
89	0.551476	0.272154	0.005586	1.270000
90	0.610556	-0.026224	-0.068981	1.270000
91	0.462494	0.069726	0.399328	1.270000
92	0.585324	-0.061813	0.178326	1.270000
93	0.612978	0.049565	0.005174	1.270000
94	0.608780	-0.076444	-0.042048	1.270000
95	0.591210	-0.081996	-0.148232	1.270000
96	0.602609	-0.005198	-0.122723	1.270000
97	0.540320	0.207950	0.207450	1.270000
98	0.549068	0.068263	-0.268496	1.270000
99	0.550498	0.264979	-0.070446	1.270000
100	0.592131	-0.160854	0.041614	1.270000
101	0.563144	-0.245450	0.029127	1.270000
102	0.614832	0.007697	-0.012129	1.270000
103	0.591547	-0.092532	-0.140480	1.270000
104	0.602260	-0.062962	-0.107439	1.270000
105	0.607775	0.091142	0.022979	1.270000
106	0.608997	0.018944	0.083602	1.270000
107	0.609876	-0.028440	0.073944	1.270000
108	0.558272	0.219135	0.136150	1.270000
109	0.507700	-0.295057	-0.182775	1.270000
110	0.402981	-0.452053	-0.107143	1.270000
111	0.595032	-0.112323	-0.107450	1.270000
112	0.396675	0.011333	-0.469836	1.270000
113	0.493984	-0.144002	-0.336850	1.270000
114	0.510938	-0.000467	-0.342296	1.270000
115	0.531298	0.006319	0.309689	1.270000
116	0.557202	0.138378	0.220459	1.270000
117	0.519971	0.313243	0.098662	1.270000
118	0.564260	0.049171	0.239621	1.270000
119	0.546262	-0.047306	0.278540	1.270000
120	0.611527	-0.064481	0.010070	1.270000
121	0.562675	-0.192833	0.156323	1.270000
122	0.577311	-0.043450	0.207483	1.270000
123	0.584108	-0.112089	-0.156456	1.270000
124	0.562198	-0.086044	0.233997	1.270000
125	0.589400	0.153940	0.084472	1.270000
126	0.591436	-0.004210	0.168555	1.270000
127	0.594938	0.056670	0.145130	1.270000
128	0.607680	0.093185	0.016347	1.270000
129	0.607818	-0.089650	0.027288	1.270000
130	0.578062	0.160431	-0.135393	1.270000
131	0.599224	0.083421	-0.110436	1.270000
132	0.591314	-0.060186	0.157955	1.270000
133	0.593107	0.161845	-0.016000	1.270000
134	0.537850	-0.097439	-0.281866	1.270000
135	0.485018	0.055317	-0.374062	1.270000
136	0.567983	-0.228690	0.057631	1.270000
137	0.518292	0.124517	-0.306748	1.270000
138	0.537777	0.073337	-0.289210	1.270000
139	0.610728	-0.029978	0.065860	1.270000
140	0.608201	-0.085369	0.032070	1.270000
141	0.562237	-0.227774	-0.101159	1.270000
142	0.597088	-0.074234	-0.127282	1.270000
143	0.607954	-0.087390	0.031295	1.270000
144	0.586364	-0.183898	0.024161	1.270000
145	0.563235	0.050020	-0.241846	1.270000
146	0.560129	-0.228768	-0.110207	1.270000
147	0.607221	-0.097132	-0.008561	1.270000
148	0.596928	-0.099362	-0.109676	1.270000
149	0.542463	-0.236414	-0.167535	1.270000
150	0.592189	0.016859	-0.165085	1.270000
151	0.592071	0.038002	0.161964	1.270000
152	0.603618	0.114937	-0.025678	1.270000
153	0.611700	0.037455	-0.051436	1.270000
154	0.591432	0.162555	0.044820	1.270000
155	0.602203	-0.100582	-0.073888	1.270000
156	0.610361	-0.075022	0.007481	1.270000
157	0.609494	-0.082105	-0.000935	1.270000
158	0.593762	-0.073433	0.142404	1.270000
159	0.614244	0.023043	0.019970	1.270000
160	0.586165	-0.092934	0.161241	1.270000
161	0.571264	0.225766	-0.030198	1.270000
162	0.579972	0.169945	0.113915	1.270000
163	0.590145	-0.121245	-0.123506	1.270000
164	0.582911	-0.067255	-0.184166	1.270000
165	0.597519	-0.142482	-0.029922	1.270000
166	0.601771	-0.106199	0.069416	1.270000
167	0.579740	-0.014160	0.204758	1.270000
168	0.613252	0.031569	0.033913	1.270000
169	0.602494	0.120142	-0.028140	1.270000
170	0.613183	0.046963	-0.005119	1.270000
171	0.612199	-0.057620	0.010845	1.270000
172	0.612951	-0.003805	0.050019	1.270000
173	0.539981	0.158524	0.248023	1.270000
174	0.612565	0.008789	-0.053967	1.270000
175	0.594034	0.054417	-0.149625	1.270000
176	0.569447	-0.167156	0.161289	1.270000
177	0.611789	-0.050201	0.037663	1.270000
178	0.609471	-0.038883	0.072515	1.270000
179	0.609629	-0.038957	0.071136	1.270000
180	0.585624	-0.071323	-0.173730	1.270000
181	0.594216	-0.107695	0.116337	1.270000
182	0.601987	0.115361	-0.050281	1.270000
183	0.581089	-0.067365	0.189795	1.270000
184	0.609697	-0.080198	0.007907	1.270000
185	0.594304	0.125007	-0.096958	1.270000
186	0.602436	-0.114152	-0.047589	1.270000
187	0.595307	0.029169	-0.151604	1.270000
188	0.603531	0.116124	-0.022137	1.270000
189	0.572774	-0.029499	-0.222003	1.270000
190	0.609754	0.059276	-0.053962	1.270000
191	0.594469	0.144531	0.062788	1.270000
192	0.604467	0.082470	0.077738	1.270000
193	0.582241	-0.062419	-0.187946	1.270000
194	0.582658	-0.077289	-0.181001	1.270000
195	0.529593	0.307028	-0.059076	1.270000
196	0.602074	-0.077626	0.098518	1.270000
197	0.598647	0.112657	-0.084591	1.270000
198	0.492308	-0.235669	0.283404	1.270000
199	0.611177	-0.000943	-0.068458	1.270000
200	0.595479	-0.078565	-0.132128	1.270000
201	0.545698	-0.259146	-0.115246	1.270000
202	0.580748	-0.202369	0.002008	1.270000
203	0.567521	-0.004922	0.236897	1.270000
204	0.604802	0.099731	0.049928	1.270000
205	0.592746	0.056637	0.153850	1.270000
206	0.603612	-0.057047	-0.103070	1.270000
207	0.584811	-0.115408	0.151335	1.270000
208	0.575237	-0.017800	-0.216819	1.270000
209	0.590986	-0.001435	-0.170173	1.270000
210	0.602231	-0.083678	-0.092419	1.270000
211	0.613774	0.009285	-0.037692	1.270000
212	0.612740	-0.019302	-0.049014	1.270000
213	0.589251	0.162799	0.067121	1.270000
214	0.586652	0.173603	0.062659	1.270000
215	0.501113	-0.140948	0.327482	1.270000
216	0.612914	0.032349	0.038924	1.270000
217	0.591460	-0.168518	0.001572	1.270000
218	0.599357	0.128543	-0.049731	1.270000
219	0.603924	-0.091212	0.071984	1.270000
220	0.596112	-0.144003	-0.046238	1.270000
221	0.595939	0.016755	0.151001	1.270000
222	0.583945	0.100677	0.164611	1.270000
223	0.546807	-0.033324	0.279494	1.270000
224	0.605600	-0.105118	0.020596	1.270000
225	0.614191	-0.017041	0.026542	1.270000
226	0.592487	-0.014536	-0.164233	1.270000
227	0.588220	0.144381	-0.106661	1.270000
228	0.574108	0.059129	-0.212435	1.270000
229	0.614413	-0.000423	-0.026853	1.270000
230	0.605020	-0.073526	-0.082278	1.270000
231	0.539093	0.013621	0.295665	1.270000
232	0.612164	-0.057902	-0.011285	1.270000
233	0.607623	0.094024	0.013360	1.270000
234	0.588718	0.143329	-0.105323	1.270000
235	0.602485	0.036734	-0.117846	1.270000
236	0.558663	-0.198639	-0.163287	1.270000
237	0.579386	0.010555	-0.205976	1.270000
238	0.608521	-0.088413	0.010488	1.270000
239	0.612733	0.003420	-0.052650	1.270000
240	0.590836	0.018278	-0.169715	1.270000
241	0.515957	-0.147852	-0.300255	1.270000
242	0.610599	-0.007081	0.073101	1.270000
243	0.578493	-0.117075	-0.172812	1.270000
244	0.600092	-0.125409	-0.048852	1.270000
245	0.584017	-0.192670	-0.005261	1.270000
246	0.601640	-0.119101	-0.045495	1.270000
247	0.613877	0.015648	-0.033686	1.270000
248	0.592367	0.064664	-0.152134	1.270000
249	0.603277	0.000921	-0.119501	1.270000
250	0.609960	-0.077045	-0.015414	1.270000
251	0.609415	-0.081732	-0.012558	1.270000
252	0.611056	0.069085	-0.007929	1.270000
253	0.590801	-0.064925	-0.158000	1.270000
254	0.604790	-0.108907	-0.024351	1.270000
255	0.611560	0.051138	0.040061	1.270000
256	0.610038	-0.075430	0.019729	1.270000
257	0.613796	0.020026	-0.032836	1.270000
258	0.537306	-0.289563	-0.075369	1.270000
259	0.608149	-0.085779	0.031971	1.270000
260	0.587462	0.121040	0.135877	1.270000
261	0.566451	-0.096685	0.219112	1.270000
262	0.596017	-0.016299	0.150742	1.270000
263	0.585729	0.033983	0.184369	1.270000
264	0.614736	-0.003078	0.017745	1.270000
265	0.608206	-0.006484	-0.090934	1.270000
266	0.607047	-0.098053	0.010206	1.270000
267	0.608998	-0.049071	-0.070277	1.270000
268	0.609286	-0.083626	0.001596	1.270000
269	0.605307	0.040620	0.100889	1.270000
270	0.591114	-0.102881	0.134997	1.270000
271	0.603758	0.111389	0.035969	1.270000
272	0.610179	-0.072264	0.026163	1.270000
273	0.612271	-0.038791	-0.042946	1.270000
274	0.593048	0.014320	-0.162215	1.270000
275	0.612633	-0.024054	0.048241	1.270000
276	0.577894	0.208355	0.029172	1.270000
277	0.599558	0.040487	0.130830	1.270000
278	0.591330	-0.165979	0.031695	1.270000
279	0.590452	-0.022589	-0.170533	1.270000
280	0.607795	0.044609	0.082582	1.270000
281	0.610380	-0.063921	0.039687	1.270000
282	0.612683	0.045766	0.027384	1.270000
283	0.612107	0.047078	0.036519	1.270000
284	0.614085	-0.014118	-0.030411	1.270000
285	0.576684	-0.187809	-0.101925	1.270000
286	0.602611	0.108582	0.057407	1.270000
287	0.594489	-0.063862	0.143976	1.270000
288	0.613039	0.000970	-0.049063	1.270000
289	0.613785	0.018085	0.034143	1.270000
290	0.568318	-0.188296	0.140656	1.270000
291	0.592239	-0.165706	-0.004366	1.270000
292	0.611940	0.032277	-0.052078	1.270000
293	0.613760	-0.038007	0.008868	1.270000
294	0.577023	-0.034916	-0.209881	1.270000
295	0.614931	-0.009166	0.000655	1.270000
296	0.604252	-0.000916	0.114473	1.270000
297	0.585485	-0.182705	-0.045289	1.270000
298	0.602259	-0.065322	-0.106031	1.270000
299	0.602321	0.009700	-0.123857	1.270000
300	0.613676	0.033235	-0.022857	1.270000
301	0.594730	0.099051	-0.121287	1.270000
302	0.606674	0.100754	-0.004514	1.270000
303	0.611226	0.066057	0.016262	1.270000
304	0.570658	0.137350	0.183602	1.270000
305	0.598863	0.139948	-0.001642	1.270000
306	0.612482	-0.038380	-0.040228	1.270000
307	0.582327	-0.117905	-0.158805	1.270000
308	0.539539	-0.185384	-0.229685	1.270000
309	0.610183	-0.058829	-0.049411	1.270000
310	0.610667	0.041405	0.059967	1.270000
311	0.602565	0.122568	0.010862	1.270000
312	0.599180	0.100273	0.095675	1.270000
313	0.600734	-0.100476	0.085136	1.270000
314	0.548817	-0.220836	-0.168096	1.270000
315	0.591182	-0.091800	-0.142485	1.270000
316	0.561216	0.015690	-0.251028	1.270000
317	0.568363	0.089368	-0.217259	1.270000
318	0.570223	0.137510	-0.184829	1.270000
319	0.598909	-0.122618	-0.067069	1.270000
320	0.609928	-0.020282	0.076167	1.270000
321	0.593409	0.127214	0.099535	1.270000
322	0.585072	-0.167584	0.088493	1.270000
323	0.600001	0.000609	-0.134995	1.270000
324	0.589483	-0.174712	-0.014494	1.270000
325	0.514957	0.006986	0.336148	1.270000
326	0.603843	0.111787	-0.033197	1.270000
327	0.595175	-0.103002	-0.115681	1.270000
328	0.610661	0.068968	-0.023710	1.270000
329	0.609844	0.024467	0.075611	1.270000
330	0.580240	-0.102426	0.176224	1.270000
331	0.612235	0.022495	0.053739	1.270000
332	0.614310	0.014856	0.025048	1.270000
333	0.611058	0.051216	0.047013	1.270000
334	0.607339	0.086348	0.043679	1.270000
335	0.614344	0.009153	-0.026888	1.270000
336	0.589962	-0.163220	0.059410	1.270000
337	0.511801	0.091067	0.328620	1.270000
338	0.609354	0.046900	0.068655	1.270000
339	0.594309	0.036097	-0.154007	1.270000
340	0.612210	0.058464	-0.002430	1.270000
341	0.588926	-0.155164	-0.085532	1.270000
342	0.570355	0.178630	-0.144953	1.270000
343	0.606585	-0.013152	-0.100533	1.270000
344	0.605661	-0.029623	0.102578	1.270000
345	0.611640	-0.064077	-0.003914	1.270000
346	0.614947	0.003342	0.007347	1.270000
347	0.562571	0.072303	-0.237721	1.270000
348	0.610861	-0.071111	-0.004154	1.270000
349	0.606333	-0.006176	-0.102702	1.270000
350	0.611499	0.055896	-0.034201	1.270000
351	0.609704	-0.051975	-0.061516	1.270000
352	0.599867	-0.124000	-0.054854	1.270000
353	0.554389	-0.245753	-0.102388	1.270000
354	0.571925	-0.134978	-0.181406	1.270000
355	0.573805	0.195070	-0.104502	1.270000
356	0.613864	0.030182	-0.022018	1.270000
357	0.606314	-0.052998	-0.088317	1.270000
358	0.591642	-0.060242	-0.156702	1.270000
359	0.607081	0.031501	0.093197	1.270000
360	0.613308	0.041675	-0.018465	1.270000
361	0.614151	-0.027697	0.016631	1.270000
362	0.613526	0.015279	-0.039710	1.270000
363	0.613858	-0.022355	-0.030051	1.270000
364	0.608238	-0.048524	0.076920	1.270000
365	0.586382	0.154368	0.102723	1.270000
366	0.611882	-0.004881	-0.061661	1.270000
367	0.550796	-0.252575	0.105140	1.270000
368	0.560809	-0.228753	-0.106726	1.270000
369	0.611889	-0.056166	-0.025732	1.270000
370	0.607510	0.051290	0.080785	1.270000
371	0.605682	0.064910	0.084620	1.270000
372	0.574329	-0.106938	0.192186	1.270000
373	0.594458	0.081097	0.135160	1.270000
374	0.604835	0.110828	-0.010799	1.270000
375	0.595308	-0.001409	0.154375	1.270000
376	0.598235	-0.142471	-0.006422	1.270000
377	0.555086	-0.247051	-0.095237	1.270000
378	0.573925	-0.123263	0.183417	1.270000
379	0.614137	0.017570	-0.027418	1.270000
380	0.592389	0.164149	-0.018835	1.270000
381	0.614184	0.022543	0.022254	1.270000
382	0.580313	0.199920	0.038645	1.270000
383	0.614041	-0.028026	0.019820	1.270000
384	0.607343	0.095511	0.015412	1.270000
385	0.609492	0.077067	-0.028369	1.270000
386	0.606225	-0.031952	0.098467	1.270000
387	0.599700	-0.071333	-0.116172	1.270000
388	0.609973	0.077253	-0.013772	1.270000
389	0.586697	-0.009167	0.184194	1.270000
390	0.602489	-0.090777	-0.083612	1.270000
391	0.596401	-0.066987	-0.134327	1.270000
392	0.613056	0.034490	-0.034616	1.270000
393	0.595234	-0.111587	-0.107097	1.270000
394	0.596893	0.118428	0.088984	1.270000
395	0.605009	0.106355	0.029617	1.270000
396	0.606241	-0.087422	-0.055265	1.270000
397	0.574157	0.107418	-0.192432	1.270000
398	0.584947	-0.187554	-0.029762	1.270000
399	0.605942	-0.039201	-0.097583	1.270000
400	0.601978	0.123504	0.024375	1.270000
401	0.591444	0.037494	0.164357	1.270000
402	0.602411	0.096504	0.077546	1.270000
403	0.610148	0.040860	-0.065384	1.270000
404	0.587525	0.085683	-0.160306	1.270000
405	0.611901	-0.004042	0.061533	1.270000
406	0.604647	0.005263	-0.112246	1.270000
407	0.600843	0.072677	0.109229	1.270000
408	0.611955	-0.060394	0.009418	1.270000
409	0.597613	0.006718	0.145045	1.270000
410	0.612502	-0.051243	0.020980	1.270000
411	0.610529	-0.072913	-0.012787	1.270000
412	0.574064	-0.220357	-0.010858	1.270000
413	0.562639	-0.223833	-0.107525	1.270000
414	0.595042	-0.135801	-0.075551	1.270000
415	0.587843	0.164269	0.075371	1.270000
416	0.599769	-0.119529	0.064923	1.270000
417	0.582585	0.031157	0.194549	1.270000
418	0.593898	0.068127	-0.144462	1.270000
419	0.519764	-0.290274	-0.154311	1.270000
420	0.585476	0.143674	-0.121657	1.270000
421	0.559674	-0.078412	-0.242572	1.270000
422	0.574224	0.153382	-0.158007	1.270000
423	0.614281	0.029725	-0.000955	1.270000
424	0.604440	0.113327	0.005830	1.270000
425	0.513723	0.329947	0.073816	1.270000
426	0.583185	-0.059809	0.185858	1.270000
427	0.492186	-0.082979	0.359294	1.270000
428	0.585987	-0.175176	-0.064483	1.270000
429	0.604473	-0.019943	-0.111532	1.270000
430	0.589921	-0.133848	-0.110917	1.270000
431	0.599632	0.128380	-0.046744	1.270000
432	0.605315	0.053858	-0.094435	1.270000
433	0.584365	-0.143796	0.126749	1.270000
434	0.607874	0.093172	0.005788	1.270000
435	0.596435	0.131353	-0.072364	1.270000
436	0.596138	-0.149701	0.020848	1.270000
437	0.580737	0.046347	0.197031	1.270000
438	0.583508	0.001793	-0.194270	1.270000
439	0.583677	0.087238	-0.173018	1.270000
440	0.551723	0.209666	-0.172822	1.270000
441	0.590366	-0.164673	0.050755	1.270000
442	0.599111	-0.117061	-0.074753	1.270000
443	0.592809	0.050021	0.155884	1.270000
444	0.596926	-0.146319	0.022256	1.270000
445	0.566447	0.179397	0.158680	1.270000
446	0.609029	0.013334	-0.084448	1.270000
447	0.550551	0.223846	0.158149	1.270000
448	0.605385	-0.106106	-0.021814	1.270000
449	0.534772	0.068392	-0.295916	1.270000
450	0.611269	-0.060926	-0.029386	1.270000
451	0.607736	-0.085848	0.038892	1.270000
452	0.496626	-0.235852	0.275611	1.270000
453	0.556518	-0.042727	-0.258239	1.270000
454	0.602920	-0.071546	0.097949	1.270000
455	0.557239	0.258339	0.031160	1.270000
456	0.598617	0.060365	-0.127432	1.270000
457	0.556078	-0.247991	-0.086619	1.270000
458	0.603356	0.054857	-0.105722	1.270000
459	0.573838	0.197643	-0.099357	1.270000
460	0.603412	-0.068647	-0.096985	1.270000
461	0.586309	-0.125901	-0.136442	1.270000
462	0.574989	-0.208376	-0.064744	1.270000
463	0.600249	0.055576	0.121809	1.270000
464	0.582559	0.197024	-0.005637	1.270000
465	0.612059	-0.054303	-0.025685	1.270000
466	0.531155	-0.076567	-0.300395	1.270000
467	0.586566	-0.181072	-0.037124	1.270000
468	0.609805	0.065880	-0.044974	1.270000
469	0.608755	-0.087260	-0.005248	1.270000
470	0.554997	-0.085675	0.250726	1.270000
471	0.595799	-0.134671	0.071500	1.270000
472	0.612569	-0.050178	0.021593	1.270000
473	0.573312	-0.171106	0.142342	1.270000
474	0.609166	-0.041700	0.073503	1.270000
475	0.614798	0.004488	0.015120	1.270000
476	0.594209	-0.148021	-0.056833	1.270000
477	0.614138	0.021215	0.024687	1.270000
478	0.573222	-0.211528	-0.069978	1.270000
479	0.595008	0.020406	0.154187	1.270000
480	0.572612	0.224203	-0.008595	1.270000
481	0.593024	0.117893	0.112468	1.270000
482	0.609912	-0.064961	0.044861	1.270000
483	0.592756	0.031541	0.160844	1.270000
484	0.605507	0.019945	0.105778	1.270000
485	0.606881	-0.039548	-0.091412	1.270000
486	0.594940	-0.151912	-0.034560	1.270000
487	0.591472	-0.163074	0.042344	1.270000
488	0.580714	0.182547	-0.087594	1.270000
489	0.604491	-0.107742	0.034742	1.270000
490	0.570565	0.136225	0.184724	1.270000
491	0.612330	-0.047089	-0.032555	1.270000
492	0.583485	0.167431	0.098678	1.270000
493	0.599016	0.012040	0.138781	1.270000
494	0.611420	-0.056579	-0.034481	1.270000
495	0.568580	-0.217133	0.088288	1.270000
496	0.561883	-0.240266	-0.069171	1.270000
497	0.576218	-0.089925	-0.195221	1.270000
498	0.545522	0.108849	0.262265	1.270000
499	0.594917	0.001868	0.155870	1.270000
500	0.599197	0.138406	-0.005604	1.270000
501	0.593101	-0.095408	0.131732	1.270000
502	0.604371	-0.097798	-0.058276	1.270000
503	0.614138	-0.029231	0.014323	1.270000
504	0.603023	0.108094	-0.053885	1.270000
505	0.576774	-0.089756	-0.193649	1.270000
506	0.597005	-0.079999	-0.124136	1.270000
507	0.594466	0.109511	0.113327	1.270000
508	0.604708	0.109544	-0.023529	1.270000
509	0.612533	0.025391	-0.048820	1.270000
510	0.606738	-0.016272	-0.099145	1.270000
511	0.611477	0.064240	-0.013921	1.270000
512	0.608663	-0.037187	-0.079818	1.270000
513	0.612583	-0.025026	0.048379	1.270000
514	0.597895	0.127525	0.066965	1.270000
515	0.605972	-0.104687	-0.007977	1.270000
516	0.603161	-0.069165	0.098172	1.270000
517	0.611992	0.007489	0.060290	1.270000
518	0.551432	-0.145944	0.229887	1.270000
519	0.585454	-0.186295	0.027616	1.270000
520	0.590548	-0.090358	-0.145993	1.270000
521	0.559503	0.130566	-0.219394	1.270000
522	0.613822	0.015212	0.034870	1.270000
523	0.614781	0.011803	-0.011415	1.270000
524	0.588408	0.142725	0.107846	1.270000
525	0.590002	0.163422	0.058447	1.270000
526	0.614467	-0.008445	-0.024175	1.270000
527	0.598003	-0.100351	-0.102700	1.270000
528	0.578165	-0.072301	-0.196782	1.270000
529	0.593426	0.056032	-0.151429	1.270000
530	0.589166	-0.176265	0.006235	1.270000
531	0.605232	0.104592	-0.031295	1.270000
532	0.613575	0.040325	-0.011144	1.270000
533	0.609665	0.064413	-0.048826	1.270000
534	0.570879	-0.156637	-0.166694	1.270000
535	0.573194	-0.121867	-0.186606	1.270000
536	0.601198	-0.099037	-0.083536	1.270000
537	0.425242	0.422294	0.138065	1.270000
538	0.607623	-0.079230	-0.052360	1.270000
539	0.523472	0.250272	-0.203878	1.270000
540	0.502644	0.331664	0.124791	1.270000
541	0.586853	-0.153195	0.101782	1.270000
542	0.378703	0.016760	0.484281	1.270000
543	0.589443	-0.108358	0.137988	1.270000
544	0.584413	-0.191132	0.012435	1.270000
545	0.605574	0.081265	-0.070007	1.270000
546	0.578516	-0.077680	-0.193674	1.270000
547	0.600749	0.103445	-0.081395	1.270000
548	0.609294	0.004134	-0.083481	1.270000
549	0.610162	0.062725	0.044643	1.270000
550	0.609062	0.085135	-0.004476	1.270000
551	0.589737	0.099830	0.143073	1.270000
552	0.582380	-0.030171	0.195315	1.270000
553	0.601782	0.118004	-0.046460	1.270000
554	0.603506	-0.014618	-0.117441	1.270000
555	0.588052	0.108857	-0.143422	1.270000
556	0.536022	-0.055337	-0.296384	1.270000
557	0.604275	0.112580	0.020063	1.270000
558	0.582843	-0.171246	0.095883	1.270000
559	0.569929	-0.231011	-0.006279	1.270000
560	0.609139	0.008288	0.084294	1.270000
561	0.607418	0.054222	-0.079550	1.270000
562	0.614507	0.024608	0.001014	1.270000
563	0.579058	-0.187799	-0.087455	1.270000
564	0.607673	-0.090907	-0.026354	1.270000
565	0.611622	-0.008106	0.063855	1.270000
566	0.562313	-0.248398	-0.018092	1.270000
567	0.613252	-0.038843	0.025274	1.270000
568	0.602670	0.037550	-0.116633	1.270000
569	0.613950	0.034495	0.010047	1.270000
570	0.608692	0.059859	-0.064314	1.270000
571	0.572779	-0.134978	-0.178689	1.270000
572	0.591645	-0.043109	0.162242	1.270000
573	0.511936	0.025225	-0.339868	1.270000
574	0.558547	-0.164863	-0.197661	1.270000
575	0.551357	0.046227	0.268503	1.270000
576	0.594654	0.035575	0.152793	1.270000
577	0.578799	0.131756	0.160801	1.270000
578	0.599481	-0.111745	-0.079756	1.270000
579	0.606206	-0.045913	0.092904	1.270000
580	0.610364	-0.070456	-0.026775	1.270000
581	0.600767	0.068701	-0.112177	1.270000
582	0.587696	-0.155029	-0.093833	1.270000
583	0.609827	-0.065965	-0.044551	1.270000
584	0.599684	-0.086955	0.105085	1.270000
585	0.539932	-0.269218	0.119250	1.270000
586	0.614547	-0.014791	0.018385	1.270000
587	0.614745	-0.012599	0.012466	1.270000
588	0.611756	0.045426	-0.043774	1.270000
589	0.565560	-0.241571	-0.003250	1.270000
590	0.603321	0.002784	-0.119253	1.270000
591	0.573845	0.047642	0.216002	1.270000
592	0.585753	0.009180	0.187176	1.270000
593	0.605824	-0.005542	0.105694	1.270000
594	0.609899	0.026868	0.074340	1.270000
595	0.597920	-0.082306	0.118080	1.270000
596	0.601534	-0.125956	0.022729	1.270000
597	0.613042	-0.023192	-0.043208	1.270000
598	0.568484	-0.079937	-0.220594	1.270000
599	0.562253	-0.177549	-0.174851	1.270000
600	0.608860	0.005241	0.086528	1.270000
601	0.589882	0.117494	0.128295	1.270000
602	0.589523	-0.012124	0.174759	1.270000
603	0.606404	-0.009995	0.101979	1.270000
604	0.586270	-0.145041	-0.116086	1.270000
605	0.614942	0.006524	-0.005309	1.270000
606	0.599134	-0.119423	-0.070719	1.270000
607	0.588145	0.176282	0.035145	1.270000
608	0.590790	0.115970	-0.125473	1.270000
609	0.594708	0.129470	-0.088232	1.270000
610	0.612818	-0.014857	0.049576	1.270000
611	0.584093	-0.190772	0.025820	1.270000
612	0.587484	-0.008981	-0.181677	1.270000
613	0.614714	-0.008459	-0.016722	1.270000
614	0.605132	-0.010330	0.109239	1.270000
615	0.599799	0.067863	0.117731	1.270000
616	0.595429	-0.135618	0.072778	1.270000
617	0.595669	0.110514	-0.105783	1.270000
618	0.593450	-0.158813	0.028641	1.270000
619	0.598722	0.084097	-0.112625	1.270000
620	0.582342	0.197740	0.001440	1.270000
621	0.606410	0.031959	-0.097319	1.270000
622	0.584288	0.119025	0.150552	1.270000
623	0.588363	0.124027	0.129116	1.270000
624	0.603844	-0.116405	0.006873	1.270000
625	0.545843	-0.278907	0.049912	1.270000
626	0.576738	-0.117926	-0.178023	1.270000
627	0.610124	-0.026529	-0.072593	1.270000
628	0.587245	0.121576	-0.136335	1.270000
629	0.583642	0.170396	-0.092477	1.270000
630	0.601982	0.038400	0.119869	1.270000
631	0.599552	-0.032571	-0.133047	1.270000
632	0.600044	-0.089097	-0.101164	1.270000
633	0.596375	-0.104663	-0.107738	1.270000
634	0.568777	-0.004119	-0.233882	1.270000
635	0.604303	0.114119	-0.004515	1.270000
636	0.477580	0.366836	0.124794	1.270000
637	0.613637	0.038622	-0.013543	1.270000
638	0.605638	0.048464	0.095282	1.270000
639	0.589120	-0.015205	0.175874	1.270000
640	0.589735	-0.068035	0.160651	1.270000
641	0.598608	0.140959	-0.004953	1.270000
642	0.571699	-0.087791	-0.208993	1.270000
643	0.574195	0.083773	-0.203732	1.270000
644	0.571303	0.092119	-0.208212	1.270000
645	0.600353	0.073039	-0.111656	1.270000
646	0.577509	0.186377	0.099860	1.270000
647	0.576849	-0.203596	0.063396	1.270000
648	0.594952	0.106547	-0.113600	1.270000
649	0.583541	0.109872	0.160104	1.270000
650	0.609638	-0.080209	0.011511	1.270000
651	0.588838	0.176151	-0.021574	1.270000
652	0.591164	-0.059156	-0.158906	1.270000
653	0.568849	0.067275	-0.223851	1.270000
654	0.587813	-0.112370	-0.141681	1.270000
655	0.565161	-0.031307	0.240494	1.270000
656	0.581026	-0.044290	0.196652	1.270000
657	0.524562	-0.015683	-0.320646	1.270000
658	0.591570	0.121441	0.116283	1.270000
659	0.592387	0.165234	0.000870	1.270000
660	0.613532	-0.033213	-0.026454	1.270000
661	0.584595	-0.167194	-0.092301	1.270000
662	0.587971	0.011912	-0.179925	1.270000
663	0.598329	0.133201	-0.049853	1.270000
664	0.590464	-0.067782	0.158060	1.270000
665	0.607859	-0.077731	0.051867	1.270000
666	0.609948	-0.044116	0.065131	1.270000
667	0.571579	0.012747	-0.226628	1.270000
668	0.596714	0.037586	0.144031	1.270000
669	0.613153	0.034668	-0.032658	1.270000
670	0.554942	-0.142012	-0.223823	1.270000
671	0.600394	-0.077029	0.108716	1.270000
672	0.608416	0.089214	-0.009804	1.270000
673	0.610808	-0.024828	-0.067247	1.270000
674	0.602913	-0.116758	0.032994	1.270000
675	0.456574	-0.398774	0.103655	1.270000
676	0.566108	-0.044875	0.236079	1.270000
677	0.600917	0.098471	-0.086183	1.270000
678	0.604240	0.110272	0.030974	1.270000
679	0.582296	-0.171441	-0.098812	1.270000
680	0.588254	-0.091761	-0.154149	1.270000
681	0.567487	0.039635	-0.233693	1.270000
682	0.519344	-0.148611	-0.293976	1.270000
683	0.611652	-0.041988	0.048415	1.270000
684	0.563857	-0.236264	-0.066857	1.270000
685	0.606900	0.052584	0.084454	1.270000
686	0.590279	-0.079027	0.153462	1.270000
687	0.585102	-0.154080	0.110182	1.270000
688	0.611326	0.053543	-0.040481	1.270000
689	0.585544	0.003730	0.188015	1.270000
690	0.593121	-0.141136	-0.080707	1.270000
691	0.561005	-0.145621	-0.205651	1.270000
692	0.601061	0.015507	-0.129267	1.270000
693	0.611978	-0.020374	-0.057378	1.270000
694	0.597502	0.081605	0.120651	1.270000
695	0.605131	0.041403	-0.101624	1.270000
696	0.609223	0.083048	0.013241	1.270000
697	0.588962	0.025387	0.175227	1.270000
698	0.611510	-0.063111	0.017264	1.270000
699	0.585534	-0.118299	-0.146220	1.270000
700	0.593720	-0.129207	-0.095010	1.270000
701	0.539129	0.186599	-0.229664	1.270000
702	0.576512	-0.076391	0.200058	1.270000
703	0.613186	0.023627	0.040859	1.270000
704	0.532919	0.287498	-0.107551	1.270000
705	0.571726	-0.185068	0.130781	1.270000
706	0.608274	-0.037554	0.082568	1.270000
707	0.577843	-0.140383	-0.156890	1.270000
708	0.596650	-0.088702	0.119857	1.270000
709	0.537067	-0.299295	-0.014357	1.270000
710	0.598247	0.136969	-0.039567	1.270000
711	0.547988	0.235597	-0.149762	1.270000
712	0.522654	0.319891	-0.052222	1.270000
713	0.581732	0.132996	-0.148745	1.270000
714	0.610408	-0.039407	-0.063830	1.270000
715	0.584206	0.083495	0.173081	1.270000
716	0.595154	-0.023499	-0.153181	1.270000
717	0.612893	-0.044716	0.024247	1.270000
718	0.591442	-0.130010	0.107326	1.270000
719	0.555074	-0.108974	0.241334	1.270000
720	0.582221	0.152560	0.126368	1.270000
721	0.596489	0.098001	0.113232	1.270000
722	0.609082	0.072220	-0.045039	1.270000
723	0.569432	0.177308	-0.150114	1.270000
724	0.595252	0.125878	-0.089750	1.270000
725	0.582199	-0.121892	-0.156243	1.270000
726	0.600510	0.095817	-0.091823	1.270000
727	0.610660	-0.039553	0.061281	1.270000
728	0.604863	0.109223	-0.020872	1.270000
729	0.567204	-0.055257	0.231195	1.270000
730	0.594788	-0.029962	0.153476	1.270000
731	0.601902	-0.125480	-0.013923	1.270000
732	0.548140	-0.114631	-0.254219	1.270000
733	0.604394	-0.101463	-0.051358	1.270000
734	0.589297	-0.007892	0.175760	1.270000
735	0.580589	0.169767	0.110999	1.270000
736	0.574478	0.184312	0.119286	1.270000
737	0.598911	-0.103825	-0.093550	1.270000
738	0.600813	0.130140	-0.017669	1.270000
739	0.575798	-0.207772	-0.059270	1.270000
740	0.553278	-0.185899	-0.193779	1.270000
741	0.596149	-0.143702	-0.046698	1.270000
742	0.580094	0.131108	0.156609	1.270000
743	0.607436	-0.089402	0.035410	1.270000
744	0.562222	0.249257	0.001587	1.270000
745	0.607646	-0.090208	-0.029219	1.270000
746	0.576023	-0.018879	0.214629	1.270000
747	0.580720	-0.194104	0.057559	1.270000
748	0.591753	0.023288	0.165865	1.270000
749	0.580116	0.187798	0.080138	1.270000
750	0.527005	-0.082731	-0.306017	1.270000
751	0.604953	-0.094875	-0.057061	1.270000
752	0.540588	0.196582	-0.217589	1.270000
753	0.591697	-0.112340	0.124498	1.270000
754	0.524432	-0.318116	0.044697	1.270000
755	0.603535	0.090825	0.075640	1.270000
756	0.600114	-0.084465	0.104662	1.270000
757	0.564602	0.074062	-0.232303	1.270000
758	0.595240	-0.065229	-0.140213	1.270000
759	0.574787	0.121691	-0.181759	1.270000
760	0.589805	-0.127771	-0.118449	1.270000
761	0.609501	0.053680	-0.062063	1.270000
762	0.587030	-0.072856	0.168264	1.270000
763	0.534553	0.215283	-0.214782	1.270000
764	0.520462	0.263862	0.194221	1.270000
765	0.604566	0.065677	0.091716	1.270000
766	0.585200	-0.053840	-0.181292	1.270000
767	0.585920	0.028439	-0.184700	1.270000
768	0.608416	-0.040537	-0.080072	1.270000
769	0.561382	0.140550	0.208138	1.270000
770	0.603551	-0.056654	0.103642	1.270000
771	0.592145	0.105621	-0.128194	1.270000
772	0.606305	-0.040775	0.094641	1.270000
773	0.559251	0.255835	0.003365	1.270000
774	0.600295	-0.133637	-0.003535	1.270000
775	0.569631	0.008616	-0.231670	1.270000
776	0.558067	-0.069714	0.248850	1.270000
777	0.601730	-0.092740	0.086865	1.270000
778	0.610855	0.012309	-0.070208	1.270000
779	0.569930	-0.187246	0.135438	1.270000
780	0.610946	-0.070433	-0.003041	1.270000
781	0.540619	-0.053902	0.288184	1.270000
782	0.606194	0.054060	-0.088493	1.270000
783	0.589907	-0.042853	-0.168518	1.270000
784	0.612405	0.056352	-0.003174	1.270000
785	0.578622	-0.084181	-0.190618	1.270000
786	0.602046	-0.124954	0.012319	1.270000
787	0.568558	-0.042855	0.230501	1.270000
788	0.596663	-0.068148	0.132569	1.270000
789	0.604523	-0.095927	-0.059793	1.270000
790	0.600938	-0.121507	-0.048321	1.270000
791	0.614642	0.020979	0.000511	1.270000
792	0.586098	-0.019557	0.185289	1.270000
793	0.604246	-0.005815	-0.114361	1.270000
794	0.520413	-0.310190	-0.105724	1.270000
795	0.570560	-0.148887	0.174696	1.270000
796	0.565399	0.146155	0.192840	1.270000
797	0.610856	0.006567	-0.070974	1.270000
798	0.598041	-0.105530	-0.097133	1.270000
799	0.589149	0.095749	0.148190	1.270000
800	0.611678	0.062675	-0.012119	1.270000
801	0.584915	-0.077460	-0.173492	1.270000
802	0.600318	-0.096655	-0.092201	1.270000
803	0.602154	-0.070090	0.103551	1.270000
804	0.550651	0.224465	0.156920	1.270000
805	0.592098	0.133130	0.099605	1.270000
806	0.575765	-0.010531	0.215891	1.270000
807	0.529762	0.116172	0.289967	1.270000
808	0.552492	-0.266554	0.043890	1.270000
809	0.532255	-0.266500	-0.154619	1.270000
810	0.607029	-0.040041	-0.090210	1.270000
811	0.583314	0.180722	-0.072870	1.270000
812	0.596584	0.149242	0.006296	1.270000
813	0.588828	0.012037	-0.177093	1.270000
814	0.603931	-0.004520	0.116068	1.270000
815	0.612617	0.030293	0.044815	1.270000
816	0.575112	-0.215076	0.034836	1.270000
817	0.578889	-0.135177	0.157605	1.270000
818	0.596792	-0.051557	0.139305	1.270000
819	0.589147	0.151588	0.090288	1.270000
820	0.575769	0.117038	0.181706	1.270000
821	0.579210	-0.189249	-0.083218	1.270000
822	0.576901	0.010911	0.212817	1.270000
823	0.586714	-0.037446	-0.180525	1.270000
824	0.556017	-0.141262	-0.221619	1.270000
825	0.591222	0.147170	0.083800	1.270000
826	0.614370	-0.018678	0.020619	1.270000
827	0.526575	-0.005346	0.317671	1.270000
828	0.600313	0.023668	0.131490	1.270000
829	0.608752	-0.061545	-0.062113	1.270000
830	0.603622	0.080769	-0.085682	1.270000
831	0.560517	-0.122279	-0.221570	1.270000
832	0.614363	0.023253	0.015579	1.270000
833	0.599999	0.134921	0.004671	1.270000
834	0.609764	-0.065668	0.045827	1.270000
835	0.586204	-0.053667	-0.178072	1.270000
836	0.547924	-0.088186	0.265005	1.270000
837	0.568965	-0.187760	-0.138743	1.270000
838	0.587763	-0.038054	-0.176949	1.270000
839	0.613403	-0.038221	0.022386	1.270000
840	0.613804	-0.027586	-0.026618	1.270000
841	0.585304	0.008650	0.188599	1.270000
842	0.597858	-0.108337	0.095150	1.270000
843	0.596572	-0.145120	0.035605	1.270000
844	0.577477	-0.078810	-0.196301	1.270000
845	0.614213	-0.031096	0.000448	1.270000
846	0.476465	0.384732	-0.056452	1.270000
847	0.585840	0.002450	-0.187110	1.270000
848	0.594357	0.152898	0.039841	1.270000
849	0.579857	0.110746	-0.172413	1.270000
850	0.592278	-0.092567	0.137343	1.270000
