1	-0.543197	0.135021	0.254816	0.430000
2	-0.537388	0.254858	-0.156481	0.430000
3	-0.370911	0.481445	0.094132	0.430000
4	-0.438629	0.425044	-0.071881	0.430000
5	-0.541864	0.196724	0.214262	0.430000
6	-0.542458	0.219716	0.188917	0.430000
7	-0.529364	0.116916	-0.290395	0.430000
8	-0.440299	0.410731	-0.125148	0.430000
9	-0.363479	0.493196	-0.053533	0.430000
10	-0.500694	0.310246	0.176855	0.430000
11	-0.511552	0.317403	-0.125680	0.430000
12	-0.520046	0.322692	-0.060396	0.430000
13	-0.421997	0.436300	0.098919	0.430000
14	-0.569741	0.231382	0.009047	0.430000
15	-0.490296	0.359794	0.091558	0.430000
16	-0.417679	0.449269	0.043891	0.430000
17	-0.410269	0.456708	-0.036356	0.430000
18	-0.554515	0.184683	-0.191390	0.430000
19	-0.520831	0.305336	-0.117177	0.430000
20	-0.593757	0.095434	-0.128726	0.430000
21	-0.588593	0.177100	-0.020455	0.430000
22	-0.430665	0.431120	0.082996	0.430000
23	-0.614830	0.014467	-0.000161	0.430000
24	-0.538677	0.244604	-0.167991	0.430000
25	-0.494411	0.353159	-0.095193	0.430000
26	-0.469578	0.389918	-0.075403	0.430000
27	-0.589913	0.153897	0.080892	0.430000
28	-0.586018	0.186489	-0.005478	0.430000
29	-0.585542	0.180120	-0.054058	0.430000
30	-0.586849	0.104984	-0.151034	0.430000
31	-0.592266	0.165533	0.006708	0.430000
32	-0.589500	0.159322	-0.073011	0.430000
33	-0.574709	0.218151	0.018568	0.430000
34	-0.545844	0.168141	0.228053	0.430000
35	-0.517211	0.222024	-0.247837	0.430000
36	-0.560552	0.222461	-0.120491	0.430000
37	-0.581953	-0.112181	0.164229	0.430000
38	-0.592517	0.134977	0.094498	0.430000
39	-0.552130	0.267613	-0.041963	0.430000
40	-0.580345	0.080433	-0.186962	0.430000
41	-0.589060	0.136129	-0.112705	0.430000
42	-0.585398	0.077869	-0.171670	0.430000
43	-0.542284	0.289972	0.008356	0.430000
44	-0.568679	0.162755	0.168346	0.430000
45	-0.379036	0.484285	-0.005006	0.430000
46	-0.473736	0.124215	-0.371981	0.430000
47	-0.598628	0.134981	-0.040612	0.430000
48	-0.543278	0.239133	-0.160901	0.430000
49	-0.573096	0.177645	0.135012	0.430000
50	-0.610923	-0.021507	-0.067349	0.430000
51	-0.604133	0.114673	0.009902	0.430000
52	-0.601200	0.042951	0.122224	0.430000
53	-0.580162	0.202754	0.022975	0.430000
54	-0.574674	0.184693	0.117742	0.430000
55	-0.501328	-0.318012	0.160512	0.430000
56	-0.532724	0.236926	-0.195694	0.430000
57	-0.583747	0.133752	0.139909	0.430000
58	-0.610753	0.033354	-0.063976	0.430000
59	-0.613923	0.001920	0.036331	0.430000
60	-0.613977	-0.031176	-0.016889	0.430000
61	-0.582916	-0.007132	-0.195917	0.430000
62	-0.612316	0.048541	0.030618	0.430000
63	-0.594714	0.132744	-0.083183	0.430000
64	-0.600286	-0.036410	0.128670	0.430000
65	-0.609578	0.081224	-0.006549	0.430000
66	-0.588551	0.169902	-0.054460	0.430000
67	-0.538999	0.289219	0.063699	0.430000
68	-0.610482	-0.018718	0.072019	0.430000
69	-0.611123	0.062815	-0.028435	0.430000
70	-0.556293	-0.067902	0.253283	0.430000
71	-0.598068	0.128180	0.064102	0.430000
72	-0.559531	0.228881	-0.112978	0.430000
73	-0.513361	0.280883	-0.189183	0.430000
74	-0.546185	0.276946	-0.056641	0.430000
75	-0.402639	0.464384	0.021306	0.430000
76	-0.485860	0.328471	0.185126	0.430000
77	-0.592966	0.160953	-0.026644	0.430000
78	-0.576406	0.211863	-0.033094	0.430000
79	-0.566047	0.184181	-0.154574	0.430000
80	-0.569492	0.107427	-0.205822	0.430000
81	-0.570173	-0.157101	-0.168663	0.430000
82	-0.528511	0.013557	0.314193	0.430000
83	-0.572363	-0.045616	0.220328	0.430000
84	-0.584175	0.181415	0.063663	0.430000
85	-0.512527	0.337564	-0.039895	0.430000
86	-0.504046	0.348557	0.051678	0.430000
87	-0.545766	0.278664	-0.052063	0.430000
88	-0.587802	0.180868	-0.000742	0.430000
89	-0.603277	0.093100	-0.074927	0.430000
90	-0.596915	0.133889	0.063175	0.430000
91	-0.527756	0.241108	-0.203877	0.430000
92	-0.541840	0.285732	0.054694	0.430000
93	-0.574130	0.209015	-0.070087	0.430000
94	-0.487455	0.306918	0.215438	0.430000
95	-0.526340	0.317494	0.019726	0.430000
96	-0.494649	0.315576	0.184281	0.430000
97	-0.577389	0.211698	0.005567	0.430000
98	-0.586271	0.025816	-0.183971	0.430000
99	-0.580018	-0.067325	-0.193059	0.430000
100	-0.529651	0.306786	0.059811	0.430000
101	-0.461214	0.310614	0.262728	0.430000
102	-0.514554	0.312336	0.126116	0.430000
103	-0.511474	0.327877	0.095480	0.430000
104	-0.584650	0.004684	0.190755	0.430000
105	-0.551509	0.247896	-0.112293	0.430000
106	-0.539962	0.291025	-0.044382	0.430000
107	-0.580171	0.186009	-0.083826	0.430000
108	-0.586067	-0.011894	-0.186034	0.430000
109	-0.342100	0.026491	0.510383	0.430000
110	-0.369184	0.319204	0.374215	0.430000
111	-0.527478	0.314813	0.029748	0.430000
112	-0.567046	0.132174	0.198025	0.430000
113	-0.485660	0.344412	-0.154077	0.430000
114	-0.611006	0.069654	-0.006704	0.430000
115	-0.537804	0.240613	-0.176344	0.430000
116	-0.539528	0.125840	-0.267019	0.430000
117	-0.546393	0.041158	0.279260	0.430000
118	-0.406111	0.450510	0.101684	0.430000
119	-0.529109	0.298191	-0.096700	0.430000
120	-0.421613	0.438497	0.090485	0.430000
121	-0.488285	0.360670	-0.098589	0.430000
122	-0.594313	0.155495	0.028950	0.430000
123	-0.495530	0.330677	-0.152735	0.430000
124	-0.480280	0.353333	0.150706	0.430000
125	-0.127724	0.598857	0.057294	0.430000
126	-0.534849	0.288044	-0.095878	0.430000
127	-0.552259	0.185735	-0.196817	0.430000
128	-0.529293	0.189564	0.249277	0.430000
129	-0.483122	0.368282	0.095845	0.430000
130	-0.534811	0.217335	0.212057	0.430000
131	-0.524350	0.320371	0.025399	0.430000
132	-0.391682	0.471318	-0.051668	0.430000
133	-0.451614	0.413025	-0.060668	0.430000
134	-0.527867	0.255462	-0.185257	0.430000
135	-0.577398	0.211664	0.005896	0.430000
136	-0.550739	0.127191	-0.242351	0.430000
137	-0.491178	0.328959	-0.169574	0.430000
138	-0.600485	0.101427	0.085760	0.430000
139	-0.425473	0.425408	-0.127378	0.430000
140	-0.574071	0.217888	-0.034530	0.430000
141	-0.554741	0.245599	-0.100838	0.430000
142	-0.593374	-0.027054	0.159377	0.430000
143	-0.555446	0.200634	-0.171614	0.430000
144	-0.591699	0.166320	-0.021337	0.430000
145	-0.523706	0.268972	-0.177796	0.430000
146	-0.597075	-0.012323	-0.146884	0.430000
147	-0.582482	0.093136	0.173971	0.430000
148	-0.557818	0.242271	0.091479	0.430000
149	-0.547979	0.265674	-0.085795	0.430000
150	-0.519258	0.301006	-0.134133	0.430000
151	-0.543714	0.286127	0.027050	0.430000
152	-0.498311	0.332217	-0.139796	0.430000
153	-0.572476	0.216016	0.061911	0.430000
154	-0.600406	-0.000342	-0.133181	0.430000
155	-0.613176	0.043008	0.019756	0.430000
156	-0.563598	0.239858	0.055230	0.430000
157	-0.515983	0.333387	0.028978	0.430000
158	-0.596363	-0.150248	0.001386	0.430000
159	-0.594740	0.156542	0.002092	0.430000
160	-0.532925	0.289217	0.102807	0.430000
161	-0.534716	0.301682	-0.035935	0.430000
162	-0.549350	0.255919	-0.104616	0.430000
163	-0.604599	-0.109596	0.025947	0.430000
164	-0.595056	0.122520	0.095510	0.430000
165	-0.595962	-0.150321	0.021391	0.430000
166	-0.550786	0.239944	-0.131480	0.430000
167	-0.525943	0.252743	-0.194242	0.430000
168	-0.577615	-0.140378	0.157732	0.430000
169	-0.606097	0.087373	0.056896	0.430000
170	-0.598719	0.101091	-0.097680	0.430000
171	-0.592022	0.084309	-0.143620	0.430000
172	-0.596864	-0.076259	-0.127133	0.430000
173	-0.597294	-0.061590	-0.132935	0.430000
174	-0.568513	0.142465	-0.186336	0.430000
175	-0.614636	0.017463	0.011941	0.430000
176	-0.538466	0.296243	-0.022787	0.430000
177	-0.570457	0.002681	0.229775	0.430000
178	-0.532420	0.299053	0.072945	0.430000
179	-0.571336	0.227257	0.012448	0.430000
180	-0.599328	0.070687	-0.118465	0.430000
181	-0.532803	0.211809	0.222447	0.430000
182	-0.525602	0.260634	0.184493	0.430000
183	-0.567699	0.212906	0.103021	0.430000
184	-0.514227	0.322401	0.099265	0.430000
185	-0.586771	0.159519	0.092076	0.430000
186	-0.495129	0.270299	0.244970	0.430000
187	-0.588489	0.104984	0.144512	0.430000
188	-0.572266	0.054393	-0.218583	0.430000
189	-0.574721	0.200800	-0.087179	0.430000
190	-0.551517	0.261122	-0.076612	0.430000
191	-0.504076	0.330358	0.122459	0.430000
192	-0.499901	0.309772	0.179903	0.430000
193	-0.446555	0.422067	0.025943	0.430000
194	-0.462461	0.380253	0.140579	0.430000
195	-0.478603	0.379753	-0.070371	0.430000
196	-0.590602	0.171129	-0.011379	0.430000
197	-0.607837	0.050738	0.078641	0.430000
198	-0.550700	0.273550	-0.011196	0.430000
199	-0.486980	0.356761	0.117464	0.430000
200	-0.435291	0.428607	-0.071008	0.430000
201	-0.584996	0.177919	-0.065953	0.430000
202	-0.568497	0.112753	0.205726	0.430000
203	-0.565319	0.195479	-0.142923	0.430000
204	-0.606850	0.063090	-0.077316	0.430000
205	-0.608588	0.028669	-0.083811	0.430000
206	-0.520316	0.255752	0.205152	0.430000
207	-0.486466	0.375088	-0.029755	0.430000
208	-0.516092	0.259798	0.210662	0.430000
209	-0.573564	0.097191	0.199509	0.430000
210	-0.604631	0.110939	0.018419	0.430000
211	-0.587523	0.174276	-0.051671	0.430000
212	-0.534617	0.272241	-0.135255	0.430000
213	-0.563187	-0.099082	-0.226336	0.430000
214	-0.561475	0.127881	0.215911	0.430000
215	-0.358439	0.493525	0.078612	0.430000
216	-0.525775	0.276575	0.159036	0.430000
217	-0.524415	0.319616	0.032551	0.430000
218	-0.568375	0.209136	0.106944	0.430000
219	-0.521217	0.325945	-0.017816	0.430000
220	-0.480545	0.360122	-0.132716	0.430000
221	-0.390329	0.467522	0.085393	0.430000
222	-0.409497	0.423912	0.175600	0.430000
223	-0.581028	0.129684	0.154317	0.430000
224	-0.512215	0.299203	-0.162290	0.430000
225	-0.441904	0.426354	-0.034181	0.430000
226	-0.499757	0.338672	0.117340	0.430000
227	-0.582368	0.194688	0.034191	0.430000
228	-0.592203	0.157285	0.052745	0.430000
229	-0.461443	0.397779	0.084068	0.430000
230	-0.418981	0.449776	0.019532	0.430000
231	-0.468545	0.386353	-0.097067	0.430000
232	-0.438940	0.321791	0.286369	0.430000
233	-0.519832	0.228413	-0.236277	0.430000
234	-0.576728	0.207964	0.048593	0.430000
235	-0.562056	0.245983	0.042552	0.430000
236	-0.492645	0.360955	0.072370	0.430000
237	-0.539965	0.286832	-0.066262	0.430000
238	-0.498971	0.355890	0.050941	0.430000
239	-0.488000	0.337722	-0.161322	0.430000
240	-0.588533	0.175264	-0.033707	0.430000
241	-0.565017	0.104711	0.219128	0.430000
242	-0.577211	0.212255	-0.000825	0.430000
243	-0.612112	0.049456	-0.033130	0.430000
244	-0.579568	0.195884	-0.062890	0.430000
245	-0.542520	0.276664	-0.085757	0.430000
246	-0.590294	0.116073	0.127694	0.430000
247	-0.558827	0.254889	-0.031118	0.430000
248	-0.595851	0.144551	-0.047869	0.430000
249	-0.504942	0.344634	0.066979	0.430000
250	-0.614032	0.032737	0.010846	0.430000
251	-0.587737	0.129351	-0.126724	0.430000
252	-0.592707	0.155484	0.052425	0.430000
253	-0.518114	0.321297	0.080938	0.430000
254	-0.554894	0.178992	-0.195652	0.430000
255	-0.594541	0.157172	-0.006530	0.430000
256	-0.576362	0.204594	0.064599	0.430000
257	-0.601777	0.125995	0.014635	0.430000
258	-0.561903	0.176897	0.176628	0.430000
259	-0.574577	0.201856	0.085675	0.430000
260	-0.561052	0.224853	-0.113519	0.430000
261	-0.609428	0.082461	0.004737	0.430000
262	-0.596606	0.067122	-0.133344	0.430000
263	-0.606211	0.060130	-0.084364	0.430000
264	-0.609258	0.059866	0.058697	0.430000
265	-0.608358	0.040686	-0.080438	0.430000
266	-0.580174	0.085733	0.185130	0.430000
267	-0.608978	-0.058821	0.062535	0.430000
268	-0.591068	0.142997	0.091737	0.430000
269	-0.609748	0.002178	-0.080175	0.430000
270	-0.592487	0.056287	0.154971	0.430000
271	-0.573237	0.216722	0.051534	0.430000
272	-0.600551	0.132525	0.000691	0.430000
273	-0.608857	-0.086647	-0.003214	0.430000
274	-0.588573	0.177211	0.020066	0.430000
275	-0.613286	0.025514	0.038135	0.430000
276	-0.607367	-0.072756	-0.063537	0.430000
277	-0.608789	-0.084265	0.022372	0.430000
278	-0.524788	0.227165	-0.226314	0.430000
279	-0.561903	0.174616	0.178884	0.430000
280	-0.591572	0.155808	0.063176	0.430000
281	-0.573529	0.221916	-0.006498	0.430000
282	-0.613032	0.048106	-0.010121	0.430000
283	-0.590977	0.110594	-0.129382	0.430000
284	-0.612989	0.023534	0.043771	0.430000
285	-0.583682	0.039118	-0.189763	0.430000
286	-0.567111	0.224479	0.078859	0.430000
287	-0.570673	0.228708	-0.015816	0.430000
288	-0.479170	0.379592	0.067314	0.430000
289	-0.588157	0.142375	0.109664	0.430000
290	-0.449604	0.404802	0.110528	0.430000
291	-0.605226	0.102522	0.037628	0.430000
292	-0.594750	0.122257	0.097730	0.430000
293	-0.608979	0.080535	0.029729	0.430000
294	-0.607744	0.069347	0.063745	0.430000
295	-0.467372	0.386370	-0.102500	0.430000
296	-0.588042	0.170678	0.057446	0.430000
297	-0.553998	0.266712	-0.013249	0.430000
298	-0.518298	0.320416	-0.083221	0.430000
299	-0.308695	0.531035	-0.030568	0.430000
300	-0.499499	0.357695	0.027926	0.430000
301	-0.609520	0.077051	0.027807	0.430000
302	-0.603381	0.091454	0.076106	0.430000
303	-0.608824	0.083618	-0.023791	0.430000
304	-0.386951	0.477988	0.004649	0.430000
305	-0.511244	0.334810	0.068969	0.430000
306	-0.453746	0.410428	0.062354	0.430000
307	-0.503009	0.320367	0.150239	0.430000
308	-0.581844	0.182807	0.079146	0.430000
309	-0.612432	0.000330	-0.056139	0.430000
310	-0.572897	0.222827	-0.019028	0.430000
311	-0.539951	-0.048264	-0.290428	0.430000
312	-0.601101	0.078027	-0.103995	0.430000
313	-0.491655	0.362001	-0.073867	0.430000
314	-0.503501	0.339525	0.097129	0.430000
315	-0.474969	0.387058	-0.053061	0.430000
316	-0.457878	0.375909	0.165122	0.430000
317	-0.556030	0.259800	0.039487	0.430000
318	-0.538545	0.274676	0.112902	0.430000
319	-0.468599	0.290420	-0.272573	0.430000
320	-0.571795	0.221488	-0.047101	0.430000
321	-0.552760	-0.113174	-0.244689	0.430000
322	-0.506851	0.264655	0.226462	0.430000
323	-0.520610	0.284057	0.162794	0.430000
324	-0.490124	0.367769	0.052433	0.430000
325	-0.496978	0.359928	-0.041110	0.430000
326	-0.554167	0.182306	0.194650	0.430000
327	-0.436192	0.428289	0.067304	0.430000
328	-0.515967	0.245993	-0.226914	0.430000
329	-0.078742	0.606486	-0.064803	0.430000
330	-0.551656	0.153855	0.224120	0.430000
331	-0.462407	0.383821	-0.130713	0.430000
332	-0.493223	0.349040	0.114571	0.430000
333	-0.501357	0.354383	-0.035762	0.430000
334	-0.533977	0.284471	0.110315	0.430000
335	-0.602274	0.104989	-0.066841	0.430000
336	-0.483206	0.348209	-0.153258	0.430000
337	-0.303864	0.519358	-0.127119	0.430000
338	-0.498302	0.360119	-0.015289	0.430000
339	-0.612283	0.044388	-0.036932	0.430000
340	-0.591089	0.168372	0.022135	0.430000
341	-0.571372	0.226476	-0.021635	0.430000
342	-0.514206	0.334339	0.045113	0.430000
343	-0.461940	0.384325	-0.130886	0.430000
344	-0.531316	0.304158	-0.058448	0.430000
345	-0.487797	0.374190	0.016163	0.430000
346	-0.597422	0.115655	-0.089081	0.430000
347	-0.585101	0.000811	-0.189423	0.430000
348	-0.552331	0.205132	-0.176284	0.430000
349	-0.468374	0.398008	-0.020980	0.430000
350	-0.465876	0.398152	0.051573	0.430000
351	-0.484649	0.368986	0.084794	0.430000
352	-0.538388	0.293142	0.049304	0.430000
353	-0.476762	0.302115	-0.244233	0.430000
354	-0.593072	0.127829	0.100750	0.430000
355	-0.561032	0.248233	-0.043000	0.430000
356	-0.452184	0.415681	0.031048	0.430000
357	-0.586809	0.183886	-0.008162	0.430000
358	-0.518905	0.121767	-0.306816	0.430000
359	-0.603168	0.089430	0.080095	0.430000
360	-0.595840	0.101588	0.113487	0.430000
361	-0.603763	0.107707	0.045762	0.430000
362	-0.599399	0.088579	0.105352	0.430000
363	-0.557073	0.243927	-0.091621	0.430000
364	-0.603671	0.105048	0.052639	0.430000
365	-0.577913	0.199029	-0.068040	0.430000
366	-0.571775	0.184211	0.131776	0.430000
367	-0.596913	0.131853	-0.067336	0.430000
368	-0.602198	0.088550	0.087986	0.430000
369	-0.552436	0.206005	0.174934	0.430000
370	-0.582048	0.088098	-0.178001	0.430000
371	-0.589579	0.148963	-0.091825	0.430000
372	-0.589500	0.105398	0.140023	0.430000
373	-0.574633	0.200860	0.087622	0.430000
374	-0.572669	0.143157	-0.172572	0.430000
375	-0.613968	-0.022006	0.028008	0.430000
376	-0.609998	0.040005	-0.067279	0.430000
377	-0.607722	0.034672	-0.087734	0.430000
378	-0.573711	0.156335	-0.156972	0.430000
379	-0.587213	0.171750	-0.062511	0.430000
380	-0.571025	0.209975	0.089809	0.430000
381	-0.563175	0.015754	0.246599	0.430000
382	-0.614902	0.010914	0.001372	0.430000
383	-0.601437	0.028454	-0.125254	0.430000
384	-0.589983	0.037634	0.169495	0.430000
385	-0.594569	0.072688	-0.139387	0.430000
386	-0.574430	0.184503	-0.119223	0.430000
387	-0.538640	0.288165	-0.071085	0.430000
388	-0.511258	0.232810	0.250280	0.430000
389	-0.446014	0.415343	-0.082384	0.430000
390	-0.583363	0.190830	0.038685	0.430000
391	-0.610730	-0.060967	-0.038952	0.430000
392	-0.596086	0.002542	-0.151326	0.430000
393	-0.570907	0.182360	-0.137965	0.430000
394	-0.594123	0.115180	0.109437	0.430000
395	-0.487367	0.340475	0.157400	0.430000
396	-0.517610	0.321184	0.084533	0.430000
397	-0.558413	0.255078	-0.036537	0.430000
398	-0.387858	0.476166	0.032523	0.430000
399	-0.611425	-0.013939	-0.064730	0.430000
400	-0.613842	-0.032868	0.018505	0.430000
401	-0.579682	0.194195	0.066947	0.430000
402	-0.572987	0.046902	-0.218428	0.430000
403	-0.439688	0.330746	0.274785	0.430000
404	-0.409267	0.456121	-0.051760	0.430000
405	-0.384379	0.474847	-0.070697	0.430000
406	-0.559269	0.253986	0.030567	0.430000
407	-0.585572	0.079331	0.170401	0.430000
408	-0.550142	0.176943	-0.210380	0.430000
409	-0.609236	0.082477	-0.015959	0.430000
410	-0.441554	0.393718	0.168050	0.430000
411	-0.488854	0.343556	0.145658	0.430000
412	-0.492292	0.367723	0.025566	0.430000
413	-0.569906	0.125854	0.193889	0.430000
414	-0.563636	0.136780	0.204525	0.430000
415	-0.520746	0.141906	-0.294806	0.430000
416	-0.542032	0.288381	-0.035545	0.430000
417	-0.549705	0.082183	-0.263239	0.430000
418	-0.483754	0.319989	0.204485	0.430000
419	-0.442913	0.295607	0.307684	0.430000
420	-0.532950	0.025264	0.305861	0.430000
421	-0.563108	0.245388	-0.030312	0.430000
422	-0.563948	0.158531	-0.187233	0.430000
423	-0.560704	0.238878	-0.082301	0.430000
424	-0.555438	0.262325	-0.029985	0.430000
425	-0.591581	-0.092215	-0.140549	0.430000
426	-0.566839	0.062620	0.230211	0.430000
427	-0.568124	0.199849	0.124583	0.430000
428	-0.541193	0.265708	0.121387	0.430000
429	-0.513011	0.338313	0.024278	0.430000
430	-0.506508	0.201382	0.284816	0.430000
431	-0.489731	0.334392	-0.163005	0.430000
432	-0.302030	0.498389	-0.196498	0.430000
433	-0.326350	0.505206	0.128405	0.430000
434	-0.341984	0.478777	-0.179010	0.430000
435	-0.551488	0.272056	-0.008434	0.430000
436	-0.319256	0.525222	0.021055	0.430000
437	-0.460864	0.406583	-0.022801	0.430000
438	-0.543983	0.192243	0.212956	0.430000
439	-0.543298	0.287625	0.018014	0.430000
440	-0.581698	0.140025	0.142284	0.430000
441	-0.499136	0.308128	0.184784	0.430000
442	-0.381106	0.471228	0.104533	0.430000
443	-0.542574	0.288801	0.020811	0.430000
444	-0.340563	0.499614	0.112371	0.430000
445	-0.556472	0.191814	-0.178247	0.430000
446	-0.567743	0.194627	-0.134213	0.430000
447	-0.543690	0.273756	-0.087661	0.430000
448	-0.526254	0.318246	0.001032	0.430000
449	-0.504230	0.327849	-0.128420	0.430000
450	-0.576151	0.212580	-0.032930	0.430000
451	-0.512368	0.256254	0.223691	0.430000
452	-0.477608	0.367149	0.123762	0.430000
453	-0.606410	0.101109	0.016381	0.430000
454	-0.604784	-0.106508	-0.033433	0.430000
455	-0.604631	0.095777	0.058930	0.430000
456	-0.571674	0.186116	-0.129518	0.430000
457	-0.568399	0.187085	-0.141941	0.430000
458	-0.543812	0.287108	0.007920	0.430000
459	-0.586736	0.182213	0.027642	0.430000
460	-0.500219	0.289523	0.210195	0.430000
461	-0.573080	0.202542	0.093708	0.430000
462	-0.527143	0.304276	0.088097	0.430000
463	-0.522657	0.323503	-0.020020	0.430000
464	-0.567902	0.232423	-0.041125	0.430000
465	-0.466705	0.386994	-0.103183	0.430000
466	-0.555616	0.187926	-0.184931	0.430000
467	-0.583679	0.190005	0.037976	0.430000
468	-0.610093	0.058642	0.050725	0.430000
469	-0.587693	0.176535	0.040954	0.430000
470	-0.585202	0.186437	0.031704	0.430000
471	-0.510378	0.331838	-0.087305	0.430000
472	-0.582534	0.188090	-0.059171	0.430000
473	-0.543304	0.284480	-0.046007	0.430000
474	-0.603049	0.082435	0.088096	0.430000
475	-0.589817	0.157090	0.075255	0.430000
476	-0.603088	0.060471	-0.104181	0.430000
477	-0.547133	0.251106	-0.125762	0.430000
478	-0.558826	0.249132	-0.062225	0.430000
479	-0.562474	0.088080	0.232572	0.430000
480	-0.603370	0.117744	-0.017483	0.430000
481	-0.586063	0.021058	-0.185234	0.430000
482	-0.595313	0.119863	0.097263	0.430000
483	-0.605937	0.102326	-0.024385	0.430000
484	-0.594148	0.127676	-0.094401	0.430000
485	-0.598048	-0.110793	-0.091041	0.430000
486	-0.567998	0.117730	-0.204310	0.430000
487	-0.599461	0.101508	0.092558	0.430000
488	-0.598792	0.093602	0.104457	0.430000
489	-0.584477	0.183880	-0.052917	0.430000
490	-0.602996	0.097444	-0.071590	0.430000
491	-0.573324	0.047859	0.217335	0.430000
492	-0.585122	0.129857	0.137819	0.430000
493	-0.586001	0.175543	-0.063347	0.430000
494	-0.605836	0.055621	-0.089964	0.430000
495	-0.576042	-0.167408	-0.135555	0.430000
496	-0.589045	0.122765	-0.127199	0.430000
497	-0.608221	-0.052880	-0.074131	0.430000
498	-0.612098	0.047886	-0.035603	0.430000
499	-0.567383	0.233343	0.043043	0.430000
500	-0.570529	0.229554	-0.005132	0.430000
501	-0.600523	0.110307	0.073682	0.430000
502	-0.533048	0.282213	0.120168	0.430000
503	-0.539853	0.281193	0.087830	0.430000
504	-0.608586	-0.053698	-0.070458	0.430000
505	-0.604195	-0.044575	-0.105763	0.430000
506	-0.559831	0.231247	-0.106484	0.430000
507	-0.589043	0.129789	0.120033	0.430000
508	-0.571562	0.079956	0.212483	0.430000
509	-0.517431	0.220286	0.248925	0.430000
510	-0.576230	0.192637	0.095260	0.430000
511	-0.526735	0.263157	0.177551	0.430000
512	-0.614410	0.022973	0.014058	0.430000
513	-0.612137	0.005710	-0.058997	0.430000
514	-0.606134	-0.039652	-0.096199	0.430000
515	-0.600434	0.119776	-0.057945	0.430000
516	-0.571453	0.227282	-0.003141	0.430000
517	-0.569187	0.221666	0.071525	0.430000
518	-0.551998	0.257209	0.085827	0.430000
519	-0.502801	0.353084	0.027343	0.430000
520	-0.576033	0.201219	-0.076950	0.430000
521	-0.593285	0.145481	0.071225	0.430000
522	-0.605823	-0.066610	0.082261	0.430000
523	-0.579353	0.072235	-0.193280	0.430000
524	-0.596007	-0.088993	-0.122802	0.430000
525	-0.511614	0.318036	0.123813	0.430000
526	-0.547816	0.174860	0.218052	0.430000
527	-0.520567	0.306580	0.115079	0.430000
528	-0.516126	0.321336	0.092639	0.430000
529	-0.589779	0.097727	0.144344	0.430000
530	-0.598665	0.034924	-0.136404	0.430000
531	-0.605069	0.106836	-0.026507	0.430000
532	-0.565827	0.240079	-0.020665	0.430000
533	-0.608087	-0.063812	-0.066205	0.430000
534	-0.485460	0.353038	0.133856	0.430000
535	-0.477439	0.381769	-0.067302	0.430000
536	-0.382936	0.435746	0.204231	0.430000
537	-0.416143	0.451204	0.038274	0.430000
538	-0.529273	0.195984	-0.244306	0.430000
539	-0.558919	0.249886	-0.058236	0.430000
540	-0.575320	0.129863	-0.174261	0.430000
541	-0.528084	0.212849	-0.232482	0.430000
542	-0.606260	0.088060	-0.054033	0.430000
543	-0.553640	0.197459	0.180880	0.430000
544	-0.501449	0.355827	0.012714	0.430000
545	-0.591994	0.166333	-0.010035	0.430000
546	-0.486316	0.287313	0.243255	0.430000
547	-0.562857	0.247439	0.013796	0.430000
548	-0.539741	0.277602	-0.099207	0.430000
549	-0.364001	0.493727	-0.044294	0.430000
550	-0.466157	0.396405	0.061529	0.430000
551	-0.544390	0.259835	-0.119793	0.430000
552	-0.445800	0.421497	0.042748	0.430000
553	-0.550392	0.120717	-0.246417	0.430000
554	-0.511838	0.338875	0.037548	0.430000
555	-0.552185	0.204376	0.177616	0.430000
556	-0.434138	0.356457	-0.250375	0.430000
557	-0.483181	0.374282	0.068366	0.430000
558	-0.427511	0.439594	0.047081	0.430000
559	-0.611658	0.054194	-0.034090	0.430000
560	-0.517536	0.325234	-0.067858	0.430000
561	-0.500658	0.356839	0.015240	0.430000
562	-0.549611	0.267647	0.067216	0.430000
563	-0.445098	0.421299	-0.051185	0.430000
564	-0.566204	0.185582	0.152309	0.430000
565	-0.520920	0.302043	0.125048	0.430000
566	-0.572041	0.214897	-0.069383	0.430000
567	-0.611217	-0.018674	-0.065497	0.430000
568	-0.556708	0.215755	-0.147482	0.430000
569	-0.549988	0.274269	-0.022693	0.430000
570	-0.546672	0.263050	-0.100895	0.430000
571	-0.592944	0.161727	-0.022072	0.430000
572	-0.552619	0.189236	0.192425	0.430000
573	-0.509136	0.337262	0.072528	0.430000
574	-0.576489	0.180419	0.115477	0.430000
575	-0.545438	0.265411	-0.101387	0.430000
576	-0.581910	0.173935	-0.096707	0.430000
577	-0.602024	0.123915	-0.020920	0.430000
578	-0.561288	0.249538	-0.030188	0.430000
579	-0.602772	0.121651	0.009563	0.430000
580	-0.606386	0.087583	-0.053382	0.430000
581	-0.592430	0.150801	0.067161	0.430000
582	-0.557335	0.123077	0.229029	0.430000
583	-0.604633	0.046132	-0.102545	0.430000
584	-0.574494	0.187391	0.114310	0.430000
585	-0.583668	0.187548	0.048812	0.430000
586	-0.496721	0.354685	-0.075443	0.430000
587	-0.608494	0.071779	0.052990	0.430000
588	-0.609375	0.072721	-0.039991	0.430000
589	-0.598534	0.094408	-0.105209	0.430000
590	-0.513517	0.107260	0.320968	0.430000
591	-0.614438	0.023003	-0.012705	0.430000
592	-0.609192	-0.084294	-0.002083	0.430000
593	-0.611495	-0.043209	-0.049309	0.430000
594	-0.503274	0.027989	0.352360	0.430000
595	-0.582788	0.046646	-0.190807	0.430000
596	-0.603769	0.116998	0.000089	0.430000
597	-0.540081	0.176907	-0.235036	0.430000
598	-0.582412	0.197427	0.006606	0.430000
599	-0.582579	0.190526	0.050271	0.430000
600	-0.597349	0.136937	-0.051456	0.430000
601	-0.574955	0.101491	0.193264	0.430000
602	-0.597245	0.143966	0.028234	0.430000
603	-0.609595	0.027833	0.076450	0.430000
604	-0.593555	-0.026895	-0.158727	0.430000
605	-0.613925	0.026132	-0.025272	0.430000
606	-0.602715	0.049060	-0.112041	0.430000
607	-0.593273	0.048207	0.154687	0.430000
608	-0.586529	0.148557	0.110179	0.430000
609	-0.470311	0.289699	0.270383	0.430000
610	-0.606099	0.103717	-0.010602	0.430000
611	-0.546794	0.245598	0.137562	0.430000
612	-0.610733	0.060514	0.039604	0.430000
613	-0.610438	-0.036249	-0.065394	0.430000
614	-0.602595	0.080307	-0.093033	0.430000
615	-0.564646	0.048246	0.238898	0.430000
616	-0.501082	0.279752	0.221090	0.430000
617	-0.536628	0.299270	0.026329	0.430000
618	-0.501469	0.352493	0.050023	0.430000
619	-0.478316	0.319167	0.218110	0.430000
620	-0.612540	-0.046389	-0.029469	0.430000
621	-0.598842	0.121971	0.068819	0.430000
622	-0.609324	-0.076282	-0.033611	0.430000
623	-0.549289	0.243561	0.131092	0.430000
624	-0.515796	0.319031	0.101975	0.430000
625	-0.562029	0.248897	-0.019969	0.430000
626	-0.548463	0.269898	0.067593	0.430000
627	-0.604242	0.098912	0.057729	0.430000
628	-0.595856	0.108395	-0.106915	0.430000
629	-0.560332	0.151762	-0.203030	0.430000
630	-0.603219	-0.084390	-0.085028	0.430000
631	-0.482796	0.380099	-0.025653	0.430000
632	-0.432094	0.411045	0.150206	0.430000
633	-0.507306	0.289924	0.191859	0.430000
634	-0.552047	0.226423	0.149002	0.430000
635	-0.613472	0.038446	-0.019982	0.430000
636	-0.566435	0.238673	-0.020294	0.430000
637	-0.560613	0.229823	-0.105445	0.430000
638	-0.596800	-0.032039	-0.145010	0.430000
639	-0.423549	0.293436	0.335747	0.430000
640	-0.509399	0.342048	0.041720	0.430000
641	-0.518650	0.330015	0.017809	0.430000
642	-0.551189	0.229500	-0.147464	0.430000
643	-0.558409	0.183423	0.180999	0.430000
644	-0.494759	0.301156	-0.206745	0.430000
645	-0.459523	0.403811	-0.063248	0.430000
646	-0.216563	0.548169	0.175603	0.430000
647	-0.260110	0.556382	0.031722	0.430000
648	-0.407556	0.412284	-0.205291	0.430000
649	-0.372690	0.480777	-0.090443	0.430000
650	-0.523615	0.321661	-0.024228	0.430000
651	-0.572292	0.221110	-0.042626	0.430000
652	-0.458372	0.366234	-0.184372	0.430000
653	-0.601313	0.129018	-0.001517	0.430000
654	-0.571096	0.196551	-0.115939	0.430000
655	-0.527762	0.163489	0.270118	0.430000
656	-0.301417	0.529660	-0.082663	0.430000
657	-0.573035	0.211474	0.071656	0.430000
658	-0.506475	0.265160	0.226712	0.430000
659	-0.592128	0.156357	-0.056227	0.430000
660	-0.583793	0.193420	0.000216	0.430000
661	-0.540016	0.226820	-0.187510	0.430000
662	-0.587242	0.182259	0.012362	0.430000
663	-0.504850	0.322685	0.138659	0.430000
664	-0.373434	0.486775	-0.042690	0.430000
665	-0.504953	0.348794	-0.039883	0.430000
666	-0.399613	0.456579	-0.100353	0.430000
667	-0.519932	0.326546	0.035541	0.430000
668	-0.528279	0.299447	-0.097352	0.430000
669	-0.516700	0.330404	0.045605	0.430000
670	-0.524687	0.280649	-0.155449	0.430000
671	-0.577707	0.130961	0.165315	0.430000
672	-0.597081	0.143976	-0.031472	0.430000
673	-0.477390	0.376298	0.093402	0.430000
674	-0.553687	0.034866	0.265405	0.430000
675	-0.570182	0.210718	0.093356	0.430000
676	-0.593636	0.135715	-0.086040	0.430000
677	-0.581426	-0.074752	0.185958	0.430000
678	-0.440427	0.428689	-0.021774	0.430000
679	-0.610371	0.042114	-0.062439	0.430000
680	-0.602205	0.124212	0.012063	0.430000
681	-0.610597	-0.052563	-0.051321	0.430000
682	-0.535710	0.256083	0.160192	0.430000
683	-0.521937	0.316472	0.075184	0.430000
684	-0.594618	-0.146434	-0.056666	0.430000
685	-0.605140	0.058326	-0.092891	0.430000
686	-0.495741	0.362595	-0.031476	0.430000
687	-0.533442	0.071252	0.297638	0.430000
688	-0.595259	0.154336	0.008475	0.430000
689	-0.554878	-0.051144	-0.260231	0.430000
690	-0.605010	0.019998	-0.108574	0.430000
691	-0.536463	0.268094	0.136229	0.430000
692	-0.519843	0.319552	-0.076647	0.430000
693	-0.604387	0.104932	0.043942	0.430000
694	-0.603970	-0.008948	-0.115606	0.430000
695	-0.561632	-0.032864	0.248425	0.430000
696	-0.591499	0.057892	0.158123	0.430000
697	-0.595097	-0.082544	0.131418	0.430000
698	-0.612225	0.022010	-0.054052	0.430000
699	-0.613952	-0.032296	0.015638	0.430000
700	-0.603373	-0.061477	-0.101915	0.430000
701	-0.580836	0.135545	0.149941	0.430000
702	-0.571289	-0.163392	-0.158611	0.430000
703	-0.568098	-0.027820	0.233913	0.430000
704	-0.575981	0.046756	0.210440	0.430000
705	-0.588179	0.070591	0.165187	0.430000
706	-0.557261	0.071858	0.250043	0.430000
707	-0.608796	0.045976	0.074015	0.430000
708	-0.613430	-0.020954	0.038591	0.430000
709	-0.575682	0.094997	-0.194399	0.430000
710	-0.597548	0.065401	0.129938	0.430000
711	-0.593188	0.156425	0.043411	0.430000
712	-0.459069	0.298275	0.280202	0.430000
713	-0.533345	0.272828	0.139042	0.430000
714	-0.498257	0.354862	0.063544	0.430000
715	-0.589958	0.160940	0.065363	0.430000
716	-0.605405	0.029936	0.103988	0.430000
717	-0.606063	-0.073733	-0.073998	0.430000
718	-0.605186	0.084494	-0.069538	0.430000
719	-0.599573	-0.120502	-0.064932	0.430000
720	-0.567235	-0.007226	0.237523	0.430000
721	-0.609363	0.081559	0.015804	0.430000
722	-0.523418	0.278656	0.163124	0.430000
723	-0.561128	0.250673	-0.022886	0.430000
724	-0.388450	0.465270	0.104189	0.430000
725	-0.603523	0.105347	0.053724	0.430000
726	-0.537903	-0.096565	-0.282065	0.430000
727	-0.546223	-0.142726	0.243916	0.430000
728	-0.510797	-0.055188	0.338032	0.430000
729	-0.573131	0.129172	0.181825	0.430000
730	-0.526285	0.039638	0.315719	0.430000
731	-0.445958	0.358777	0.225003	0.430000
732	-0.539302	0.280998	-0.091753	0.430000
733	-0.593525	0.161044	0.004261	0.430000
734	-0.586617	0.169342	-0.073681	0.430000
735	-0.607004	0.073201	-0.066428	0.430000
736	-0.590573	0.069580	-0.156865	0.430000
737	-0.612335	-0.031504	-0.047738	0.430000
738	-0.340118	0.511393	-0.031961	0.430000
739	-0.522760	0.312577	-0.085100	0.430000
740	-0.556928	0.210624	0.153929	0.430000
741	-0.447825	0.420702	0.026212	0.430000
742	-0.588298	0.169600	0.058023	0.430000
743	-0.587548	0.159339	-0.087310	0.430000
744	-0.575930	0.176453	-0.124071	0.430000
745	-0.605736	0.014151	-0.105395	0.430000
746	-0.477876	-0.217820	-0.320021	0.430000
747	-0.517378	0.272928	0.189883	0.430000
748	-0.511155	0.238952	0.244637	0.430000
749	-0.581482	0.062003	0.190419	0.430000
750	-0.568638	0.148912	0.180833	0.430000
751	-0.599731	0.135058	-0.017530	0.430000
752	-0.493888	0.279925	-0.236519	0.430000
753	-0.510700	0.323750	0.112235	0.430000
754	-0.321406	0.511147	0.116844	0.430000
755	-0.440362	0.424145	0.066389	0.430000
756	-0.348775	0.466281	0.197896	0.430000
757	-0.526671	0.307449	0.079486	0.430000
758	-0.468955	0.309735	0.249740	0.430000
759	-0.501005	0.356654	-0.004112	0.430000
760	-0.486661	0.357194	-0.117469	0.430000
761	-0.593533	0.157202	-0.035090	0.430000
762	-0.506057	0.343835	0.062523	0.430000
763	-0.459999	0.408179	0.003959	0.430000
764	-0.507519	0.339646	-0.072735	0.430000
765	-0.482628	0.370328	-0.090292	0.430000
766	-0.597062	0.123787	-0.080116	0.430000
767	-0.495638	0.238789	-0.274860	0.430000
768	-0.489472	0.356911	-0.106096	0.430000
769	-0.522284	0.241909	0.216621	0.430000
770	-0.495353	0.278244	0.235437	0.430000
771	-0.608697	0.082425	-0.030309	0.430000
772	-0.579994	0.180125	0.096888	0.430000
773	-0.521684	0.259009	-0.197447	0.430000
774	-0.484739	0.357557	-0.124120	0.430000
775	-0.561367	0.244544	-0.057364	0.430000
776	-0.574642	-0.011042	0.218838	0.430000
777	-0.536444	0.280514	0.108463	0.430000
778	-0.531375	0.270116	0.151336	0.430000
779	-0.503658	0.317827	0.153427	0.430000
780	-0.564854	0.237709	0.051564	0.430000
781	-0.609152	0.061946	-0.057630	0.430000
782	-0.343639	0.480540	-0.170934	0.430000
783	-0.609861	0.076665	-0.020431	0.430000
784	-0.587592	0.155105	-0.094358	0.430000
785	-0.503026	0.263839	0.235752	0.430000
786	-0.538809	0.274124	0.112986	0.430000
787	-0.568978	0.229571	-0.042270	0.430000
788	-0.525966	0.318400	0.014345	0.430000
789	-0.466851	0.390317	-0.089036	0.430000
790	-0.596586	0.109811	-0.101249	0.430000
791	-0.611951	-0.021798	-0.057152	0.430000
792	-0.551496	0.271187	-0.023133	0.430000
793	-0.565079	0.235142	-0.060155	0.430000
794	-0.491722	0.330094	-0.165749	0.430000
795	-0.605613	0.033524	-0.101657	0.430000
796	-0.599754	0.133723	-0.025253	0.430000
797	-0.604088	-0.109786	-0.035355	0.430000
798	-0.528282	0.131512	0.286091	0.430000
799	-0.605281	-0.014272	0.107965	0.430000
800	-0.614287	-0.015298	-0.025350	0.430000
801	-0.577930	0.026224	-0.208649	0.430000
802	-0.597334	0.136111	-0.053770	0.430000
803	-0.607021	0.091445	-0.037256	0.430000
804	-0.586415	-0.112287	0.147424	0.430000
805	-0.535458	0.217070	0.210689	0.430000
806	-0.599290	0.015826	0.137210	0.430000
807	-0.581027	-0.107358	-0.170608	0.430000
808	-0.601356	-0.117459	-0.052913	0.430000
809	-0.588118	0.147966	-0.102218	0.430000
810	-0.608324	-0.089830	-0.009854	0.430000
811	-0.595992	0.142128	-0.053091	0.430000
812	-0.536745	0.236706	0.184661	0.430000
813	-0.578123	0.088530	0.190162	0.430000
814	-0.614476	-0.007731	-0.024176	0.430000
815	-0.566944	0.227138	0.072170	0.430000
816	-0.587279	-0.154448	0.097338	0.430000
817	-0.593255	-0.126350	-0.101534	0.430000
818	-0.607783	-0.044068	-0.082964	0.430000
819	-0.561494	0.213315	0.132086	0.430000
820	-0.400281	0.348511	0.310709	0.430000
821	-0.530341	0.199178	0.239357	0.430000
822	-0.561886	0.221019	-0.116873	0.430000
823	-0.572110	0.159449	-0.159661	0.430000
824	-0.594110	-0.057508	-0.148158	0.430000
825	-0.587000	-0.096511	-0.156018	0.430000
826	-0.567265	-0.155317	0.179755	0.430000
827	-0.597799	0.127587	0.067697	0.430000
828	-0.609552	0.064094	0.050634	0.430000
829	-0.526368	0.268866	0.169921	0.430000
830	-0.503561	0.349327	-0.051207	0.430000
831	-0.559636	0.249215	-0.054079	0.430000
832	-0.613169	0.017805	-0.043951	0.430000
833	-0.592354	0.155641	-0.055834	0.430000
834	-0.612540	-0.041213	0.036341	0.430000
835	-0.470040	0.308975	0.248641	0.430000
836	-0.534388	0.172712	0.250649	0.430000
837	-0.507238	0.347371	0.016384	0.430000
838	-0.551059	0.067040	0.264698	0.430000
839	-0.598721	0.027446	-0.137856	0.430000
840	-0.556732	0.248085	-0.082025	0.430000
841	-0.593627	-0.092277	-0.131592	0.430000
842	-0.578079	0.090170	-0.189524	0.430000
843	-0.329750	0.518599	-0.023347	0.430000
844	-0.510145	0.327993	0.101971	0.430000
845	-0.557552	0.133909	0.222327	0.430000
846	-0.515314	0.335523	0.010055	0.430000
847	-0.558189	0.245879	-0.078700	0.430000
848	-0.599691	0.110515	-0.079888	0.430000
849	-0.614390	0.022590	-0.015467	0.430000
850	-0.538272	-0.241215	-0.174079	0.430000
