1	0.513752	0.303906	-0.148069	-0.200000
2	0.501487	0.301810	0.188803	-0.200000
3	0.595348	-0.132122	0.079559	-0.200000
4	0.509902	-0.234884	0.251107	-0.200000
5	0.588261	-0.177212	0.027739	-0.200000
6	0.557989	-0.217211	0.140332	-0.200000
7	0.534956	-0.119313	0.278947	-0.200000
8	0.503015	-0.239556	0.260412	-0.200000
9	0.490645	-0.175270	0.326761	-0.200000
10	0.368999	0.416632	-0.261691	-0.200000
11	0.562614	0.247887	0.015561	-0.200000
12	0.603511	0.063829	-0.099625	-0.200000
13	0.613017	0.047868	-0.012015	-0.200000
14	0.614248	0.027486	0.013013	-0.200000
15	0.564023	-0.033109	0.242913	-0.200000
16	0.533201	-0.305835	0.019674	-0.200000
17	0.599564	-0.014768	0.136125	-0.200000
18	0.543355	-0.227449	0.176796	-0.200000
19	0.575871	0.101566	0.190479	-0.200000
20	0.612875	0.013562	-0.049246	-0.200000
21	0.602693	-0.114269	-0.043915	-0.200000
22	0.597382	0.008177	-0.145920	-0.200000
23	0.605781	0.048483	-0.094360	-0.200000
24	0.588529	-0.150761	-0.095551	-0.200000
25	0.599614	0.083095	0.108551	-0.200000
26	0.587519	0.157857	0.090156	-0.200000
27	0.452354	0.213741	0.357653	-0.200000
28	0.600614	-0.016165	0.131251	-0.200000
29	0.613732	-0.013887	-0.036948	-0.200000
30	0.603040	-0.016552	0.119555	-0.200000
31	0.596827	0.084470	-0.122013	-0.200000
32	0.594709	-0.130004	-0.087436	-0.200000
33	0.578081	-0.184663	0.099737	-0.200000
34	0.477737	0.181750	0.341994	-0.200000
35	0.586471	-0.132430	0.129379	-0.200000
36	0.584934	-0.172721	0.079021	-0.200000
37	0.586452	0.183360	-0.026043	-0.200000
38	0.613563	0.001656	0.041984	-0.200000
39	0.597586	-0.043354	-0.138694	-0.200000
40	0.554740	0.246261	-0.099219	-0.200000
41	0.594622	-0.050835	0.148543	-0.200000
42	0.602286	0.123187	-0.017356	-0.200000
43	0.577454	0.097704	0.187685	-0.200000
44	0.573562	0.146913	0.166337	-0.200000
45	0.483366	0.372838	0.074658	-0.200000
46	0.594260	0.037746	-0.153804	-0.200000
47	0.541371	-0.261436	0.129588	-0.200000
48	0.514415	0.301138	-0.151389	-0.200000
49	0.581743	0.144000	0.138073	-0.200000
50	0.609264	0.002101	-0.083772	-0.200000
51	0.589816	0.153228	-0.082847	-0.200000
52	0.548562	0.134429	0.243380	-0.200000
53	0.543664	0.270878	0.096334	-0.200000
54	0.515376	0.009435	0.335445	-0.200000
55	0.592861	0.162823	0.015164	-0.200000
56	0.560823	0.252169	-0.010662	-0.200000
57	0.592543	0.163673	0.018120	-0.200000
58	0.600718	0.131633	0.005947	-0.200000
59	0.532156	0.296713	0.083646	-0.200000
60	0.607152	0.092026	-0.033509	-0.200000
61	0.609600	0.070848	0.039922	-0.200000
62	0.613453	0.016913	0.040176	-0.200000
63	0.595042	-0.155303	0.005514	-0.200000
64	0.583788	0.110027	-0.159091	-0.200000
65	0.539340	0.237787	0.175483	-0.200000
66	0.610656	0.064784	-0.033571	-0.200000
67	0.551337	0.269123	0.042727	-0.200000
68	0.521877	0.156553	0.285237	-0.200000
69	0.614620	-0.012269	-0.017780	-0.200000
70	0.584570	0.190944	-0.006584	-0.200000
71	0.536485	0.268215	0.135901	-0.200000
72	0.600255	-0.007772	0.133637	-0.200000
73	0.578437	-0.099493	-0.183677	-0.200000
74	0.544872	0.225099	0.175129	-0.200000
75	0.573106	0.035432	-0.220271	-0.200000
76	0.598623	0.112963	0.084347	-0.200000
77	0.593139	0.151380	-0.059120	-0.200000
78	0.569180	0.220520	-0.075032	-0.200000
79	0.543753	0.237137	0.162244	-0.200000
80	0.433442	0.435240	0.030318	-0.200000
81	0.402928	0.454849	0.094796	-0.200000
82	0.494827	-0.079843	0.356366	-0.200000
83	0.480567	0.295341	-0.245060	-0.200000
84	0.581484	0.063901	-0.189784	-0.200000
85	0.606675	-0.092668	0.039784	-0.200000
86	0.536199	0.266121	0.141049	-0.200000
87	0.554355	0.260095	-0.057149	-0.200000
88	0.537832	0.270587	0.125476	-0.200000
89	0.560562	0.220019	-0.124846	-0.200000
90	0.503173	0.210847	0.283876	-0.200000
91	0.613319	0.019699	0.040943	-0.200000
92	0.584897	0.043314	-0.185051	-0.200000
93	0.565048	0.031450	-0.240741	-0.200000
94	0.605117	0.044115	-0.100559	-0.200000
95	0.581068	0.192390	-0.059763	-0.200000
96	0.595617	0.137263	0.068001	-0.200000
97	0.560334	0.098532	0.233542	-0.200000
98	0.568684	0.227028	-0.057290	-0.200000
99	0.557856	0.195250	-0.169996	-0.200000
100	0.607839	-0.085400	-0.038257	-0.200000
101	0.600066	-0.090333	0.099929	-0.200000
102	0.614584	-0.014398	-0.017440	-0.200000
103	0.454520	0.363299	-0.199125	-0.200000
104	0.426924	0.401453	-0.186536	-0.200000
105	0.584130	0.086618	-0.171799	-0.200000
106	0.494346	0.348813	0.110349	-0.200000
107	0.505886	0.346347	-0.048463	-0.200000
108	0.432861	0.370729	-0.231120	-0.200000
109	0.533847	-0.260210	-0.159759	-0.200000
110	0.610841	-0.065754	-0.027834	-0.200000
111	0.550524	0.209164	-0.177197	-0.200000
112	0.496860	0.189518	-0.308930	-0.200000
113	0.552690	0.163452	-0.214574	-0.200000
114	0.569190	0.210578	-0.099523	-0.200000
115	0.503907	0.079697	-0.343441	-0.200000
116	0.596575	-0.116074	-0.094077	-0.200000
117	0.505252	0.321335	-0.140317	-0.200000
118	0.414110	0.327520	-0.315386	-0.200000
119	0.614692	-0.016347	-0.010547	-0.200000
120	0.538475	0.093807	-0.281904	-0.200000
121	0.586226	-0.127633	0.135180	-0.200000
122	0.565707	-0.097839	0.220518	-0.200000
123	0.610251	-0.066575	-0.037235	-0.200000
124	0.582505	-0.079313	0.180618	-0.200000
125	0.378681	-0.225238	0.429061	-0.200000
126	0.525548	0.319060	0.014989	-0.200000
127	0.547736	-0.121376	-0.251949	-0.200000
128	0.580402	0.063256	-0.193279	-0.200000
129	0.576846	0.147758	0.153757	-0.200000
130	0.596579	-0.149001	-0.010848	-0.200000
131	0.561668	-0.213879	0.130422	-0.200000
132	0.610859	0.004353	-0.071113	-0.200000
133	0.559704	-0.050892	0.249733	-0.200000
134	0.600933	0.130754	0.002893	-0.200000
135	0.597235	0.125058	-0.076788	-0.200000
136	0.613423	0.036531	-0.024556	-0.200000
137	0.568605	-0.013613	-0.233940	-0.200000
138	0.585159	0.116961	0.148774	-0.200000
139	0.591829	0.121532	0.114860	-0.200000
140	0.580283	-0.106145	0.173867	-0.200000
141	0.601475	-0.124287	-0.031717	-0.200000
142	0.608593	-0.062603	0.062611	-0.200000
143	0.598477	-0.035332	-0.137119	-0.200000
144	0.600290	0.052553	0.122943	-0.200000
145	0.609792	-0.078577	0.014299	-0.200000
146	0.590333	0.002740	0.172407	-0.200000
147	0.577355	0.164382	0.133659	-0.200000
148	0.526940	0.018591	0.316566	-0.200000
149	0.583716	0.177075	0.078393	-0.200000
150	0.596849	-0.062537	0.134480	-0.200000
151	0.601963	0.106583	-0.067122	-0.200000
152	0.570766	0.091555	-0.209925	-0.200000
153	0.587285	-0.107961	-0.147194	-0.200000
154	0.605656	0.032755	-0.101653	-0.200000
155	0.611323	0.065884	-0.012968	-0.200000
156	0.567706	0.216773	0.094577	-0.200000
157	0.557860	0.258813	-0.005787	-0.200000
158	0.517872	0.208020	0.258382	-0.200000
159	0.561744	0.176302	-0.177726	-0.200000
160	0.613010	0.048637	-0.008850	-0.200000
161	0.578729	0.172225	-0.116773	-0.200000
162	0.568238	0.221449	0.079318	-0.200000
163	0.575889	0.199265	0.082887	-0.200000
164	0.534366	0.261081	0.156574	-0.200000
165	0.596540	0.101334	0.109983	-0.200000
166	0.602977	-0.015656	0.119993	-0.200000
167	0.595960	-0.129112	0.079916	-0.200000
168	0.611792	-0.015852	0.060700	-0.200000
169	0.560543	0.252983	0.004038	-0.200000
170	0.532477	0.293326	0.093020	-0.200000
171	0.602275	0.084607	-0.091274	-0.200000
172	0.600555	0.107114	0.078007	-0.200000
173	0.571615	0.105275	0.200993	-0.200000
174	0.598988	0.128334	0.054485	-0.200000
175	0.539709	0.268787	0.121212	-0.200000
176	0.614280	0.028695	-0.007842	-0.200000
177	0.595012	0.137990	0.071721	-0.200000
178	0.557877	0.251080	-0.062906	-0.200000
179	0.512622	0.326656	0.093488	-0.200000
180	0.540029	0.292089	0.035737	-0.200000
181	0.522705	0.312786	0.084669	-0.200000
182	0.587588	0.094559	0.154998	-0.200000
183	0.583497	0.135053	-0.139702	-0.200000
184	0.599546	-0.081819	-0.109887	-0.200000
185	0.611265	0.040402	-0.054298	-0.200000
186	0.564987	0.136994	-0.200617	-0.200000
187	0.431884	0.399142	0.179963	-0.200000
188	0.590684	0.080261	0.151246	-0.200000
189	0.578409	0.202244	0.052587	-0.200000
190	0.576765	-0.074536	0.200030	-0.200000
191	0.529901	-0.016087	-0.311722	-0.200000
192	0.584934	0.181554	-0.055814	-0.200000
193	0.576295	0.190140	-0.099780	-0.200000
194	0.590236	0.159445	0.066513	-0.200000
195	0.591121	0.124495	0.115336	-0.200000
196	0.514076	0.326339	-0.086331	-0.200000
197	0.607368	0.015825	0.095285	-0.200000
198	0.575773	0.167642	-0.136404	-0.200000
199	0.600665	-0.130934	0.016824	-0.200000
200	0.516257	0.256327	-0.214477	-0.200000
201	0.573414	0.150545	-0.163579	-0.200000
202	0.598028	0.121191	-0.076812	-0.200000
203	0.464010	-0.093103	0.392749	-0.200000
204	0.538940	0.291884	0.050713	-0.200000
205	0.582799	0.195178	0.021799	-0.200000
206	0.603558	-0.027729	0.114778	-0.200000
207	0.604258	-0.112493	-0.021023	-0.200000
208	0.581009	0.168701	0.110425	-0.200000
209	0.605247	-0.098946	-0.045947	-0.200000
210	0.534218	0.107550	-0.285077	-0.200000
211	0.520414	0.305177	-0.119422	-0.200000
212	0.549813	0.274879	-0.019287	-0.200000
213	0.518347	0.268444	-0.193596	-0.200000
214	0.557936	0.199905	-0.164227	-0.200000
215	0.546663	0.280154	-0.029973	-0.200000
216	0.593615	-0.160052	0.015165	-0.200000
217	0.606628	0.067848	-0.074992	-0.200000
218	0.556930	0.167453	0.200035	-0.200000
219	0.559979	0.001067	0.254259	-0.200000
220	0.602009	-0.125719	-0.002207	-0.200000
221	0.565080	0.016551	0.242149	-0.200000
222	0.441771	-0.105981	0.414526	-0.200000
223	0.613027	-0.023303	-0.043358	-0.200000
224	0.569155	0.120778	-0.199249	-0.200000
225	0.587698	-0.121825	-0.134143	-0.200000
226	0.589499	0.001657	0.175250	-0.200000
227	0.584969	-0.075087	0.174353	-0.200000
228	0.609727	0.067733	0.043249	-0.200000
229	0.536983	-0.130859	0.269723	-0.200000
230	0.562987	0.013165	0.247178	-0.200000
231	0.495144	0.028144	0.363683	-0.200000
232	0.606048	0.104533	-0.001923	-0.200000
233	0.573733	0.098956	-0.198149	-0.200000
234	0.609912	-0.066698	0.042239	-0.200000
235	0.606337	0.092774	-0.044419	-0.200000
236	0.604536	0.092444	-0.064924	-0.200000
237	0.602596	0.024804	0.120366	-0.200000
238	0.559606	0.129730	0.219627	-0.200000
239	0.592426	0.052014	0.156688	-0.200000
240	0.602445	0.039380	0.117192	-0.200000
241	0.614008	-0.029441	-0.018776	-0.200000
242	0.613346	0.008729	0.044218	-0.200000
243	0.614149	0.028192	-0.015845	-0.200000
244	0.613466	0.035164	-0.025465	-0.200000
245	0.565417	0.152299	0.187973	-0.200000
246	0.596240	0.150474	0.008956	-0.200000
247	0.550385	0.183768	0.203791	-0.200000
248	0.569646	0.047800	0.226812	-0.200000
249	0.612942	0.047682	0.015927	-0.200000
250	0.572169	0.192264	-0.117823	-0.200000
251	0.581142	0.200373	0.018700	-0.200000
252	0.582219	-0.082654	-0.180040	-0.200000
253	0.588549	0.177984	0.012520	-0.200000
254	0.588598	0.125887	-0.126214	-0.200000
255	0.603079	0.022180	0.118441	-0.200000
256	0.595670	0.152965	-0.002145	-0.200000
257	0.590093	0.146827	0.091964	-0.200000
258	0.544249	0.207458	0.197431	-0.200000
259	0.586157	0.185955	-0.008088	-0.200000
260	0.574774	0.019249	-0.217919	-0.200000
261	0.609010	0.047720	0.071097	-0.200000
262	0.611719	0.027191	0.057314	-0.200000
263	0.610220	0.046337	0.060903	-0.200000
264	0.572619	0.208740	0.082219	-0.200000
265	0.570152	0.202607	0.110010	-0.200000
266	0.591532	0.166960	0.020945	-0.200000
267	0.591682	0.105089	0.130744	-0.200000
268	0.577376	0.112574	0.179415	-0.200000
269	0.605228	-0.031171	0.104652	-0.200000
270	0.593823	0.017278	0.159061	-0.200000
271	0.578316	0.204259	-0.045318	-0.200000
272	0.606410	0.037171	0.095450	-0.200000
273	0.604570	0.029179	0.108941	-0.200000
274	0.589948	0.140864	0.101705	-0.200000
275	0.587678	0.180860	0.012204	-0.200000
276	0.551568	0.212240	0.170151	-0.200000
277	0.593630	0.086391	0.135518	-0.200000
278	0.567362	0.236822	-0.015506	-0.200000
279	0.604263	0.019773	-0.112695	-0.200000
280	0.561305	0.248612	-0.036796	-0.200000
281	0.556581	0.226894	0.130239	-0.200000
282	0.562976	0.228208	0.095942	-0.200000
283	0.553176	0.140846	0.228874	-0.200000
284	0.561648	0.206402	0.142038	-0.200000
285	0.593975	0.137870	0.080064	-0.200000
286	0.555025	-0.039670	0.261914	-0.200000
287	0.572214	0.112083	0.195535	-0.200000
288	0.604866	0.073843	-0.083121	-0.200000
289	0.590191	0.172893	-0.002726	-0.200000
290	0.578010	0.193067	0.082790	-0.200000
291	0.558568	0.255345	0.032033	-0.200000
292	0.599066	0.119488	0.071190	-0.200000
293	0.563341	0.246608	0.007504	-0.200000
294	0.561389	0.222933	0.115622	-0.200000
295	0.552482	0.245637	0.112478	-0.200000
296	0.605979	0.065293	-0.082168	-0.200000
297	0.579883	-0.141444	-0.148170	-0.200000
298	0.600251	0.113762	0.070585	-0.200000
299	0.568720	0.199185	-0.122911	-0.200000
300	0.585112	0.187287	0.028161	-0.200000
301	0.555921	0.251067	-0.078371	-0.200000
302	0.585268	0.188796	-0.006513	-0.200000
303	0.531649	0.275281	0.140696	-0.200000
304	0.580991	-0.199073	0.032314	-0.200000
305	0.601912	-0.111105	0.059852	-0.200000
306	0.581598	-0.110176	-0.166822	-0.200000
307	0.565908	0.237418	-0.040068	-0.200000
308	0.560011	0.073784	-0.243246	-0.200000
309	0.605015	0.103727	-0.037712	-0.200000
310	0.602795	-0.063512	-0.104062	-0.200000
311	0.593240	0.162039	-0.005916	-0.200000
312	0.493625	0.341002	-0.135192	-0.200000
313	0.530062	-0.184615	-0.251350	-0.200000
314	0.589745	0.073009	0.158416	-0.200000
315	0.603335	0.112813	-0.038536	-0.200000
316	0.517258	0.328518	-0.052393	-0.200000
317	0.602584	0.091537	-0.082090	-0.200000
318	0.605963	0.104991	0.003242	-0.200000
319	0.581260	0.199128	0.026641	-0.200000
320	0.534881	0.302195	0.028374	-0.200000
321	0.436536	0.426798	-0.074196	-0.200000
322	0.478465	0.359729	-0.141035	-0.200000
323	0.567083	0.237850	0.008334	-0.200000
324	0.571592	0.103545	-0.201955	-0.200000
325	0.601238	-0.120958	0.045908	-0.200000
326	0.597161	-0.039744	0.141578	-0.200000
327	0.538082	-0.219642	0.201121	-0.200000
328	0.532996	-0.188010	0.242471	-0.200000
329	0.573184	-0.131559	0.179937	-0.200000
330	0.569851	0.229211	-0.030935	-0.200000
331	0.610132	0.045957	-0.062061	-0.200000
332	0.605840	0.054984	0.090333	-0.200000
333	0.602593	-0.012511	0.122270	-0.200000
334	0.598917	-0.053816	0.128949	-0.200000
335	0.596198	-0.012652	0.150375	-0.200000
336	0.611475	-0.061283	0.023836	-0.200000
337	0.562518	-0.096865	0.228944	-0.200000
338	0.588412	0.116016	-0.136151	-0.200000
339	0.542699	0.164167	-0.238228	-0.200000
340	0.611635	0.063858	0.007023	-0.200000
341	0.603236	0.119273	-0.010279	-0.200000
342	0.602568	0.114494	-0.045026	-0.200000
343	0.613929	-0.028673	-0.022223	-0.200000
344	0.580219	0.105825	0.174274	-0.200000
345	0.582292	0.028918	0.195768	-0.200000
346	0.613450	0.029337	0.032297	-0.200000
347	0.607818	0.004911	0.093588	-0.200000
348	0.605055	-0.097432	-0.051386	-0.200000
349	0.609514	0.062887	0.052564	-0.200000
350	0.596349	-0.113444	0.098605	-0.200000
351	0.530558	0.243353	0.193681	-0.200000
352	0.536676	0.228509	0.194904	-0.200000
353	0.612558	0.035312	0.041847	-0.200000
354	0.600021	0.098687	0.091980	-0.200000
355	0.593427	-0.037297	-0.157092	-0.200000
356	0.518629	0.252995	-0.212704	-0.200000
357	0.611819	0.024664	0.057398	-0.200000
358	0.604177	0.066211	-0.093869	-0.200000
359	0.609370	0.073601	-0.038422	-0.200000
360	0.575875	0.195921	0.090599	-0.200000
361	0.572071	0.175379	0.142132	-0.200000
362	0.612165	-0.038363	-0.044810	-0.200000
363	0.576486	-0.205147	-0.061672	-0.200000
364	0.598810	0.136356	-0.032536	-0.200000
365	0.541931	0.286330	0.050510	-0.200000
366	0.580006	0.200738	-0.039020	-0.200000
367	0.597106	0.138126	0.051093	-0.200000
368	0.563284	0.188165	0.159782	-0.200000
369	0.570340	0.139623	0.182873	-0.200000
370	0.614349	-0.023779	-0.015314	-0.200000
371	0.606155	-0.077995	-0.068690	-0.200000
372	0.604128	0.070940	0.090672	-0.200000
373	0.553278	0.222297	0.150640	-0.200000
374	0.561253	0.229131	0.103533	-0.200000
375	0.585827	0.181001	-0.047647	-0.200000
376	0.575658	0.207956	0.059982	-0.200000
377	0.526851	0.316562	0.021013	-0.200000
378	0.590167	0.172811	0.008000	-0.200000
379	0.577147	0.194816	0.084696	-0.200000
380	0.571358	0.223279	-0.043839	-0.200000
381	0.519441	0.237966	0.227547	-0.200000
382	0.610038	0.064396	-0.043949	-0.200000
383	0.600960	0.111525	0.068071	-0.200000
384	0.549574	0.201120	0.189062	-0.200000
385	0.592421	0.164669	0.012119	-0.200000
386	0.525721	0.183248	0.261271	-0.200000
387	0.581823	0.194534	0.043169	-0.200000
388	0.603592	0.116751	-0.016456	-0.200000
389	0.602277	0.084630	-0.091242	-0.200000
390	0.540922	0.242999	-0.163034	-0.200000
391	0.497020	0.297401	0.206758	-0.200000
392	0.606002	0.058301	0.087108	-0.200000
393	0.518435	0.324619	0.063821	-0.200000
394	0.538589	0.230507	0.187118	-0.200000
395	0.584378	-0.099166	-0.163994	-0.200000
396	0.606231	-0.045253	-0.093067	-0.200000
397	0.536557	0.129352	-0.271293	-0.200000
398	0.476279	0.369559	-0.121693	-0.200000
399	0.577415	0.197605	0.075953	-0.200000
400	0.485905	0.356990	0.121160	-0.200000
401	0.567661	0.230175	0.054819	-0.200000
402	0.609248	-0.080262	-0.024483	-0.200000
403	0.580398	0.011478	-0.203056	-0.200000
404	0.558510	0.156804	-0.204216	-0.200000
405	0.575661	0.207618	0.061106	-0.200000
406	0.491796	0.365509	-0.052585	-0.200000
407	0.607950	0.043568	-0.081995	-0.200000
408	0.599084	0.132891	0.040786	-0.200000
409	0.570658	0.217584	-0.072331	-0.200000
410	0.612708	-0.032029	0.042285	-0.200000
411	0.577271	0.033142	0.209487	-0.200000
412	0.596519	0.119888	0.089539	-0.200000
413	0.551811	0.158220	-0.220673	-0.200000
414	0.512838	0.183808	-0.285372	-0.200000
415	0.588903	0.165852	0.062538	-0.200000
416	0.575739	0.205113	0.068398	-0.200000
417	0.594809	0.135397	-0.078071	-0.200000
418	0.599697	-0.117760	-0.068712	-0.200000
419	0.598500	-0.020457	-0.140014	-0.200000
420	0.576884	0.030950	-0.210884	-0.200000
421	0.605132	0.049305	-0.098027	-0.200000
422	0.519346	0.317735	-0.086884	-0.200000
423	0.528226	0.133240	-0.285394	-0.200000
424	0.509683	0.323698	-0.116911	-0.200000
425	0.539685	0.280849	-0.089937	-0.200000
426	0.582919	-0.025636	-0.194353	-0.200000
427	0.491706	0.369041	0.016096	-0.200000
428	0.428490	0.224886	-0.379536	-0.200000
429	0.605015	0.110363	-0.001149	-0.200000
430	0.590384	0.126267	0.117166	-0.200000
431	0.581635	0.021535	0.198649	-0.200000
432	0.606654	-0.090119	0.045550	-0.200000
433	0.539547	0.038297	0.292655	-0.200000
434	0.548947	-0.174205	0.215720	-0.200000
435	0.592636	0.155473	-0.053254	-0.200000
436	0.565844	0.239133	-0.029352	-0.200000
437	0.588446	0.128279	-0.124501	-0.200000
438	0.607501	-0.001614	0.095735	-0.200000
439	0.614961	-0.006768	0.001573	-0.200000
440	0.605662	-0.008581	0.106420	-0.200000
441	0.606413	-0.097588	0.031063	-0.200000
442	0.521747	-0.161919	0.282467	-0.200000
443	0.507159	0.090064	0.336010	-0.200000
444	0.593005	-0.149506	0.064950	-0.200000
445	0.604667	0.102477	0.045842	-0.200000
446	0.582379	0.196333	-0.022641	-0.200000
447	0.610519	-0.046692	-0.057546	-0.200000
448	0.605668	-0.099806	-0.037822	-0.200000
449	0.597752	0.077540	-0.122088	-0.200000
450	0.606113	0.065238	0.081214	-0.200000
451	0.564388	0.015677	0.243814	-0.200000
452	0.559602	0.091151	0.238249	-0.200000
453	0.605291	-0.009019	0.108476	-0.200000
454	0.591858	0.163805	0.033131	-0.200000
455	0.612647	0.050079	0.019510	-0.200000
456	0.560162	0.248917	-0.049835	-0.200000
457	0.606416	0.042349	0.093229	-0.200000
458	0.607451	-0.057319	0.077086	-0.200000
459	0.583043	0.158660	0.114510	-0.200000
460	0.591858	0.067175	0.153026	-0.200000
461	0.601230	-0.046557	0.120747	-0.200000
462	0.604773	0.042105	-0.103447	-0.200000
463	0.594697	0.089153	-0.128888	-0.200000
464	0.598155	-0.070751	-0.124215	-0.200000
465	0.592585	-0.128320	0.102969	-0.200000
466	0.589367	0.152679	0.086950	-0.200000
467	0.514367	0.336897	0.012322	-0.200000
468	0.606337	0.018907	0.101110	-0.200000
469	0.604904	-0.033276	0.105873	-0.200000
470	0.602631	0.111166	0.051996	-0.200000
471	0.581640	-0.066927	-0.188256	-0.200000
472	0.559086	0.186539	-0.175643	-0.200000
473	0.614351	-0.026828	0.008835	-0.200000
474	0.592881	0.147709	0.069997	-0.200000
475	0.578552	0.116616	-0.172925	-0.200000
476	0.592286	0.118728	0.115438	-0.200000
477	0.595523	0.082689	0.129384	-0.200000
478	0.593813	0.148470	-0.059729	-0.200000
479	0.602137	0.125111	-0.001936	-0.200000
480	0.571260	0.140261	0.179482	-0.200000
481	0.605221	0.058322	-0.092361	-0.200000
482	0.578151	-0.073440	-0.196400	-0.200000
483	0.591614	0.162388	0.042990	-0.200000
484	0.595679	0.151803	0.018630	-0.200000
485	0.607788	0.072792	-0.059332	-0.200000
486	0.611467	0.042486	-0.050279	-0.200000
487	0.514977	0.303028	-0.145596	-0.200000
488	0.550266	0.267397	0.062703	-0.200000
489	0.502706	0.306916	0.176958	-0.200000
490	0.600627	0.132070	-0.005443	-0.200000
491	0.592333	0.164259	-0.019649	-0.200000
492	0.547067	0.278526	-0.036953	-0.200000
493	0.557947	0.243976	-0.086004	-0.200000
494	0.603975	0.088485	0.074894	-0.200000
495	0.583635	0.184034	0.061049	-0.200000
496	0.614107	0.011535	-0.031058	-0.200000
497	0.577709	0.163680	0.132989	-0.200000
498	0.601463	-0.020277	0.126714	-0.200000
499	0.607219	-0.030602	0.092596	-0.200000
500	0.563796	0.154425	-0.191082	-0.200000
501	0.456238	0.410881	-0.035332	-0.200000
502	0.512309	0.340089	0.010193	-0.200000
503	0.561000	0.246263	-0.053466	-0.200000
504	0.486986	0.330457	0.178514	-0.200000
505	0.493943	0.350094	0.108075	-0.200000
506	0.595081	0.123855	0.093610	-0.200000
507	0.559516	0.255030	-0.011262	-0.200000
508	0.614177	0.013699	-0.028715	-0.200000
509	0.609561	-0.001896	-0.081587	-0.200000
510	0.613525	0.040779	0.012217	-0.200000
511	0.544552	0.283967	-0.032415	-0.200000
512	0.557086	0.238916	-0.103923	-0.200000
513	0.539755	0.285034	-0.075130	-0.200000
514	0.583751	0.187043	0.049747	-0.200000
515	0.541876	0.285387	0.056125	-0.200000
516	0.590956	0.162079	0.052213	-0.200000
517	0.614432	-0.025767	0.005856	-0.200000
518	0.582837	-0.127809	-0.148966	-0.200000
519	0.560549	0.235820	-0.091646	-0.200000
520	0.568290	0.187632	-0.141653	-0.200000
521	0.591161	0.169557	0.001944	-0.200000
522	0.604831	0.109945	0.017793	-0.200000
523	0.553224	0.247786	0.103783	-0.200000
524	0.485908	0.370648	0.068837	-0.200000
525	0.582900	-0.191721	-0.041179	-0.200000
526	0.596525	-0.109054	0.102421	-0.200000
527	0.589513	0.163813	-0.062169	-0.200000
528	0.580365	0.112247	-0.169712	-0.200000
529	0.600245	-0.066325	-0.116327	-0.200000
530	0.589862	0.171208	-0.031241	-0.200000
531	0.575203	0.216463	0.022602	-0.200000
532	0.583099	0.194924	-0.014993	-0.200000
533	0.584464	0.187280	-0.039406	-0.200000
534	0.558682	-0.223888	0.126389	-0.200000
535	0.564006	-0.136952	-0.203386	-0.200000
536	0.538733	0.232694	-0.183971	-0.200000
537	0.599225	0.137450	0.016189	-0.200000
538	0.582396	0.189349	0.056456	-0.200000
539	0.574838	0.218492	-0.006926	-0.200000
540	0.387157	0.472603	0.070575	-0.200000
541	0.494064	0.365807	0.017636	-0.200000
542	0.520948	0.321378	0.059617	-0.200000
543	0.565746	0.224648	-0.087691	-0.200000
544	0.593570	0.065324	-0.147078	-0.200000
545	0.531086	0.268981	-0.154344	-0.200000
546	0.608049	0.036956	0.084476	-0.200000
547	0.604850	-0.053311	-0.097667	-0.200000
548	0.591935	-0.071503	0.150748	-0.200000
549	0.582093	-0.123418	0.155437	-0.200000
550	0.541498	-0.169895	0.236940	-0.200000
551	0.582323	0.121534	-0.156058	-0.200000
552	0.609488	0.079740	0.019784	-0.200000
553	0.591502	0.147261	0.081640	-0.200000
554	0.608044	-0.082360	-0.041523	-0.200000
555	0.599015	-0.139192	0.005580	-0.200000
556	0.573360	-0.197404	0.102541	-0.200000
557	0.509154	-0.143100	0.313862	-0.200000
558	0.575936	0.027014	0.213993	-0.200000
559	0.587698	0.111966	-0.142476	-0.200000
560	0.611046	0.069150	0.008146	-0.200000
561	0.578353	0.204143	0.045367	-0.200000
562	0.610231	0.052865	0.055214	-0.200000
563	0.604305	0.023577	0.111735	-0.200000
564	0.594713	0.056332	0.146178	-0.200000
565	0.512925	0.337149	0.038255	-0.200000
566	0.597835	-0.077981	0.121397	-0.200000
567	0.547836	0.221445	-0.170479	-0.200000
568	0.593978	-0.151192	0.050556	-0.200000
569	0.586333	-0.161727	0.091012	-0.200000
570	0.598142	0.134048	-0.049818	-0.200000
571	0.598887	0.119117	0.073284	-0.200000
572	0.570455	0.156558	0.168214	-0.200000
573	0.605175	0.076109	-0.078712	-0.200000
574	0.594102	0.023852	0.157158	-0.200000
575	0.613133	0.038212	-0.028859	-0.200000
576	0.586337	-0.153196	-0.104713	-0.200000
577	0.611068	0.052676	-0.045229	-0.200000
578	0.595457	0.153070	-0.015029	-0.200000
579	0.558310	0.245330	0.079548	-0.200000
580	0.601530	0.093546	0.087384	-0.200000
581	0.595564	0.024497	0.151423	-0.200000
582	0.612047	0.059875	0.006177	-0.200000
583	0.580781	0.202253	-0.003468	-0.200000
584	0.594890	0.006275	-0.155857	-0.200000
585	0.507692	0.344979	0.038251	-0.200000
586	0.585456	0.185484	-0.032580	-0.200000
587	0.567441	0.217043	0.095537	-0.200000
588	0.575708	0.157366	0.148395	-0.200000
589	0.575651	0.162483	0.143006	-0.200000
590	0.589596	0.106178	0.139026	-0.200000
591	0.585064	0.080709	0.171499	-0.200000
592	0.606758	0.081428	0.058640	-0.200000
593	0.579859	0.153293	-0.135975	-0.200000
594	0.595979	0.086760	0.124527	-0.200000
595	0.598918	-0.014554	-0.138960	-0.200000
596	0.588371	0.158467	0.083264	-0.200000
597	0.564408	0.112826	0.216654	-0.200000
598	0.548910	0.238394	0.141744	-0.200000
599	0.605301	-0.034228	0.103267	-0.200000
600	0.610794	-0.039510	0.059957	-0.200000
601	0.585953	0.185703	0.019980	-0.200000
602	0.521561	0.324445	0.030574	-0.200000
603	0.564456	0.223445	0.098422	-0.200000
604	0.557135	0.254233	-0.056490	-0.200000
605	0.546051	0.203790	0.196273	-0.200000
606	0.523338	0.288683	0.144929	-0.200000
607	0.597537	0.143421	0.024594	-0.200000
608	0.588706	0.176300	-0.023843	-0.200000
609	0.591207	-0.150808	-0.077176	-0.200000
610	0.563061	0.247138	-0.010490	-0.200000
611	0.498007	0.356222	-0.057617	-0.200000
612	0.559119	0.216183	0.137392	-0.200000
613	0.588489	0.175293	-0.034317	-0.200000
614	0.583787	0.176719	0.078662	-0.200000
615	0.609750	0.033267	0.072964	-0.200000
616	0.612475	0.055649	0.001727	-0.200000
617	0.605320	0.105927	0.024343	-0.200000
618	0.564324	0.181205	-0.164098	-0.200000
619	0.461851	0.385368	-0.128102	-0.200000
620	0.595622	0.151389	0.023257	-0.200000
621	0.522836	0.314852	0.075739	-0.200000
622	0.498625	0.333351	0.135925	-0.200000
623	0.589067	-0.174964	0.024752	-0.200000
624	0.612438	-0.023679	-0.050838	-0.200000
625	0.611974	-0.056786	-0.022095	-0.200000
626	0.530537	0.260660	-0.169740	-0.200000
627	0.528212	0.235919	-0.208709	-0.200000
628	0.601367	0.127301	0.019424	-0.200000
629	0.597969	0.139034	-0.036431	-0.200000
630	0.503464	0.331282	0.122482	-0.200000
631	0.600644	-0.120749	0.053587	-0.200000
632	0.598865	-0.062335	-0.125299	-0.200000
633	0.603320	0.089994	-0.078299	-0.200000
634	0.544156	0.286348	-0.011119	-0.200000
635	0.557390	0.188897	-0.178493	-0.200000
636	0.540384	0.264350	-0.127788	-0.200000
637	0.512792	0.317755	-0.119590	-0.200000
638	0.594711	0.153528	0.031193	-0.200000
639	0.559112	0.246817	-0.068558	-0.200000
640	0.450620	0.045321	-0.416068	-0.200000
641	0.389713	0.057869	-0.472229	-0.200000
642	0.596274	0.144184	-0.043514	-0.200000
643	0.610850	-0.034812	0.062255	-0.200000
644	0.600636	0.131874	-0.008415	-0.200000
645	0.492794	-0.214475	0.298964	-0.200000
646	0.570912	-0.187462	0.130930	-0.200000
647	0.540645	-0.289555	0.045666	-0.200000
648	0.562890	-0.213511	0.125671	-0.200000
649	0.542116	0.254931	0.139086	-0.200000
650	0.595464	-0.022976	-0.152050	-0.200000
651	0.598165	0.142463	-0.011280	-0.200000
652	0.573701	-0.218079	0.039160	-0.200000
653	0.611737	0.026743	0.057339	-0.200000
654	0.595998	-0.123750	0.087732	-0.200000
655	0.574265	-0.207313	0.073935	-0.200000
656	0.610775	0.058920	0.041325	-0.200000
657	0.611599	0.040676	-0.050169	-0.200000
658	0.567096	0.214599	-0.102834	-0.200000
659	0.558811	0.218921	-0.134272	-0.200000
660	0.587171	0.180672	0.028511	-0.200000
661	0.591446	0.160136	0.052665	-0.200000
662	0.605076	-0.020809	0.108051	-0.200000
663	0.576436	0.183684	-0.110483	-0.200000
664	0.581948	0.190483	0.057250	-0.200000
665	0.579253	0.177848	0.105173	-0.200000
666	0.585690	0.161371	-0.095664	-0.200000
667	0.614464	-0.022288	-0.012731	-0.200000
668	0.604955	-0.103475	0.039343	-0.200000
669	0.614624	0.009034	-0.019519	-0.200000
670	0.578900	0.145493	0.148092	-0.200000
671	0.514112	0.228610	0.248296	-0.200000
672	0.583509	0.065568	0.182874	-0.200000
673	0.591428	0.100382	-0.135502	-0.200000
674	0.554661	-0.252827	0.081577	-0.200000
675	0.610275	-0.013927	0.074804	-0.200000
676	0.613854	0.004383	-0.037269	-0.200000
677	0.613737	0.004030	-0.039180	-0.200000
678	0.573353	0.222236	-0.010142	-0.200000
679	0.576528	0.113169	-0.181750	-0.200000
680	0.605405	-0.070942	0.081712	-0.200000
681	0.559862	0.082253	0.240860	-0.200000
682	0.597459	0.119637	0.083396	-0.200000
683	0.594189	-0.140484	-0.073682	-0.200000
684	0.571973	-0.204446	0.096302	-0.200000
685	0.589428	0.131607	0.116099	-0.200000
686	0.579353	0.134215	0.156720	-0.200000
687	0.593530	0.118103	-0.109537	-0.200000
688	0.595598	0.111580	-0.105060	-0.200000
689	0.562334	0.247887	0.023624	-0.200000
690	0.592721	0.162126	0.024950	-0.200000
691	0.377400	0.478357	0.083479	-0.200000
692	0.597152	-0.145372	-0.022404	-0.200000
693	0.575845	0.155885	0.149425	-0.200000
694	0.610569	0.071044	-0.019568	-0.200000
695	0.524855	0.224503	-0.228804	-0.200000
696	0.567974	-0.233876	-0.030544	-0.200000
697	0.608974	0.085670	0.006069	-0.200000
698	0.599886	0.008802	0.135220	-0.200000
699	0.544203	0.285120	0.027838	-0.200000
700	0.589788	0.170531	-0.035982	-0.200000
701	0.562765	0.169470	0.181110	-0.200000
702	0.605730	0.104188	0.021461	-0.200000
703	0.597029	0.010044	-0.147242	-0.200000
704	0.591914	0.123692	-0.112084	-0.200000
705	0.587965	0.178087	-0.028403	-0.200000
706	0.580076	0.203945	-0.011962	-0.200000
707	0.530620	0.247021	-0.188807	-0.200000
708	0.497357	0.101357	0.347258	-0.200000
709	0.540000	0.294090	0.011673	-0.200000
710	0.457643	0.294985	0.285957	-0.200000
711	0.560902	0.233276	-0.095896	-0.200000
712	0.570860	0.151442	-0.171490	-0.200000
713	0.583602	0.182900	-0.064660	-0.200000
714	0.605718	0.105180	0.016377	-0.200000
715	0.571399	0.208122	-0.091721	-0.200000
716	0.506335	0.347568	-0.032352	-0.200000
717	0.566326	0.205046	0.124320	-0.200000
718	0.523779	0.221828	0.233822	-0.200000
719	0.577541	0.209973	-0.024147	-0.200000
720	0.524099	0.278393	0.161377	-0.200000
721	0.614899	-0.007037	0.008634	-0.200000
722	0.595685	-0.119702	-0.095163	-0.200000
723	0.601954	-0.062477	-0.109423	-0.200000
724	0.495002	0.324076	-0.167847	-0.200000
725	0.582955	0.187704	0.056172	-0.200000
726	0.507893	0.323802	-0.124188	-0.200000
727	0.521074	0.318663	0.071838	-0.200000
728	0.473166	0.163844	-0.357063	-0.200000
729	0.552951	-0.251872	-0.095033	-0.200000
730	0.573054	0.085046	0.206401	-0.200000
731	0.613412	-0.041748	-0.014419	-0.200000
732	0.608519	-0.027872	0.084573	-0.200000
733	0.583399	0.188784	-0.047239	-0.200000
734	0.612350	0.032217	-0.047056	-0.200000
735	0.606026	0.104561	0.004991	-0.200000
736	0.574603	0.218648	0.015792	-0.200000
737	0.513802	0.324247	0.095376	-0.200000
738	0.530751	-0.177453	0.255028	-0.200000
739	0.604946	-0.026546	-0.107520	-0.200000
740	0.611734	-0.039502	-0.049453	-0.200000
741	0.596919	-0.147665	-0.010359	-0.200000
742	0.582178	0.167105	-0.106627	-0.200000
743	0.484916	0.374015	-0.056516	-0.200000
744	0.580257	0.200514	-0.036348	-0.200000
745	0.475767	0.372449	-0.114684	-0.200000
746	0.546856	0.263848	-0.097761	-0.200000
747	0.469733	0.362388	-0.162022	-0.200000
748	0.576211	0.073099	-0.202145	-0.200000
749	0.404702	0.412582	-0.210278	-0.200000
750	0.603210	-0.117802	0.022039	-0.200000
751	0.598408	-0.097728	0.102869	-0.200000
752	0.491791	-0.260670	0.261568	-0.200000
753	0.491942	-0.261398	0.260556	-0.200000
754	0.529478	-0.274932	0.149298	-0.200000
755	0.553690	0.228411	-0.139572	-0.200000
756	0.512011	-0.044183	-0.337812	-0.200000
757	0.602900	0.099292	0.069843	-0.200000
758	0.569571	0.045525	0.227468	-0.200000
759	0.609256	0.079327	-0.027187	-0.200000
760	0.576828	-0.211529	-0.027379	-0.200000
761	0.558581	-0.256571	0.019584	-0.200000
762	0.551520	-0.123301	0.242585	-0.200000
763	0.614417	-0.001624	-0.026734	-0.200000
764	0.593800	0.103292	0.122298	-0.200000
765	0.511952	0.295263	-0.170147	-0.200000
766	0.600802	-0.044546	0.123601	-0.200000
767	0.593789	0.134483	0.086915	-0.200000
768	0.606340	-0.060707	-0.083017	-0.200000
769	0.583273	-0.024471	0.193438	-0.200000
770	0.610000	-0.053013	-0.057577	-0.200000
771	0.591104	0.157073	0.064412	-0.200000
772	0.605117	0.094632	-0.055705	-0.200000
773	0.597017	0.122022	0.083102	-0.200000
774	0.610679	0.072690	0.003515	-0.200000
775	0.609595	0.005260	-0.081187	-0.200000
776	0.524036	0.170640	0.272935	-0.200000
777	0.581803	0.180083	0.085439	-0.200000
778	0.596518	-0.148797	0.015839	-0.200000
779	0.605055	-0.103660	-0.037248	-0.200000
780	0.603855	0.068076	0.094600	-0.200000
781	0.605526	-0.048839	-0.095799	-0.200000
782	0.557969	0.211313	0.149139	-0.200000
783	0.608134	0.065106	0.064491	-0.200000
784	0.614255	0.030221	-0.001669	-0.200000
785	0.613516	0.030736	0.029630	-0.200000
786	0.522437	-0.196049	0.258553	-0.200000
787	0.531607	0.266232	0.157290	-0.200000
788	0.605677	-0.021970	-0.104390	-0.200000
789	0.611126	0.054062	-0.042744	-0.200000
790	0.611626	-0.007422	-0.063900	-0.200000
791	0.614519	0.016624	-0.017742	-0.200000
792	0.604999	0.070621	0.084933	-0.200000
793	0.487423	0.192878	0.321623	-0.200000
794	0.582226	-0.073538	0.183928	-0.200000
795	0.534150	0.179518	0.246337	-0.200000
796	0.603606	0.048040	-0.107594	-0.200000
797	0.504374	0.299149	-0.185314	-0.200000
798	0.609672	-0.002217	-0.080746	-0.200000
799	0.606148	0.012964	-0.103157	-0.200000
800	0.562612	0.245266	-0.039211	-0.200000
801	0.557561	0.067656	0.250546	-0.200000
802	0.582758	0.103934	0.166782	-0.200000
803	0.598625	0.038969	0.135480	-0.200000
804	0.581893	0.197849	-0.021947	-0.200000
805	0.603721	0.056455	-0.102759	-0.200000
806	0.584006	0.070077	-0.179586	-0.200000
807	0.600515	0.110523	-0.073428	-0.200000
808	0.515348	0.119327	0.313691	-0.200000
809	0.537038	0.298874	0.022131	-0.200000
810	0.529246	0.297766	0.097256	-0.200000
811	0.610116	-0.028056	0.072085	-0.200000
812	0.542879	0.232499	-0.171616	-0.200000
813	0.540920	0.273821	0.103211	-0.200000
814	0.518202	0.312573	-0.109499	-0.200000
815	0.556728	0.257562	-0.044057	-0.200000
816	0.608581	0.074257	0.048375	-0.200000
817	0.524534	0.243853	0.208865	-0.200000
818	0.577947	0.197148	-0.073043	-0.200000
819	0.601982	0.125468	0.010011	-0.200000
820	0.603782	0.074659	0.089988	-0.200000
821	0.579583	-0.203458	-0.030232	-0.200000
822	0.568855	0.216782	-0.087373	-0.200000
823	0.519259	0.323469	-0.062952	-0.200000
824	0.418990	0.450132	-0.007338	-0.200000
825	0.547886	0.257627	-0.108047	-0.200000
826	0.560732	0.236375	0.089063	-0.200000
827	0.593653	0.159107	-0.022058	-0.200000
828	0.614700	-0.018309	0.005844	-0.200000
829	0.576962	-0.011644	-0.212613	-0.200000
830	0.423179	0.313922	-0.317171	-0.200000
831	0.553357	0.187684	0.191822	-0.200000
832	0.545822	0.162192	-0.232373	-0.200000
833	0.566098	0.240042	0.011712	-0.200000
834	0.559530	0.247535	-0.062274	-0.200000
835	0.529333	-0.312570	-0.018196	-0.200000
836	0.597890	0.038941	-0.138696	-0.200000
837	0.472221	0.231016	-0.319161	-0.200000
838	0.400012	0.266200	-0.383866	-0.200000
839	0.588087	0.177701	-0.028291	-0.200000
840	0.575915	-0.006432	0.215651	-0.200000
841	0.499106	0.314991	-0.172914	-0.200000
842	0.525930	0.275281	0.160757	-0.200000
843	0.531060	-0.205509	0.232307	-0.200000
844	0.568179	-0.191047	-0.137470	-0.200000
845	0.604088	-0.010689	0.114839	-0.200000
846	0.539248	0.130450	-0.265367	-0.200000
847	0.603333	0.118048	-0.016688	-0.200000
848	0.379555	0.272356	0.399981	-0.200000
849	0.470748	0.394678	-0.029168	-0.200000
850	0.545409	0.266811	-0.097807	-0.200000
