1	-0.549067	0.029878	0.275423	-1.130000
2	-0.586564	-0.157901	0.096100	-1.130000
3	-0.613167	-0.016619	0.044446	-1.130000
4	-0.602791	-0.050737	0.110875	-1.130000
5	-0.611540	-0.062922	-0.016879	-1.130000
6	-0.601457	0.033521	-0.123900	-1.130000
7	-0.562600	0.066467	-0.239350	-1.130000
8	-0.387024	0.385402	-0.282670	-1.130000
9	-0.398204	0.387322	-0.263894	-1.130000
10	-0.575443	-0.190995	0.103011	-1.130000
11	-0.612987	-0.027241	-0.041594	-1.130000
12	-0.569797	-0.230117	0.024534	-1.130000
13	-0.608817	0.076600	0.041226	-1.130000
14	-0.603601	-0.051439	0.106041	-1.130000
15	-0.606208	-0.090926	0.049698	-1.130000
16	-0.606454	-0.085869	-0.055364	-1.130000
17	-0.458498	0.392462	-0.118230	-1.130000
18	-0.354358	0.495077	-0.086915	-1.130000
19	-0.572194	-0.143902	-0.173525	-1.130000
20	-0.563293	-0.245825	0.022274	-1.130000
21	-0.589343	-0.059750	-0.165318	-1.130000
22	-0.607139	0.064421	-0.073873	-1.130000
23	-0.557496	0.144923	-0.215455	-1.130000
24	-0.469767	0.347233	-0.192284	-1.130000
25	-0.602722	-0.115713	-0.039512	-1.130000
26	-0.585227	0.168400	0.085886	-1.130000
27	-0.598640	0.138182	-0.027576	-1.130000
28	-0.496132	-0.359864	-0.050759	-1.130000
29	-0.549610	-0.253060	-0.110068	-1.130000
30	-0.556333	-0.239151	-0.107358	-1.130000
31	-0.564485	0.029969	0.242246	-1.130000
32	-0.589825	-0.075705	-0.156845	-1.130000
33	-0.558724	-0.153259	0.206310	-1.130000
34	-0.507991	-0.140366	-0.316966	-1.130000
35	-0.584947	-0.080287	-0.172092	-1.130000
36	-0.572404	0.041773	-0.220984	-1.130000
37	-0.478916	-0.385800	-0.004769	-1.130000
38	-0.532074	-0.173969	0.254671	-1.130000
39	-0.598293	-0.135498	0.043713	-1.130000
40	-0.605080	-0.046069	-0.099906	-1.130000
41	-0.614326	0.018414	-0.022121	-1.130000
42	-0.598254	-0.132188	-0.053321	-1.130000
43	-0.593355	-0.153689	-0.050340	-1.130000
44	-0.567770	0.006317	-0.236267	-1.130000
45	-0.570391	0.044345	-0.225639	-1.130000
46	-0.609565	-0.067724	-0.045485	-1.130000
47	-0.587464	-0.149187	-0.104183	-1.130000
48	-0.591713	0.007269	-0.167475	-1.130000
49	-0.596745	0.133012	0.066543	-1.130000
50	-0.588660	-0.154032	-0.089321	-1.130000
51	-0.610425	0.042085	0.061926	-1.130000
52	-0.609147	-0.039855	0.074673	-1.130000
53	-0.583245	-0.195062	0.000716	-1.130000
54	-0.610627	-0.069824	0.022015	-1.130000
55	-0.563791	0.075553	-0.233788	-1.130000
56	-0.574480	0.218595	0.020344	-1.130000
57	-0.614179	0.017898	-0.026240	-1.130000
58	-0.592807	0.151710	-0.061551	-1.130000
59	-0.560243	-0.056197	-0.247376	-1.130000
60	-0.605291	-0.055416	-0.093683	-1.130000
61	-0.601038	-0.066930	-0.111800	-1.130000
62	-0.611826	0.061980	0.007255	-1.130000
63	-0.584604	-0.076413	0.174997	-1.130000
64	-0.610148	0.075741	0.014433	-1.130000
65	-0.530037	0.216056	-0.224957	-1.130000
66	-0.591463	0.168202	0.010196	-1.130000
67	-0.533072	0.276914	-0.131825	-1.130000
68	-0.504863	0.293721	-0.192527	-1.130000
69	-0.567931	0.178316	-0.154542	-1.130000
70	-0.496790	0.094789	-0.349914	-1.130000
71	-0.606044	-0.100968	-0.027230	-1.130000
72	-0.610839	-0.069431	-0.016742	-1.130000
73	-0.534290	-0.177663	-0.247376	-1.130000
74	-0.582806	0.064952	-0.185319	-1.130000
75	-0.599876	0.037478	0.130264	-1.130000
76	-0.601154	-0.125212	-0.034072	-1.130000
77	-0.612844	-0.034625	-0.038061	-1.130000
78	-0.585655	-0.187356	0.011462	-1.130000
79	-0.612563	-0.001554	0.054676	-1.130000
80	-0.601009	-0.127961	-0.025283	-1.130000
81	-0.565412	-0.231274	0.071039	-1.130000
82	-0.604814	0.107360	-0.029987	-1.130000
83	-0.581613	-0.128719	0.152913	-1.130000
84	-0.598577	0.070090	-0.122546	-1.130000
85	-0.605711	-0.011665	0.105843	-1.130000
86	-0.514286	-0.225085	-0.251140	-1.130000
87	-0.550197	0.193914	-0.194693	-1.130000
88	-0.580304	-0.151869	0.135678	-1.130000
89	-0.574334	0.059561	0.211703	-1.130000
90	-0.541829	-0.290889	0.005515	-1.130000
91	-0.591950	0.148074	0.076774	-1.130000
92	-0.609656	0.079267	0.016168	-1.130000
93	-0.587059	0.069956	-0.169389	-1.130000
94	-0.589296	0.166174	0.057806	-1.130000
95	-0.580252	0.177553	0.100037	-1.130000
96	-0.610931	-0.053737	-0.045826	-1.130000
97	-0.578527	0.039608	0.204849	-1.130000
98	-0.555352	0.133831	0.227812	-1.130000
99	-0.610509	0.030315	0.067710	-1.130000
100	-0.534959	0.303382	0.001937	-1.130000
101	-0.575847	0.199608	-0.082353	-1.130000
102	-0.597631	0.093346	-0.111122	-1.130000
103	-0.608297	0.088590	0.018736	-1.130000
104	-0.550749	0.140752	0.234712	-1.130000
105	-0.571829	0.223909	0.033187	-1.130000
106	-0.609043	0.075867	0.039182	-1.130000
107	-0.545059	-0.279647	0.054156	-1.130000
108	-0.548314	0.169325	0.221146	-1.130000
109	-0.461024	0.344985	0.216026	-1.130000
110	-0.599282	0.054956	-0.126753	-1.130000
111	-0.595463	0.055133	-0.143561	-1.130000
112	-0.601826	0.124541	0.022801	-1.130000
113	-0.534484	0.012956	0.303947	-1.130000
114	-0.598715	0.044537	-0.133350	-1.130000
115	-0.599691	-0.104520	-0.087587	-1.130000
116	-0.435980	-0.269138	0.340163	-1.130000
117	-0.488996	-0.259112	0.268270	-1.130000
118	-0.601774	-0.099469	0.078734	-1.130000
119	-0.605009	-0.023653	0.107842	-1.130000
120	-0.604860	0.001329	-0.111211	-1.130000
121	-0.606087	-0.052580	0.090103	-1.130000
122	-0.602639	-0.122215	0.010684	-1.130000
123	-0.562810	0.066840	-0.238752	-1.130000
124	-0.574194	0.129791	-0.177989	-1.130000
125	-0.442443	0.350055	-0.244808	-1.130000
126	-0.612886	-0.048603	0.015260	-1.130000
127	-0.534484	-0.301452	0.040971	-1.130000
128	-0.608188	-0.020947	0.088844	-1.130000
129	-0.573425	-0.075087	0.209215	-1.130000
130	-0.584924	-0.047163	-0.184023	-1.130000
131	-0.583332	-0.094307	-0.170454	-1.130000
132	-0.510781	0.342239	-0.014171	-1.130000
133	-0.510668	0.322498	-0.115922	-1.130000
134	-0.557150	-0.245448	-0.086975	-1.130000
135	-0.527283	-0.316506	0.004594	-1.130000
136	-0.587163	0.018633	0.181981	-1.130000
137	-0.592935	0.140393	0.083323	-1.130000
138	-0.555203	0.217209	-0.150978	-1.130000
139	-0.604021	-0.085836	-0.077560	-1.130000
140	-0.608983	0.072445	-0.046003	-1.130000
141	-0.597911	0.010778	-0.143566	-1.130000
142	-0.603776	-0.113731	-0.027302	-1.130000
143	-0.605862	-0.103907	0.018962	-1.130000
144	-0.599872	-0.134434	-0.017498	-1.130000
145	-0.564262	-0.221211	-0.104400	-1.130000
146	-0.600677	0.060889	0.117065	-1.130000
147	-0.602297	0.071514	-0.101732	-1.130000
148	-0.611885	-0.052613	0.032460	-1.130000
149	-0.565434	0.038247	-0.238844	-1.130000
150	-0.537512	-0.298772	-0.006444	-1.130000
151	-0.611989	0.059570	-0.012089	-1.130000
152	-0.569228	-0.034613	0.230230	-1.130000
153	-0.613124	0.030479	-0.037082	-1.130000
154	-0.611157	-0.048541	0.048540	-1.130000
155	-0.610336	-0.074508	-0.012772	-1.130000
156	-0.588937	0.146691	-0.099297	-1.130000
157	-0.590540	-0.031857	-0.168739	-1.130000
158	-0.536310	0.050180	-0.296780	-1.130000
159	-0.592528	0.062333	-0.152479	-1.130000
160	-0.594842	-0.078287	0.135127	-1.130000
161	-0.614023	-0.033526	0.008751	-1.130000
162	-0.560705	0.134311	-0.214000	-1.130000
163	-0.578356	0.201810	0.054789	-1.130000
164	-0.565543	-0.212512	-0.114997	-1.130000
165	-0.611609	0.005615	0.064244	-1.130000
166	-0.574651	0.217595	-0.025558	-1.130000
167	-0.609858	0.016322	-0.077666	-1.130000
168	-0.606868	-0.091595	-0.039330	-1.130000
169	-0.590288	-0.013106	-0.172085	-1.130000
170	-0.605738	-0.035898	0.100089	-1.130000
171	-0.601456	-0.054019	-0.116439	-1.130000
172	-0.585820	0.073411	-0.172194	-1.130000
173	-0.599955	-0.135118	0.004734	-1.130000
174	-0.578704	0.095658	-0.184868	-1.130000
175	-0.586408	0.138662	0.122977	-1.130000
176	-0.609912	-0.022037	0.075803	-1.130000
177	-0.609548	0.057747	-0.057808	-1.130000
178	-0.553219	0.187920	0.191988	-1.130000
179	-0.584850	0.181792	-0.055921	-1.130000
180	-0.598561	0.088321	0.110222	-1.130000
181	-0.581317	-0.178529	0.091777	-1.130000
182	-0.604366	0.074430	0.086182	-1.130000
183	-0.607705	0.058730	0.073960	-1.130000
184	-0.589565	-0.151153	0.088263	-1.130000
185	-0.606431	0.084882	-0.057110	-1.130000
186	-0.600890	0.015344	-0.130079	-1.130000
187	-0.589446	-0.089188	0.151076	-1.130000
188	-0.603284	0.105494	0.056080	-1.130000
189	-0.593355	-0.146783	0.067894	-1.130000
190	-0.590067	0.116299	0.128532	-1.130000
191	-0.589782	0.088883	-0.149942	-1.130000
192	-0.601327	-0.108804	0.069225	-1.130000
193	-0.612654	0.053433	-0.004980	-1.130000
194	-0.605380	-0.108286	-0.003711	-1.130000
195	-0.589509	-0.086653	-0.152300	-1.130000
196	-0.605733	-0.106308	0.003267	-1.130000
197	-0.587744	-0.169398	0.063926	-1.130000
198	-0.606717	0.087342	-0.049904	-1.130000
199	-0.610183	-0.054920	-0.053717	-1.130000
200	-0.608841	0.071654	-0.049030	-1.130000
201	-0.590156	-0.173025	0.001875	-1.130000
202	-0.614159	0.006366	0.031511	-1.130000
203	-0.599753	-0.131128	-0.036421	-1.130000
204	-0.589512	-0.169252	-0.045324	-1.130000
205	-0.524933	-0.063699	0.314027	-1.130000
206	-0.603683	0.114450	0.026319	-1.130000
207	-0.493454	0.315311	-0.187903	-1.130000
208	-0.610793	0.071701	0.004001	-1.130000
209	-0.594234	0.089290	0.130915	-1.130000
210	-0.610202	0.044398	0.062512	-1.130000
211	-0.596380	0.116219	-0.095125	-1.130000
212	-0.560965	-0.238171	0.082566	-1.130000
213	-0.550851	-0.264686	0.068768	-1.130000
214	-0.590730	0.027983	0.168761	-1.130000
215	-0.612224	-0.018906	0.055223	-1.130000
216	-0.614180	0.016988	-0.026820	-1.130000
217	-0.609532	-0.081751	-0.003512	-1.130000
218	-0.608159	-0.024691	-0.088080	-1.130000
219	-0.568383	0.111894	-0.206508	-1.130000
220	-0.568006	0.083582	-0.220473	-1.130000
221	-0.343926	0.434964	-0.265980	-1.130000
222	-0.500943	0.320176	-0.157379	-1.130000
223	-0.611428	-0.020320	0.062991	-1.130000
224	-0.575610	-0.152121	0.154134	-1.130000
225	-0.559421	-0.241313	0.083912	-1.130000
226	-0.585525	0.107926	0.154071	-1.130000
227	-0.588533	0.176038	0.029411	-1.130000
228	-0.607805	0.065104	0.067527	-1.130000
229	-0.606075	0.083856	-0.062179	-1.130000
230	-0.575704	0.131470	0.171772	-1.130000
231	-0.549660	0.275802	-0.005670	-1.130000
232	-0.555078	-0.090921	-0.248691	-1.130000
233	-0.609663	-0.014151	-0.079594	-1.130000
234	-0.597852	-0.139794	-0.035431	-1.130000
235	-0.598302	0.056905	0.130468	-1.130000
236	-0.610915	0.068716	-0.016919	-1.130000
237	-0.614451	0.002275	0.025872	-1.130000
238	-0.608388	-0.075664	-0.048621	-1.130000
239	-0.582121	0.020478	-0.197333	-1.130000
240	-0.577977	0.209823	0.011895	-1.130000
241	-0.597239	-0.146509	0.008132	-1.130000
242	-0.601127	-0.129859	0.002861	-1.130000
243	-0.604003	-0.017653	0.114427	-1.130000
244	-0.605620	-0.045394	0.096894	-1.130000
245	-0.607352	-0.026183	-0.093075	-1.130000
246	-0.612387	0.048344	0.029497	-1.130000
247	-0.612368	-0.011066	0.055750	-1.130000
248	-0.604261	-0.049698	-0.103073	-1.130000
249	-0.577462	-0.032833	-0.209009	-1.130000
250	-0.550910	-0.146677	-0.230670	-1.130000
251	-0.595942	-0.134261	-0.071074	-1.130000
252	-0.589708	0.154218	0.081773	-1.130000
253	-0.602111	0.116446	-0.046130	-1.130000
254	-0.602907	0.121326	0.002835	-1.130000
255	-0.605344	0.104003	-0.031102	-1.130000
256	-0.602624	0.080251	-0.092892	-1.130000
257	-0.597189	0.114912	-0.091570	-1.130000
258	-0.591848	0.131315	-0.103425	-1.130000
259	-0.607321	0.033118	-0.091046	-1.130000
260	-0.602314	-0.069760	-0.102840	-1.130000
261	-0.588863	-0.174828	-0.030002	-1.130000
262	-0.592567	0.101218	-0.129787	-1.130000
263	-0.613328	-0.043675	0.012108	-1.130000
264	-0.590707	-0.052397	-0.162927	-1.130000
265	-0.561161	-0.015104	-0.251188	-1.130000
266	-0.609270	0.083016	-0.011135	-1.130000
267	-0.611150	-0.036855	0.057990	-1.130000
268	-0.598768	-0.067645	-0.122986	-1.130000
269	-0.493253	0.361287	-0.066324	-1.130000
270	-0.547570	-0.256436	-0.112396	-1.130000
271	-0.606033	0.102348	-0.021764	-1.130000
272	-0.593306	0.065195	-0.148200	-1.130000
273	-0.587083	0.007566	-0.183033	-1.130000
274	-0.569960	0.023702	-0.229801	-1.130000
275	-0.610617	0.034537	-0.064644	-1.130000
276	-0.561968	0.135156	0.210119	-1.130000
277	-0.546402	0.204515	-0.194533	-1.130000
278	-0.598339	0.141621	0.012602	-1.130000
279	-0.579235	0.197376	0.061269	-1.130000
280	-0.604665	0.087053	-0.070904	-1.130000
281	-0.610978	0.067469	0.019474	-1.130000
282	-0.578274	0.208126	-0.022538	-1.130000
283	-0.613499	-0.011607	-0.041345	-1.130000
284	-0.613169	0.047388	-0.001741	-1.130000
285	-0.585795	-0.150305	0.111706	-1.130000
286	-0.607672	0.042580	0.084540	-1.130000
287	-0.611785	0.003322	0.062718	-1.130000
288	-0.587653	0.139393	0.116012	-1.130000
289	-0.595307	-0.138999	0.067184	-1.130000
290	-0.592622	0.015722	-0.163637	-1.130000
291	-0.609773	-0.077684	-0.019162	-1.130000
292	-0.613901	0.036187	0.006406	-1.130000
293	-0.601615	0.024263	0.125280	-1.130000
294	-0.573387	-0.172115	-0.140817	-1.130000
295	-0.584730	0.190564	0.001134	-1.130000
296	-0.564824	0.198933	-0.140086	-1.130000
297	-0.523791	0.106991	-0.304008	-1.130000
298	-0.604516	-0.076790	0.082996	-1.130000
299	-0.610885	-0.065985	-0.026283	-1.130000
300	-0.607788	-0.069960	-0.062641	-1.130000
301	-0.592938	-0.158556	0.038854	-1.130000
302	-0.574772	-0.171471	0.135866	-1.130000
303	-0.536124	-0.299694	-0.031291	-1.130000
304	-0.606959	0.082071	-0.055589	-1.130000
305	-0.611428	-0.006270	0.065887	-1.130000
306	-0.608892	-0.078070	-0.037155	-1.130000
307	-0.613497	0.040887	0.013205	-1.130000
308	-0.609660	-0.080681	0.005469	-1.130000
309	-0.609875	0.067394	0.041666	-1.130000
310	-0.596962	-0.136705	-0.056333	-1.130000
311	-0.528435	-0.143659	0.279898	-1.130000
312	-0.591089	-0.142372	-0.092566	-1.130000
313	-0.604477	0.106840	-0.037654	-1.130000
314	-0.527225	0.131992	-0.287813	-1.130000
315	-0.588963	0.159115	-0.077651	-1.130000
316	-0.598352	0.141190	0.016283	-1.130000
317	-0.607219	0.064322	0.073300	-1.130000
318	-0.601353	0.077253	-0.103111	-1.130000
319	-0.614615	-0.021739	0.000605	-1.130000
320	-0.611554	-0.059795	0.025510	-1.130000
321	-0.579664	0.082966	0.187966	-1.130000
322	-0.592439	-0.150021	0.068813	-1.130000
323	-0.579626	-0.080178	0.189290	-1.130000
324	-0.595006	-0.155536	-0.000897	-1.130000
325	-0.545723	0.172910	0.224751	-1.130000
326	-0.552016	0.156982	-0.221043	-1.130000
327	-0.532682	0.270331	-0.146273	-1.130000
328	-0.495179	0.312143	-0.188650	-1.130000
329	-0.314698	0.439423	-0.293424	-1.130000
330	-0.594060	-0.151327	-0.049174	-1.130000
331	-0.574170	-0.202995	0.085715	-1.130000
332	-0.609430	0.014029	0.081380	-1.130000
333	-0.605251	0.005313	0.108941	-1.130000
334	-0.611367	0.026922	0.061081	-1.130000
335	-0.584153	0.108210	-0.159001	-1.130000
336	-0.553469	0.253033	-0.088723	-1.130000
337	-0.496332	0.354560	-0.078531	-1.130000
338	-0.590955	-0.094187	-0.141865	-1.130000
339	-0.590018	-0.166367	0.049255	-1.130000
340	-0.597182	-0.082399	0.121693	-1.130000
341	-0.594817	0.056293	0.145771	-1.130000
342	-0.565343	0.055127	-0.235740	-1.130000
343	-0.612859	0.050900	0.006206	-1.130000
344	-0.592103	0.159215	0.047852	-1.130000
345	-0.599497	0.128005	0.049423	-1.130000
346	-0.602712	-0.088242	0.084713	-1.130000
347	-0.608336	-0.038354	-0.081736	-1.130000
348	-0.600477	0.059644	0.118724	-1.130000
349	-0.607121	-0.050173	0.084330	-1.130000
350	-0.614806	-0.004407	0.014809	-1.130000
351	-0.556128	-0.241975	0.101956	-1.130000
352	-0.605838	0.074541	-0.075030	-1.130000
353	-0.611189	-0.052608	-0.043653	-1.130000
354	-0.530352	-0.307814	-0.046926	-1.130000
355	-0.607374	0.057378	-0.077650	-1.130000
356	-0.613988	-0.004044	-0.035035	-1.130000
357	-0.613308	-0.025215	0.037982	-1.130000
358	-0.596116	-0.123642	-0.087085	-1.130000
359	-0.583419	-0.052965	-0.187197	-1.130000
360	-0.609962	-0.063576	-0.046145	-1.130000
361	-0.510552	0.020315	-0.342271	-1.130000
362	-0.583186	0.020412	-0.194170	-1.130000
363	-0.601077	-0.118090	-0.054650	-1.130000
364	-0.609694	0.076254	-0.026144	-1.130000
365	-0.612906	0.011210	-0.049456	-1.130000
366	-0.597633	-0.060055	-0.132111	-1.130000
367	-0.609409	-0.060990	-0.055905	-1.130000
368	-0.614498	-0.019492	0.015418	-1.130000
369	-0.608326	-0.069252	0.058037	-1.130000
370	-0.536102	0.192287	-0.232047	-1.130000
371	-0.604098	0.015217	-0.114275	-1.130000
372	-0.559732	0.122511	0.223419	-1.130000
373	-0.614287	-0.021729	-0.020094	-1.130000
374	-0.586453	0.150612	-0.107766	-1.130000
375	-0.611104	0.004326	0.068981	-1.130000
376	-0.613767	0.025361	0.029525	-1.130000
377	-0.569800	0.044412	-0.227114	-1.130000
378	-0.595505	0.150645	-0.030073	-1.130000
379	-0.594038	0.052376	-0.150337	-1.130000
380	-0.609510	0.076044	-0.030664	-1.130000
381	-0.594237	-0.041482	-0.152926	-1.130000
382	-0.565618	0.233765	0.060458	-1.130000
383	-0.504855	0.227978	-0.267157	-1.130000
384	-0.572519	-0.222031	-0.033898	-1.130000
385	-0.583064	-0.187370	0.056154	-1.130000
386	-0.599144	0.088552	-0.106817	-1.130000
387	-0.614361	-0.024469	0.013679	-1.130000
388	-0.593359	-0.067112	0.147127	-1.130000
389	-0.612134	0.009044	-0.058613	-1.130000
390	-0.571159	0.087000	-0.210793	-1.130000
391	-0.588667	0.177902	0.006819	-1.130000
392	-0.609716	0.021647	0.077477	-1.130000
393	-0.586484	-0.183576	-0.023678	-1.130000
394	-0.596298	0.063877	0.136283	-1.130000
395	-0.556893	0.208963	-0.156300	-1.130000
396	-0.578513	0.183368	0.099621	-1.130000
397	-0.592136	-0.107621	0.126560	-1.130000
398	-0.536264	-0.063741	-0.294251	-1.130000
399	-0.583705	-0.004951	-0.193619	-1.130000
400	-0.603518	-0.023428	0.115940	-1.130000
401	-0.580831	-0.163987	0.118191	-1.130000
402	-0.609100	-0.016497	-0.083364	-1.130000
403	-0.599020	0.026604	-0.136721	-1.130000
404	-0.575586	0.155260	-0.151063	-1.130000
405	-0.587848	0.147092	0.104992	-1.130000
406	-0.599682	0.096987	0.095920	-1.130000
407	-0.575027	-0.213026	-0.046787	-1.130000
408	-0.609303	0.077809	0.030339	-1.130000
409	-0.605508	0.049072	-0.095794	-1.130000
410	-0.614928	-0.007740	0.005323	-1.130000
411	-0.582681	0.194146	-0.031870	-1.130000
412	-0.612801	0.051924	0.001866	-1.130000
413	-0.540548	0.164125	0.243096	-1.130000
414	-0.599501	0.103846	-0.089663	-1.130000
415	-0.608969	0.018068	0.083994	-1.130000
416	-0.570797	-0.208151	0.095338	-1.130000
417	-0.558454	-0.095220	0.239347	-1.130000
418	-0.483719	-0.031457	-0.378486	-1.130000
419	-0.523646	-0.117048	-0.300533	-1.130000
420	-0.537967	0.240451	-0.176069	-1.130000
421	-0.603889	0.021433	0.114383	-1.130000
422	-0.608818	0.045573	0.074089	-1.130000
423	-0.612625	0.041963	-0.033979	-1.130000
424	-0.562276	-0.237487	0.075308	-1.130000
425	-0.499659	-0.132757	0.333079	-1.130000
426	-0.578157	0.010574	0.209398	-1.130000
427	-0.595894	-0.139736	0.060078	-1.130000
428	-0.585164	0.080390	0.171307	-1.130000
429	-0.597294	0.135882	0.054785	-1.130000
430	-0.608755	-0.045100	0.074885	-1.130000
431	-0.588721	0.155678	0.086007	-1.130000
432	-0.448641	0.093748	-0.410070	-1.130000
433	-0.533371	0.282037	-0.119145	-1.130000
434	-0.472310	0.268306	-0.288376	-1.130000
435	-0.553627	0.267494	0.012994	-1.130000
436	-0.613771	0.034033	-0.018751	-1.130000
437	-0.569099	-0.123532	0.197714	-1.130000
438	-0.613932	-0.004408	0.035961	-1.130000
439	-0.609267	0.070319	0.045537	-1.130000
440	-0.583954	0.118262	-0.152437	-1.130000
441	-0.557844	0.229706	-0.119458	-1.130000
442	-0.602065	0.125466	0.000730	-1.130000
443	-0.535300	0.302742	0.005114	-1.130000
444	-0.534889	-0.150818	-0.263387	-1.130000
445	-0.557470	-0.217810	-0.141460	-1.130000
446	-0.607879	-0.075055	-0.055448	-1.130000
447	-0.595988	-0.082742	0.127191	-1.130000
448	-0.611028	0.067704	-0.016908	-1.130000
449	-0.599304	0.136969	-0.017302	-1.130000
450	-0.537636	0.003965	-0.298592	-1.130000
451	-0.586136	0.165975	-0.084394	-1.130000
452	-0.610544	0.069095	-0.026217	-1.130000
453	-0.587674	-0.159659	-0.085864	-1.130000
454	-0.597421	-0.140957	-0.037997	-1.130000
455	-0.607676	0.034639	-0.088063	-1.130000
456	-0.585925	-0.034672	0.183616	-1.130000
457	-0.610867	-0.068558	-0.019141	-1.130000
458	-0.612047	0.032405	-0.050731	-1.130000
459	-0.596505	0.137126	0.060031	-1.130000
460	-0.612954	-0.026685	-0.042435	-1.130000
461	-0.609599	0.038574	0.071600	-1.130000
462	-0.592952	-0.051763	0.154771	-1.130000
463	-0.579907	-0.199038	0.048130	-1.130000
464	-0.613545	-0.020454	-0.037002	-1.130000
465	-0.607783	-0.091455	0.021483	-1.130000
466	-0.592228	-0.165538	0.009388	-1.130000
467	-0.612796	0.050150	0.013845	-1.130000
468	-0.612676	0.033902	-0.041275	-1.130000
469	-0.608275	0.008139	-0.090337	-1.130000
470	-0.609880	-0.079191	-0.000337	-1.130000
471	-0.614817	-0.005982	0.013773	-1.130000
472	-0.610428	-0.017909	-0.072680	-1.130000
473	-0.575325	0.217020	0.011360	-1.130000
474	-0.593613	-0.144814	0.069843	-1.130000
475	-0.602521	0.063151	-0.105857	-1.130000
476	-0.600491	0.109071	-0.075756	-1.130000
477	-0.613825	-0.028698	0.024898	-1.130000
478	-0.611071	0.061351	0.032454	-1.130000
479	-0.552366	0.211908	0.167965	-1.130000
480	-0.584258	0.108624	-0.158329	-1.130000
481	-0.574621	0.179317	-0.126019	-1.130000
482	-0.600808	-0.039107	-0.125403	-1.130000
483	-0.591561	0.153258	0.069230	-1.130000
484	-0.613864	-0.030020	-0.022236	-1.130000
485	-0.590890	0.167692	0.030874	-1.130000
486	-0.612250	-0.056396	-0.013950	-1.130000
487	-0.567985	-0.117831	0.204288	-1.130000
488	-0.607630	-0.094913	0.001549	-1.130000
489	-0.592208	0.049549	-0.158302	-1.130000
490	-0.598140	0.132785	-0.053117	-1.130000
491	-0.613402	0.031440	-0.031213	-1.130000
492	-0.609101	0.058845	-0.061302	-1.130000
493	-0.603759	0.072057	-0.092236	-1.130000
494	-0.594538	0.149467	-0.049079	-1.130000
495	-0.610451	-0.030308	-0.068237	-1.130000
496	-0.607472	-0.065859	-0.069756	-1.130000
497	-0.594045	-0.064382	0.145569	-1.130000
498	-0.574745	0.203013	-0.081723	-1.130000
499	-0.585670	0.182707	0.042830	-1.130000
500	-0.592676	-0.160261	0.035736	-1.130000
501	-0.584675	0.006110	0.190637	-1.130000
502	-0.591647	-0.014101	-0.167271	-1.130000
503	-0.611231	-0.030472	-0.060768	-1.130000
504	-0.600659	0.130829	0.017823	-1.130000
505	-0.605286	0.107169	0.019198	-1.130000
506	-0.586980	-0.009851	-0.183256	-1.130000
507	-0.591431	0.102868	0.133611	-1.130000
508	-0.542195	-0.179393	-0.228183	-1.130000
509	-0.543765	0.266662	-0.106941	-1.130000
510	-0.609555	0.051679	0.063226	-1.130000
511	-0.593527	-0.070092	0.145044	-1.130000
512	-0.614825	-0.011481	0.009135	-1.130000
513	-0.611547	-0.024922	-0.060122	-1.130000
514	-0.601878	0.073650	0.102681	-1.130000
515	-0.598326	-0.046321	-0.134481	-1.130000
516	-0.606571	0.099782	0.018451	-1.130000
517	-0.570948	0.029227	-0.226692	-1.130000
518	-0.608641	-0.038107	-0.079552	-1.130000
519	-0.613937	-0.033379	0.013879	-1.130000
520	-0.613207	-0.035511	-0.030676	-1.130000
521	-0.610054	-0.015176	-0.076344	-1.130000
522	-0.599783	0.135072	-0.015528	-1.130000
523	-0.597726	-0.036096	0.140163	-1.130000
524	-0.599335	-0.126231	-0.055572	-1.130000
525	-0.596843	0.126536	0.077410	-1.130000
526	-0.563152	0.235832	-0.073947	-1.130000
527	-0.611402	0.057373	-0.033489	-1.130000
528	-0.560838	0.236561	-0.087886	-1.130000
529	-0.608179	0.084078	0.035692	-1.130000
530	-0.596555	0.144296	0.039056	-1.130000
531	-0.597399	-0.032922	0.142322	-1.130000
532	-0.612472	-0.001802	0.055678	-1.130000
533	-0.605036	0.061048	0.091813	-1.130000
534	-0.606316	-0.038476	0.095529	-1.130000
535	-0.580687	0.113306	-0.167896	-1.130000
536	-0.516554	-0.033991	-0.332027	-1.130000
537	-0.546180	0.281218	0.028777	-1.130000
538	-0.610692	-0.049174	0.053500	-1.130000
539	-0.613239	-0.002522	-0.046434	-1.130000
540	-0.538485	-0.234667	0.182182	-1.130000
541	-0.586665	-0.044590	0.179055	-1.130000
542	-0.585482	-0.093834	0.163190	-1.130000
543	-0.583968	-0.116837	0.153477	-1.130000
544	-0.605941	0.098115	0.037874	-1.130000
545	-0.602064	-0.044764	0.117219	-1.130000
546	-0.611759	0.044138	-0.045034	-1.130000
547	-0.580040	0.131102	-0.156815	-1.130000
548	-0.555182	-0.079526	-0.252335	-1.130000
549	-0.472269	0.387011	-0.073549	-1.130000
550	-0.564392	0.213232	-0.119240	-1.130000
551	-0.613492	0.042971	0.002468	-1.130000
552	-0.606451	-0.046360	0.091067	-1.130000
553	-0.591148	0.108474	0.130394	-1.130000
554	-0.596777	0.088953	0.119037	-1.130000
555	-0.602634	0.066505	-0.103123	-1.130000
556	-0.504454	0.348331	-0.049158	-1.130000
557	-0.608013	0.040534	-0.083079	-1.130000
558	-0.525022	0.320234	0.005130	-1.130000
559	-0.487403	-0.223826	-0.300940	-1.130000
560	-0.604943	-0.110665	-0.004767	-1.130000
561	-0.575766	-0.162693	0.142301	-1.130000
562	-0.614107	0.032708	-0.005301	-1.130000
563	-0.566900	-0.097748	-0.217473	-1.130000
564	-0.597476	-0.132077	-0.061666	-1.130000
565	-0.604187	0.113806	0.015201	-1.130000
566	-0.614411	0.013221	-0.023429	-1.130000
567	-0.603486	-0.112913	-0.035778	-1.130000
568	-0.609448	0.080148	-0.019360	-1.130000
569	-0.582616	0.106547	0.165625	-1.130000
570	-0.608174	0.070667	-0.057926	-1.130000
571	-0.576660	-0.122376	-0.175250	-1.130000
572	-0.559429	-0.150317	-0.206564	-1.130000
573	-0.607622	0.055250	-0.077249	-1.130000
574	-0.518326	-0.061196	-0.325297	-1.130000
575	-0.600919	-0.121955	0.047419	-1.130000
576	-0.608578	0.087969	-0.010902	-1.130000
577	-0.601174	0.044522	0.121787	-1.130000
578	-0.612904	-0.035339	0.036397	-1.130000
579	-0.580410	-0.166431	-0.116835	-1.130000
580	-0.608860	0.074364	-0.044553	-1.130000
581	-0.605293	-0.005656	-0.108689	-1.130000
582	-0.609420	-0.014882	0.081310	-1.130000
583	-0.597995	-0.119647	-0.079444	-1.130000
584	-0.612186	-0.032375	0.049046	-1.130000
585	-0.613770	-0.032051	0.022014	-1.130000
586	-0.612308	0.036514	0.044396	-1.130000
587	-0.614306	-0.019071	-0.022133	-1.130000
588	-0.547105	0.176113	-0.218827	-1.130000
589	-0.613242	-0.046353	0.003323	-1.130000
590	-0.601929	-0.115594	0.050445	-1.130000
591	-0.608083	0.061223	-0.068642	-1.130000
592	-0.600309	0.132909	-0.013759	-1.130000
593	-0.581366	-0.143548	-0.140116	-1.130000
594	-0.546141	0.130293	-0.250956	-1.130000
595	-0.605222	0.046010	-0.099065	-1.130000
596	-0.609977	0.003685	-0.078353	-1.130000
597	-0.596482	-0.027202	0.147288	-1.130000
598	-0.606985	-0.098938	-0.002235	-1.130000
599	-0.582160	0.066779	-0.186697	-1.130000
600	-0.564252	0.031623	-0.242579	-1.130000
601	-0.608120	0.020965	0.089306	-1.130000
602	-0.612331	0.003061	-0.057148	-1.130000
603	-0.605556	0.070152	-0.081277	-1.130000
604	-0.540255	0.288957	0.053416	-1.130000
605	-0.595684	0.096048	0.118999	-1.130000
606	-0.609394	-0.025927	-0.078686	-1.130000
607	-0.614534	0.016112	-0.017694	-1.130000
608	-0.613959	0.034891	0.007895	-1.130000
609	-0.609993	-0.004104	0.078212	-1.130000
610	-0.609019	0.016249	0.084005	-1.130000
611	-0.567690	-0.020137	-0.235685	-1.130000
612	-0.612724	0.042511	0.031426	-1.130000
613	-0.595986	0.017244	0.150760	-1.130000
614	-0.538398	-0.286443	-0.079391	-1.130000
615	-0.614771	0.006103	-0.015617	-1.130000
616	-0.567797	0.122566	-0.202012	-1.130000
617	-0.602547	0.065876	0.104029	-1.130000
618	-0.603181	0.043669	0.111762	-1.130000
619	-0.593643	-0.096194	-0.128684	-1.130000
620	-0.608141	0.059850	0.069340	-1.130000
621	-0.612368	0.030732	0.047810	-1.130000
622	-0.577072	-0.132144	0.166587	-1.130000
623	-0.578634	0.191890	-0.081152	-1.130000
624	-0.536080	0.157876	-0.256745	-1.130000
625	-0.611266	-0.053525	0.041398	-1.130000
626	-0.607262	0.094640	0.022380	-1.130000
627	-0.614240	-0.030539	-0.001110	-1.130000
628	-0.614850	0.008098	-0.010899	-1.130000
629	-0.538858	-0.294111	0.036822	-1.130000
630	-0.546017	-0.044155	0.279537	-1.130000
631	-0.588987	0.156842	-0.081976	-1.130000
632	-0.561346	0.061797	-0.243508	-1.130000
633	-0.609968	0.078374	-0.004663	-1.130000
634	-0.614888	-0.004224	0.010929	-1.130000
635	-0.597577	0.075947	0.123929	-1.130000
636	-0.601055	-0.130039	0.006897	-1.130000
637	-0.602971	-0.086328	-0.084844	-1.130000
638	-0.589463	-0.175376	-0.001157	-1.130000
639	-0.552961	-0.030769	-0.267418	-1.130000
640	-0.607326	-0.049414	0.083298	-1.130000
641	-0.608696	-0.087191	-0.010603	-1.130000
642	-0.570323	-0.075994	0.217213	-1.130000
643	-0.577696	0.202855	-0.057815	-1.130000
644	-0.589670	0.130323	-0.116318	-1.130000
645	-0.589765	0.140036	-0.103886	-1.130000
646	-0.570215	0.182052	-0.141197	-1.130000
647	-0.475043	0.309899	-0.237743	-1.130000
648	-0.596025	-0.085941	0.124874	-1.130000
649	-0.607094	-0.097442	0.012911	-1.130000
650	-0.600553	-0.059659	0.118331	-1.130000
651	-0.594723	-0.098206	-0.122004	-1.130000
652	-0.593507	0.144829	0.070701	-1.130000
653	-0.602727	0.116530	0.036951	-1.130000
654	-0.594443	0.153884	-0.034383	-1.130000
655	-0.486960	0.326997	-0.184846	-1.130000
656	-0.568584	0.220577	0.079266	-1.130000
657	-0.538709	-0.222826	-0.195872	-1.130000
658	-0.604833	-0.102742	-0.042964	-1.130000
659	-0.567725	-0.234535	0.030102	-1.130000
660	-0.552619	-0.267562	0.035323	-1.130000
661	-0.603599	-0.103788	0.055874	-1.130000
662	-0.581256	0.135588	-0.148265	-1.130000
663	-0.563200	0.148752	-0.197240	-1.130000
664	-0.584225	0.140022	-0.131529	-1.130000
665	-0.606582	0.100463	-0.013792	-1.130000
666	-0.584188	-0.191754	-0.013392	-1.130000
667	-0.613974	0.002109	-0.035449	-1.130000
668	-0.608031	0.019760	0.090179	-1.130000
669	-0.587120	-0.139763	-0.118245	-1.130000
670	-0.606964	-0.098815	-0.007419	-1.130000
671	-0.581137	0.010716	-0.200973	-1.130000
672	-0.612733	0.049338	-0.018668	-1.130000
673	-0.596578	0.118460	0.091033	-1.130000
674	-0.585594	0.088052	0.165986	-1.130000
675	-0.537973	0.176551	0.240084	-1.130000
676	-0.594516	0.153431	0.035144	-1.130000
677	-0.600758	-0.092555	0.093532	-1.130000
678	-0.571165	-0.065561	0.218397	-1.130000
679	-0.607930	-0.092930	-0.003277	-1.130000
680	-0.570799	-0.006495	-0.228849	-1.130000
681	-0.601808	-0.126574	0.005625	-1.130000
682	-0.559932	-0.213716	-0.137935	-1.130000
683	-0.545208	0.215361	0.185992	-1.130000
684	-0.522615	0.154087	-0.285229	-1.130000
685	-0.601335	-0.019659	-0.127416	-1.130000
686	-0.612566	0.048837	0.024558	-1.130000
687	-0.595463	0.153541	0.008608	-1.130000
688	-0.592654	-0.129028	-0.101675	-1.130000
689	-0.596752	-0.071976	0.130122	-1.130000
690	-0.611180	0.056098	0.039205	-1.130000
691	-0.601303	0.063675	0.112274	-1.130000
692	-0.575907	0.026606	0.214123	-1.130000
693	-0.566692	0.230591	-0.062558	-1.130000
694	-0.598443	0.136573	-0.037928	-1.130000
695	-0.585021	-0.053277	-0.182035	-1.130000
696	-0.611269	-0.036520	0.056929	-1.130000
697	-0.577826	-0.190714	-0.089276	-1.130000
698	-0.605276	0.104230	0.031653	-1.130000
699	-0.603724	-0.049630	-0.106205	-1.130000
700	-0.603312	-0.101909	0.062079	-1.130000
701	-0.593488	-0.127362	0.098874	-1.130000
702	-0.565184	0.046719	-0.237928	-1.130000
703	-0.586788	-0.182374	0.025389	-1.130000
704	-0.562602	-0.192913	-0.156488	-1.130000
705	-0.590387	-0.073728	-0.155668	-1.130000
706	-0.591673	0.129670	-0.106462	-1.130000
707	-0.604552	-0.105572	-0.039955	-1.130000
708	-0.607617	0.089592	-0.031627	-1.130000
709	-0.610862	-0.039317	-0.059382	-1.130000
710	-0.614101	-0.024326	0.022660	-1.130000
711	-0.607586	0.024851	-0.091907	-1.130000
712	-0.570637	0.176529	-0.146409	-1.130000
713	-0.607798	0.074213	0.057434	-1.130000
714	-0.571890	0.038222	0.222948	-1.130000
715	-0.608127	0.090840	0.012448	-1.130000
716	-0.604405	0.054142	-0.099939	-1.130000
717	-0.587731	0.075928	-0.164416	-1.130000
718	-0.580994	0.199484	0.029620	-1.130000
719	-0.597022	-0.007239	-0.147434	-1.130000
720	-0.602320	0.121341	-0.026689	-1.130000
721	-0.563542	0.133863	-0.206702	-1.130000
722	-0.611925	0.052202	-0.032367	-1.130000
723	-0.608398	0.070926	0.055194	-1.130000
724	-0.611147	0.006382	-0.068438	-1.130000
725	-0.602371	-0.116741	0.041789	-1.130000
726	-0.593043	-0.046276	-0.156152	-1.130000
727	-0.607438	0.007159	-0.095882	-1.130000
728	-0.581730	0.147679	-0.134188	-1.130000
729	-0.601151	0.129683	0.004965	-1.130000
730	-0.563372	0.150252	-0.195605	-1.130000
731	-0.586469	0.128019	-0.133754	-1.130000
732	-0.606824	-0.059114	-0.080591	-1.130000
733	-0.576565	0.143244	0.158992	-1.130000
734	-0.566682	-0.182824	0.153857	-1.130000
735	-0.567616	-0.192686	-0.137511	-1.130000
736	-0.547041	-0.201858	0.195510	-1.130000
737	-0.560555	-0.252953	0.004306	-1.130000
738	-0.567682	0.184372	-0.148219	-1.130000
739	-0.602910	0.091382	-0.079841	-1.130000
740	-0.500596	-0.320027	-0.158779	-1.130000
741	-0.510621	0.331479	-0.087252	-1.130000
742	-0.568368	0.017579	0.234251	-1.130000
743	-0.587728	-0.141472	0.113075	-1.130000
744	-0.473838	-0.223586	0.322044	-1.130000
745	-0.587505	-0.103687	0.149372	-1.130000
746	-0.603673	0.011961	-0.116879	-1.130000
747	-0.597248	-0.050332	0.137791	-1.130000
748	-0.577534	-0.075685	0.197361	-1.130000
749	-0.531973	0.157462	0.265397	-1.130000
750	-0.610853	0.012524	-0.070190	-1.130000
751	-0.529235	-0.071683	0.304954	-1.130000
752	-0.529592	0.157540	-0.270072	-1.130000
753	-0.557196	0.246674	0.083120	-1.130000
754	-0.429831	0.358184	-0.255293	-1.130000
755	-0.558240	-0.191908	0.172522	-1.130000
756	-0.605250	-0.034787	-0.103381	-1.130000
757	-0.602222	0.102091	0.071630	-1.130000
758	-0.602655	0.074335	-0.097498	-1.130000
759	-0.609388	0.030024	-0.077267	-1.130000
760	-0.567981	0.234879	-0.021328	-1.130000
761	-0.581617	0.169762	-0.105488	-1.130000
762	-0.554849	0.235070	-0.122921	-1.130000
763	-0.597010	-0.119318	-0.086992	-1.130000
764	-0.546369	-0.126559	0.252365	-1.130000
765	-0.515439	-0.174801	-0.286343	-1.130000
766	-0.609425	0.076491	-0.031225	-1.130000
767	-0.605833	0.064214	-0.084072	-1.130000
768	-0.601588	0.037569	0.122087	-1.130000
769	-0.596345	0.130984	0.073767	-1.130000
770	-0.457472	0.382417	-0.150669	-1.130000
771	-0.561842	-0.202746	-0.146468	-1.130000
772	-0.576072	-0.190597	-0.100193	-1.130000
773	-0.591315	-0.112581	0.126085	-1.130000
774	-0.577566	-0.184407	-0.103136	-1.130000
775	-0.577872	0.129780	0.165669	-1.130000
776	-0.458025	0.278917	-0.301071	-1.130000
777	-0.612971	0.021954	-0.044832	-1.130000
778	-0.564670	0.016266	-0.243122	-1.130000
779	-0.584088	-0.181276	0.064845	-1.130000
780	-0.590599	0.158929	0.064494	-1.130000
781	-0.602359	-0.122673	0.018440	-1.130000
782	-0.601862	-0.108847	-0.064343	-1.130000
783	-0.611953	0.008319	0.060573	-1.130000
784	-0.611381	-0.065140	0.013959	-1.130000
785	-0.575280	-0.039484	-0.213820	-1.130000
786	-0.612129	0.050838	-0.030627	-1.130000
787	-0.604059	-0.010074	0.115050	-1.130000
788	-0.607006	-0.080567	-0.057252	-1.130000
789	-0.608752	0.084730	-0.021616	-1.130000
790	-0.610324	-0.066122	0.036846	-1.130000
791	-0.568805	-0.200145	0.120943	-1.130000
792	-0.582013	-0.118295	0.159663	-1.130000
793	-0.590334	0.109229	0.133414	-1.130000
794	-0.547463	0.192197	0.203885	-1.130000
795	-0.595482	0.140695	-0.061892	-1.130000
796	-0.590384	-0.107681	-0.134449	-1.130000
797	-0.611682	-0.060236	-0.021031	-1.130000
798	-0.592174	-0.016045	0.165218	-1.130000
799	-0.566892	-0.177643	-0.159064	-1.130000
800	-0.509367	0.205001	-0.277029	-1.130000
801	-0.571194	0.143400	0.177198	-1.130000
802	-0.603120	0.014900	-0.119372	-1.130000
803	-0.614633	0.009975	-0.018771	-1.130000
804	-0.601712	-0.046873	0.118199	-1.130000
805	-0.610065	-0.074922	0.020792	-1.130000
806	-0.530694	-0.002634	-0.310777	-1.130000
807	-0.592980	-0.051466	-0.154761	-1.130000
808	-0.601126	-0.127853	-0.022939	-1.130000
809	-0.609164	-0.072779	0.042984	-1.130000
810	-0.590104	-0.037410	0.169124	-1.130000
811	-0.601862	0.118588	-0.043864	-1.130000
812	-0.591959	-0.083844	-0.144151	-1.130000
813	-0.610338	0.021660	-0.072408	-1.130000
814	-0.600216	0.133514	-0.011807	-1.130000
815	-0.579814	0.122244	-0.164612	-1.130000
816	-0.601965	0.041678	0.118852	-1.130000
817	-0.600874	0.118332	0.056325	-1.130000
818	-0.591375	-0.056967	-0.158921	-1.130000
819	-0.572869	0.131660	-0.180864	-1.130000
820	-0.578338	0.046279	-0.203980	-1.130000
821	-0.602262	-0.121800	0.025897	-1.130000
822	-0.572680	0.188798	0.120903	-1.130000
823	-0.578624	0.207482	0.019251	-1.130000
824	-0.553501	-0.033508	-0.265967	-1.130000
825	-0.543340	0.138277	0.252756	-1.130000
826	-0.604332	-0.112825	0.016665	-1.130000
827	-0.603219	0.108174	0.051483	-1.130000
828	-0.538044	0.058122	-0.292156	-1.130000
829	-0.608959	0.083396	-0.020962	-1.130000
830	-0.609899	-0.074953	0.025114	-1.130000
831	-0.593593	-0.157447	0.032902	-1.130000
832	-0.540604	-0.243844	0.162826	-1.130000
833	-0.610977	-0.029280	-0.063830	-1.130000
834	-0.609590	0.043304	0.068922	-1.130000
835	-0.571521	0.048696	-0.221849	-1.130000
836	-0.515259	0.072753	-0.327781	-1.130000
837	-0.559672	0.037493	-0.252164	-1.130000
838	-0.570625	0.219327	-0.067141	-1.130000
839	-0.608638	0.085929	-0.020015	-1.130000
840	-0.565167	-0.012083	0.242209	-1.130000
841	-0.558610	-0.220591	0.132363	-1.130000
842	-0.564829	0.015211	0.242820	-1.130000
843	-0.510642	0.114763	-0.322954	-1.130000
844	-0.579192	-0.053438	-0.199766	-1.130000
845	-0.514594	0.308743	-0.134521	-1.130000
846	-0.570391	0.054219	-0.223471	-1.130000
847	-0.585435	-0.114806	-0.149368	-1.130000
848	-0.547602	-0.266376	0.086027	-1.130000
849	-0.513558	-0.336151	0.038548	-1.130000
850	-0.550874	-0.223530	0.157471	-1.130000
