1	-0.534770	0.166859	-0.253780	-1.650000
2	-0.478536	0.324841	0.209060	-1.650000
3	-0.499795	0.357845	-0.019413	-1.650000
4	-0.541670	0.245226	-0.157110	-1.650000
5	-0.313322	0.428238	-0.310913	-1.650000
6	-0.509647	0.339496	0.056812	-1.650000
7	-0.548544	0.277121	-0.022975	-1.650000
8	-0.466619	0.357392	-0.181004	-1.650000
9	-0.614880	-0.009078	-0.008089	-1.650000
10	-0.398954	0.458172	0.095599	-1.650000
11	-0.590781	0.167405	-0.034332	-1.650000
12	-0.560024	0.250271	0.044296	-1.650000
13	-0.520941	0.308608	0.107735	-1.650000
14	-0.476868	0.382878	-0.065010	-1.650000
15	-0.371081	0.489367	0.032304	-1.650000
16	-0.433376	0.365384	0.238547	-1.650000
17	-0.488481	0.363091	0.088181	-1.650000
18	-0.542487	0.206941	0.202751	-1.650000
19	-0.513583	0.336622	0.033811	-1.650000
20	-0.506354	0.325229	0.126714	-1.650000
21	-0.557424	0.259133	0.018807	-1.650000
22	-0.580160	0.171278	-0.110918	-1.650000
23	-0.381046	0.473646	-0.093211	-1.650000
24	-0.449042	0.417291	-0.049541	-1.650000
25	-0.540183	0.284931	0.072398	-1.650000
26	-0.524585	0.320493	-0.017896	-1.650000
27	-0.542942	-0.024475	0.287819	-1.650000
28	-0.560753	-0.123767	0.220143	-1.650000
29	-0.542572	0.273840	0.094085	-1.650000
30	-0.435246	0.434484	0.003142	-1.650000
31	-0.425895	0.443586	-0.008351	-1.650000
32	-0.539401	0.257300	0.145149	-1.650000
33	-0.533151	0.263315	-0.156974	-1.650000
34	-0.555194	0.215951	-0.152806	-1.650000
35	-0.574284	0.202873	0.085237	-1.650000
36	-0.554108	0.143400	-0.225001	-1.650000
37	-0.530671	0.297600	-0.089710	-1.650000
38	-0.373297	0.433220	0.226262	-1.650000
39	-0.471380	0.393442	0.035057	-1.650000
40	-0.254926	0.519026	-0.209404	-1.650000
41	-0.338413	0.498298	-0.124099	-1.650000
42	-0.481067	0.379001	-0.056190	-1.650000
43	-0.572128	0.190326	0.121123	-1.650000
44	-0.467358	0.397984	-0.037556	-1.650000
45	-0.500696	0.214510	0.285507	-1.650000
46	-0.434994	0.426370	0.084934	-1.650000
47	-0.278261	0.526034	0.155190	-1.650000
48	-0.547662	0.275547	0.048633	-1.650000
49	-0.466503	0.362556	-0.170741	-1.650000
50	-0.367623	0.482663	0.100574	-1.650000
51	-0.520600	0.313898	0.093107	-1.650000
52	-0.488005	0.357992	0.109168	-1.650000
53	-0.575950	0.208665	-0.054457	-1.650000
54	-0.563781	0.228328	0.090786	-1.650000
55	-0.468591	0.343785	-0.201144	-1.650000
56	-0.429015	0.440617	0.005287	-1.650000
57	-0.517873	0.329734	-0.036163	-1.650000
58	-0.433672	0.382704	-0.209025	-1.650000
59	-0.561616	0.242131	0.064689	-1.650000
60	-0.385690	0.474882	0.062887	-1.650000
61	-0.414790	0.452328	0.039674	-1.650000
62	-0.528809	0.298058	0.098726	-1.650000
63	-0.518564	0.313063	0.106342	-1.650000
64	-0.405269	0.372667	-0.274046	-1.650000
65	-0.518672	0.297557	-0.143749	-1.650000
66	-0.461447	0.398359	-0.081254	-1.650000
67	-0.434064	0.434577	0.030930	-1.650000
68	-0.437887	0.428443	-0.054007	-1.650000
69	-0.429705	0.438487	0.036167	-1.650000
70	-0.415816	0.450761	0.046221	-1.650000
71	-0.361610	0.495075	0.048617	-1.650000
72	-0.302902	0.531595	-0.062311	-1.650000
73	-0.396772	0.434558	0.178762	-1.650000
74	-0.265596	0.524206	0.181362	-1.650000
75	-0.326470	0.520087	-0.033943	-1.650000
76	-0.568761	0.233781	0.009105	-1.650000
77	-0.326567	0.457209	0.250078	-1.650000
78	-0.394376	0.469338	0.049133	-1.650000
79	-0.251589	0.548406	0.119076	-1.650000
80	-0.215046	0.539007	0.203598	-1.650000
81	-0.380456	0.395264	-0.277929	-1.650000
82	-0.533247	0.144378	-0.270237	-1.650000
83	-0.550793	0.243588	-0.124565	-1.650000
84	-0.502191	0.332132	0.125370	-1.650000
85	-0.307506	0.518892	0.120065	-1.650000
86	-0.408124	0.454917	0.068630	-1.650000
87	-0.371204	0.477461	0.111643	-1.650000
88	-0.411505	0.422574	0.174126	-1.650000
89	-0.364348	0.441088	-0.225647	-1.650000
90	-0.511777	0.337310	-0.050319	-1.650000
91	-0.514120	0.329181	0.074467	-1.650000
92	-0.557328	0.254191	-0.054752	-1.650000
93	-0.363499	0.495548	-0.022944	-1.650000
94	-0.239234	0.558133	-0.097366	-1.650000
95	-0.271648	0.524144	-0.172354	-1.650000
96	-0.491570	0.369310	0.013911	-1.650000
97	-0.324439	0.512682	-0.100609	-1.650000
98	-0.338826	0.499015	-0.120024	-1.650000
99	-0.496819	0.354428	-0.076003	-1.650000
100	-0.601533	0.127682	0.008983	-1.650000
101	-0.512390	-0.012677	-0.339883	-1.650000
102	-0.554131	0.209510	-0.165134	-1.650000
103	-0.457094	0.411303	0.010949	-1.650000
104	-0.446629	0.411905	-0.095301	-1.650000
105	-0.413955	0.418010	-0.179259	-1.650000
106	-0.445516	0.421555	0.045069	-1.650000
107	-0.435113	0.434442	0.012740	-1.650000
108	-0.210941	0.576506	-0.037012	-1.650000
109	-0.276723	0.548698	-0.024075	-1.650000
110	-0.593652	0.158405	-0.026658	-1.650000
111	-0.471700	0.391341	-0.050755	-1.650000
112	-0.462700	0.386548	-0.121304	-1.650000
113	-0.423559	0.430645	-0.115618	-1.650000
114	-0.358565	0.469199	0.171780	-1.650000
115	-0.516862	0.332895	-0.016106	-1.650000
116	-0.499140	0.280884	0.224028	-1.650000
117	-0.464484	0.340853	-0.215172	-1.650000
118	-0.600677	0.128278	0.030927	-1.650000
119	-0.385043	0.437682	-0.195963	-1.650000
120	-0.493953	0.325788	0.167622	-1.650000
121	-0.483551	0.376818	-0.049111	-1.650000
122	-0.465913	0.366930	0.162828	-1.650000
123	-0.437724	0.427876	0.059540	-1.650000
124	-0.435577	0.433987	-0.012361	-1.650000
125	-0.567521	0.234146	0.036333	-1.650000
126	-0.558299	0.257728	0.010168	-1.650000
127	-0.564771	0.213376	0.117174	-1.650000
128	-0.485066	0.377712	0.016415	-1.650000
129	-0.388090	0.476419	0.025223	-1.650000
130	-0.554366	0.244482	-0.105510	-1.650000
131	-0.543769	0.273930	0.086620	-1.650000
132	-0.443542	0.422160	0.057236	-1.650000
133	-0.562927	0.232962	-0.084066	-1.650000
134	-0.570917	0.090237	0.210085	-1.650000
135	-0.583935	0.192709	-0.010412	-1.650000
136	-0.546739	0.236808	0.152393	-1.650000
137	-0.515967	0.330690	0.051453	-1.650000
138	-0.509856	0.283779	-0.194271	-1.650000
139	-0.592133	0.138627	-0.091572	-1.650000
140	-0.591059	0.165656	0.037855	-1.650000
141	-0.490215	0.360227	0.090285	-1.650000
142	-0.572690	0.068893	0.213318	-1.650000
143	-0.376053	0.478820	0.086833	-1.650000
144	-0.432388	0.398700	-0.179732	-1.650000
145	-0.507659	0.321483	0.130980	-1.650000
146	-0.554334	0.248197	-0.096630	-1.650000
147	-0.501381	0.345619	-0.085960	-1.650000
148	-0.479237	0.379703	-0.066204	-1.650000
149	-0.577270	0.154497	0.145311	-1.650000
150	-0.334078	0.469100	0.215784	-1.650000
151	-0.307460	0.519465	0.117684	-1.650000
152	-0.408922	0.458706	-0.024430	-1.650000
153	-0.351590	0.418337	-0.282141	-1.650000
154	-0.289256	0.533276	0.100858	-1.650000
155	-0.454752	0.381187	0.161623	-1.650000
156	-0.517516	0.328436	0.050326	-1.650000
157	-0.458686	0.409656	-0.003746	-1.650000
158	-0.457872	0.407864	0.047166	-1.650000
159	-0.572952	0.222806	-0.017556	-1.650000
160	-0.374967	0.462223	-0.154840	-1.650000
161	-0.528276	0.311515	-0.045911	-1.650000
162	-0.361161	0.494464	0.057387	-1.650000
163	-0.393485	0.465640	0.081082	-1.650000
164	-0.475630	0.381447	0.080617	-1.650000
165	-0.567646	0.230328	0.054335	-1.650000
166	-0.402484	0.464564	-0.020286	-1.650000
167	-0.556149	0.215859	-0.149426	-1.650000
168	-0.587927	0.164121	0.075043	-1.650000
169	-0.271753	0.550720	-0.032910	-1.650000
170	-0.400917	0.462048	0.063263	-1.650000
171	-0.466818	0.396030	0.058881	-1.650000
172	-0.521430	0.323196	-0.043357	-1.650000
173	-0.539449	0.292221	-0.042734	-1.650000
174	-0.536990	0.296322	-0.045383	-1.650000
175	-0.550905	0.273363	-0.001047	-1.650000
176	-0.501090	0.299173	-0.193983	-1.650000
177	-0.447638	0.412491	0.087729	-1.650000
178	-0.575279	0.210137	0.055871	-1.650000
179	-0.373122	0.469736	0.135473	-1.650000
180	-0.285799	0.544437	-0.011489	-1.650000
181	-0.432665	0.395290	-0.186473	-1.650000
182	-0.535836	0.301794	0.005069	-1.650000
183	-0.326104	0.521419	0.001666	-1.650000
184	-0.338506	0.442262	-0.260850	-1.650000
185	-0.456238	0.411007	0.033836	-1.650000
186	-0.483965	0.379342	-0.010111	-1.650000
187	-0.340173	0.429376	0.279543	-1.650000
188	-0.214220	0.550398	0.171453	-1.650000
189	-0.448884	0.420265	0.010262	-1.650000
190	-0.610402	0.067355	-0.033128	-1.650000
191	-0.491254	0.369073	-0.026079	-1.650000
192	-0.519112	0.322061	0.070887	-1.650000
193	-0.335451	0.501855	0.117640	-1.650000
194	-0.248214	0.561208	-0.040753	-1.650000
195	-0.282379	0.545851	0.023116	-1.650000
196	-0.510729	0.339723	-0.044382	-1.650000
197	-0.567621	0.232449	-0.044701	-1.650000
198	-0.538836	0.273909	-0.113378	-1.650000
199	-0.488458	0.373551	-0.009655	-1.650000
200	-0.203957	0.552718	-0.176434	-1.650000
201	-0.463829	0.388173	0.111398	-1.650000
202	-0.411584	0.456511	-0.020525	-1.650000
203	-0.110483	0.582517	0.163378	-1.650000
204	-0.419911	0.447358	-0.042083	-1.650000
205	-0.525252	0.315859	-0.050681	-1.650000
206	-0.513417	0.320813	-0.108198	-1.650000
207	-0.447365	0.421648	-0.017396	-1.650000
208	-0.369346	0.490012	-0.041191	-1.650000
209	-0.326114	0.487244	-0.185656	-1.650000
210	-0.307312	0.491240	-0.206077	-1.650000
211	-0.268891	0.526703	-0.168838	-1.650000
212	-0.348131	0.506622	-0.019074	-1.650000
213	-0.475738	0.387896	-0.037886	-1.650000
214	-0.550897	0.273318	-0.005892	-1.650000
215	-0.574876	0.203628	0.079234	-1.650000
216	-0.535489	0.302084	0.014902	-1.650000
217	-0.557388	0.259841	0.005058	-1.650000
218	-0.518816	0.298054	0.142195	-1.650000
219	-0.485474	0.322765	0.195865	-1.650000
220	-0.529323	0.312526	-0.019236	-1.650000
221	-0.513683	0.335566	0.041839	-1.650000
222	-0.570026	0.230846	0.002251	-1.650000
223	-0.560037	0.249784	-0.046811	-1.650000
224	-0.551640	0.267993	0.045807	-1.650000
225	-0.424347	0.444972	0.012457	-1.650000
226	-0.493781	0.366446	-0.011095	-1.650000
227	-0.460392	0.395949	0.097410	-1.650000
228	-0.559725	0.254596	0.010655	-1.650000
229	-0.513026	0.330917	-0.074321	-1.650000
230	-0.591917	0.149313	0.074601	-1.650000
231	-0.535191	0.292055	0.080615	-1.650000
232	-0.566365	0.162587	0.176129	-1.650000
233	-0.598306	0.139413	0.028619	-1.650000
234	-0.414867	0.451077	0.051385	-1.650000
235	-0.558324	0.253324	-0.048234	-1.650000
236	-0.428486	0.434775	0.074798	-1.650000
237	-0.457425	0.384769	0.144708	-1.650000
238	-0.550731	0.260515	-0.083981	-1.650000
239	-0.509910	0.339518	0.054264	-1.650000
240	-0.563781	0.240147	0.052014	-1.650000
241	-0.487667	0.341154	0.154983	-1.650000
242	-0.437874	0.423180	0.086081	-1.650000
243	-0.436333	0.429332	0.059266	-1.650000
244	-0.494145	0.366008	-0.009164	-1.650000
245	-0.487668	0.374638	-0.007125	-1.650000
246	-0.548350	0.264871	0.085911	-1.650000
247	-0.520327	0.318437	0.077989	-1.650000
248	-0.486813	0.371804	-0.054769	-1.650000
249	-0.531481	0.298955	-0.079869	-1.650000
250	-0.530489	0.260282	0.170470	-1.650000
251	-0.362023	0.468230	0.167107	-1.650000
252	-0.387506	0.471042	0.078636	-1.650000
253	-0.381607	0.476386	-0.075220	-1.650000
254	-0.188597	0.575487	-0.107102	-1.650000
255	-0.440588	0.415980	0.105206	-1.650000
256	-0.509018	0.344201	-0.025520	-1.650000
257	-0.445772	0.414679	0.086911	-1.650000
258	-0.496621	0.322215	0.166641	-1.650000
259	-0.514032	0.322016	0.101500	-1.650000
260	-0.445461	0.417689	0.072978	-1.650000
261	-0.470548	0.394773	-0.031052	-1.650000
262	-0.370792	0.488125	0.049722	-1.650000
263	-0.436769	0.404682	0.153918	-1.650000
264	-0.303071	0.533151	0.046073	-1.650000
265	-0.383927	0.423077	0.227665	-1.650000
266	-0.572295	0.222311	0.035800	-1.650000
267	-0.363770	0.494388	-0.038429	-1.650000
268	-0.250268	0.556124	-0.079477	-1.650000
269	-0.385700	0.477348	0.039992	-1.650000
270	-0.511464	0.281130	0.193895	-1.650000
271	-0.499932	0.358116	0.006757	-1.650000
272	-0.476477	0.365572	0.132484	-1.650000
273	-0.487089	0.371628	-0.053495	-1.650000
274	-0.506038	0.316697	-0.147829	-1.650000
275	-0.380059	0.473497	-0.097881	-1.650000
276	-0.525967	0.249114	-0.198812	-1.650000
277	-0.391210	0.435313	0.188898	-1.650000
278	-0.443274	0.415611	0.094871	-1.650000
279	-0.524053	0.321798	0.006299	-1.650000
280	-0.444415	0.408288	0.118412	-1.650000
281	-0.410574	0.453127	0.065804	-1.650000
282	-0.452558	0.416429	-0.001839	-1.650000
283	-0.351081	0.475343	-0.170342	-1.650000
284	-0.365713	0.488602	0.075812	-1.650000
285	-0.312443	0.510658	-0.140828	-1.650000
286	-0.483118	0.340289	0.170369	-1.650000
287	-0.550914	0.238634	0.133314	-1.650000
288	-0.463771	0.389430	0.107172	-1.650000
289	-0.451950	0.415387	0.037673	-1.650000
290	-0.414168	0.419434	0.175401	-1.650000
291	-0.226022	0.529789	0.215553	-1.650000
292	-0.360919	0.420746	0.266337	-1.650000
293	-0.244702	0.543644	-0.150987	-1.650000
294	-0.394958	0.418472	-0.217058	-1.650000
295	-0.482010	0.082107	-0.373028	-1.650000
296	-0.543148	0.246201	0.150335	-1.650000
297	-0.599657	0.135151	0.019261	-1.650000
298	-0.406339	0.456706	0.067333	-1.650000
299	-0.352203	0.498871	-0.072840	-1.650000
300	-0.399112	0.457607	0.097625	-1.650000
301	-0.324220	0.521895	-0.027058	-1.650000
302	-0.343377	0.508494	-0.041844	-1.650000
303	-0.424556	0.444942	-0.001928	-1.650000
304	-0.481787	0.381668	0.020872	-1.650000
305	-0.515962	0.334406	-0.013438	-1.650000
306	-0.448386	0.418981	0.040374	-1.650000
307	-0.322435	0.523683	0.004089	-1.650000
308	-0.198646	0.577810	0.070005	-1.650000
309	-0.352146	0.503922	0.016758	-1.650000
310	-0.447131	0.417102	0.065764	-1.650000
311	-0.477297	0.336467	-0.192879	-1.650000
312	-0.242885	0.551866	0.121146	-1.650000
313	-0.509585	0.331918	-0.091536	-1.650000
314	-0.578594	0.198334	-0.064165	-1.650000
315	-0.522084	0.313404	-0.086203	-1.650000
316	-0.439501	0.411749	-0.124606	-1.650000
317	-0.397346	0.444835	-0.149875	-1.650000
318	-0.342726	0.508766	-0.043829	-1.650000
319	-0.330409	0.510270	0.093161	-1.650000
320	-0.506784	0.346145	-0.039733	-1.650000
321	-0.505522	0.350043	-0.011954	-1.650000
322	-0.489654	0.298333	0.222398	-1.650000
323	-0.469143	0.395668	-0.039713	-1.650000
324	-0.445743	0.414755	-0.086700	-1.650000
325	-0.487859	0.374043	-0.017629	-1.650000
326	-0.544793	0.259091	0.119574	-1.650000
327	-0.371062	0.490029	0.020248	-1.650000
328	-0.470639	0.383303	0.099006	-1.650000
329	-0.452277	0.405500	0.096126	-1.650000
330	-0.611561	0.064902	-0.002406	-1.650000
331	-0.486122	0.375261	0.033019	-1.650000
332	-0.477020	0.385569	-0.044876	-1.650000
333	-0.540199	0.256785	0.143078	-1.650000
334	-0.510400	0.324645	0.111006	-1.650000
335	-0.472200	0.386265	0.077788	-1.650000
336	-0.485830	0.367839	-0.083001	-1.650000
337	-0.517189	0.274571	0.188020	-1.650000
338	-0.546650	0.237053	0.152332	-1.650000
339	-0.463101	0.382897	0.130966	-1.650000
340	-0.508631	0.345219	0.018525	-1.650000
341	-0.500423	0.356732	0.023326	-1.650000
342	-0.422379	0.442821	-0.061075	-1.650000
343	-0.538700	0.296348	0.014320	-1.650000
344	-0.568983	0.230558	-0.036428	-1.650000
345	-0.434630	0.379328	0.213148	-1.650000
346	-0.565179	0.241924	-0.016429	-1.650000
347	-0.476448	0.339162	0.190240	-1.650000
348	-0.460806	0.391812	-0.111204	-1.650000
349	-0.525495	0.315598	0.049785	-1.650000
350	-0.455699	0.411835	0.030908	-1.650000
351	-0.519880	0.326939	0.032566	-1.650000
352	-0.419900	0.449322	0.004285	-1.650000
353	-0.552915	0.259485	0.071958	-1.650000
354	-0.333939	0.515979	0.021805	-1.650000
355	-0.391548	0.422363	0.215694	-1.650000
356	-0.419809	0.449427	0.000613	-1.650000
357	-0.543023	0.283668	-0.053703	-1.650000
358	-0.312641	0.469408	0.245228	-1.650000
359	-0.529330	0.303368	0.077477	-1.650000
360	-0.443489	0.422502	-0.055087	-1.650000
361	-0.504382	0.327227	0.129409	-1.650000
362	-0.400570	0.416626	0.210219	-1.650000
363	-0.480642	0.380308	0.050738	-1.650000
364	-0.463370	0.385983	0.120542	-1.650000
365	-0.414684	0.440069	-0.112257	-1.650000
366	-0.387150	0.473325	0.065600	-1.650000
367	-0.486901	0.374561	-0.029268	-1.650000
368	-0.465825	0.396458	-0.063665	-1.650000
369	-0.368692	0.490006	0.046741	-1.650000
370	-0.415085	0.450748	-0.052491	-1.650000
371	-0.500536	0.348059	-0.080892	-1.650000
372	-0.440835	0.418246	-0.094656	-1.650000
373	-0.389009	0.465844	0.099430	-1.650000
374	-0.362550	0.473379	0.150649	-1.650000
375	-0.500337	0.343519	0.099410	-1.650000
376	-0.399537	0.466623	0.029296	-1.650000
377	-0.527531	0.315837	0.013559	-1.650000
378	-0.457602	0.408378	-0.045307	-1.650000
379	-0.526152	0.300972	0.103948	-1.650000
380	-0.539011	0.288791	-0.065513	-1.650000
381	-0.460432	0.403549	0.058102	-1.650000
382	-0.481969	0.379631	-0.042560	-1.650000
383	-0.421586	0.447716	0.006335	-1.650000
384	-0.422507	0.436404	-0.096251	-1.650000
385	-0.483462	0.379436	0.022747	-1.650000
386	-0.488115	0.373507	0.021482	-1.650000
387	-0.515393	0.329810	0.061809	-1.650000
388	-0.454855	0.363803	-0.197432	-1.650000
389	-0.432358	0.363180	0.243704	-1.650000
390	-0.330605	0.408682	0.319224	-1.650000
391	-0.371121	0.485909	0.066231	-1.650000
392	-0.151595	0.563141	0.195235	-1.650000
393	-0.310565	0.521652	-0.098251	-1.650000
394	-0.543866	0.256455	-0.129094	-1.650000
395	-0.527885	0.277540	0.150114	-1.650000
396	-0.527251	0.308307	-0.071960	-1.650000
397	-0.508327	0.346028	-0.009691	-1.650000
398	-0.368944	0.479319	0.111168	-1.650000
399	-0.333408	0.493061	0.154775	-1.650000
400	-0.180560	0.555898	0.191314	-1.650000
401	-0.465849	0.400306	0.031061	-1.650000
402	-0.570406	0.229884	0.003869	-1.650000
403	-0.505966	0.329873	0.115789	-1.650000
404	-0.314572	0.520691	-0.090278	-1.650000
405	-0.483866	0.378396	0.030257	-1.650000
406	-0.439816	0.429619	0.014636	-1.650000
407	-0.254949	0.549252	0.107461	-1.650000
408	-0.471143	0.386650	0.082168	-1.650000
409	-0.422647	0.445320	-0.035838	-1.650000
410	-0.522599	0.324121	-0.007805	-1.650000
411	-0.531971	0.281767	-0.125855	-1.650000
412	-0.448390	0.420344	0.021959	-1.650000
413	-0.471087	0.393352	-0.039702	-1.650000
414	-0.394381	0.468850	-0.053555	-1.650000
415	-0.235523	0.564651	-0.062636	-1.650000
416	-0.461366	0.404885	0.037872	-1.650000
417	-0.493605	0.363055	-0.052636	-1.650000
418	-0.488657	0.342994	-0.147630	-1.650000
419	-0.423570	0.370739	-0.247721	-1.650000
420	-0.438595	0.419536	0.099243	-1.650000
421	-0.322797	0.518254	-0.073753	-1.650000
422	-0.350598	0.491550	-0.116983	-1.650000
423	-0.373051	0.485472	0.058091	-1.650000
424	-0.456878	0.367340	0.185873	-1.650000
425	-0.505823	0.342108	0.073011	-1.650000
426	-0.575979	0.215420	-0.008202	-1.650000
427	-0.558011	0.235200	-0.107377	-1.650000
428	-0.329563	0.469845	-0.221040	-1.650000
429	-0.528343	0.244035	-0.198810	-1.650000
430	-0.484207	0.370391	0.081114	-1.650000
431	-0.402874	0.463170	0.037302	-1.650000
432	-0.541598	0.280415	-0.079149	-1.650000
433	-0.424551	0.373880	0.241238	-1.650000
434	-0.354746	0.478865	0.151882	-1.650000
435	-0.507745	0.335941	0.086970	-1.650000
436	-0.459918	0.395790	-0.100254	-1.650000
437	-0.453357	0.413255	-0.043734	-1.650000
438	-0.436037	0.292761	0.319981	-1.650000
439	-0.547137	0.268678	0.081722	-1.650000
440	-0.472503	0.344455	0.190568	-1.650000
441	-0.594379	0.107900	-0.115308	-1.650000
442	-0.491082	0.287005	0.233862	-1.650000
443	-0.488015	0.342571	0.150703	-1.650000
444	-0.521570	0.318823	0.067393	-1.650000
445	-0.483064	0.332471	0.185302	-1.650000
446	-0.545068	0.283914	0.022774	-1.650000
447	-0.421754	0.427206	-0.133579	-1.650000
448	-0.447703	0.338460	0.251460	-1.650000
449	-0.519239	0.328381	0.027969	-1.650000
450	-0.513132	0.320753	-0.109719	-1.650000
451	-0.553696	0.197915	0.180208	-1.650000
452	-0.511866	0.332586	-0.074863	-1.650000
453	-0.506102	0.349245	-0.010648	-1.650000
454	-0.308524	0.435551	0.305506	-1.650000
455	-0.433075	0.418223	-0.125544	-1.650000
456	-0.557536	0.235575	0.109007	-1.650000
457	-0.520291	0.324360	0.048093	-1.650000
458	-0.559394	0.240530	0.086307	-1.650000
459	-0.453485	0.396091	0.125252	-1.650000
460	-0.497780	0.360454	-0.022637	-1.650000
461	-0.534052	0.292731	0.085567	-1.650000
462	-0.473633	0.385797	-0.071112	-1.650000
463	-0.425728	0.430069	-0.109645	-1.650000
464	-0.330609	0.471404	0.216103	-1.650000
465	-0.463459	0.393358	0.093271	-1.650000
466	-0.368674	0.471700	-0.140726	-1.650000
467	-0.395826	0.469975	-0.025890	-1.650000
468	-0.481560	0.294500	0.244119	-1.650000
469	-0.435939	0.433339	-0.019991	-1.650000
470	-0.510785	0.260439	0.222475	-1.650000
471	-0.381336	0.477084	0.072104	-1.650000
472	-0.491394	0.333905	0.158948	-1.650000
473	-0.452675	0.350075	0.225295	-1.650000
474	-0.435981	0.433511	0.014622	-1.650000
475	-0.358702	0.497100	0.049496	-1.650000
476	-0.469854	0.390596	0.069978	-1.650000
477	-0.390419	0.474565	0.024199	-1.650000
478	-0.420059	0.416736	0.167651	-1.650000
479	-0.117698	0.601753	-0.047596	-1.650000
480	-0.489354	0.370270	0.040719	-1.650000
481	-0.492276	0.340077	-0.142258	-1.650000
482	-0.527820	0.315482	-0.010140	-1.650000
483	-0.464416	0.389691	0.103359	-1.650000
484	-0.522148	0.286976	-0.152419	-1.650000
485	-0.461624	0.389209	-0.116811	-1.650000
486	-0.458891	0.379588	0.153484	-1.650000
487	-0.383777	0.480354	-0.014177	-1.650000
488	-0.507721	0.323480	0.125720	-1.650000
489	-0.544028	0.232769	-0.167561	-1.650000
490	-0.491882	0.326849	0.171600	-1.650000
491	-0.320970	0.524548	-0.007257	-1.650000
492	-0.527649	0.315905	-0.003906	-1.650000
493	-0.518679	0.317111	0.092938	-1.650000
494	-0.348738	0.506458	0.010363	-1.650000
495	-0.458651	0.408897	0.025836	-1.650000
496	-0.458081	0.410217	-0.010441	-1.650000
497	-0.525562	0.297107	-0.117204	-1.650000
498	-0.553192	0.265065	-0.044097	-1.650000
499	-0.472520	0.383720	0.087800	-1.650000
500	-0.574320	0.216419	-0.039305	-1.650000
501	-0.317753	0.497131	0.173547	-1.650000
502	-0.280591	0.480450	0.262033	-1.650000
503	-0.367827	0.490763	0.045608	-1.650000
504	-0.355649	0.484798	0.129264	-1.650000
505	-0.387543	0.470463	-0.081852	-1.650000
506	-0.487978	0.318571	-0.196507	-1.650000
507	-0.575373	0.216425	0.018209	-1.650000
508	-0.610064	0.077108	0.010059	-1.650000
509	-0.589259	0.166899	-0.056072	-1.650000
510	-0.538121	0.260164	0.144796	-1.650000
511	-0.428165	0.437476	0.059287	-1.650000
512	-0.403419	0.464191	-0.002153	-1.650000
513	-0.207522	0.575468	0.063218	-1.650000
514	-0.201684	0.577875	-0.060072	-1.650000
515	-0.293953	0.512341	0.171240	-1.650000
516	-0.587702	0.152884	0.097254	-1.650000
517	-0.451639	0.395391	-0.133842	-1.650000
518	-0.550343	0.273141	-0.027226	-1.650000
519	-0.328154	0.515296	0.070776	-1.650000
520	-0.402369	0.463507	-0.038540	-1.650000
521	-0.329762	0.469953	0.220514	-1.650000
522	-0.300899	0.498696	0.197453	-1.650000
523	-0.468426	0.398090	0.018055	-1.650000
524	-0.287973	0.540626	-0.054955	-1.650000
525	-0.454271	0.410235	0.059753	-1.650000
526	-0.459863	0.402452	0.069161	-1.650000
527	-0.435930	0.410186	-0.141199	-1.650000
528	-0.456089	0.331304	-0.245857	-1.650000
529	-0.536149	0.301263	0.003090	-1.650000
530	-0.185367	0.574622	-0.116935	-1.650000
531	-0.439526	0.410498	0.128583	-1.650000
532	-0.538585	0.294294	0.039273	-1.650000
533	-0.129497	0.561203	0.215655	-1.650000
534	-0.358507	0.499592	0.010290	-1.650000
535	-0.543800	0.258694	-0.124835	-1.650000
536	-0.335443	0.414451	-0.306485	-1.650000
537	-0.193326	0.531374	-0.241851	-1.650000
538	-0.320319	0.524937	-0.007826	-1.650000
539	-0.398597	0.460392	0.085937	-1.650000
540	-0.417187	0.450740	0.031833	-1.650000
541	-0.384547	0.479473	0.021323	-1.650000
542	-0.570005	0.223061	-0.059690	-1.650000
543	-0.507146	0.346802	0.027504	-1.650000
544	-0.484201	0.321465	0.201083	-1.650000
545	-0.385255	0.477130	-0.046373	-1.650000
546	-0.505840	0.349564	-0.012500	-1.650000
547	-0.458414	0.404487	0.066876	-1.650000
548	-0.422032	0.446323	-0.030159	-1.650000
549	-0.565168	0.166748	0.176082	-1.650000
550	-0.512944	0.330355	0.077322	-1.650000
551	-0.486824	0.357495	0.115863	-1.650000
552	-0.437985	0.427720	-0.058731	-1.650000
553	-0.538396	0.275149	-0.112460	-1.650000
554	-0.441439	0.350906	0.245401	-1.650000
555	-0.444971	0.421154	0.053435	-1.650000
556	-0.504497	0.283615	-0.208017	-1.650000
557	-0.569173	0.229009	-0.042683	-1.650000
558	-0.448121	0.326786	0.265750	-1.650000
559	-0.518172	0.329279	0.036031	-1.650000
560	-0.501090	0.349541	-0.070394	-1.650000
561	-0.438702	0.426979	-0.058780	-1.650000
562	-0.504531	0.351372	-0.014531	-1.650000
563	-0.405058	0.456098	0.078279	-1.650000
564	-0.486402	0.373160	0.048891	-1.650000
565	-0.531205	0.304812	0.055995	-1.650000
566	-0.506621	0.309416	-0.160690	-1.650000
567	-0.344684	0.501541	0.088736	-1.650000
568	-0.411440	0.440630	0.121604	-1.650000
569	-0.439280	0.417243	0.105672	-1.650000
570	-0.510075	0.343318	-0.013450	-1.650000
571	-0.372598	0.450918	0.189917	-1.650000
572	-0.578004	0.143565	0.153381	-1.650000
573	-0.551963	0.270095	0.024719	-1.650000
574	-0.470255	0.381959	0.105793	-1.650000
575	-0.468990	0.392881	0.062594	-1.650000
576	-0.453124	0.376350	0.176818	-1.650000
577	-0.481368	0.382736	0.004835	-1.650000
578	-0.420542	0.448268	0.020627	-1.650000
579	-0.369226	0.482505	-0.095320	-1.650000
580	-0.512912	0.320841	-0.110489	-1.650000
581	-0.529022	0.302793	0.081714	-1.650000
582	-0.385635	0.401605	0.261198	-1.650000
583	-0.417595	0.414978	0.177857	-1.650000
584	-0.568275	0.190404	0.137967	-1.650000
585	-0.411403	0.445540	0.102304	-1.650000
586	-0.371190	0.483316	0.082759	-1.650000
587	-0.427162	0.423786	-0.127132	-1.650000
588	-0.420569	0.418628	0.161546	-1.650000
589	-0.442677	0.423578	0.053323	-1.650000
590	-0.523971	0.301028	0.114286	-1.650000
591	-0.358239	0.499719	-0.013073	-1.650000
592	-0.505992	0.319277	-0.142336	-1.650000
593	-0.539437	0.289371	0.059139	-1.650000
594	-0.407158	0.443341	0.126079	-1.650000
595	-0.385075	0.464672	-0.118414	-1.650000
596	-0.533984	0.301654	-0.045724	-1.650000
597	-0.393287	0.470067	0.050869	-1.650000
598	-0.501512	0.353528	0.041578	-1.650000
599	-0.497479	0.359567	0.038095	-1.650000
600	-0.410394	0.434807	0.144031	-1.650000
601	-0.339636	0.495956	0.129998	-1.650000
602	-0.380176	0.465208	0.131425	-1.650000
603	-0.402949	0.461416	-0.054337	-1.650000
604	-0.405119	0.448346	0.114408	-1.650000
605	-0.364736	0.475952	0.136607	-1.650000
606	-0.448453	0.367257	-0.205518	-1.650000
607	-0.490752	0.353890	0.110226	-1.650000
608	-0.486172	0.211187	0.311868	-1.650000
609	-0.509709	0.337120	-0.069078	-1.650000
610	-0.432330	0.337170	0.278625	-1.650000
611	-0.256667	0.535842	0.158809	-1.650000
612	-0.311109	0.393244	0.356083	-1.650000
613	-0.268938	0.552854	0.015795	-1.650000
614	-0.467053	0.378830	-0.128743	-1.650000
615	-0.546061	0.261527	0.107918	-1.650000
616	-0.502604	0.319538	0.153330	-1.650000
617	-0.450457	0.362590	0.209384	-1.650000
618	-0.446420	0.420110	0.049416	-1.650000
619	-0.448619	0.419955	-0.024561	-1.650000
620	-0.375576	0.457886	0.165856	-1.650000
621	-0.355671	0.499107	-0.051145	-1.650000
622	-0.454368	0.376630	-0.172987	-1.650000
623	-0.488391	0.347742	-0.137021	-1.650000
624	-0.545574	0.282890	0.023383	-1.650000
625	-0.476728	0.363174	-0.138058	-1.650000
626	-0.412601	0.432736	-0.143960	-1.650000
627	-0.316944	0.521761	0.074410	-1.650000
628	-0.440423	0.409710	0.128025	-1.650000
629	-0.336532	0.512272	0.050483	-1.650000
630	-0.393318	0.469573	-0.055014	-1.650000
631	-0.500194	0.330651	0.136750	-1.650000
632	-0.461633	0.389712	-0.115083	-1.650000
633	-0.467307	0.377990	-0.130279	-1.650000
634	-0.409206	0.446850	0.105362	-1.650000
635	-0.336572	0.480908	-0.183498	-1.650000
636	-0.469865	0.396718	-0.008168	-1.650000
637	-0.512983	0.309396	0.139098	-1.650000
638	-0.288537	0.542858	0.016625	-1.650000
639	-0.502669	0.354156	0.011081	-1.650000
640	-0.517377	0.277274	-0.183479	-1.650000
641	-0.440608	0.428024	-0.029744	-1.650000
642	-0.381605	0.439298	0.199047	-1.650000
643	-0.560821	0.251580	0.020299	-1.650000
644	-0.433572	0.435043	0.031266	-1.650000
645	-0.561378	0.234175	0.090786	-1.650000
646	-0.483385	0.305929	0.225769	-1.650000
647	-0.521658	0.322422	0.046276	-1.650000
648	-0.551735	0.230064	0.144511	-1.650000
649	-0.525860	0.301341	0.104356	-1.650000
650	-0.465961	0.372458	0.149603	-1.650000
651	-0.531729	0.244317	0.189207	-1.650000
652	-0.482563	0.334464	0.183009	-1.650000
653	-0.442223	0.383759	0.188129	-1.650000
654	-0.588820	0.177162	-0.011399	-1.650000
655	-0.597685	0.139036	0.040826	-1.650000
656	-0.490876	0.317803	0.190438	-1.650000
657	-0.476079	0.389034	-0.015033	-1.650000
658	-0.436362	0.383594	0.201665	-1.650000
659	-0.300681	0.519487	-0.133976	-1.650000
660	-0.446024	0.387001	-0.171809	-1.650000
661	-0.431497	0.438125	-0.009045	-1.650000
662	-0.518805	0.298499	0.141297	-1.650000
663	-0.575352	0.215863	0.024465	-1.650000
664	-0.514538	0.314231	0.121384	-1.650000
665	-0.609035	0.056122	0.064430	-1.650000
666	-0.080721	0.582265	-0.180768	-1.650000
667	-0.376202	0.486450	-0.007920	-1.650000
668	-0.459019	0.372141	0.170405	-1.650000
669	-0.331530	0.514901	0.056480	-1.650000
670	-0.392257	0.444528	-0.163569	-1.650000
671	-0.332784	0.459022	0.238282	-1.650000
672	-0.598290	0.070484	0.123717	-1.650000
673	-0.453976	0.414765	0.010011	-1.650000
674	-0.552590	0.261496	0.067003	-1.650000
675	-0.158442	0.517373	0.292312	-1.650000
676	-0.438229	0.421738	0.091200	-1.650000
677	-0.380786	0.461674	0.141716	-1.650000
678	-0.367943	0.469374	0.150105	-1.650000
679	-0.354362	0.465219	0.190326	-1.650000
680	-0.382289	0.481702	0.006612	-1.650000
681	-0.310306	0.442118	0.294053	-1.650000
682	-0.371986	0.342826	0.349746	-1.650000
683	-0.320707	0.391184	0.349781	-1.650000
684	-0.489847	0.302625	0.216085	-1.650000
685	-0.444508	0.397140	0.151387	-1.650000
686	-0.316917	0.520585	-0.082336	-1.650000
687	-0.387281	0.440584	0.184728	-1.650000
688	-0.471828	0.387290	-0.074900	-1.650000
689	-0.467314	0.331735	-0.223145	-1.650000
690	-0.402403	0.428482	0.180829	-1.650000
691	-0.478559	0.376219	0.087553	-1.650000
692	-0.501231	0.336066	-0.118543	-1.650000
693	-0.607081	0.094606	0.026974	-1.650000
694	-0.272348	0.529086	0.155303	-1.650000
695	-0.462378	0.393085	0.099577	-1.650000
696	-0.512541	0.336283	0.049405	-1.650000
697	-0.428662	0.440801	0.012990	-1.650000
698	-0.507269	0.343238	-0.055594	-1.650000
699	-0.440377	0.422307	0.077135	-1.650000
700	-0.424895	0.430177	-0.112415	-1.650000
701	-0.398187	0.467475	0.033756	-1.650000
702	-0.566103	0.214176	0.109002	-1.650000
703	-0.502196	0.314510	0.164643	-1.650000
704	-0.510306	0.334918	-0.075121	-1.650000
705	-0.350145	0.487614	0.133626	-1.650000
706	-0.268809	0.430998	0.346710	-1.650000
707	-0.118373	0.536578	0.276219	-1.650000
708	-0.535321	0.263580	0.148938	-1.650000
709	-0.542268	0.288232	0.033053	-1.650000
710	-0.420288	0.448778	-0.013464	-1.650000
711	-0.538457	0.223395	0.195918	-1.650000
712	-0.562047	0.161587	0.190309	-1.650000
713	-0.468444	0.341033	0.206112	-1.650000
714	-0.413787	0.401183	0.214610	-1.650000
715	-0.371018	0.414250	0.262617	-1.650000
716	-0.179847	0.584662	0.063643	-1.650000
717	-0.216405	0.557769	0.142435	-1.650000
718	-0.398105	0.456029	-0.108514	-1.650000
719	-0.365365	0.467354	-0.162215	-1.650000
720	-0.607724	0.093120	-0.014992	-1.650000
721	-0.447983	0.395209	-0.146105	-1.650000
722	-0.545243	0.268061	0.095279	-1.650000
723	-0.597574	0.142051	0.030859	-1.650000
724	-0.381468	0.481141	0.034789	-1.650000
725	-0.408391	0.448321	0.102225	-1.650000
726	-0.357192	0.498245	0.048895	-1.650000
727	-0.408523	0.459606	-0.009844	-1.650000
728	-0.485861	0.348160	-0.144737	-1.650000
729	-0.404002	0.463290	0.019244	-1.650000
730	-0.518445	0.323837	-0.067595	-1.650000
731	-0.483322	0.379542	-0.023931	-1.650000
732	-0.347127	0.476595	-0.174886	-1.650000
733	-0.416208	0.449966	0.050263	-1.650000
734	-0.291787	0.537649	-0.063394	-1.650000
735	-0.437891	0.426956	-0.064688	-1.650000
736	-0.573677	0.213336	-0.060065	-1.650000
737	-0.205885	0.573615	0.082478	-1.650000
738	-0.267342	0.508436	0.219651	-1.650000
739	-0.482363	0.381486	-0.004375	-1.650000
740	-0.276828	0.534308	-0.126911	-1.650000
741	-0.286262	0.542837	0.040083	-1.650000
742	-0.478947	0.351769	0.158408	-1.650000
743	-0.238454	0.537716	0.179518	-1.650000
744	-0.390891	0.474675	0.010594	-1.650000
745	-0.263185	0.554924	-0.031907	-1.650000
746	-0.077429	0.591348	0.150124	-1.650000
747	-0.512820	0.329550	-0.081475	-1.650000
748	-0.375789	0.458666	0.163195	-1.650000
749	-0.433420	0.436168	0.011378	-1.650000
750	-0.350175	0.499491	0.078171	-1.650000
751	-0.528005	0.315269	-0.006448	-1.650000
752	-0.393114	0.464246	0.090345	-1.650000
753	-0.511445	0.176376	0.292473	-1.650000
754	-0.519726	0.193171	0.266073	-1.650000
755	-0.574494	0.193358	-0.103893	-1.650000
756	-0.395059	0.470509	-0.027832	-1.650000
757	-0.339034	0.500150	0.114589	-1.650000
758	-0.537856	0.278129	0.107612	-1.650000
759	-0.400929	0.445774	0.136992	-1.650000
760	-0.600643	0.130724	0.019094	-1.650000
761	-0.597984	0.016425	-0.142724	-1.650000
762	-0.561726	0.226170	0.107406	-1.650000
763	-0.560776	0.245989	0.056959	-1.650000
764	-0.539619	0.064888	-0.287795	-1.650000
765	-0.433512	0.394652	0.185854	-1.650000
766	-0.515303	0.261003	0.211105	-1.650000
767	-0.430579	0.357496	0.254997	-1.650000
768	-0.552970	0.190019	-0.190636	-1.650000
769	-0.525994	0.307204	0.084743	-1.650000
770	-0.549759	0.271890	0.045447	-1.650000
771	-0.401825	0.465051	-0.022118	-1.650000
772	-0.401841	0.465407	-0.012013	-1.650000
773	-0.352633	0.492086	-0.108289	-1.650000
774	-0.474110	0.390175	0.034753	-1.650000
775	-0.413140	0.420392	0.175531	-1.650000
776	-0.585861	0.144871	0.118341	-1.650000
777	-0.551278	0.268536	0.046965	-1.650000
778	-0.341754	0.502613	-0.093860	-1.650000
779	-0.293435	0.526305	0.122982	-1.650000
780	-0.294300	0.539932	-0.009249	-1.650000
781	-0.337111	0.497691	0.129943	-1.650000
782	-0.444752	0.422283	0.045805	-1.650000
783	-0.391915	0.466240	0.085135	-1.650000
784	-0.459611	0.353840	0.204400	-1.650000
785	-0.505974	0.347630	-0.037000	-1.650000
786	-0.377796	0.312851	0.370971	-1.650000
787	-0.229571	0.364642	0.438815	-1.650000
788	-0.324957	0.482745	0.198960	-1.650000
789	-0.402055	0.440990	0.148675	-1.650000
790	-0.468190	0.392235	-0.071936	-1.650000
791	-0.406181	0.375107	-0.269326	-1.650000
792	-0.472054	0.394033	-0.011306	-1.650000
793	-0.528387	0.249856	0.191323	-1.650000
794	-0.402948	0.236423	0.399953	-1.650000
795	-0.425411	0.166673	0.411668	-1.650000
796	-0.480077	0.367362	0.113119	-1.650000
797	-0.579465	0.201135	0.044605	-1.650000
798	-0.427211	0.435859	0.075776	-1.650000
799	-0.502657	0.307244	-0.176529	-1.650000
800	-0.398911	0.467925	0.011886	-1.650000
801	-0.308636	0.484733	-0.219095	-1.650000
802	-0.504652	0.348580	-0.045201	-1.650000
803	-0.480182	0.355162	0.146663	-1.650000
804	-0.398864	0.451854	-0.122312	-1.650000
805	-0.447744	0.333287	0.258206	-1.650000
806	-0.337982	0.457207	0.234425	-1.650000
807	-0.514007	0.335024	0.042202	-1.650000
808	-0.415310	0.396197	0.220840	-1.650000
809	-0.538613	0.242466	0.171265	-1.650000
810	-0.521455	0.303270	-0.119735	-1.650000
811	-0.411373	0.456146	0.030473	-1.650000
812	-0.492330	0.328411	0.167280	-1.650000
813	-0.388802	0.470865	0.073106	-1.650000
814	-0.165253	0.585010	0.093164	-1.650000
815	-0.287696	0.531992	0.111536	-1.650000
816	-0.318827	0.521389	0.068764	-1.650000
817	-0.444688	0.420403	0.061146	-1.650000
818	-0.523802	0.291959	-0.136440	-1.650000
819	-0.553182	0.206714	0.171710	-1.650000
820	-0.586632	0.132400	0.128678	-1.650000
821	-0.394060	0.466573	0.072468	-1.650000
822	-0.574702	0.218642	0.011761	-1.650000
823	-0.312869	0.529459	0.003215	-1.650000
824	-0.381649	0.455137	0.159432	-1.650000
825	-0.265597	0.554231	-0.022599	-1.650000
826	-0.371780	0.489165	-0.026872	-1.650000
827	-0.469438	0.393854	0.052272	-1.650000
828	-0.479745	0.348044	0.164121	-1.650000
829	-0.398226	0.463186	0.071410	-1.650000
830	-0.526886	0.292398	-0.122963	-1.650000
831	-0.250646	0.559114	-0.052849	-1.650000
832	-0.381484	0.443065	0.190757	-1.650000
833	-0.564126	0.203772	-0.135880	-1.650000
834	-0.437067	0.424834	0.081935	-1.650000
835	-0.548570	0.277972	0.005246	-1.650000
836	-0.434601	0.429050	-0.072547	-1.650000
837	-0.505078	0.345128	-0.063314	-1.650000
838	-0.416457	0.421336	0.165121	-1.650000
839	-0.386538	0.455991	0.144518	-1.650000
840	-0.354292	0.501664	-0.032174	-1.650000
841	-0.375285	0.455058	0.174092	-1.650000
842	-0.415335	0.380032	0.247584	-1.650000
843	-0.290918	0.533249	-0.096112	-1.650000
844	-0.587570	0.171198	-0.060641	-1.650000
845	-0.321149	0.384934	-0.356251	-1.650000
846	-0.176135	0.553001	-0.203447	-1.650000
847	-0.391880	0.463424	0.099464	-1.650000
848	-0.373205	0.488743	0.008594	-1.650000
849	-0.389670	0.443258	0.172929	-1.650000
850	-0.448522	0.406010	-0.110493	-1.650000
