1	-0.599785	0.126927	-0.048707	-2.500000
2	-0.482285	0.061710	-0.376587	-2.500000
3	-0.596467	-0.131620	-0.071613	-2.500000
4	-0.587336	0.067044	-0.169606	-2.500000
5	-0.603851	0.066185	0.095959	-2.500000
6	-0.581381	0.171234	-0.104401	-2.500000
7	-0.589367	0.026024	0.173766	-2.500000
8	-0.535065	0.297879	-0.056557	-2.500000
9	-0.533160	0.156284	-0.263705	-2.500000
10	-0.586133	0.113411	0.147685	-2.500000
11	-0.591267	-0.022013	0.167760	-2.500000
12	-0.554946	-0.227996	0.135197	-2.500000
13	-0.488235	-0.311353	-0.207149	-2.500000
14	-0.597568	0.016260	-0.144477	-2.500000
15	-0.590666	-0.069729	0.156451	-2.500000
16	-0.595737	0.126918	-0.084934	-2.500000
17	-0.543610	0.279611	0.067313	-2.500000
18	-0.547259	0.271467	-0.070978	-2.500000
19	-0.552728	0.102577	0.249389	-2.500000
20	-0.614227	0.019604	0.023785	-2.500000
21	-0.568408	0.097365	0.213677	-2.500000
22	-0.599084	0.073536	0.117964	-2.500000
23	-0.612476	-0.049962	0.024522	-2.500000
24	-0.599739	-0.061370	-0.121538	-2.500000
25	-0.596139	0.129677	-0.077636	-2.500000
26	-0.573048	0.065228	0.213510	-2.500000
27	-0.597551	0.117816	0.085306	-2.500000
28	-0.501412	0.313659	0.168610	-2.500000
29	-0.568304	0.044281	0.230857	-2.500000
30	-0.608250	0.042141	0.080507	-2.500000
31	-0.613126	0.040426	0.025838	-2.500000
32	-0.596434	-0.103352	0.108674	-2.500000
33	-0.585147	0.091315	0.165799	-2.500000
34	-0.569314	0.231681	0.020738	-2.500000
35	-0.609157	-0.047987	-0.069644	-2.500000
36	-0.580854	0.158362	-0.125517	-2.500000
37	-0.547414	0.261843	0.100005	-2.500000
38	-0.575200	0.105647	0.190284	-2.500000
39	-0.594123	0.117055	0.107430	-2.500000
40	-0.591642	-0.137926	0.095714	-2.500000
41	-0.590537	-0.161099	0.059487	-2.500000
42	-0.573891	0.035815	0.218154	-2.500000
43	-0.611137	0.046752	-0.050509	-2.500000
44	-0.610364	-0.058067	0.048052	-2.500000
45	-0.612959	0.048635	-0.011846	-2.500000
46	-0.581628	0.197705	-0.029101	-2.500000
47	-0.569159	0.096381	0.212117	-2.500000
48	-0.603158	0.120018	-0.004634	-2.500000
49	-0.602522	0.080357	0.093459	-2.500000
50	-0.572451	0.213775	-0.069463	-2.500000
51	-0.521164	0.242342	0.218823	-2.500000
52	-0.604670	-0.097783	0.055112	-2.500000
53	-0.596440	-0.059300	-0.137723	-2.500000
54	-0.584692	0.189130	-0.024302	-2.500000
55	-0.588016	0.177133	-0.032958	-2.500000
56	-0.611933	-0.004710	0.061160	-2.500000
57	-0.544683	0.285128	-0.015749	-2.500000
58	-0.521961	0.257848	0.198232	-2.500000
59	-0.589251	-0.171323	-0.040701	-2.500000
60	-0.543464	-0.264878	0.112744	-2.500000
61	-0.608530	0.001740	-0.088955	-2.500000
62	-0.607914	0.071980	-0.059025	-2.500000
63	-0.581659	0.196783	-0.034268	-2.500000
64	-0.561350	0.248043	0.039828	-2.500000
65	-0.596087	-0.001703	-0.151334	-2.500000
66	-0.586788	0.067387	-0.171358	-2.500000
67	-0.554806	0.092021	-0.248893	-2.500000
68	-0.581571	-0.118335	0.161237	-2.500000
69	-0.601826	0.040981	0.119795	-2.500000
70	-0.578050	-0.209741	0.009585	-2.500000
71	-0.554688	-0.264113	0.028110	-2.500000
72	-0.604731	0.059988	-0.094482	-2.500000
73	-0.574652	0.073638	-0.206342	-2.500000
74	-0.578755	0.207089	-0.019546	-2.500000
75	-0.563062	0.061188	0.239671	-2.500000
76	-0.569812	0.104662	-0.206361	-2.500000
77	-0.549255	-0.063959	0.269171	-2.500000
78	-0.585833	-0.043080	0.182122	-2.500000
79	-0.600460	-0.123423	-0.049387	-2.500000
80	-0.590054	-0.120908	0.124270	-2.500000
81	-0.611077	0.065355	0.023205	-2.500000
82	-0.576724	0.029125	-0.211579	-2.500000
83	-0.610390	0.073803	-0.014218	-2.500000
84	-0.585276	0.188820	0.004908	-2.500000
85	-0.610458	0.066813	-0.033204	-2.500000
86	-0.578738	-0.174210	0.113745	-2.500000
87	-0.605466	-0.055960	0.092217	-2.500000
88	-0.588086	0.156060	0.089581	-2.500000
89	-0.608345	-0.088341	-0.018371	-2.500000
90	-0.599666	-0.034395	-0.132071	-2.500000
91	-0.565956	-0.219905	-0.097781	-2.500000
92	-0.559663	0.212444	0.140960	-2.500000
93	-0.577922	0.178208	0.111681	-2.500000
94	-0.577984	0.091482	0.189182	-2.500000
95	-0.607806	-0.032839	-0.087856	-2.500000
96	-0.614614	0.017407	-0.013114	-2.500000
97	-0.554732	0.196197	-0.178898	-2.500000
98	-0.590520	-0.126332	-0.116409	-2.500000
99	-0.248863	0.109715	-0.551593	-2.500000
100	-0.594305	-0.152702	0.041342	-2.500000
101	-0.609707	0.011268	-0.079724	-2.500000
102	-0.608948	0.066528	-0.054603	-2.500000
103	-0.550763	-0.262537	0.077196	-2.500000
104	-0.572395	0.177943	0.137571	-2.500000
105	-0.571625	-0.021974	0.225803	-2.500000
106	-0.602475	-0.020490	-0.121776	-2.500000
107	-0.595960	0.141554	-0.054946	-2.500000
108	-0.526827	-0.269976	0.166709	-2.500000
109	-0.591931	-0.166677	0.007841	-2.500000
110	-0.588103	0.175585	-0.039104	-2.500000
111	-0.529158	-0.025295	0.312373	-2.500000
112	-0.612424	-0.050036	0.025658	-2.500000
113	-0.585961	-0.016199	-0.186045	-2.500000
114	-0.367524	-0.270505	0.412284	-2.500000
115	-0.608871	-0.081175	0.030203	-2.500000
116	-0.609978	-0.077970	0.008500	-2.500000
117	-0.562695	-0.140670	-0.204477	-2.500000
118	-0.566029	0.035453	0.237863	-2.500000
119	-0.607195	-0.056187	-0.079885	-2.500000
120	-0.576830	-0.093478	-0.191712	-2.500000
121	-0.583090	-0.190450	-0.044267	-2.500000
122	-0.602785	0.064125	-0.103748	-2.500000
123	-0.595000	0.130173	0.085174	-2.500000
124	-0.596271	0.138470	0.059263	-2.500000
125	-0.602879	0.079001	0.092311	-2.500000
126	-0.591742	0.045708	0.161175	-2.500000
127	-0.614458	0.017463	-0.019001	-2.500000
128	-0.602939	-0.044560	0.112713	-2.500000
129	-0.535425	0.204847	-0.222672	-2.500000
130	-0.570191	-0.105366	0.204951	-2.500000
131	-0.598212	0.089047	0.111524	-2.500000
132	-0.536792	0.144667	-0.262965	-2.500000
133	-0.603134	0.118365	0.021067	-2.500000
134	-0.574411	0.171835	0.136928	-2.500000
135	-0.614770	-0.002477	-0.016624	-2.500000
136	-0.603747	0.069861	-0.093986	-2.500000
137	-0.563936	-0.090537	0.228045	-2.500000
138	-0.599736	-0.131649	0.034784	-2.500000
139	-0.577039	-0.033306	0.210099	-2.500000
140	-0.606372	-0.030892	-0.097894	-2.500000
141	-0.584261	0.181564	-0.062440	-2.500000
142	-0.611761	-0.022066	0.059043	-2.500000
143	-0.604171	0.103289	0.050340	-2.500000
144	-0.603801	-0.098936	0.062139	-2.500000
145	-0.613227	0.035604	-0.030170	-2.500000
146	-0.608928	-0.021720	0.083427	-2.500000
147	-0.515961	0.029492	0.333376	-2.500000
148	-0.580141	0.140609	-0.147954	-2.500000
149	-0.603845	-0.085394	-0.079395	-2.500000
150	-0.607329	-0.088463	0.039372	-2.500000
151	-0.553374	0.234601	0.130250	-2.500000
152	-0.612258	0.055654	-0.016379	-2.500000
153	-0.608037	0.042244	0.082049	-2.500000
154	-0.565146	0.200161	0.137004	-2.500000
155	-0.530761	0.306961	-0.047875	-2.500000
156	-0.612046	0.059167	-0.011120	-2.500000
157	-0.601430	-0.056739	0.115274	-2.500000
158	-0.593338	0.161754	0.003225	-2.500000
159	-0.608078	0.002479	0.091980	-2.500000
160	-0.564177	0.206822	0.130976	-2.500000
161	-0.581597	0.137669	0.144971	-2.500000
162	-0.549855	0.196747	-0.192810	-2.500000
163	-0.606228	0.099327	0.029107	-2.500000
164	-0.606272	-0.018840	-0.101510	-2.500000
165	-0.596427	0.005049	-0.149914	-2.500000
166	-0.596159	-0.019292	0.149824	-2.500000
167	-0.606114	0.011787	-0.103496	-2.500000
168	-0.571911	-0.030641	-0.224063	-2.500000
169	-0.599629	-0.071472	0.116456	-2.500000
170	-0.609504	0.043025	0.069847	-2.500000
171	-0.571029	-0.003137	0.228345	-2.500000
172	-0.613028	-0.008712	-0.048432	-2.500000
173	-0.611461	0.014219	0.064334	-2.500000
174	-0.576673	0.115569	0.179769	-2.500000
175	-0.601710	0.115460	-0.053279	-2.500000
176	-0.503023	0.353726	-0.008391	-2.500000
177	-0.609939	0.017710	0.076716	-2.500000
178	-0.516943	-0.301750	0.141217	-2.500000
179	-0.584910	0.022511	0.188675	-2.500000
180	-0.581945	-0.185382	0.072101	-2.500000
181	-0.609167	0.079788	-0.027838	-2.500000
182	-0.582908	-0.061327	-0.186230	-2.500000
183	-0.612268	0.055321	0.017110	-2.500000
184	-0.604342	0.096270	0.061059	-2.500000
185	-0.585718	-0.086704	0.166257	-2.500000
186	-0.595074	-0.103620	0.115652	-2.500000
187	-0.595016	-0.143434	0.060069	-2.500000
188	-0.586409	-0.101348	-0.155171	-2.500000
189	-0.609931	0.028498	-0.073466	-2.500000
190	-0.602136	-0.122705	0.024516	-2.500000
191	-0.603450	0.112005	0.039095	-2.500000
192	-0.553419	0.248183	0.101770	-2.500000
193	-0.591650	-0.034928	0.164181	-2.500000
194	-0.610170	0.031255	0.070290	-2.500000
195	-0.575779	-0.112696	0.184401	-2.500000
196	-0.593063	-0.031552	-0.159705	-2.500000
197	-0.581638	0.083393	-0.181569	-2.500000
198	-0.606867	-0.097889	0.018834	-2.500000
199	-0.577033	0.206772	0.050040	-2.500000
200	-0.594231	0.148618	-0.055020	-2.500000
201	-0.604718	-0.050624	0.099891	-2.500000
202	-0.586667	-0.178286	0.047543	-2.500000
203	-0.597472	-0.142094	-0.032590	-2.500000
204	-0.559109	-0.254497	0.029213	-2.500000
205	-0.601166	-0.059192	-0.115414	-2.500000
206	-0.559246	0.032573	0.253786	-2.500000
207	-0.582763	-0.064027	0.185776	-2.500000
208	-0.601879	0.126361	0.000140	-2.500000
209	-0.607983	0.062380	-0.068485	-2.500000
210	-0.587839	-0.129393	-0.126204	-2.500000
211	-0.606220	0.046108	-0.092716	-2.500000
212	-0.554240	-0.243796	-0.107735	-2.500000
213	-0.575876	-0.183488	-0.113683	-2.500000
214	-0.608321	0.026857	-0.086308	-2.500000
215	-0.609564	-0.016979	-0.079803	-2.500000
216	-0.610802	0.047275	0.053956	-2.500000
217	-0.599597	-0.136408	-0.010096	-2.500000
218	-0.602030	0.115816	-0.048693	-2.500000
219	-0.573535	0.137367	0.174394	-2.500000
220	-0.561800	0.238606	-0.075321	-2.500000
221	-0.580819	0.105598	0.172406	-2.500000
222	-0.607900	0.093106	-0.003714	-2.500000
223	-0.575079	0.150470	0.157696	-2.500000
224	-0.613955	0.027240	0.023293	-2.500000
225	-0.614194	0.004002	0.031230	-2.500000
226	-0.576395	-0.213752	0.017443	-2.500000
227	-0.611135	0.022626	-0.065017	-2.500000
228	-0.603328	-0.063110	-0.101178	-2.500000
229	-0.612119	0.053101	-0.026749	-2.500000
230	-0.590343	-0.160877	0.061957	-2.500000
231	-0.589887	0.149720	0.088556	-2.500000
232	-0.593888	0.153491	0.044300	-2.500000
233	-0.606004	-0.102661	0.021086	-2.500000
234	-0.611431	0.060232	-0.027380	-2.500000
235	-0.605609	0.103359	-0.027920	-2.500000
236	-0.602902	0.115663	0.036832	-2.500000
237	-0.596522	-0.037598	0.144822	-2.500000
238	-0.601087	0.129265	0.014472	-2.500000
239	-0.503631	0.234674	-0.263646	-2.500000
240	-0.548148	0.254172	0.114698	-2.500000
241	-0.613321	-0.037018	-0.026308	-2.500000
242	-0.575696	0.092452	0.195582	-2.500000
243	-0.589596	0.159906	0.070934	-2.500000
244	-0.603126	-0.090043	0.079726	-2.500000
245	-0.590499	-0.169178	0.030236	-2.500000
246	-0.610529	-0.014689	0.072549	-2.500000
247	-0.597814	0.077149	-0.122029	-2.500000
248	-0.576939	-0.177608	-0.117567	-2.500000
249	-0.591757	0.166742	0.015664	-2.500000
250	-0.610618	0.071522	0.015988	-2.500000
251	-0.599396	0.005571	0.137543	-2.500000
252	-0.582721	0.194047	-0.031726	-2.500000
253	-0.601381	0.128699	0.001652	-2.500000
254	-0.585164	-0.176565	-0.068066	-2.500000
255	-0.607348	0.068543	-0.068230	-2.500000
256	-0.610189	0.009015	0.076242	-2.500000
257	-0.611589	-0.064124	0.008488	-2.500000
258	-0.584909	0.030548	0.187545	-2.500000
259	-0.541784	0.076995	-0.280654	-2.500000
260	-0.560046	0.254055	-0.005418	-2.500000
261	-0.567793	0.194035	0.134857	-2.500000
262	-0.554966	0.224463	0.140904	-2.500000
263	-0.583609	0.186945	0.051737	-2.500000
264	-0.607162	0.073740	-0.064357	-2.500000
265	-0.614865	0.007461	0.010478	-2.500000
266	-0.611482	0.064599	-0.011892	-2.500000
267	-0.611275	-0.054902	-0.039413	-2.500000
268	-0.599094	0.065837	-0.122378	-2.500000
269	-0.587276	0.147066	-0.108184	-2.500000
270	-0.609849	-0.040626	-0.068259	-2.500000
271	-0.592698	0.129572	-0.100722	-2.500000
272	-0.597247	0.132390	-0.063199	-2.500000
273	-0.607714	-0.014603	-0.093249	-2.500000
274	-0.614782	-0.013542	-0.009219	-2.500000
275	-0.580254	0.187308	0.080290	-2.500000
276	-0.605164	-0.098588	0.047767	-2.500000
277	-0.608241	-0.061113	-0.067328	-2.500000
278	-0.613534	0.013555	0.040220	-2.500000
279	-0.599241	-0.114715	0.077306	-2.500000
280	-0.564467	0.199740	0.140379	-2.500000
281	-0.604000	0.113079	0.024941	-2.500000
282	-0.591559	-0.144777	-0.085574	-2.500000
283	-0.601279	-0.107998	-0.070889	-2.500000
284	-0.609453	0.023557	0.078975	-2.500000
285	-0.592991	0.159187	-0.035299	-2.500000
286	-0.609064	0.013914	-0.084096	-2.500000
287	-0.578474	0.208272	-0.014684	-2.500000
288	-0.590605	0.155774	0.071731	-2.500000
289	-0.574303	-0.150101	0.160844	-2.500000
290	-0.603722	-0.083417	0.082382	-2.500000
291	-0.598033	0.102402	0.100478	-2.500000
292	-0.582215	0.197963	0.007835	-2.500000
293	-0.612929	-0.008882	0.049644	-2.500000
294	-0.590068	0.070703	-0.158259	-2.500000
295	-0.607899	0.078588	-0.050071	-2.500000
296	-0.596366	0.062098	0.136808	-2.500000
297	-0.572652	0.212635	0.071277	-2.500000
298	-0.608973	0.052175	0.068222	-2.500000
299	-0.571023	-0.070402	0.217258	-2.500000
300	-0.607157	-0.058421	-0.078566	-2.500000
301	-0.598328	-0.038198	0.137003	-2.500000
302	-0.594865	-0.084104	-0.131480	-2.500000
303	-0.442826	0.075187	-0.420092	-2.500000
304	-0.611314	0.057683	-0.034545	-2.500000
305	-0.596403	0.149782	0.009693	-2.500000
306	-0.609778	0.078259	-0.016462	-2.500000
307	-0.608423	-0.028517	0.085047	-2.500000
308	-0.604433	-0.102544	0.048682	-2.500000
309	-0.580959	-0.159095	0.124098	-2.500000
310	-0.588924	-0.167206	0.058618	-2.500000
311	-0.555644	-0.190643	-0.182045	-2.500000
312	-0.603345	-0.086716	-0.081735	-2.500000
313	-0.581769	-0.199420	0.001262	-2.500000
314	-0.600314	0.070415	0.113531	-2.500000
315	-0.597720	-0.129724	0.064247	-2.500000
316	-0.574124	-0.001656	-0.220462	-2.500000
317	-0.587820	0.137553	0.117351	-2.500000
318	-0.609923	-0.068225	0.039552	-2.500000
319	-0.593816	0.047587	-0.152783	-2.500000
320	-0.600386	0.133271	-0.000884	-2.500000
321	-0.604692	0.098091	0.054323	-2.500000
322	-0.553383	0.246561	-0.105829	-2.500000
323	-0.598524	0.138569	0.028155	-2.500000
324	-0.569583	0.128008	0.193426	-2.500000
325	-0.513873	0.169519	-0.292271	-2.500000
326	-0.605045	0.063780	-0.089875	-2.500000
327	-0.593465	0.129917	-0.095631	-2.500000
328	-0.468281	0.389630	-0.084416	-2.500000
329	-0.606335	0.054708	-0.087117	-2.500000
330	-0.596780	-0.062680	0.134721	-2.500000
331	-0.611616	-0.010750	0.063522	-2.500000
332	-0.609973	-0.010726	0.077739	-2.500000
333	-0.614247	0.025209	-0.017048	-2.500000
334	-0.598130	-0.020846	-0.141531	-2.500000
335	-0.605784	-0.091664	0.053370	-2.500000
336	-0.603418	0.095882	0.070128	-2.500000
337	-0.612149	0.045952	0.037243	-2.500000
338	-0.587607	0.063479	0.170040	-2.500000
339	-0.587530	-0.181749	-0.000857	-2.500000
340	-0.573656	-0.019890	-0.220790	-2.500000
341	-0.598597	0.141071	0.002381	-2.500000
342	-0.610949	-0.042929	0.055888	-2.500000
343	-0.591480	0.154808	-0.066418	-2.500000
344	-0.588112	0.068426	0.166333	-2.500000
345	-0.540740	0.268741	0.116635	-2.500000
346	-0.564909	0.049784	0.237959	-2.500000
347	-0.613403	0.036058	-0.025731	-2.500000
348	-0.594830	-0.127142	0.090760	-2.500000
349	-0.598796	0.125751	0.062084	-2.500000
350	-0.595655	0.027944	0.150463	-2.500000
351	-0.604917	0.110497	0.009544	-2.500000
352	-0.611633	0.036348	-0.053000	-2.500000
353	-0.611485	0.053935	-0.037441	-2.500000
354	-0.605154	0.048163	0.098458	-2.500000
355	-0.606808	0.046552	0.088556	-2.500000
356	-0.576817	0.202287	0.067731	-2.500000
357	-0.599836	0.037594	0.130417	-2.500000
358	-0.595488	-0.136747	0.070141	-2.500000
359	-0.600763	0.125414	-0.039754	-2.500000
360	-0.593027	0.158709	0.036824	-2.500000
361	-0.584913	-0.078114	-0.173207	-2.500000
362	-0.614560	0.008155	0.021782	-2.500000
363	-0.608684	-0.087609	0.007292	-2.500000
364	-0.555727	0.238670	0.111486	-2.500000
365	-0.605962	0.074547	-0.074008	-2.500000
366	-0.613262	0.045857	-0.005629	-2.500000
367	-0.599369	-0.058010	0.124967	-2.500000
368	-0.596176	-0.136300	-0.064974	-2.500000
369	-0.562156	0.180208	-0.172426	-2.500000
370	-0.614397	0.001653	0.027178	-2.500000
371	-0.601161	0.113239	-0.063303	-2.500000
372	-0.614065	0.033558	-0.004795	-2.500000
373	-0.575814	0.212300	0.039903	-2.500000
374	-0.605504	-0.037441	-0.100937	-2.500000
375	-0.609594	-0.030334	0.075498	-2.500000
376	-0.599813	0.047748	-0.127161	-2.500000
377	-0.614876	-0.012136	-0.002191	-2.500000
378	-0.551708	0.209186	0.173450	-2.500000
379	-0.612873	-0.001071	0.051096	-2.500000
380	-0.497090	0.283711	0.225022	-2.500000
381	-0.542113	0.262192	0.124877	-2.500000
382	-0.605265	-0.090463	0.060791	-2.500000
383	-0.581091	-0.182692	0.084746	-2.500000
384	-0.604973	0.056459	-0.095107	-2.500000
385	-0.610557	0.049837	-0.054418	-2.500000
386	-0.582365	0.088982	-0.176518	-2.500000
387	-0.613760	0.007004	0.038398	-2.500000
388	-0.614152	0.032160	0.002795	-2.500000
389	-0.602558	-0.111747	0.051592	-2.500000
390	-0.590681	-0.170165	0.019101	-2.500000
391	-0.613279	-0.021100	-0.040844	-2.500000
392	-0.606816	0.099340	0.011430	-2.500000
393	-0.611033	-0.035633	0.059948	-2.500000
394	-0.604308	0.010380	-0.113708	-2.500000
395	-0.612014	-0.004200	0.060381	-2.500000
396	-0.601035	-0.028430	0.127174	-2.500000
397	-0.539287	-0.271429	0.117133	-2.500000
398	-0.591660	-0.045342	0.161579	-2.500000
399	-0.614325	-0.028058	0.006546	-2.500000
400	-0.610753	-0.044881	-0.056498	-2.500000
401	-0.597465	-0.079859	-0.121996	-2.500000
402	-0.606694	0.047622	-0.088763	-2.500000
403	-0.609086	0.081545	-0.024288	-2.500000
404	-0.573765	0.124451	0.183115	-2.500000
405	-0.593163	-0.114980	0.114727	-2.500000
406	-0.594088	-0.156109	-0.030247	-2.500000
407	-0.613998	0.022815	-0.026652	-2.500000
408	-0.601428	0.029621	-0.125026	-2.500000
409	-0.610637	-0.000158	-0.073124	-2.500000
410	-0.586411	-0.184115	0.021192	-2.500000
411	-0.606624	0.061497	0.080316	-2.500000
412	-0.607118	-0.092916	0.031622	-2.500000
413	-0.612784	-0.017505	-0.049130	-2.500000
414	-0.601888	-0.010978	0.125839	-2.500000
415	-0.608290	-0.086528	-0.026844	-2.500000
416	-0.592455	-0.085181	0.141302	-2.500000
417	-0.588706	-0.177233	-0.015469	-2.500000
418	-0.613107	0.032127	0.035962	-2.500000
419	-0.605554	0.020138	0.105469	-2.500000
420	-0.611038	-0.069450	-0.005893	-2.500000
421	-0.588462	0.088175	-0.155444	-2.500000
422	-0.598400	0.123669	-0.069634	-2.500000
423	-0.591490	-0.123274	-0.114751	-2.500000
424	-0.612826	-0.051152	-0.007256	-2.500000
425	-0.587162	0.123904	-0.134589	-2.500000
426	-0.572962	-0.217883	-0.049668	-2.500000
427	-0.610063	-0.033684	-0.070099	-2.500000
428	-0.572934	0.223472	0.005696	-2.500000
429	-0.594923	0.058900	0.144299	-2.500000
430	-0.582512	0.021439	-0.196075	-2.500000
431	-0.579839	0.203975	-0.020143	-2.500000
432	-0.569264	0.189844	-0.134620	-2.500000
433	-0.529478	0.273552	-0.151814	-2.500000
434	-0.614640	0.013114	0.016445	-2.500000
435	-0.571725	-0.026786	0.225029	-2.500000
436	-0.593250	-0.037129	0.157799	-2.500000
437	-0.575243	0.125539	0.177651	-2.500000
438	-0.547516	-0.055930	-0.274451	-2.500000
439	-0.582999	-0.157144	-0.116801	-2.500000
440	-0.611611	-0.017281	0.062118	-2.500000
441	-0.597157	0.123600	0.079699	-2.500000
442	-0.608125	0.019980	0.089497	-2.500000
443	-0.579754	0.184593	0.089646	-2.500000
444	-0.564044	-0.143375	0.198803	-2.500000
445	-0.592128	0.160212	0.044064	-2.500000
446	-0.597795	0.045762	-0.137009	-2.500000
447	-0.611087	-0.033485	-0.060634	-2.500000
448	-0.588632	-0.177479	-0.015439	-2.500000
449	-0.580393	0.114315	0.168228	-2.500000
450	-0.611521	0.038329	0.052891	-2.500000
451	-0.600192	0.033769	0.129822	-2.500000
452	-0.605105	0.109851	0.002492	-2.500000
453	-0.580813	0.103505	0.173691	-2.500000
454	-0.608836	-0.081957	-0.028759	-2.500000
455	-0.594706	-0.086046	-0.130943	-2.500000
456	-0.598017	-0.142481	-0.017306	-2.500000
457	-0.610324	0.038449	-0.065205	-2.500000
458	-0.611408	-0.034099	0.056939	-2.500000
459	-0.592879	0.015990	-0.162678	-2.500000
460	-0.588616	-0.040528	-0.173532	-2.500000
461	-0.606841	0.079346	0.060608	-2.500000
462	-0.588563	0.111136	-0.139527	-2.500000
463	-0.610884	-0.056354	-0.043238	-2.500000
464	-0.613280	-0.002547	-0.045889	-2.500000
465	-0.569138	-0.120001	0.199767	-2.500000
466	-0.594141	0.123317	0.100070	-2.500000
467	-0.600998	0.128060	0.025043	-2.500000
468	-0.569714	0.224835	0.055678	-2.500000
469	-0.584247	-0.138787	-0.132734	-2.500000
470	-0.583787	-0.189987	0.036369	-2.500000
471	-0.609232	0.083944	0.003773	-2.500000
472	-0.603130	0.087570	0.082405	-2.500000
473	-0.552932	0.251024	-0.097355	-2.500000
474	-0.557137	0.171526	0.195964	-2.500000
475	-0.611598	-0.037176	0.052830	-2.500000
476	-0.590401	0.070162	-0.157256	-2.500000
477	-0.614343	0.013571	0.024971	-2.500000
478	-0.602999	-0.047813	-0.111046	-2.500000
479	-0.559772	0.127869	-0.220295	-2.500000
480	-0.612069	-0.031090	-0.051284	-2.500000
481	-0.600666	0.063064	0.115968	-2.500000
482	-0.582351	0.176255	0.089588	-2.500000
483	-0.604603	0.025869	-0.109597	-2.500000
484	-0.607584	-0.052279	0.079584	-2.500000
485	-0.604988	0.048854	0.099135	-2.500000
486	-0.577501	-0.089862	-0.191421	-2.500000
487	-0.565660	0.110056	-0.214806	-2.500000
488	-0.593318	0.095785	-0.130478	-2.500000
489	-0.607483	0.081740	0.050079	-2.500000
490	-0.599810	0.121441	-0.060866	-2.500000
491	-0.555480	0.255871	0.064782	-2.500000
492	-0.520899	0.279552	0.169527	-2.500000
493	-0.608691	0.083952	-0.025927	-2.500000
494	-0.613924	0.035315	-0.008704	-2.500000
495	-0.579572	-0.042627	-0.201258	-2.500000
496	-0.614081	-0.028143	-0.018383	-2.500000
497	-0.599821	0.128328	0.044400	-2.500000
498	-0.607850	0.036479	-0.086094	-2.500000
499	-0.608678	0.081018	-0.034242	-2.500000
500	-0.570349	0.002128	0.230049	-2.500000
501	-0.609546	0.058244	-0.057330	-2.500000
502	-0.609228	-0.084051	-0.001333	-2.500000
503	-0.609894	-0.030009	-0.073173	-2.500000
504	-0.613999	-0.032141	-0.014024	-2.500000
505	-0.600181	-0.083895	-0.104737	-2.500000
506	-0.593829	-0.132326	-0.089900	-2.500000
507	-0.560047	0.245464	-0.065726	-2.500000
508	-0.583235	-0.194469	-0.015620	-2.500000
509	-0.610841	-0.070950	0.008036	-2.500000
510	-0.612647	-0.050474	0.018478	-2.500000
511	-0.606392	0.000013	-0.102534	-2.500000
512	-0.603210	-0.055391	-0.106274	-2.500000
513	-0.611053	0.011900	-0.068538	-2.500000
514	-0.602915	-0.116056	-0.035350	-2.500000
515	-0.609475	0.050709	-0.064756	-2.500000
516	-0.612926	0.033174	0.038027	-2.500000
517	-0.614874	-0.003664	-0.011883	-2.500000
518	-0.572025	0.221036	0.046423	-2.500000
519	-0.608814	0.049533	0.071535	-2.500000
520	-0.606163	-0.038352	-0.096541	-2.500000
521	-0.612970	-0.004147	-0.049750	-2.500000
522	-0.610614	0.072712	-0.009425	-2.500000
523	-0.591316	0.105524	-0.132043	-2.500000
524	-0.606821	0.074545	-0.066601	-2.500000
525	-0.529133	0.054679	-0.308631	-2.500000
526	-0.611659	-0.016310	-0.061904	-2.500000
527	-0.592305	-0.066125	-0.151748	-2.500000
528	-0.588857	-0.098364	-0.147637	-2.500000
529	-0.597230	0.078696	0.123886	-2.500000
530	-0.609729	0.001954	-0.080321	-2.500000
531	-0.599223	0.133930	-0.034918	-2.500000
532	-0.596119	0.145511	-0.041153	-2.500000
533	-0.562006	-0.204150	-0.143866	-2.500000
534	-0.591877	-0.031968	0.163964	-2.500000
535	-0.602582	0.101618	0.069239	-2.500000
536	-0.608997	0.070100	-0.049334	-2.500000
537	-0.554248	0.002172	-0.266513	-2.500000
538	-0.599794	0.128932	-0.043000	-2.500000
539	-0.606143	-0.041474	0.095371	-2.500000
540	-0.565748	0.227235	-0.080733	-2.500000
541	-0.603465	0.118127	0.010050	-2.500000
542	-0.591218	-0.142484	0.091570	-2.500000
543	-0.561019	-0.197576	0.156354	-2.500000
544	-0.600004	-0.113104	-0.073675	-2.500000
545	-0.587961	0.174555	-0.045364	-2.500000
546	-0.606727	-0.011057	-0.099925	-2.500000
547	-0.612428	-0.024565	-0.050534	-2.500000
548	-0.608923	0.086232	0.001339	-2.500000
549	-0.602621	0.070616	0.100429	-2.500000
550	-0.602747	0.116188	0.037700	-2.500000
551	-0.606847	-0.010923	0.099211	-2.500000
552	-0.593097	-0.153873	-0.052769	-2.500000
553	-0.611747	0.047147	-0.042041	-2.500000
554	-0.612155	0.033459	-0.048701	-2.500000
555	-0.606393	-0.058882	-0.083934	-2.500000
556	-0.584050	-0.118202	-0.152114	-2.500000
557	-0.601816	0.086240	0.092764	-2.500000
558	-0.608803	0.086872	0.006136	-2.500000
559	-0.603684	0.099347	0.062619	-2.500000
560	-0.600231	-0.132933	0.016617	-2.500000
561	-0.602013	0.008511	-0.125430	-2.500000
562	-0.591871	0.149582	-0.074422	-2.500000
563	-0.607288	-0.050438	0.082956	-2.500000
564	-0.585563	0.187634	-0.011594	-2.500000
565	-0.589098	0.037504	0.172574	-2.500000
566	-0.564223	0.210707	-0.124417	-2.500000
567	-0.596027	-0.142042	0.052922	-2.500000
568	-0.602280	-0.100726	0.073060	-2.500000
569	-0.549741	-0.191826	-0.198023	-2.500000
570	-0.607560	-0.037556	0.087664	-2.500000
571	-0.596921	0.099470	0.109615	-2.500000
572	-0.603146	-0.106472	0.055714	-2.500000
573	-0.601525	-0.016167	0.127007	-2.500000
574	-0.604528	-0.064835	-0.092562	-2.500000
575	-0.612839	0.051062	0.006773	-2.500000
576	-0.599193	0.132448	0.040618	-2.500000
577	-0.549530	0.270381	0.055996	-2.500000
578	-0.591979	-0.051725	-0.158463	-2.500000
579	-0.605639	-0.106866	-0.002512	-2.500000
580	-0.600765	0.074464	0.108450	-2.500000
581	-0.595370	-0.097889	0.119069	-2.500000
582	-0.604138	-0.090021	-0.071679	-2.500000
583	-0.598730	0.032538	-0.136707	-2.500000
584	-0.608689	-0.062771	0.061506	-2.500000
585	-0.560656	0.246861	0.054312	-2.500000
586	-0.578412	0.208296	-0.016651	-2.500000
587	-0.609694	-0.074558	0.030651	-2.500000
588	-0.600034	-0.015559	-0.133948	-2.500000
589	-0.564463	-0.243077	-0.022803	-2.500000
590	-0.588211	0.175779	0.036527	-2.500000
591	-0.613583	0.029992	-0.029014	-2.500000
592	-0.587628	0.181394	-0.003771	-2.500000
593	-0.553739	0.231657	0.133917	-2.500000
594	-0.613383	0.020255	-0.039704	-2.500000
595	-0.612912	-0.023632	-0.044786	-2.500000
596	-0.585997	-0.158169	0.099073	-2.500000
597	-0.613657	-0.007717	0.039888	-2.500000
598	-0.607090	0.076480	0.061785	-2.500000
599	-0.604681	0.077479	0.081133	-2.500000
600	-0.613835	0.001964	0.037790	-2.500000
601	-0.596904	0.037969	0.143141	-2.500000
602	-0.603896	0.116324	0.001818	-2.500000
603	-0.611656	0.063258	0.010026	-2.500000
604	-0.612640	0.007185	0.053343	-2.500000
605	-0.591421	0.050734	-0.160848	-2.500000
606	-0.610631	-0.007076	0.072835	-2.500000
607	-0.589442	0.135909	0.110959	-2.500000
608	-0.595588	0.035859	0.149044	-2.500000
609	-0.611833	0.022612	0.058083	-2.500000
610	-0.612746	-0.002453	0.052544	-2.500000
611	-0.607164	0.097379	0.009730	-2.500000
612	-0.614191	0.022488	-0.022106	-2.500000
613	-0.596006	-0.108930	-0.105530	-2.500000
614	-0.583846	-0.037210	-0.189644	-2.500000
615	-0.597898	0.120711	0.078561	-2.500000
616	-0.604170	0.102097	-0.052728	-2.500000
617	-0.607409	0.074361	-0.061238	-2.500000
618	-0.568307	-0.029410	0.233210	-2.500000
619	-0.597759	0.128351	0.066595	-2.500000
620	-0.599883	-0.100906	0.090460	-2.500000
621	-0.603843	-0.110543	-0.037133	-2.500000
622	-0.529205	0.041482	-0.310558	-2.500000
623	-0.591599	-0.067067	-0.154070	-2.500000
624	-0.607586	-0.060895	0.073185	-2.500000
625	-0.608608	0.088407	-0.002247	-2.500000
626	-0.606275	0.070543	0.075359	-2.500000
627	-0.608020	0.013471	0.091410	-2.500000
628	-0.608422	-0.045505	0.077309	-2.500000
629	-0.548138	0.016638	-0.278375	-2.500000
630	-0.541353	-0.264572	-0.123138	-2.500000
631	-0.595554	0.007999	0.153221	-2.500000
632	-0.592271	0.149325	0.071705	-2.500000
633	-0.603288	-0.051003	-0.108016	-2.500000
634	-0.601599	-0.036101	-0.122475	-2.500000
635	-0.590954	0.168442	-0.025009	-2.500000
636	-0.606070	-0.081997	-0.064658	-2.500000
637	-0.565033	0.198514	0.139838	-2.500000
638	-0.597637	0.145094	-0.001653	-2.500000
639	-0.528541	-0.225529	0.219102	-2.500000
640	-0.582695	-0.196640	0.004932	-2.500000
641	-0.586973	0.074469	-0.167755	-2.500000
642	-0.593223	-0.135336	-0.089415	-2.500000
643	-0.597610	-0.143339	0.023255	-2.500000
644	-0.585618	0.073887	-0.172678	-2.500000
645	-0.612935	0.001125	0.050348	-2.500000
646	-0.598872	0.129152	-0.053824	-2.500000
647	-0.614699	0.019192	0.001148	-2.500000
648	-0.563514	-0.037116	0.243514	-2.500000
649	-0.603459	0.054007	0.105570	-2.500000
650	-0.588440	-0.157271	0.085028	-2.500000
651	-0.614550	-0.011033	0.020771	-2.500000
652	-0.592875	-0.087748	-0.137931	-2.500000
653	-0.611512	-0.012966	-0.064106	-2.500000
654	-0.577384	0.040304	-0.207913	-2.500000
655	-0.614648	0.020334	0.004335	-2.500000
656	-0.598610	0.044498	-0.133834	-2.500000
657	-0.607097	0.087321	-0.045095	-2.500000
658	-0.598404	0.112678	-0.086264	-2.500000
659	-0.614397	-0.017902	0.020514	-2.500000
660	-0.595266	0.154389	-0.006884	-2.500000
661	-0.575568	0.216663	-0.002002	-2.500000
662	-0.598806	-0.043158	0.133392	-2.500000
663	-0.559016	0.256244	0.008045	-2.500000
664	-0.611724	0.061564	0.015109	-2.500000
665	-0.610257	0.073893	0.018757	-2.500000
666	-0.573421	0.016962	0.221642	-2.500000
667	-0.608864	-0.048544	0.071782	-2.500000
668	-0.509147	-0.321910	-0.123968	-2.500000
669	-0.610113	0.037624	0.067611	-2.500000
670	-0.614027	-0.022234	0.026489	-2.500000
671	-0.589997	-0.087135	0.150120	-2.500000
672	-0.588885	0.122711	-0.127988	-2.500000
673	-0.582888	-0.169837	0.098093	-2.500000
674	-0.607232	-0.089648	-0.038174	-2.500000
675	-0.588681	0.176755	0.020899	-2.500000
676	-0.563781	-0.144834	0.198493	-2.500000
677	-0.609527	0.055459	-0.060221	-2.500000
678	-0.505609	0.346409	-0.050844	-2.500000
679	-0.604546	0.101386	0.049700	-2.500000
680	-0.577604	0.169752	-0.125631	-2.500000
681	-0.614682	-0.015758	0.011956	-2.500000
682	-0.612740	0.040769	-0.033364	-2.500000
683	-0.592720	-0.156467	-0.049252	-2.500000
684	-0.554658	0.219845	-0.149155	-2.500000
685	-0.600276	-0.111445	-0.073983	-2.500000
686	-0.577572	0.177362	-0.114796	-2.500000
687	-0.559915	-0.195685	0.162565	-2.500000
688	-0.602878	0.083404	0.088355	-2.500000
689	-0.613134	-0.027582	0.039134	-2.500000
690	-0.599239	0.138309	-0.002926	-2.500000
691	-0.612924	0.036809	0.034558	-2.500000
692	-0.554254	-0.159113	0.213801	-2.500000
693	-0.595106	-0.054889	0.145123	-2.500000
694	-0.549056	0.189037	-0.202554	-2.500000
695	-0.577520	0.194470	0.082927	-2.500000
696	-0.609123	0.001482	-0.084802	-2.500000
697	-0.539856	0.102899	0.276030	-2.500000
698	-0.613642	-0.029601	-0.028147	-2.500000
699	-0.601141	-0.052940	-0.118542	-2.500000
700	-0.583018	-0.177701	0.082079	-2.500000
701	-0.603984	-0.091434	0.071191	-2.500000
702	-0.612572	0.042645	0.034082	-2.500000
703	-0.589054	0.176509	0.009256	-2.500000
704	-0.599603	-0.029761	0.133477	-2.500000
705	-0.552094	0.260744	0.073685	-2.500000
706	-0.608303	0.041624	0.080372	-2.500000
707	-0.612211	-0.053881	-0.022787	-2.500000
708	-0.569263	0.220395	-0.074773	-2.500000
709	-0.591927	-0.115208	-0.120723	-2.500000
710	-0.557076	0.104032	0.238891	-2.500000
711	-0.554348	0.264586	0.030299	-2.500000
712	-0.569680	0.142408	0.182781	-2.500000
713	-0.570998	0.036750	0.225468	-2.500000
714	-0.573025	-0.104328	-0.197442	-2.500000
715	-0.602542	0.120008	0.027680	-2.500000
716	-0.571303	-0.071177	0.216268	-2.500000
717	-0.599513	-0.128934	0.046744	-2.500000
718	-0.558868	-0.082313	-0.243139	-2.500000
719	-0.484170	0.158621	-0.344447	-2.500000
720	-0.417600	0.421622	-0.161462	-2.500000
721	-0.576474	0.191847	-0.095380	-2.500000
722	-0.603745	-0.004725	0.117023	-2.500000
723	-0.613288	0.018467	-0.041976	-2.500000
724	-0.608141	0.029944	0.086560	-2.500000
725	-0.579452	-0.159452	-0.130521	-2.500000
726	-0.600632	-0.129415	0.026803	-2.500000
727	-0.555722	-0.241598	-0.105014	-2.500000
728	-0.508066	-0.094800	-0.333327	-2.500000
729	-0.610159	-0.031269	-0.070376	-2.500000
730	-0.613767	0.025774	0.029167	-2.500000
731	-0.607322	0.061572	0.074788	-2.500000
732	-0.608679	0.072567	0.049688	-2.500000
733	-0.577851	0.021598	0.209395	-2.500000
734	-0.583496	-0.050371	0.187669	-2.500000
735	-0.572710	0.095364	-0.202816	-2.500000
736	-0.590552	-0.085644	-0.148788	-2.500000
737	-0.612786	-0.027386	0.044370	-2.500000
738	-0.612972	0.027725	-0.041498	-2.500000
739	-0.591578	0.044432	0.162132	-2.500000
740	-0.604227	-0.106688	-0.041862	-2.500000
741	-0.609315	0.010854	0.082721	-2.500000
742	-0.582141	0.120739	-0.157351	-2.500000
743	-0.596822	0.147145	-0.019413	-2.500000
744	-0.552731	0.268427	0.025706	-2.500000
745	-0.581015	0.190080	-0.067204	-2.500000
746	-0.556253	0.041143	0.259065	-2.500000
747	-0.605190	0.048263	-0.098186	-2.500000
748	-0.592607	-0.023393	-0.162773	-2.500000
749	-0.599220	0.118964	0.070765	-2.500000
750	-0.561591	0.192009	-0.161160	-2.500000
751	-0.577197	0.130911	0.167127	-2.500000
752	-0.569056	0.169112	0.160628	-2.500000
753	-0.570494	0.113079	-0.199938	-2.500000
754	-0.589607	0.094197	-0.147361	-2.500000
755	-0.614152	0.031273	0.008005	-2.500000
756	-0.605678	-0.077815	-0.072965	-2.500000
757	-0.515844	-0.293740	0.160771	-2.500000
758	-0.569744	0.184579	-0.139810	-2.500000
759	-0.532409	0.029691	-0.306406	-2.500000
760	-0.592920	0.084388	-0.139820	-2.500000
761	-0.613680	0.008525	0.039364	-2.500000
762	-0.590039	0.154171	-0.079436	-2.500000
763	-0.613181	0.015489	0.044657	-2.500000
764	-0.549124	-0.276803	-0.008243	-2.500000
765	-0.610435	0.068402	-0.030253	-2.500000
766	-0.611129	0.059939	-0.033965	-2.500000
767	-0.588076	-0.010449	0.179673	-2.500000
768	-0.562598	0.015206	-0.247947	-2.500000
769	-0.614038	0.031256	0.014331	-2.500000
770	-0.601242	0.091737	0.091196	-2.500000
771	-0.534714	0.000561	0.303819	-2.500000
772	-0.575773	-0.125378	-0.176043	-2.500000
773	-0.588600	0.148999	-0.097848	-2.500000
774	-0.592230	-0.159761	0.044331	-2.500000
775	-0.570385	-0.229081	-0.020198	-2.500000
776	-0.604607	0.003384	-0.112534	-2.500000
777	-0.608437	0.010222	-0.089019	-2.500000
778	-0.569072	0.108433	-0.206456	-2.500000
779	-0.547256	0.280033	-0.017835	-2.500000
780	-0.610521	-0.022074	-0.070724	-2.500000
781	-0.604541	0.096866	-0.058069	-2.500000
782	-0.570828	0.174783	0.147754	-2.500000
783	-0.589542	-0.060488	0.164338	-2.500000
784	-0.596842	0.148118	-0.008117	-2.500000
785	-0.579655	-0.178175	0.102367	-2.500000
786	-0.503239	-0.327320	-0.133558	-2.500000
787	-0.584475	0.174167	0.079248	-2.500000
788	-0.550060	0.253616	-0.106480	-2.500000
789	-0.582547	0.127485	0.150373	-2.500000
790	-0.575848	0.210376	0.048636	-2.500000
791	-0.580342	0.201017	-0.031948	-2.500000
792	-0.549685	-0.006210	-0.275741	-2.500000
793	-0.611770	0.062706	0.005524	-2.500000
794	-0.579612	0.090272	-0.184731	-2.500000
795	-0.609226	0.076823	0.034166	-2.500000
796	-0.555237	0.249838	-0.086703	-2.500000
797	-0.583303	-0.163467	0.106121	-2.500000
798	-0.605380	0.010263	-0.107865	-2.500000
799	-0.592641	0.103099	0.127954	-2.500000
800	-0.590306	0.120095	-0.123859	-2.500000
801	-0.600035	-0.082737	-0.106479	-2.500000
802	-0.586731	0.176723	0.052355	-2.500000
803	-0.611661	-0.049376	0.040717	-2.500000
804	-0.607632	0.093510	-0.016237	-2.500000
805	-0.528819	0.313925	-0.005129	-2.500000
806	-0.584881	0.164043	-0.096069	-2.500000
807	-0.555745	-0.028800	-0.261808	-2.500000
808	-0.582825	-0.027693	-0.194354	-2.500000
809	-0.605872	0.058844	-0.087645	-2.500000
810	-0.604059	-0.033801	0.110433	-2.500000
811	-0.569500	0.211882	0.094870	-2.500000
812	-0.581127	0.200429	0.018571	-2.500000
813	-0.601877	0.093806	0.084676	-2.500000
814	-0.541458	0.207121	0.205303	-2.500000
815	-0.602065	0.116393	-0.046854	-2.500000
816	-0.566525	-0.057351	-0.232346	-2.500000
817	-0.596486	-0.130039	0.074290	-2.500000
818	-0.602945	0.024424	-0.118685	-2.500000
819	-0.579712	0.192703	-0.070889	-2.500000
820	-0.602353	-0.046326	0.115110	-2.500000
821	-0.613333	-0.044167	-0.009828	-2.500000
822	-0.610766	-0.044708	0.056490	-2.500000
823	-0.581678	0.145188	-0.137100	-2.500000
824	-0.598031	-0.143065	0.010797	-2.500000
825	-0.556863	-0.259941	0.023642	-2.500000
826	-0.578010	0.114573	-0.176076	-2.500000
827	-0.607153	0.071979	-0.066399	-2.500000
828	-0.571539	0.220760	-0.053224	-2.500000
829	-0.609910	0.015887	0.077347	-2.500000
830	-0.587634	-0.104680	0.148165	-2.500000
831	-0.591563	-0.145101	-0.084997	-2.500000
832	-0.587506	-0.044869	0.176205	-2.500000
833	-0.586552	-0.010884	-0.184561	-2.500000
834	-0.597256	-0.023212	-0.144817	-2.500000
835	-0.611513	-0.005044	0.065200	-2.500000
836	-0.598912	-0.139704	-0.003521	-2.500000
837	-0.590585	0.114024	-0.128189	-2.500000
838	-0.587095	-0.181468	0.024770	-2.500000
839	-0.587805	0.177784	-0.033203	-2.500000
840	-0.592756	-0.067134	0.149529	-2.500000
841	-0.605548	0.102184	0.033095	-2.500000
842	-0.610361	-0.043675	0.061459	-2.500000
843	-0.543512	0.128741	0.257382	-2.500000
844	-0.511812	0.254706	-0.226713	-2.500000
845	-0.573459	-0.146524	-0.167035	-2.500000
846	-0.609212	-0.042902	-0.072428	-2.500000
847	-0.593563	0.152504	0.051478	-2.500000
848	-0.536265	0.301064	0.002239	-2.500000
849	-0.534343	0.269913	0.140888	-2.500000
850	-0.575140	0.196264	0.094445	-2.500000
