1	0.218320	0.102041	0.565817	-0.670000
2	0.518127	0.300248	-0.140075	-0.670000
3	0.132660	0.558657	-0.220293	-0.670000
4	0.423373	0.441999	0.060142	-0.670000
5	0.551223	0.272098	-0.018462	-0.670000
6	0.554738	0.258673	-0.059829	-0.670000
7	0.555816	-0.201495	0.169390	-0.670000
8	0.476885	-0.232796	0.310825	-0.670000
9	0.575052	-0.103895	-0.191693	-0.670000
10	0.511807	0.332999	0.073421	-0.670000
11	0.544931	0.226369	0.173298	-0.670000
12	0.572637	0.133157	-0.180502	-0.670000
13	0.518370	0.235608	-0.232393	-0.670000
14	0.604992	-0.016003	0.109331	-0.670000
15	0.612398	0.047770	-0.030198	-0.670000
16	0.606575	0.046012	-0.090412	-0.670000
17	0.611198	-0.065371	-0.019722	-0.670000
18	0.602999	-0.118465	-0.024154	-0.670000
19	0.581961	0.197078	0.026580	-0.670000
20	0.569986	0.230945	0.002256	-0.670000
21	0.465895	0.309760	-0.255373	-0.670000
22	0.558163	0.253478	-0.049274	-0.670000
23	0.602282	0.124375	-0.003532	-0.670000
24	0.463032	0.073467	-0.398031	-0.670000
25	0.584660	0.183218	0.053186	-0.670000
26	0.597619	-0.046922	-0.137384	-0.670000
27	0.607290	0.097076	-0.000290	-0.670000
28	0.609504	-0.044957	-0.068618	-0.670000
29	0.549256	-0.023500	-0.275665	-0.670000
30	0.600928	-0.024957	-0.128403	-0.670000
31	0.594553	0.137561	-0.076211	-0.670000
32	0.508541	0.333987	-0.089798	-0.670000
33	0.567598	0.129932	-0.197927	-0.670000
34	0.606485	-0.014475	-0.100955	-0.670000
35	0.592422	-0.122299	0.110925	-0.670000
36	0.609245	-0.017348	-0.082125	-0.670000
37	0.610144	0.045945	-0.061957	-0.670000
38	0.605215	0.068999	-0.084730	-0.670000
39	0.602483	0.011575	0.122902	-0.670000
40	0.605652	0.105325	-0.017816	-0.670000
41	0.515274	0.316147	-0.113001	-0.670000
42	0.580803	0.171041	0.107876	-0.670000
43	0.608241	-0.066825	0.061664	-0.670000
44	0.586955	0.115607	0.142631	-0.670000
45	0.587434	-0.062447	0.171015	-0.670000
46	0.472901	0.304418	-0.248836	-0.670000
47	0.593031	0.140657	-0.082188	-0.670000
48	0.565949	-0.214039	0.110064	-0.670000
49	0.612601	0.026125	0.047572	-0.670000
50	0.597837	0.115401	0.086592	-0.670000
51	0.597882	0.112985	-0.089424	-0.670000
52	0.602815	0.116144	0.036729	-0.670000
53	0.584524	0.190752	-0.013051	-0.670000
54	0.610852	0.058917	-0.040163	-0.670000
55	0.540233	0.228416	0.184930	-0.670000
56	0.551858	0.217118	-0.162904	-0.670000
57	0.608809	0.061275	0.061820	-0.670000
58	0.609113	0.080771	-0.026128	-0.670000
59	0.523302	-0.017848	-0.322586	-0.670000
60	0.601600	0.066508	-0.108994	-0.670000
61	0.606426	0.091066	-0.046682	-0.670000
62	0.600397	0.125161	-0.045649	-0.670000
63	0.580271	0.133169	-0.154197	-0.670000
64	0.449873	-0.316060	0.275582	-0.670000
65	0.583489	0.164163	-0.103998	-0.670000
66	0.613764	-0.019187	0.033916	-0.670000
67	0.612801	-0.007527	-0.051412	-0.670000
68	0.586378	-0.092733	-0.160583	-0.670000
69	0.602261	0.122540	0.022142	-0.670000
70	0.614168	0.031906	0.002180	-0.670000
71	0.561488	0.246257	-0.048100	-0.670000
72	0.584703	0.101946	0.161105	-0.670000
73	0.596323	0.148531	0.023711	-0.670000
74	0.599410	0.049322	0.128453	-0.670000
75	0.614125	0.000417	-0.032794	-0.670000
76	0.604384	-0.046597	-0.103799	-0.670000
77	0.602142	0.114073	-0.051358	-0.670000
78	0.593897	-0.053699	0.150424	-0.670000
79	0.613144	0.029105	-0.037852	-0.670000
80	0.609445	0.054798	-0.061631	-0.670000
81	0.595465	0.151794	-0.024603	-0.670000
82	0.591660	0.141084	-0.090878	-0.670000
83	0.613936	0.021633	-0.028972	-0.670000
84	0.583141	-0.111175	-0.160661	-0.670000
85	0.598966	-0.137588	-0.023117	-0.670000
86	0.578745	0.200759	-0.054548	-0.670000
87	0.613694	0.026891	-0.029701	-0.670000
88	0.573570	0.121233	0.185861	-0.670000
89	0.611365	0.002310	0.066726	-0.670000
90	0.601706	0.079210	-0.099505	-0.670000
91	0.538885	-0.247898	-0.162403	-0.670000
92	0.604032	0.111800	0.029520	-0.670000
93	0.600273	0.132258	0.020141	-0.670000
94	0.591632	-0.045427	-0.161657	-0.670000
95	0.609556	-0.053216	-0.061927	-0.670000
96	0.580083	0.133723	0.154423	-0.670000
97	0.555648	-0.009699	0.263412	-0.670000
98	0.569200	0.181574	0.145835	-0.670000
99	0.588646	0.066741	0.165125	-0.670000
100	0.609764	-0.005526	-0.079891	-0.670000
101	0.612184	-0.058445	0.006296	-0.670000
102	0.588973	-0.102957	0.143997	-0.670000
103	0.606196	0.089750	-0.051926	-0.670000
104	0.612860	0.045340	0.023910	-0.670000
105	0.562378	0.128288	0.213303	-0.670000
106	0.572392	0.224927	-0.000117	-0.670000
107	0.548607	0.229652	0.156573	-0.670000
108	0.576288	0.097678	-0.191250	-0.670000
109	0.605049	0.055490	0.095195	-0.670000
110	0.585008	-0.127449	0.140525	-0.670000
111	0.588398	-0.166580	-0.065297	-0.670000
112	0.614879	-0.012183	-0.000008	-0.670000
113	0.491691	-0.273120	-0.248739	-0.670000
114	0.576935	-0.176760	0.118855	-0.670000
115	0.601078	0.103405	-0.078981	-0.670000
116	0.602475	-0.116787	0.040119	-0.670000
117	0.487266	0.374089	0.029230	-0.670000
118	0.496306	0.258257	0.255360	-0.670000
119	0.361074	0.385912	-0.314518	-0.670000
120	0.471339	0.387234	-0.078194	-0.670000
121	0.576289	0.104401	-0.187660	-0.670000
122	0.525639	0.291206	0.130874	-0.670000
123	0.590195	-0.113125	-0.130757	-0.670000
124	0.614812	0.014343	0.005028	-0.670000
125	0.614715	0.014012	0.012432	-0.670000
126	0.550411	0.274081	0.012333	-0.670000
127	0.600911	0.095277	0.089743	-0.670000
128	0.509919	0.255560	-0.229992	-0.670000
129	0.560715	0.135558	-0.213186	-0.670000
130	0.610885	0.068171	-0.019945	-0.670000
131	0.594238	0.153058	-0.040979	-0.670000
132	0.549432	0.197149	0.193602	-0.670000
133	0.588367	0.088267	-0.155752	-0.670000
134	0.601509	-0.119076	-0.047254	-0.670000
135	0.561080	0.110565	-0.226251	-0.670000
136	0.612048	0.049518	0.034207	-0.670000
137	0.540788	0.271314	-0.110281	-0.670000
138	0.531328	0.176078	-0.254778	-0.670000
139	0.609190	-0.039296	-0.074625	-0.670000
140	0.612699	-0.034200	-0.040683	-0.670000
141	0.579137	-0.205883	0.020921	-0.670000
142	0.609502	0.032813	0.075208	-0.670000
143	0.543915	-0.278620	-0.068937	-0.670000
144	0.605630	0.030210	-0.102590	-0.670000
145	0.547783	0.268408	0.078203	-0.670000
146	0.607137	0.094094	0.027503	-0.670000
147	0.591124	0.060979	-0.158364	-0.670000
148	0.558718	0.239943	-0.092120	-0.670000
149	0.614098	0.000549	-0.033295	-0.670000
150	0.538493	0.289432	0.066924	-0.670000
151	0.556128	0.261664	-0.021886	-0.670000
152	0.614344	-0.018570	0.021489	-0.670000
153	0.583666	-0.025456	-0.192122	-0.670000
154	0.547005	0.224624	0.168982	-0.670000
155	0.584822	-0.025352	0.188589	-0.670000
156	0.600125	-0.131259	-0.029086	-0.670000
157	0.569215	0.142561	0.184108	-0.670000
158	0.587415	0.165633	0.075728	-0.670000
159	0.575332	0.216612	0.017253	-0.670000
160	0.592220	-0.151560	-0.067307	-0.670000
161	0.587749	0.173003	-0.053348	-0.670000
162	0.591769	0.167221	0.008470	-0.670000
163	0.575294	0.160784	-0.146323	-0.670000
164	0.601486	0.084591	-0.096351	-0.670000
165	0.527871	0.267787	-0.166934	-0.670000
166	0.597318	0.123624	0.078441	-0.670000
167	0.587264	0.180197	-0.029583	-0.670000
168	0.604971	0.109468	0.015880	-0.670000
169	0.610219	0.018570	-0.074252	-0.670000
170	0.608258	0.083991	-0.034528	-0.670000
171	0.609267	0.064086	-0.053955	-0.670000
172	0.558623	0.252509	0.049034	-0.670000
173	0.582946	0.195952	0.001224	-0.670000
174	0.593893	0.130348	0.092333	-0.670000
175	0.614224	-0.024672	0.018585	-0.670000
176	0.611939	-0.021687	0.057322	-0.670000
177	0.543607	-0.017187	-0.287090	-0.670000
178	0.569128	-0.126685	-0.195625	-0.670000
179	0.611428	-0.064376	0.015389	-0.670000
180	0.603034	-0.109905	-0.049962	-0.670000
181	0.590402	-0.017858	-0.171264	-0.670000
182	0.612321	0.057301	0.002085	-0.670000
183	0.556496	0.051294	-0.256723	-0.670000
184	0.574305	0.043084	0.215737	-0.670000
185	0.610022	0.076666	0.014828	-0.670000
186	0.595044	0.133157	-0.080106	-0.670000
187	0.608730	0.018384	-0.085647	-0.670000
188	0.605501	0.103939	0.028109	-0.670000
189	0.597166	0.015648	-0.146195	-0.670000
190	0.606926	0.055801	-0.082172	-0.670000
191	0.583135	-0.050458	0.188767	-0.670000
192	0.551452	0.141030	0.232886	-0.670000
193	0.567936	0.183202	-0.148697	-0.670000
194	0.602834	0.056826	0.107645	-0.670000
195	0.576232	0.049539	0.209112	-0.670000
196	0.555340	0.135126	0.227077	-0.670000
197	0.589433	0.157254	0.077881	-0.670000
198	0.605022	-0.052870	0.096843	-0.670000
199	0.600720	0.057966	0.118323	-0.670000
200	0.585182	0.069892	0.175790	-0.670000
201	0.592126	-0.151627	-0.067975	-0.670000
202	0.561015	-0.162409	-0.192642	-0.670000
203	0.603541	0.115539	0.024779	-0.670000
204	0.560590	0.224427	-0.116602	-0.670000
205	0.581011	0.138961	0.146086	-0.670000
206	0.503434	-0.325881	0.136313	-0.670000
207	0.612189	-0.005648	-0.058458	-0.670000
208	0.529728	0.010839	-0.312243	-0.670000
209	0.525317	0.252499	-0.196244	-0.670000
210	0.543378	-0.287224	-0.021623	-0.670000
211	0.481554	0.227315	0.307667	-0.670000
212	0.614270	0.007938	0.028883	-0.670000
213	0.492429	0.355857	0.095417	-0.670000
214	0.447283	0.417543	0.061811	-0.670000
215	0.393273	0.437641	0.178974	-0.670000
216	0.494746	0.334354	-0.147169	-0.670000
217	0.485684	0.365387	-0.093960	-0.670000
218	0.604729	0.099311	0.051625	-0.670000
219	0.537705	0.173773	0.242696	-0.670000
220	0.589178	-0.175063	0.021143	-0.670000
221	0.547758	-0.270478	0.070905	-0.670000
222	0.528491	-0.313276	0.027938	-0.670000
223	0.498335	0.335733	-0.131037	-0.670000
224	0.569603	0.230015	-0.029510	-0.670000
225	0.603608	-0.016367	-0.116683	-0.670000
226	0.596412	0.127257	-0.079517	-0.670000
227	0.594854	0.153273	0.029691	-0.670000
228	0.517878	0.330438	-0.028952	-0.670000
229	0.572705	0.140228	0.174843	-0.670000
230	0.588620	-0.137153	-0.113756	-0.670000
231	0.552589	-0.268927	0.023435	-0.670000
232	0.565961	0.224651	0.086285	-0.670000
233	0.602143	0.040748	0.118271	-0.670000
234	0.588216	0.139763	-0.112663	-0.670000
235	0.609482	0.048169	0.066603	-0.670000
236	0.598926	0.087144	-0.109170	-0.670000
237	0.568316	0.156645	-0.175225	-0.670000
238	0.613555	-0.019003	0.037606	-0.670000
239	0.601636	-0.064354	-0.110078	-0.670000
240	0.548810	-0.217117	0.172896	-0.670000
241	0.608121	-0.061917	0.067675	-0.670000
242	0.601330	0.083147	-0.098557	-0.670000
243	0.606407	-0.040611	-0.094054	-0.670000
244	0.598257	0.066805	-0.125901	-0.670000
245	0.587857	0.120097	-0.135005	-0.670000
246	0.601951	-0.003316	-0.125974	-0.670000
247	0.610770	0.071306	-0.010011	-0.670000
248	0.614588	0.014370	0.017340	-0.670000
249	0.592846	-0.042062	0.158082	-0.670000
250	0.526559	0.309823	-0.070501	-0.670000
251	0.548687	0.272493	-0.053987	-0.670000
252	0.597444	0.137720	0.048161	-0.670000
253	0.604491	0.089598	-0.069193	-0.670000
254	0.561275	0.219120	-0.123215	-0.670000
255	0.612305	-0.042784	-0.038435	-0.670000
256	0.609368	0.071832	0.041659	-0.670000
257	0.594923	0.109816	0.110596	-0.670000
258	0.611141	0.044539	0.052423	-0.670000
259	0.580705	0.193812	0.058686	-0.670000
260	0.614046	-0.011722	-0.032165	-0.670000
261	0.613674	0.038915	0.010692	-0.670000
262	0.608748	-0.043750	0.075740	-0.670000
263	0.613548	0.028315	-0.031346	-0.670000
264	0.537667	0.086374	-0.285795	-0.670000
265	0.598285	0.053828	-0.131843	-0.670000
266	0.600133	0.125273	-0.048701	-0.670000
267	0.606107	-0.046574	-0.093218	-0.670000
268	0.593819	0.139802	0.077845	-0.670000
269	0.609108	0.077361	-0.035032	-0.670000
270	0.607594	-0.087544	0.037297	-0.670000
271	0.544090	0.234034	-0.165588	-0.670000
272	0.564054	0.166979	-0.179405	-0.670000
273	0.607685	0.072476	-0.060760	-0.670000
274	0.607250	-0.072220	-0.065246	-0.670000
275	0.529698	0.261361	0.171277	-0.670000
276	0.573943	0.071294	-0.209120	-0.670000
277	0.605761	0.006761	0.105985	-0.670000
278	0.593193	0.146741	0.069387	-0.670000
279	0.611573	0.028980	-0.057999	-0.670000
280	0.590744	-0.092037	0.144138	-0.670000
281	0.602444	0.004577	-0.123551	-0.670000
282	0.608595	-0.080238	0.037397	-0.670000
283	0.611246	-0.044568	0.051153	-0.670000
284	0.601089	-0.128736	0.018551	-0.670000
285	0.602588	0.112787	-0.048903	-0.670000
286	0.597359	0.088287	-0.116587	-0.670000
287	0.602390	0.053214	-0.111890	-0.670000
288	0.555631	0.228371	-0.131703	-0.670000
289	0.604738	0.079552	-0.078669	-0.670000
290	0.565979	0.210003	-0.117435	-0.670000
291	0.596272	0.102509	0.110347	-0.670000
292	0.606746	0.100394	-0.002352	-0.670000
293	0.600385	0.015415	0.132385	-0.670000
294	0.596762	0.148526	0.006293	-0.670000
295	0.610448	0.049154	0.056235	-0.670000
296	0.597229	0.003303	-0.146735	-0.670000
297	0.601786	-0.009934	0.126410	-0.670000
298	0.601302	0.128607	0.010982	-0.670000
299	0.603137	0.120159	0.003595	-0.670000
300	0.604431	0.113007	-0.010840	-0.670000
301	0.594785	0.061440	0.143809	-0.670000
302	0.585463	0.044346	0.183008	-0.670000
303	0.600109	0.065366	0.117565	-0.670000
304	0.602880	0.119201	0.023501	-0.670000
305	0.596493	0.145140	-0.036817	-0.670000
306	0.610190	0.072112	0.026328	-0.670000
307	0.594566	0.121247	0.100079	-0.670000
308	0.560904	0.067867	-0.242911	-0.670000
309	0.601409	-0.123009	-0.037436	-0.670000
310	0.536531	0.219936	0.204908	-0.670000
311	0.566914	0.235599	0.036422	-0.670000
312	0.402925	0.454620	0.095905	-0.670000
313	0.567910	-0.099314	-0.214102	-0.670000
314	0.610685	-0.039078	0.061334	-0.670000
315	0.572635	0.194125	0.112383	-0.670000
316	0.584818	-0.187841	0.030480	-0.670000
317	0.583766	0.010157	-0.193233	-0.670000
318	0.575392	0.171997	0.132537	-0.670000
319	0.525302	0.252664	0.196072	-0.670000
320	0.583193	0.194460	-0.017220	-0.670000
321	0.358701	0.496629	-0.054024	-0.670000
322	0.435708	0.409502	0.143846	-0.670000
323	0.238661	0.564249	-0.053745	-0.670000
324	0.522667	0.322219	0.034916	-0.670000
325	0.589593	-0.156960	-0.077261	-0.670000
326	0.556203	0.244203	-0.096064	-0.670000
327	0.614716	-0.018472	0.002790	-0.670000
328	0.612498	-0.033210	-0.044359	-0.670000
329	0.463138	-0.385138	-0.124086	-0.670000
330	0.520352	0.285118	0.161762	-0.670000
331	0.579921	0.198645	0.049567	-0.670000
332	0.588821	0.019167	-0.176488	-0.670000
333	0.501461	0.243450	-0.259796	-0.670000
334	0.605263	0.050734	-0.096474	-0.670000
335	0.608037	0.089818	-0.021195	-0.670000
336	0.608725	-0.060237	0.063645	-0.670000
337	0.585235	-0.154736	-0.108545	-0.670000
338	0.562862	0.179787	0.170552	-0.670000
339	0.602819	0.120819	0.015413	-0.670000
340	0.573602	0.142576	0.169935	-0.670000
341	0.612111	0.050137	-0.032108	-0.670000
342	0.569527	0.227141	-0.047659	-0.670000
343	0.599199	0.089703	0.105542	-0.670000
344	0.586739	0.170015	0.071113	-0.670000
345	0.577322	-0.210113	-0.027871	-0.670000
346	0.585429	0.184807	-0.036673	-0.670000
347	0.610910	0.070742	0.003100	-0.670000
348	0.545773	0.144378	-0.243950	-0.670000
349	0.593424	0.158751	-0.029514	-0.670000
350	0.589982	0.157748	-0.072539	-0.670000
351	0.613850	0.019216	-0.032319	-0.670000
352	0.558194	-0.137732	0.218343	-0.670000
353	0.595738	-0.146601	0.042768	-0.670000
354	0.583655	0.167343	-0.097818	-0.670000
355	0.603881	0.090606	-0.073096	-0.670000
356	0.600541	-0.106477	0.078983	-0.670000
357	0.614204	-0.013103	-0.028406	-0.670000
358	0.611666	0.046573	0.043824	-0.670000
359	0.609587	-0.075477	0.030536	-0.670000
360	0.611885	0.060805	0.011150	-0.670000
361	0.609599	-0.080608	0.010796	-0.670000
362	0.601061	0.129899	-0.008745	-0.670000
363	0.596325	0.099873	0.112460	-0.670000
364	0.601753	0.119799	-0.042024	-0.670000
365	0.602231	0.031371	-0.120661	-0.670000
366	0.600110	0.060926	0.119920	-0.670000
367	0.591704	0.070836	0.151965	-0.670000
368	0.563988	0.230504	0.083730	-0.670000
369	0.602378	0.096491	0.077816	-0.670000
370	0.577507	0.203342	0.057988	-0.670000
371	0.579770	0.181812	0.095055	-0.670000
372	0.612770	-0.026502	-0.045121	-0.670000
373	0.613562	0.040000	-0.012894	-0.670000
374	0.561029	0.105654	-0.228710	-0.670000
375	0.607890	0.082503	-0.043453	-0.670000
376	0.608860	0.086364	-0.007473	-0.670000
377	0.511910	0.337995	-0.043955	-0.670000
378	0.598100	0.072689	0.123360	-0.670000
379	0.607737	0.083727	0.043251	-0.670000
380	0.584721	0.066085	-0.178772	-0.670000
381	0.590547	0.101815	-0.138248	-0.670000
382	0.587013	-0.159605	-0.090374	-0.670000
383	0.610622	-0.049171	-0.054294	-0.670000
384	0.607393	-0.056932	-0.077828	-0.670000
385	0.606139	0.074096	0.073006	-0.670000
386	0.570379	0.225611	0.044637	-0.670000
387	0.609400	-0.071932	0.041022	-0.670000
388	0.588231	-0.038470	-0.175298	-0.670000
389	0.604723	-0.040734	-0.104287	-0.670000
390	0.614303	0.022422	0.018803	-0.670000
391	0.598855	-0.020359	-0.138502	-0.670000
392	0.585827	-0.114362	0.148164	-0.670000
393	0.607405	-0.064467	-0.071608	-0.670000
394	0.604671	0.021283	-0.110202	-0.670000
395	0.612373	0.018165	0.053797	-0.670000
396	0.588929	0.123928	0.126607	-0.670000
397	0.604295	0.113994	-0.007611	-0.670000
398	0.610762	0.070632	0.014352	-0.670000
399	0.603939	0.094089	0.068046	-0.670000
400	0.581871	-0.148295	0.132890	-0.670000
401	0.612062	-0.001250	-0.060025	-0.670000
402	0.593980	-0.141460	0.073498	-0.670000
403	0.608190	0.078393	0.046738	-0.670000
404	0.599739	0.045671	0.128266	-0.670000
405	0.602999	-0.006827	-0.120707	-0.670000
406	0.600105	0.067016	-0.116653	-0.670000
407	0.596221	0.013876	0.150175	-0.670000
408	0.557483	0.050540	0.254722	-0.670000
409	0.529802	0.283983	0.129956	-0.670000
410	0.596369	0.106221	0.106238	-0.670000
411	0.611305	-0.008048	0.066829	-0.670000
412	0.512916	0.339037	-0.013994	-0.670000
413	0.599093	0.074995	-0.116997	-0.670000
414	0.599107	-0.091178	-0.104797	-0.670000
415	0.546251	0.271654	0.077708	-0.670000
416	0.588451	0.140414	0.110609	-0.670000
417	0.344735	0.468876	0.198842	-0.670000
418	0.604077	-0.101503	0.054893	-0.670000
419	0.578498	0.018474	0.207903	-0.670000
420	0.591256	0.097178	0.138557	-0.670000
421	0.574093	-0.073909	-0.207796	-0.670000
422	0.590953	-0.129935	-0.110077	-0.670000
423	0.598716	0.140120	0.011428	-0.670000
424	0.608362	0.089228	-0.012633	-0.670000
425	0.522341	0.245521	-0.212377	-0.670000
426	0.535658	0.292902	-0.074188	-0.670000
427	0.394772	0.471505	0.007985	-0.670000
428	0.505512	0.228021	-0.265874	-0.670000
429	0.601842	0.094407	-0.084255	-0.670000
430	0.609507	0.082011	0.000208	-0.670000
431	0.523816	0.257937	0.193159	-0.670000
432	0.583054	0.052780	-0.188380	-0.670000
433	0.589792	-0.168277	-0.045310	-0.670000
434	0.525462	-0.316255	-0.045799	-0.670000
435	0.412938	0.455749	0.000480	-0.670000
436	0.476452	0.379126	0.086501	-0.670000
437	0.606553	0.093286	-0.040205	-0.670000
438	0.569071	0.232077	-0.022872	-0.670000
439	0.559618	0.055870	-0.248860	-0.670000
440	0.600804	0.130694	0.013379	-0.670000
441	0.574234	-0.048361	0.214807	-0.670000
442	0.516823	-0.305454	-0.133481	-0.670000
443	0.574476	-0.006295	-0.219459	-0.670000
444	0.562859	0.247140	-0.018349	-0.670000
445	0.590723	0.146868	-0.087759	-0.670000
446	0.595612	0.097790	-0.117934	-0.670000
447	0.582721	0.196525	0.006215	-0.670000
448	0.567021	0.193072	-0.139412	-0.670000
449	0.585590	0.182963	-0.042826	-0.670000
450	0.611009	0.065390	0.024843	-0.670000
451	0.586031	-0.175565	-0.063004	-0.670000
452	0.519322	-0.329021	0.016577	-0.670000
453	0.592684	-0.154280	0.056113	-0.670000
454	0.579082	0.198920	0.057620	-0.670000
455	0.589621	0.010991	-0.174505	-0.670000
456	0.588972	0.066586	-0.164022	-0.670000
457	0.604765	0.111168	-0.011235	-0.670000
458	0.565743	0.027472	-0.239594	-0.670000
459	0.609244	-0.083221	0.011027	-0.670000
460	0.608229	0.005565	0.090836	-0.670000
461	0.504868	-0.282602	0.208493	-0.670000
462	0.569678	0.205557	0.106950	-0.670000
463	0.609108	0.071126	-0.046408	-0.670000
464	0.614894	-0.011054	-0.002787	-0.670000
465	0.611534	0.062144	-0.019734	-0.670000
466	0.594429	0.118528	0.104068	-0.670000
467	0.605378	0.030642	-0.103941	-0.670000
468	0.603652	-0.105236	-0.052490	-0.670000
469	0.579545	-0.205520	0.010700	-0.670000
470	0.559126	-0.096844	0.237116	-0.670000
471	0.559712	0.232430	0.104518	-0.670000
472	0.614146	0.015264	-0.028569	-0.670000
473	0.566100	0.175071	0.164639	-0.670000
474	0.612640	-0.016727	-0.051162	-0.670000
475	0.571060	0.075328	-0.215501	-0.670000
476	0.577583	0.050571	0.205097	-0.670000
477	0.595684	0.026204	-0.150662	-0.670000
478	0.610598	0.069234	0.024519	-0.670000
479	0.587413	0.169756	0.065984	-0.670000
480	0.490045	0.120265	0.351593	-0.670000
481	0.564486	-0.054557	0.237916	-0.670000
482	0.589423	-0.132558	0.115041	-0.670000
483	0.603772	0.094023	0.069599	-0.670000
484	0.566243	0.216387	0.103784	-0.670000
485	0.609288	0.081258	0.019739	-0.670000
486	0.614114	-0.012559	-0.030522	-0.670000
487	0.612523	0.045035	-0.031824	-0.670000
488	0.572530	0.078112	-0.210554	-0.670000
489	0.609626	0.071444	-0.038423	-0.670000
490	0.608773	0.081770	0.030567	-0.670000
491	0.604860	0.105985	-0.033707	-0.670000
492	0.576872	0.195883	0.084104	-0.670000
493	0.542668	0.192562	-0.216000	-0.670000
494	0.611618	0.062206	-0.016696	-0.670000
495	0.604441	0.002372	0.113449	-0.670000
496	0.614304	-0.028997	-0.003825	-0.670000
497	0.606146	0.061239	0.084032	-0.670000
498	0.578536	0.135838	-0.158332	-0.670000
499	0.599750	0.117922	0.067962	-0.670000
500	0.611791	0.049542	-0.038505	-0.670000
501	0.593858	0.060863	-0.147830	-0.670000
502	0.580175	0.201352	-0.032846	-0.670000
503	0.609348	0.045315	0.069765	-0.670000
504	0.612699	-0.051832	-0.011779	-0.670000
505	0.593686	-0.109896	0.116980	-0.670000
506	0.612668	-0.007000	0.053048	-0.670000
507	0.597145	0.147115	-0.000829	-0.670000
508	0.608303	0.087860	-0.021738	-0.670000
509	0.607495	0.087933	-0.037975	-0.670000
510	0.607278	0.085941	-0.045302	-0.670000
511	0.535277	0.284229	-0.104485	-0.670000
512	0.592912	0.101214	-0.128206	-0.670000
513	0.572156	-0.144295	0.173326	-0.670000
514	0.543450	0.222732	0.182421	-0.670000
515	0.600269	0.132585	-0.017998	-0.670000
516	0.609425	-0.021971	-0.079644	-0.670000
517	0.614696	-0.012461	-0.014774	-0.670000
518	0.601276	0.113223	-0.062228	-0.670000
519	0.588236	0.089487	0.155549	-0.670000
520	0.575735	0.215728	0.014698	-0.670000
521	0.602099	0.115318	-0.049022	-0.670000
522	0.530309	0.051406	0.307172	-0.670000
523	0.523850	0.281689	0.156389	-0.670000
524	0.600975	0.072894	0.108352	-0.670000
525	0.600617	0.115128	0.065036	-0.670000
526	0.593328	0.111407	-0.117369	-0.670000
527	0.588252	0.029293	0.176993	-0.670000
528	0.570315	0.141098	0.181816	-0.670000
529	0.602153	0.035100	-0.120020	-0.670000
530	0.581879	0.154448	0.125651	-0.670000
531	0.595324	0.052557	0.145093	-0.670000
532	0.506758	0.327964	-0.117733	-0.670000
533	0.546151	0.156357	0.235576	-0.670000
534	0.438303	-0.428179	0.052703	-0.670000
535	0.590395	-0.011448	0.171836	-0.670000
536	0.458264	0.146712	0.383008	-0.670000
537	0.614001	0.022766	0.026633	-0.670000
538	0.609104	-0.034765	-0.077516	-0.670000
539	0.613077	0.048182	-0.006352	-0.670000
540	0.599967	0.082615	0.106956	-0.670000
541	0.581019	0.168124	0.111250	-0.670000
542	0.512372	0.339420	0.022235	-0.670000
543	0.421388	0.411583	-0.176796	-0.670000
544	0.523451	0.317752	-0.057075	-0.670000
545	0.614971	0.001701	0.005697	-0.670000
546	0.592341	0.133376	-0.097818	-0.670000
547	0.612629	0.020142	0.050046	-0.670000
548	0.608717	0.086005	0.017070	-0.670000
549	0.565124	-0.197124	-0.141430	-0.670000
550	0.577433	-0.211651	-0.000654	-0.670000
551	0.516392	0.286398	0.171875	-0.670000
552	0.586857	0.074039	-0.168352	-0.670000
553	0.609123	-0.008365	-0.084406	-0.670000
554	0.570081	0.168253	-0.157871	-0.670000
555	0.595041	0.048965	-0.147490	-0.670000
556	0.613716	-0.013742	0.037263	-0.670000
557	0.614021	-0.028928	-0.019141	-0.670000
558	0.531972	-0.299848	0.072951	-0.670000
559	0.566781	0.160073	-0.177090	-0.670000
560	0.603642	0.074495	-0.091059	-0.670000
561	0.568084	0.126224	-0.198931	-0.670000
562	0.609539	0.040751	0.070895	-0.670000
563	0.546129	0.259750	-0.111793	-0.670000
564	0.577384	0.014605	0.211280	-0.670000
565	0.576836	0.091787	0.192509	-0.670000
566	0.578398	-0.193932	-0.077918	-0.670000
567	0.609676	-0.066561	-0.045709	-0.670000
568	0.604697	-0.055614	0.097330	-0.670000
569	0.611113	-0.030663	-0.061848	-0.670000
570	0.605314	0.084733	-0.068122	-0.670000
571	0.606242	0.052816	-0.088919	-0.670000
572	0.609740	0.050623	-0.062282	-0.670000
573	0.599616	-0.089605	0.103233	-0.670000
574	0.597817	0.048626	0.135926	-0.670000
575	0.588169	0.133196	0.120587	-0.670000
576	0.586410	0.166924	0.080528	-0.670000
577	0.595871	0.141908	0.054998	-0.670000
578	0.613095	0.037883	0.030073	-0.670000
579	0.614168	0.020745	-0.024345	-0.670000
580	0.613151	0.036968	0.030076	-0.670000
581	0.610647	0.039953	0.061150	-0.670000
582	0.604287	0.113927	0.009110	-0.670000
583	0.591008	0.066009	0.156773	-0.670000
584	0.564203	0.164003	0.181668	-0.670000
585	0.552850	0.232159	-0.136689	-0.670000
586	0.609302	-0.075266	-0.036211	-0.670000
587	0.614286	0.027570	-0.010860	-0.670000
588	0.584672	-0.166846	-0.092442	-0.670000
589	0.604259	0.105471	-0.044400	-0.670000
590	0.603095	0.098016	0.069960	-0.670000
591	0.575746	0.134605	0.169184	-0.670000
592	0.599960	0.070896	0.115093	-0.670000
593	0.607193	0.058390	0.078310	-0.670000
594	0.565297	0.242199	-0.001836	-0.670000
595	0.592463	0.164735	-0.008664	-0.670000
596	0.563193	-0.060453	-0.239550	-0.670000
597	0.602256	-0.049018	0.114497	-0.670000
598	0.585601	0.185578	-0.029286	-0.670000
599	0.606636	-0.033626	-0.095328	-0.670000
600	0.595009	0.113004	-0.106861	-0.670000
601	0.605584	-0.012121	-0.106521	-0.670000
602	0.600767	-0.018367	-0.130255	-0.670000
603	0.593226	0.122871	-0.105879	-0.670000
604	0.604018	0.110468	0.034419	-0.670000
605	0.589516	-0.148044	-0.093695	-0.670000
606	0.591442	0.108965	0.128640	-0.670000
607	0.578491	-0.031456	-0.206359	-0.670000
608	0.610445	-0.037671	-0.064515	-0.670000
609	0.607056	-0.096040	0.022002	-0.670000
610	0.588526	0.069222	-0.164532	-0.670000
611	0.613166	0.024230	0.040816	-0.670000
612	0.607133	0.009259	0.097614	-0.670000
613	0.602635	0.065793	0.103576	-0.670000
614	0.609857	-0.071738	0.033962	-0.670000
615	0.611997	-0.060175	0.007990	-0.670000
616	0.613036	0.048454	0.008015	-0.670000
617	0.600893	0.126886	0.032449	-0.670000
618	0.613239	-0.018666	-0.042594	-0.670000
619	0.607640	0.092730	0.019999	-0.670000
620	0.612813	0.016203	0.049220	-0.670000
621	0.607266	0.095078	0.020315	-0.670000
622	0.601176	0.073916	0.106532	-0.670000
623	0.611234	-0.066006	-0.016179	-0.670000
624	0.587733	0.062243	0.170060	-0.670000
625	0.507644	0.301553	0.172013	-0.670000
626	0.602622	0.053116	-0.110684	-0.670000
627	0.607022	0.096621	0.020352	-0.670000
628	0.594569	0.077092	0.137002	-0.670000
629	0.595012	0.115120	0.104563	-0.670000
630	0.548683	0.156819	0.229303	-0.670000
631	0.609986	0.065380	0.043215	-0.670000
632	0.607564	0.064378	0.070330	-0.670000
633	0.517821	0.117221	0.310395	-0.670000
634	0.584582	-0.137618	0.132475	-0.670000
635	0.580443	-0.052070	-0.196468	-0.670000
636	0.603046	0.026539	0.117712	-0.670000
637	0.604428	0.095052	-0.062105	-0.670000
638	0.607217	0.076883	0.060016	-0.670000
639	0.612259	0.057995	0.000999	-0.670000
640	0.507898	0.336859	0.082410	-0.670000
641	0.526048	0.314855	-0.048627	-0.670000
642	0.563338	0.147087	-0.198092	-0.670000
643	0.570536	0.229055	0.015724	-0.670000
644	0.588134	0.169053	-0.061195	-0.670000
645	0.613765	-0.034461	-0.018153	-0.670000
646	0.476162	-0.211844	-0.326523	-0.670000
647	0.445566	-0.423244	0.023676	-0.670000
648	0.505679	0.348894	-0.028041	-0.670000
649	0.585377	0.186283	-0.029288	-0.670000
650	0.582165	0.063291	-0.187892	-0.670000
651	0.563227	0.242915	-0.044641	-0.670000
652	0.605589	-0.093753	-0.051932	-0.670000
653	0.590390	0.155204	-0.074675	-0.670000
654	0.581233	0.187822	-0.071529	-0.670000
655	0.594179	-0.157455	-0.019611	-0.670000
656	0.198682	-0.226134	-0.536297	-0.670000
657	0.614477	-0.025301	-0.001507	-0.670000
658	0.568856	0.213867	0.094279	-0.670000
659	0.571245	0.138032	-0.181250	-0.670000
660	0.601068	0.127719	0.025113	-0.670000
661	0.583700	0.113988	-0.156609	-0.670000
662	0.502051	0.354294	-0.025403	-0.670000
663	0.574737	0.118864	0.183776	-0.670000
664	0.605286	-0.058541	-0.091800	-0.670000
665	0.413400	-0.272560	0.364742	-0.670000
666	0.611001	0.060063	0.035998	-0.670000
667	0.560697	0.056567	0.246261	-0.670000
668	0.610118	0.077275	-0.003123	-0.670000
669	0.610477	-0.072207	-0.018154	-0.670000
670	0.583862	-0.018620	-0.192311	-0.670000
671	0.583404	-0.015159	-0.193997	-0.670000
672	0.610644	0.038257	-0.062249	-0.670000
673	0.596539	0.115884	0.094537	-0.670000
674	0.600934	-0.025169	0.128335	-0.670000
675	0.513852	0.212111	0.263040	-0.670000
676	0.598055	0.021058	-0.141814	-0.670000
677	0.580212	0.115875	0.167785	-0.670000
678	0.585773	0.017204	0.186546	-0.670000
679	0.557224	0.224886	-0.130967	-0.670000
680	0.563404	0.154871	-0.191875	-0.670000
681	0.579128	0.041594	0.202746	-0.670000
682	0.614554	-0.018008	-0.014951	-0.670000
683	0.553993	0.107938	0.244265	-0.670000
684	0.587723	0.038842	0.176911	-0.670000
685	0.575316	0.206612	0.067434	-0.670000
686	0.596715	0.029988	-0.145796	-0.670000
687	0.605907	0.103606	0.019157	-0.670000
688	0.554893	0.215274	-0.154842	-0.670000
689	0.573917	0.011635	0.220700	-0.670000
690	0.613759	-0.038748	0.004796	-0.670000
691	0.596705	0.068250	0.132324	-0.670000
692	0.514875	0.336345	0.000805	-0.670000
693	0.591829	-0.051403	0.159127	-0.670000
694	0.613203	-0.004016	-0.046805	-0.670000
695	0.610292	0.069338	0.030998	-0.670000
696	0.583024	0.194232	0.024129	-0.670000
697	0.491118	0.368894	0.030741	-0.670000
698	0.602718	0.026737	-0.119338	-0.670000
699	0.592526	-0.159296	0.041977	-0.670000
700	0.614743	-0.008829	-0.015419	-0.670000
701	0.573463	0.188871	0.117018	-0.670000
702	0.594520	-0.092068	-0.127648	-0.670000
703	0.589518	0.089565	-0.150570	-0.670000
704	0.573549	0.172375	-0.139835	-0.670000
705	0.570189	0.177388	-0.147117	-0.670000
706	0.605165	0.096709	-0.051456	-0.670000
707	0.599617	0.067384	-0.118929	-0.670000
708	0.590144	-0.038892	0.168648	-0.670000
709	0.614458	0.011367	0.023170	-0.670000
710	0.570559	0.157798	0.166695	-0.670000
711	0.572665	0.187650	-0.122747	-0.670000
712	0.594391	0.011959	0.157422	-0.670000
713	0.509895	0.314423	0.139178	-0.670000
714	0.606991	-0.097990	0.013599	-0.670000
715	0.601058	0.041657	-0.123367	-0.670000
716	0.613608	-0.041054	0.004959	-0.670000
717	0.604139	-0.007061	0.114852	-0.670000
718	0.588174	0.109376	0.142526	-0.670000
719	0.612490	-0.010886	-0.054429	-0.670000
720	0.599113	0.133028	-0.039902	-0.670000
721	0.595345	0.091101	-0.124460	-0.670000
722	0.587605	0.171134	-0.060483	-0.670000
723	0.584183	0.173701	-0.082358	-0.670000
724	0.599621	0.125997	-0.052960	-0.670000
725	0.598125	-0.112149	-0.088849	-0.670000
726	0.591313	0.112469	0.126194	-0.670000
727	0.419426	0.350752	0.281566	-0.670000
728	0.554697	0.225042	0.141038	-0.670000
729	0.577180	-0.022496	0.211145	-0.670000
730	0.580389	-0.075970	0.188686	-0.670000
731	0.599453	0.120053	0.066849	-0.670000
732	0.577300	0.209389	-0.033259	-0.670000
733	0.550200	0.201403	0.186926	-0.670000
734	0.575324	0.090680	0.197495	-0.670000
735	0.597726	0.098900	-0.105679	-0.670000
736	0.505926	0.349655	-0.002230	-0.670000
737	0.611788	0.038561	-0.049535	-0.670000
738	0.598649	0.140789	-0.004818	-0.670000
739	0.602043	0.097890	0.078657	-0.670000
740	0.553426	0.181485	0.197503	-0.670000
741	0.538668	0.282124	0.092022	-0.670000
742	0.604164	0.007872	-0.114670	-0.670000
743	0.603784	0.093429	-0.070292	-0.670000
744	0.538126	0.221507	0.198947	-0.670000
745	0.595006	0.120433	-0.098433	-0.670000
746	0.506785	0.218288	0.271559	-0.670000
747	0.532642	0.274317	0.138807	-0.670000
748	0.583478	0.166848	0.099702	-0.670000
749	0.564801	0.238499	-0.048401	-0.670000
750	0.590782	0.091404	0.144383	-0.670000
751	0.589240	0.118139	-0.130632	-0.670000
752	0.611427	0.011054	0.065264	-0.670000
753	0.549001	-0.083946	-0.264152	-0.670000
754	0.513633	-0.336965	0.029334	-0.670000
755	0.473000	0.392515	-0.020705	-0.670000
756	0.552039	0.270693	-0.014239	-0.670000
757	0.608803	-0.042856	0.075809	-0.670000
758	0.574377	0.076810	-0.205952	-0.670000
759	0.611356	0.055311	-0.037542	-0.670000
760	0.605527	-0.074114	-0.077902	-0.670000
761	0.577170	0.057710	0.204375	-0.670000
762	0.602603	-0.086909	-0.086843	-0.670000
763	0.551859	0.270245	0.025377	-0.670000
764	0.588316	0.158676	-0.083256	-0.670000
765	0.548584	0.004788	-0.277952	-0.670000
766	0.563758	0.244659	-0.023332	-0.670000
767	0.605129	0.004308	-0.109663	-0.670000
768	0.563340	0.246707	0.002853	-0.670000
769	0.599723	0.070113	0.116796	-0.670000
770	0.439074	-0.430137	-0.020510	-0.670000
771	0.607218	0.074603	-0.062819	-0.670000
772	0.607353	0.095333	-0.016075	-0.670000
773	0.604351	0.071039	-0.089097	-0.670000
774	0.581168	0.191787	0.060713	-0.670000
775	0.504233	-0.017992	-0.351640	-0.670000
776	0.599367	-0.003813	0.137730	-0.670000
777	0.581166	0.056509	0.193075	-0.670000
778	0.518965	-0.061215	0.324273	-0.670000
779	0.614535	0.014294	0.019153	-0.670000
780	0.612419	0.031888	0.046385	-0.670000
781	0.605336	-0.102734	0.035200	-0.670000
782	0.591179	0.154869	0.068902	-0.670000
783	0.600992	0.046384	0.121993	-0.670000
784	0.604813	-0.005259	0.111346	-0.670000
785	0.613434	0.038867	-0.020318	-0.670000
786	0.593746	-0.078534	-0.139725	-0.670000
787	0.592683	0.161475	0.029626	-0.670000
788	0.581290	0.137048	-0.146781	-0.670000
789	0.609303	-0.009084	-0.083022	-0.670000
790	0.577708	0.192456	-0.086251	-0.670000
791	0.453221	0.329931	-0.252906	-0.670000
792	0.601348	0.084390	0.097388	-0.670000
793	0.596639	0.141146	-0.048220	-0.670000
794	0.564864	0.243017	0.009811	-0.670000
795	0.592417	0.162584	0.028866	-0.670000
796	0.613282	-0.026960	0.037199	-0.670000
797	0.605841	0.062529	0.085272	-0.670000
798	0.608648	0.069172	-0.054658	-0.670000
799	0.584959	0.175369	0.072755	-0.670000
800	0.582680	-0.037771	-0.193086	-0.670000
801	0.591652	0.008708	0.167621	-0.670000
802	0.538778	0.250778	0.158284	-0.670000
803	0.508807	0.026209	-0.344462	-0.670000
804	0.542317	0.283173	-0.062693	-0.670000
805	0.572323	0.168569	0.149183	-0.670000
806	0.584010	0.148059	-0.123434	-0.670000
807	0.591711	-0.133876	0.100897	-0.670000
808	0.579239	0.204757	-0.027966	-0.670000
809	0.609416	-0.033704	-0.075508	-0.670000
810	0.471365	0.334145	0.210684	-0.670000
811	0.555068	0.263757	-0.023597	-0.670000
812	0.606863	0.084831	0.052402	-0.670000
813	0.570762	-0.215062	-0.078764	-0.670000
814	0.614301	0.003445	-0.029101	-0.670000
815	0.488453	0.356026	-0.113508	-0.670000
816	0.567857	-0.213960	0.099923	-0.670000
817	0.582446	-0.192728	0.042871	-0.670000
818	0.585277	-0.182658	0.048087	-0.670000
819	0.608905	-0.064055	-0.057939	-0.670000
820	0.446281	0.274869	0.321722	-0.670000
821	0.589538	0.063388	0.163254	-0.670000
822	0.614009	0.033264	0.010545	-0.670000
823	0.612734	-0.037674	-0.036917	-0.670000
824	0.524201	-0.084242	0.310389	-0.670000
825	0.608166	0.019526	0.089320	-0.670000
826	0.578921	0.188890	-0.086001	-0.670000
827	0.597311	0.143974	-0.026764	-0.670000
828	0.612990	0.047132	0.015712	-0.670000
829	0.602177	-0.084844	0.091702	-0.670000
830	0.565996	0.116342	0.210567	-0.670000
831	0.609576	0.027281	0.076798	-0.670000
832	0.594527	-0.043067	-0.151354	-0.670000
833	0.505231	0.289145	0.198398	-0.670000
834	0.489983	0.336034	0.158817	-0.670000
835	0.565387	0.024057	0.240799	-0.670000
836	0.570821	-0.021532	0.227870	-0.670000
837	0.529454	0.185315	0.252114	-0.670000
838	0.610830	0.050220	0.050891	-0.670000
839	0.607065	0.078961	0.058842	-0.670000
840	0.580314	0.010849	0.203329	-0.670000
841	0.614785	-0.015139	-0.005946	-0.670000
842	0.606995	0.098383	-0.010156	-0.670000
843	0.565361	0.169043	0.173252	-0.670000
844	0.518517	-0.114122	0.310389	-0.670000
845	0.475292	0.124614	0.369857	-0.670000
846	0.576122	0.177183	0.122124	-0.670000
847	0.605418	-0.091503	0.057633	-0.670000
848	0.606058	0.096044	0.041163	-0.670000
849	0.543489	0.051395	0.283202	-0.670000
850	0.589794	0.114165	-0.131660	-0.670000
