1	0.600146	0.084230	0.104667	0.130000
2	0.554760	0.060237	0.258530	0.130000
3	0.451453	0.366533	0.200171	0.130000
4	0.552725	-0.021982	0.268770	0.130000
5	0.602206	0.117702	0.041469	0.130000
6	0.583327	0.168129	0.098421	0.130000
7	0.553537	0.088010	-0.253133	0.130000
8	0.494491	-0.076150	0.357638	0.130000
9	0.602917	0.076890	-0.093833	0.130000
10	0.436535	0.272095	0.337085	0.130000
11	0.557795	0.219689	0.137208	0.130000
12	0.604449	0.111733	-0.019553	0.130000
13	0.551545	0.238671	0.130609	0.130000
14	0.566707	0.227719	-0.072192	0.130000
15	0.448068	0.413100	0.082517	0.130000
16	0.590328	0.019454	0.171346	0.130000
17	0.603090	-0.120358	-0.004584	0.130000
18	0.547256	-0.246195	0.134627	0.130000
19	0.581814	0.180618	0.084226	0.130000
20	0.577510	0.059013	-0.203039	0.130000
21	0.584011	0.059706	0.183278	0.130000
22	0.587368	0.180964	0.021801	0.130000
23	0.589832	-0.129729	-0.116164	0.130000
24	0.599836	0.123155	0.057045	0.130000
25	0.597866	0.066160	0.128080	0.130000
26	0.608956	0.077406	0.037490	0.130000
27	0.584217	-0.179666	-0.068085	0.130000
28	0.606348	0.089418	-0.050708	0.130000
29	0.592299	0.160136	-0.041999	0.130000
30	0.471307	0.339456	0.202149	0.130000
31	0.542161	-0.274161	0.095511	0.130000
32	0.588081	-0.171586	-0.054259	0.130000
33	0.592616	-0.159243	-0.040906	0.130000
34	0.610100	0.047216	-0.061432	0.130000
35	0.565577	0.078418	-0.228469	0.130000
36	0.481926	0.364519	-0.114446	0.130000
37	0.607262	0.058901	-0.077386	0.130000
38	0.613007	-0.000672	0.049470	0.130000
39	0.614519	-0.023629	-0.005719	0.130000
40	0.595504	-0.148966	0.037544	0.130000
41	0.606582	-0.069436	-0.073904	0.130000
42	0.531559	-0.079172	-0.299001	0.130000
43	0.546315	0.138740	0.245999	0.130000
44	0.605570	0.094280	-0.051198	0.130000
45	0.540009	0.002120	-0.294297	0.130000
46	0.589388	-0.172664	0.032153	0.130000
47	0.608823	-0.037403	-0.078489	0.130000
48	0.614326	0.003865	-0.028515	0.130000
49	0.599940	-0.070342	0.115540	0.130000
50	0.614126	0.032346	0.005317	0.130000
51	0.581187	0.180092	0.089519	0.130000
52	0.556969	0.222320	-0.136326	0.130000
53	0.611272	0.001531	-0.067600	0.130000
54	0.614157	0.030313	-0.010829	0.130000
55	0.594133	0.158444	-0.011267	0.130000
56	0.591958	0.158399	-0.052154	0.130000
57	0.528833	-0.313840	-0.008103	0.130000
58	0.605484	-0.092975	-0.054491	0.130000
59	0.597225	0.014342	-0.146088	0.130000
60	0.599764	-0.123331	0.057425	0.130000
61	0.610529	0.044206	0.059372	0.130000
62	0.564195	0.156145	0.188489	0.130000
63	0.600222	-0.089702	-0.099558	0.130000
64	0.594851	-0.144925	-0.058084	0.130000
65	0.597677	0.138252	0.043517	0.130000
66	0.614657	0.007551	0.019092	0.130000
67	0.614387	-0.027073	0.004596	0.130000
68	0.599616	-0.053294	-0.125880	0.130000
69	0.607524	-0.026136	-0.091959	0.130000
70	0.573082	0.172086	0.142086	0.130000
71	0.609970	0.061457	-0.048835	0.130000
72	0.579090	-0.199109	0.056878	0.130000
73	0.575382	-0.082635	0.200829	0.130000
74	0.601999	-0.103878	0.070933	0.130000
75	0.556348	-0.218235	-0.145172	0.130000
76	0.580628	-0.181652	-0.089990	0.130000
77	0.587554	-0.174608	0.050173	0.130000
78	0.613594	0.039901	-0.011651	0.130000
79	0.605439	-0.104087	0.028878	0.130000
80	0.554412	0.209093	0.164720	0.130000
81	0.574008	0.000781	-0.220770	0.130000
82	0.583549	-0.193437	-0.016663	0.130000
83	0.581987	-0.176906	-0.090664	0.130000
84	0.587066	-0.031405	0.180535	0.130000
85	0.582025	-0.185546	0.071022	0.130000
86	0.607876	-0.083643	-0.041423	0.130000
87	0.607728	0.092894	-0.016189	0.130000
88	0.610090	0.002938	-0.077505	0.130000
89	0.608719	0.074517	0.046194	0.130000
90	0.572424	0.206642	-0.088629	0.130000
91	0.599649	-0.081879	-0.109279	0.130000
92	0.591244	-0.168252	-0.018615	0.130000
93	0.614789	0.014706	-0.006565	0.130000
94	0.520913	-0.149066	0.290953	0.130000
95	0.613702	-0.012534	-0.037919	0.130000
96	0.603432	0.068532	-0.096941	0.130000
97	0.571787	-0.196418	-0.112713	0.130000
98	0.600885	-0.014951	-0.130149	0.130000
99	0.594494	0.022305	-0.155899	0.130000
100	0.570400	-0.140623	0.181917	0.130000
101	0.582627	0.151150	-0.126190	0.130000
102	0.610136	-0.031588	-0.070432	0.130000
103	0.596255	-0.142836	-0.047983	0.130000
104	0.523312	0.149075	-0.286611	0.130000
105	0.614086	-0.019121	-0.027523	0.130000
106	0.603956	0.115555	-0.010452	0.130000
107	0.589219	0.146194	0.098352	0.130000
108	0.608681	0.078752	0.039127	0.130000
109	0.577848	-0.172759	0.120297	0.130000
110	0.590078	-0.166719	0.047303	0.130000
111	0.608833	0.010429	-0.086251	0.130000
112	0.609247	0.042979	-0.072084	0.130000
113	0.604743	0.023633	-0.109325	0.130000
114	0.590464	0.129051	-0.113678	0.130000
115	0.610338	0.057989	-0.048476	0.130000
116	0.598952	0.130461	0.049613	0.130000
117	0.600614	0.128742	0.030221	0.130000
118	0.372050	0.354123	0.338233	0.130000
119	0.505771	0.250529	0.244246	0.130000
120	0.571344	0.138177	0.180826	0.130000
121	0.555016	0.224753	0.140243	0.130000
122	0.612928	0.006029	0.050083	0.130000
123	0.606185	0.095525	0.040496	0.130000
124	0.508932	0.126518	0.321257	0.130000
125	0.583581	-0.136223	0.138209	0.130000
126	0.559614	-0.018827	0.254367	0.130000
127	0.609514	0.062550	0.052958	0.130000
128	0.597484	-0.145732	-0.000781	0.130000
129	0.597573	0.045787	-0.137966	0.130000
130	0.505608	0.085025	-0.339641	0.130000
131	0.613076	-0.048594	0.001191	0.130000
132	0.606391	-0.084016	0.058789	0.130000
133	0.561233	-0.124438	0.218536	0.130000
134	0.613678	0.021858	-0.033852	0.130000
135	0.605066	0.035638	-0.104163	0.130000
136	0.468055	0.134953	0.375417	0.130000
137	0.602961	-0.025201	0.118441	0.130000
138	0.553847	0.054936	-0.261650	0.130000
139	0.561244	0.004075	-0.251423	0.130000
140	0.608166	0.089982	0.016185	0.130000
141	0.581703	0.047597	-0.193859	0.130000
142	0.587903	0.167135	-0.068269	0.130000
143	0.608741	-0.087420	0.004083	0.130000
144	0.609702	-0.049997	0.063155	0.130000
145	0.606851	-0.020415	0.097676	0.130000
146	0.520079	-0.281870	-0.168204	0.130000
147	0.543526	-0.083654	-0.275330	0.130000
148	0.584100	0.161270	-0.105093	0.130000
149	0.556273	0.154950	-0.211604	0.130000
150	0.543928	0.256762	0.128223	0.130000
151	0.582762	-0.023584	0.195082	0.130000
152	0.605198	-0.103851	0.034287	0.130000
153	0.590094	-0.124564	0.120404	0.130000
154	0.571773	0.164245	-0.155962	0.130000
155	0.610327	0.036711	0.066168	0.130000
156	0.489641	0.231933	-0.291004	0.130000
157	0.554927	-0.082628	-0.251900	0.130000
158	0.610471	-0.034537	-0.066007	0.130000
159	0.604031	-0.102119	0.054254	0.130000
160	0.594367	-0.062405	0.145115	0.130000
161	0.526858	0.100570	-0.300884	0.130000
162	0.601936	-0.001957	0.126073	0.130000
163	0.588110	-0.013456	0.179363	0.130000
164	0.613396	0.034548	-0.027861	0.130000
165	0.597648	-0.136232	-0.049831	0.130000
166	0.569726	0.225970	-0.050745	0.130000
167	0.608218	-0.000473	0.091077	0.130000
168	0.602517	-0.102007	-0.069226	0.130000
169	0.546852	0.005625	-0.281330	0.130000
170	0.614476	0.025258	-0.002461	0.130000
171	0.608238	0.090036	0.012823	0.130000
172	0.607314	0.084730	0.047069	0.130000
173	0.573202	-0.221239	-0.026801	0.130000
174	0.591413	-0.168633	0.004279	0.130000
175	0.599631	0.080071	0.110708	0.130000
176	0.614643	0.020478	-0.004387	0.130000
177	0.558251	-0.173950	0.190584	0.130000
178	0.551302	-0.105362	-0.251375	0.130000
179	0.584306	-0.122853	0.147372	0.130000
180	0.596339	-0.146200	-0.035076	0.130000
181	0.608175	0.088819	-0.021444	0.130000
182	0.602401	-0.004384	-0.123769	0.130000
183	0.594375	-0.139142	0.074721	0.130000
184	0.607954	-0.083330	0.040898	0.130000
185	0.584709	-0.116336	0.151018	0.130000
186	0.592006	-0.164168	0.028328	0.130000
187	0.606475	-0.102002	0.002925	0.130000
188	0.611975	-0.060623	0.006002	0.130000
189	0.605777	0.090289	-0.055742	0.130000
190	0.602027	-0.115284	0.049980	0.130000
191	0.600909	-0.076131	0.106478	0.130000
192	0.579513	0.171280	-0.114251	0.130000
193	0.596414	-0.097682	0.113899	0.130000
194	0.568311	-0.186844	-0.142610	0.130000
195	0.578158	-0.156443	-0.139584	0.130000
196	0.573793	-0.099020	-0.197944	0.130000
197	0.596213	0.148151	-0.028398	0.130000
198	0.598068	-0.028624	0.140429	0.130000
199	0.556147	0.159779	0.208317	0.130000
200	0.605080	-0.074797	0.080679	0.130000
201	0.612132	0.024926	-0.053837	0.130000
202	0.562891	0.085274	-0.232609	0.130000
203	0.568035	-0.192879	-0.135494	0.130000
204	0.525820	-0.011101	-0.318771	0.130000
205	0.601488	0.054991	0.115817	0.130000
206	0.611911	-0.028368	0.054638	0.130000
207	0.587767	0.068139	-0.167666	0.130000
208	0.609439	-0.008193	-0.082111	0.130000
209	0.597266	-0.040394	-0.140948	0.130000
210	0.580958	0.151641	-0.133110	0.130000
211	0.587658	0.173668	-0.052178	0.130000
212	0.600830	0.063026	0.115137	0.130000
213	0.585270	0.006602	0.188788	0.130000
214	0.570071	0.171647	0.154213	0.130000
215	0.602463	0.043173	0.115758	0.130000
216	0.562929	0.247115	0.016427	0.130000
217	0.583318	0.120191	0.153358	0.130000
218	0.587153	0.144745	0.111917	0.130000
219	0.561846	0.143856	0.204597	0.130000
220	0.614815	0.006547	-0.013603	0.130000
221	0.604643	0.030428	0.108195	0.130000
222	0.590262	0.050487	0.165128	0.130000
223	0.584703	0.174403	0.077010	0.130000
224	0.545572	0.182895	0.217083	0.130000
225	0.571958	0.144420	0.173873	0.130000
226	0.575236	0.199313	0.087196	0.130000
227	0.576789	0.134962	-0.165301	0.130000
228	0.593328	0.147305	0.066994	0.130000
229	0.590913	0.165681	-0.039964	0.130000
230	0.613847	-0.034368	-0.015340	0.130000
231	0.582133	-0.143266	0.137190	0.130000
232	0.512187	0.288842	0.180166	0.130000
233	0.613067	-0.042996	-0.022916	0.130000
234	0.588967	-0.013180	0.176547	0.130000
235	0.598467	0.073268	-0.121219	0.130000
236	0.563717	-0.154467	-0.191281	0.130000
237	0.614128	0.030340	0.012313	0.130000
238	0.608217	0.057552	0.070607	0.130000
239	0.603910	0.112733	0.028431	0.130000
240	0.605030	0.096586	0.053238	0.130000
241	0.574009	0.208370	-0.072946	0.130000
242	0.605586	0.061908	0.087508	0.130000
243	0.599950	-0.083242	0.106566	0.130000
244	0.603337	-0.115731	0.028555	0.130000
245	0.539232	-0.144172	-0.258202	0.130000
246	0.585855	0.031672	-0.184380	0.130000
247	0.582848	-0.056821	-0.187841	0.130000
248	0.564847	-0.002369	-0.243242	0.130000
249	0.583346	0.059812	-0.185351	0.130000
250	0.610823	0.025083	-0.067015	0.130000
251	0.597651	-0.112183	-0.091939	0.130000
252	0.533250	-0.304139	-0.037007	0.130000
253	0.611020	0.052552	-0.046015	0.130000
254	0.608940	0.084222	-0.018007	0.130000
255	0.597455	-0.061840	-0.132094	0.130000
256	0.600993	0.103280	-0.079788	0.130000
257	0.603100	-0.098826	-0.068770	0.130000
258	0.595335	-0.154261	0.002053	0.130000
259	0.517165	-0.078912	-0.323324	0.130000
260	0.606585	0.019864	0.099426	0.130000
261	0.590489	-0.063992	0.159539	0.130000
262	0.575763	-0.162151	0.142931	0.130000
263	0.593816	0.150863	-0.053359	0.130000
264	0.600837	0.063860	-0.114638	0.130000
265	0.597786	0.059823	0.131522	0.130000
266	0.605216	0.066040	0.087050	0.130000
267	0.597487	-0.021788	-0.144080	0.130000
268	0.552602	0.071245	-0.260347	0.130000
269	0.614915	0.003764	0.009525	0.130000
270	0.593695	-0.081635	-0.138157	0.130000
271	0.548837	0.000793	-0.277493	0.130000
272	0.614033	-0.008463	-0.033421	0.130000
273	0.600367	-0.104338	-0.083057	0.130000
274	0.590706	-0.051230	-0.163298	0.130000
275	0.610875	-0.011578	0.070163	0.130000
276	0.596426	0.041817	0.144057	0.130000
277	0.546637	-0.237080	-0.152335	0.130000
278	0.610396	0.022500	0.071661	0.130000
279	0.611888	0.047765	-0.039197	0.130000
280	0.601037	-0.008892	0.130001	0.130000
281	0.586595	-0.168764	0.075162	0.130000
282	0.614724	-0.017870	0.004430	0.130000
283	0.614566	0.011890	-0.019802	0.130000
284	0.586640	0.088214	-0.162163	0.130000
285	0.598779	0.109869	-0.087276	0.130000
286	0.571678	-0.208333	-0.089479	0.130000
287	0.614103	0.032891	0.004521	0.130000
288	0.585453	-0.165042	-0.090723	0.130000
289	0.576624	-0.212315	-0.025550	0.130000
290	0.563656	-0.232579	0.080149	0.130000
291	0.611954	0.010036	0.060304	0.130000
292	0.602711	0.121661	-0.012763	0.130000
293	0.611049	0.061897	-0.031831	0.130000
294	0.572457	0.043233	-0.220565	0.130000
295	0.585421	-0.150160	-0.113841	0.130000
296	0.599131	-0.059317	0.125493	0.130000
297	0.582862	0.177541	0.083521	0.130000
298	0.614609	-0.021332	-0.005064	0.130000
299	0.604787	-0.105163	-0.037396	0.130000
300	0.603446	-0.030281	-0.114721	0.130000
301	0.564591	-0.229755	-0.081699	0.130000
302	0.576304	-0.025171	-0.213227	0.130000
303	0.501190	0.309685	-0.176435	0.130000
304	0.532029	-0.241567	0.191875	0.130000
305	0.597345	-0.128802	-0.069383	0.130000
306	0.596526	-0.106194	0.105377	0.130000
307	0.581898	-0.196962	0.028737	0.130000
308	0.611787	-0.013724	-0.061263	0.130000
309	0.572473	-0.172176	-0.144411	0.130000
310	0.604618	0.018016	-0.111075	0.130000
311	0.603845	0.101113	-0.058073	0.130000
312	0.579201	0.182353	-0.097460	0.130000
313	0.494991	-0.285975	0.226777	0.130000
314	0.598137	-0.059402	0.130111	0.130000
315	0.601981	0.054048	-0.113677	0.130000
316	0.586968	-0.003362	-0.183528	0.130000
317	0.587673	0.146176	-0.107225	0.130000
318	0.612096	0.052308	-0.028772	0.130000
319	0.554423	0.262267	-0.045341	0.130000
320	0.586394	0.109113	0.149871	0.130000
321	0.613352	0.038211	0.023750	0.130000
322	0.513545	0.098318	0.323774	0.130000
323	0.605007	0.043162	0.101627	0.130000
324	0.466629	0.353614	0.188255	0.130000
325	0.581491	0.128148	0.153856	0.130000
326	0.610735	0.010914	0.071475	0.130000
327	0.527359	0.314335	-0.036216	0.130000
328	0.612352	0.052035	0.023297	0.130000
329	0.555200	0.138304	0.225500	0.130000
330	0.538425	0.249209	0.161923	0.130000
331	0.584848	0.179285	0.063518	0.130000
332	0.524396	0.317805	0.047260	0.130000
333	0.533957	0.289758	-0.095685	0.130000
334	0.573224	0.151559	-0.163306	0.130000
335	0.602765	0.090140	0.082303	0.130000
336	0.605761	0.086492	0.061627	0.130000
337	0.595356	0.042891	0.148111	0.130000
338	0.604426	0.065093	-0.093044	0.130000
339	0.604171	0.104243	-0.048335	0.130000
340	0.613506	0.002595	0.042764	0.130000
341	0.611491	-0.012465	-0.064405	0.130000
342	0.598416	0.138428	-0.030995	0.130000
343	0.609140	0.084047	-0.010453	0.130000
344	0.566641	0.157296	0.180002	0.130000
345	0.613737	0.034002	-0.019891	0.130000
346	0.613627	-0.002444	0.041007	0.130000
347	0.607383	0.050069	0.082485	0.130000
348	0.545220	0.107033	0.263636	0.130000
349	0.596515	-0.004559	-0.149581	0.130000
350	0.611223	0.062081	-0.027873	0.130000
351	0.567984	-0.018259	-0.235130	0.130000
352	0.607061	0.093012	0.032422	0.130000
353	0.614457	0.005009	-0.025359	0.130000
354	0.581509	0.101243	-0.172692	0.130000
355	0.609922	-0.041761	0.066902	0.130000
356	0.581487	-0.194984	-0.045598	0.130000
357	0.598840	-0.139231	-0.015181	0.130000
358	0.578031	-0.021841	-0.208874	0.130000
359	0.595214	-0.070085	-0.137961	0.130000
360	0.613908	0.025384	0.026406	0.130000
361	0.585241	-0.059565	-0.179360	0.130000
362	0.612915	-0.004092	-0.050435	0.130000
363	0.584299	-0.188295	0.036939	0.130000
364	0.600646	-0.101332	0.084744	0.130000
365	0.581856	0.176506	-0.092273	0.130000
366	0.600602	-0.112929	-0.068912	0.130000
367	0.588092	0.068463	-0.166390	0.130000
368	0.570137	-0.006198	-0.230500	0.130000
369	0.581555	-0.124081	-0.156916	0.130000
370	0.579810	-0.008048	-0.204891	0.130000
371	0.614732	-0.015141	-0.009998	0.130000
372	0.614330	-0.005140	0.028231	0.130000
373	0.608303	-0.089724	0.011937	0.130000
374	0.591076	-0.099038	-0.138004	0.130000
375	0.594420	-0.067306	0.142688	0.130000
376	0.613769	0.013940	0.036314	0.130000
377	0.586642	-0.074295	0.168988	0.130000
378	0.613590	-0.003805	-0.041454	0.130000
379	0.573058	0.210401	0.074569	0.130000
380	0.599690	0.112742	0.076723	0.130000
381	0.609935	-0.071862	0.032246	0.130000
382	0.599269	0.047789	-0.129683	0.130000
383	0.605417	0.082558	0.069853	0.130000
384	0.605825	-0.102059	0.028018	0.130000
385	0.614478	0.000612	-0.025320	0.130000
386	0.591426	-0.094875	0.139426	0.130000
387	0.612330	-0.009126	0.056508	0.130000
388	0.602507	-0.104051	0.066208	0.130000
389	0.574545	-0.169456	0.139314	0.130000
390	0.611706	-0.019387	-0.060537	0.130000
391	0.608759	0.029632	-0.082218	0.130000
392	0.601281	0.111453	0.065305	0.130000
393	0.602006	-0.032771	0.121409	0.130000
394	0.606747	-0.099272	0.015093	0.130000
395	0.610055	0.032786	-0.070589	0.130000
396	0.571371	0.225133	0.032801	0.130000
397	0.604110	-0.110168	-0.033758	0.130000
398	0.594241	-0.109867	0.114157	0.130000
399	0.602913	0.090002	-0.081366	0.130000
400	0.613188	-0.015883	-0.044415	0.130000
401	0.599504	-0.005277	-0.137083	0.130000
402	0.581203	-0.199341	-0.026301	0.130000
403	0.603856	-0.050021	0.105267	0.130000
404	0.552889	0.041283	0.266147	0.130000
405	0.611161	-0.061818	-0.029763	0.130000
406	0.586453	-0.039600	-0.180914	0.130000
407	0.589632	-0.107484	-0.137861	0.130000
408	0.601040	-0.010573	-0.129860	0.130000
409	0.592600	0.150446	-0.066456	0.130000
410	0.599024	-0.097533	0.099409	0.130000
411	0.608903	-0.004876	-0.086243	0.130000
412	0.602192	-0.067365	-0.105124	0.130000
413	0.567000	0.094567	-0.218615	0.130000
414	0.570240	0.102290	-0.206368	0.130000
415	0.611723	-0.060434	0.019179	0.130000
416	0.605117	-0.093983	0.056796	0.130000
417	0.605508	0.098878	0.042527	0.130000
418	0.585972	-0.019506	0.185692	0.130000
419	0.499606	0.009231	-0.358516	0.130000
420	0.600857	-0.050783	-0.120901	0.130000
421	0.590662	0.171247	0.004155	0.130000
422	0.611874	0.045111	0.042434	0.130000
423	0.573881	0.219859	0.023403	0.130000
424	0.578043	-0.012655	0.209598	0.130000
425	0.592878	0.091019	-0.135780	0.130000
426	0.357928	0.354575	0.352688	0.130000
427	0.593791	0.114477	0.111950	0.130000
428	0.575746	0.214916	-0.023516	0.130000
429	0.395553	0.467755	0.054484	0.130000
430	0.454121	0.246278	0.333685	0.130000
431	0.532470	0.131707	0.278127	0.130000
432	0.599587	0.097730	-0.095757	0.130000
433	0.614555	-0.018649	0.014122	0.130000
434	0.509339	0.214595	0.269717	0.130000
435	0.568211	0.229834	-0.050370	0.130000
436	0.582923	0.193658	0.030370	0.130000
437	0.535992	0.288329	0.088343	0.130000
438	0.505380	0.247522	0.248090	0.130000
439	0.586091	0.183532	-0.032216	0.130000
440	0.548821	0.235719	0.146483	0.130000
441	0.609278	0.082752	-0.012531	0.130000
442	0.608553	-0.038856	0.079864	0.130000
443	0.603860	-0.094326	0.068419	0.130000
444	0.569375	0.215667	-0.086745	0.130000
445	0.611965	-0.034539	-0.050309	0.130000
446	0.610714	0.052002	0.050489	0.130000
447	0.598510	-0.118756	-0.076864	0.130000
448	0.601407	0.097084	-0.084318	0.130000
449	0.614215	0.026231	0.016623	0.130000
450	0.610390	0.004985	0.074992	0.130000
451	0.612070	-0.020963	-0.056181	0.130000
452	0.541087	0.185889	0.225601	0.130000
453	0.570649	-0.220807	0.061883	0.130000
454	0.575207	0.156592	-0.151132	0.130000
455	0.611872	-0.029765	0.054327	0.130000
456	0.612789	-0.037703	-0.035956	0.130000
457	0.586915	0.034950	0.180372	0.130000
458	0.580610	0.170456	-0.109824	0.130000
459	0.609733	0.037116	0.071227	0.130000
460	0.579263	0.200326	0.050482	0.130000
461	0.608518	0.088692	-0.008026	0.130000
462	0.601100	0.041264	-0.123291	0.130000
463	0.608357	0.061058	0.066326	0.130000
464	0.598329	-0.142168	0.003868	0.130000
465	0.612290	0.005238	-0.057431	0.130000
466	0.614823	-0.014195	-0.003947	0.130000
467	0.576735	0.091631	-0.192888	0.130000
468	0.572057	-0.109220	-0.197602	0.130000
469	0.614359	-0.000119	-0.028071	0.130000
470	0.609775	0.079028	0.012391	0.130000
471	0.588845	-0.116734	-0.133638	0.130000
472	0.585441	-0.121607	-0.143857	0.130000
473	0.605987	-0.054120	0.089867	0.130000
474	0.608876	-0.002854	0.086523	0.130000
475	0.569278	0.017721	-0.232021	0.130000
476	0.603522	0.054237	-0.105096	0.130000
477	0.581111	-0.055667	0.193486	0.130000
478	0.614115	-0.014801	0.029478	0.130000
479	0.591937	0.139306	-0.091813	0.130000
480	0.529535	0.138060	-0.280637	0.130000
481	0.614650	-0.003632	-0.020429	0.130000
482	0.607066	0.022855	0.095780	0.130000
483	0.611633	-0.016608	-0.062087	0.130000
484	0.613519	-0.039383	0.016369	0.130000
485	0.610567	-0.042950	-0.059901	0.130000
486	0.578481	-0.140034	0.154840	0.130000
487	0.614242	-0.025154	0.017306	0.130000
488	0.603762	-0.096931	0.065578	0.130000
489	0.597179	0.080664	-0.122862	0.130000
490	0.614368	-0.027864	0.000814	0.130000
491	0.608982	0.073102	0.044964	0.130000
492	0.613031	-0.008188	-0.048488	0.130000
493	0.597130	0.146962	0.007966	0.130000
494	0.609610	0.080689	0.009503	0.130000
495	0.609348	0.076988	-0.031518	0.130000
496	0.604820	-0.056438	0.096088	0.130000
497	0.590132	0.095234	-0.144566	0.130000
498	0.567969	-0.226599	0.065496	0.130000
499	0.614880	-0.010572	-0.005939	0.130000
500	0.570376	0.115232	0.199042	0.130000
501	0.596457	-0.075736	0.129337	0.130000
502	0.546519	-0.280323	0.031001	0.130000
503	0.603476	-0.083823	-0.083755	0.130000
504	0.604276	0.012914	-0.113615	0.130000
505	0.563625	0.243986	0.031976	0.130000
506	0.549534	-0.064343	-0.268510	0.130000
507	0.605717	0.021518	-0.104255	0.130000
508	0.586058	-0.122146	0.140859	0.130000
509	0.594625	-0.155770	0.019534	0.130000
510	0.587684	0.023652	0.179703	0.130000
511	0.613722	0.028807	-0.027205	0.130000
512	0.610004	0.015430	0.076693	0.130000
513	0.568609	0.109650	-0.207088	0.130000
514	0.613741	-0.024889	-0.030450	0.130000
515	0.609748	0.052453	0.060667	0.130000
516	0.585565	-0.180712	0.051791	0.130000
517	0.602198	-0.121372	0.029176	0.130000
518	0.593108	0.161791	-0.016472	0.130000
519	0.607291	-0.085817	-0.045365	0.130000
520	0.580475	-0.143995	0.143314	0.130000
521	0.557896	-0.240352	-0.095961	0.130000
522	0.604572	-0.104457	-0.042499	0.130000
523	0.598849	0.136584	0.030822	0.130000
524	0.582709	0.184144	0.069041	0.130000
525	0.576433	-0.143388	0.159341	0.130000
526	0.614659	0.004991	-0.019847	0.130000
527	0.607833	-0.087724	-0.032679	0.130000
528	0.609292	-0.081861	0.016946	0.130000
529	0.602516	-0.100497	-0.071409	0.130000
530	0.564892	0.033954	-0.240768	0.130000
531	0.604415	0.040134	-0.106286	0.130000
532	0.605637	-0.009004	0.106528	0.130000
533	0.613401	-0.021734	-0.038621	0.130000
534	0.551102	0.005905	0.272904	0.130000
535	0.604088	-0.112232	0.026591	0.130000
536	0.572449	0.173209	-0.143270	0.130000
537	0.601719	0.078733	-0.099802	0.130000
538	0.586446	-0.021736	-0.183941	0.130000
539	0.554646	0.231865	0.129736	0.130000
540	0.567615	0.207961	0.113094	0.130000
541	0.606322	-0.008333	0.102610	0.130000
542	0.491640	0.135947	-0.343560	0.130000
543	0.576457	0.069022	0.202876	0.130000
544	0.608547	0.082810	-0.032223	0.130000
545	0.454672	0.244648	0.334134	0.130000
546	0.586377	0.185429	0.001597	0.130000
547	0.604979	0.089542	-0.064864	0.130000
548	0.585031	0.139923	0.128007	0.130000
549	0.613774	-0.036578	0.013003	0.130000
550	0.573979	0.210398	0.067124	0.130000
551	0.575063	-0.007253	0.217888	0.130000
552	0.581339	0.102681	0.172413	0.130000
553	0.550357	0.111199	0.250932	0.130000
554	0.611973	-0.054757	-0.026745	0.130000
555	0.610269	0.069330	-0.031462	0.130000
556	0.606047	0.061663	-0.084436	0.130000
557	0.603903	0.098713	-0.061494	0.130000
558	0.538277	0.089772	0.283591	0.130000
559	0.599220	0.104649	0.090604	0.130000
560	0.614077	0.002700	0.033578	0.130000
561	0.608982	-0.015520	-0.084413	0.130000
562	0.603407	-0.085878	-0.082159	0.130000
563	0.584750	-0.086855	-0.169555	0.130000
564	0.561010	0.226945	-0.109492	0.130000
565	0.611540	-0.029788	0.057936	0.130000
566	0.611021	-0.069815	0.002066	0.130000
567	0.587793	-0.138642	-0.116203	0.130000
568	0.591684	0.021419	0.166363	0.130000
569	0.575225	-0.195086	-0.096346	0.130000
570	0.592514	-0.025118	-0.162855	0.130000
571	0.596975	-0.147767	0.003223	0.130000
572	0.596882	0.141644	-0.043515	0.130000
573	0.604831	0.092127	-0.062583	0.130000
574	0.604187	0.097008	0.061420	0.130000
575	0.596535	-0.032088	-0.146085	0.130000
576	0.583563	-0.189300	0.042954	0.130000
577	0.525601	-0.230253	0.221252	0.130000
578	0.599829	0.001098	-0.135752	0.130000
579	0.598088	0.099479	-0.103055	0.130000
580	0.592933	-0.149605	-0.065378	0.130000
581	0.585884	-0.185357	0.024653	0.130000
582	0.566400	-0.203581	0.126375	0.130000
583	0.603191	-0.075215	-0.093423	0.130000
584	0.586558	-0.130857	0.130579	0.130000
585	0.601300	-0.076476	0.103994	0.130000
586	0.534417	0.041529	-0.301494	0.130000
587	0.564998	0.125704	-0.207847	0.130000
588	0.569040	-0.177007	0.151943	0.130000
589	0.599867	0.029618	0.132314	0.130000
590	0.565435	-0.076893	0.229337	0.130000
591	0.613608	-0.037403	-0.017633	0.130000
592	0.610515	0.071579	0.019300	0.130000
593	0.587612	-0.177704	0.036852	0.130000
594	0.534310	-0.196172	-0.232925	0.130000
595	0.595430	-0.115891	0.101279	0.130000
596	0.603439	-0.117337	0.017862	0.130000
597	0.586990	0.133795	0.125567	0.130000
598	0.605757	0.103408	0.024295	0.130000
599	0.614749	0.007810	-0.015720	0.130000
600	0.563452	0.185122	0.162715	0.130000
601	0.564888	-0.098049	0.222514	0.130000
602	0.602754	-0.106139	0.060390	0.130000
603	0.602754	0.007036	0.121912	0.130000
604	0.516640	-0.262442	-0.205990	0.130000
605	0.612676	0.029029	-0.044839	0.130000
606	0.612377	0.013887	-0.055018	0.130000
607	0.588625	-0.176090	-0.027174	0.130000
608	0.600674	-0.095503	-0.091076	0.130000
609	0.577121	-0.201282	0.068131	0.130000
610	0.537009	-0.299711	0.004461	0.130000
611	0.594442	0.093116	0.127253	0.130000
612	0.614491	-0.014380	0.020479	0.130000
613	0.580435	0.107871	-0.172291	0.130000
614	0.587483	0.012140	-0.181496	0.130000
615	0.610597	-0.043029	-0.059536	0.130000
616	0.604175	-0.086953	0.075081	0.130000
617	0.614306	0.001440	-0.029170	0.130000
618	0.613614	-0.005154	-0.040937	0.130000
619	0.599542	0.080828	0.110641	0.130000
620	0.608274	0.070365	-0.057236	0.130000
621	0.605760	-0.081184	0.068477	0.130000
622	0.589464	0.108032	-0.138151	0.130000
623	0.614406	0.024838	0.010655	0.130000
624	0.599384	0.069537	0.118865	0.130000
625	0.582371	-0.152081	0.126253	0.130000
626	0.610934	-0.062351	-0.033119	0.130000
627	0.591133	0.045257	-0.163520	0.130000
628	0.596889	-0.000728	-0.148147	0.130000
629	0.605332	0.067395	-0.085180	0.130000
630	0.583582	0.194047	0.001753	0.130000
631	0.601529	-0.082399	-0.097970	0.130000
632	0.589862	-0.067317	-0.160486	0.130000
633	0.567395	-0.010983	-0.236997	0.130000
634	0.558650	0.224415	-0.125594	0.130000
635	0.609196	0.049614	-0.068149	0.130000
636	0.595149	0.152537	-0.027487	0.130000
637	0.591799	0.051574	0.159184	0.130000
638	0.614441	0.002947	0.026050	0.130000
639	0.516718	0.331885	0.032871	0.130000
640	0.588506	0.159484	0.080312	0.130000
641	0.534525	0.269174	0.141611	0.130000
642	0.493257	0.348354	0.116499	0.130000
643	0.555709	0.254985	-0.066295	0.130000
644	0.596408	0.087635	0.121830	0.130000
645	0.582372	0.116434	0.159722	0.130000
646	0.612400	-0.051845	0.022448	0.130000
647	0.613765	-0.012522	0.036896	0.130000
648	0.531648	0.308877	-0.013027	0.130000
649	0.589872	0.118035	0.127844	0.130000
650	0.589011	0.097543	0.147569	0.130000
651	0.595720	0.108262	0.107806	0.130000
652	0.595011	-0.074718	-0.136398	0.130000
653	0.568001	0.197228	-0.129233	0.130000
654	0.571550	0.036309	0.224138	0.130000
655	0.612075	0.011919	0.058707	0.130000
656	0.496129	0.203711	0.300969	0.130000
657	0.514623	-0.315973	0.116402	0.130000
658	0.592005	0.062531	-0.154416	0.130000
659	0.602376	-0.122723	-0.017545	0.130000
660	0.580851	-0.196941	-0.045287	0.130000
661	0.612088	0.001105	-0.059764	0.130000
662	0.607850	-0.069813	-0.062202	0.130000
663	0.579566	-0.099029	-0.180338	0.130000
664	0.590393	-0.168964	0.033360	0.130000
665	0.576399	0.137221	0.164801	0.130000
666	0.579020	-0.200131	0.053934	0.130000
667	0.592434	-0.139040	-0.088967	0.130000
668	0.416096	-0.451726	0.032146	0.130000
669	0.575930	-0.200016	-0.080769	0.130000
670	0.568481	0.105168	-0.209748	0.130000
671	0.550127	-0.029853	-0.273301	0.130000
672	0.608576	0.074619	0.047883	0.130000
673	0.614946	0.004114	0.007001	0.130000
674	0.593374	0.051270	0.153308	0.130000
675	0.609490	0.003310	-0.082069	0.130000
676	0.607714	-0.063444	-0.069878	0.130000
677	0.597920	-0.060806	0.130459	0.130000
678	0.598813	-0.139671	-0.011854	0.130000
679	0.600105	-0.088371	-0.101436	0.130000
680	0.587757	-0.180687	0.010900	0.130000
681	0.583443	0.169725	0.094938	0.130000
682	0.558162	-0.151818	0.208882	0.130000
683	0.600254	-0.105379	0.082558	0.130000
684	0.613819	-0.005897	0.037629	0.130000
685	0.604188	0.094096	0.065788	0.130000
686	0.547287	-0.116084	0.255394	0.130000
687	0.581953	-0.179953	-0.084692	0.130000
688	0.607420	-0.088316	-0.038286	0.130000
689	0.597112	0.147101	0.006621	0.130000
690	0.567166	-0.074954	0.225677	0.130000
691	0.601867	0.035373	0.121365	0.130000
692	0.606413	-0.043384	-0.092770	0.130000
693	0.613552	0.038400	-0.017453	0.130000
694	0.607692	0.022249	-0.091873	0.130000
695	0.575305	-0.119374	0.181658	0.130000
696	0.610563	-0.050321	-0.053906	0.130000
697	0.602016	-0.094126	-0.083321	0.130000
698	0.581107	-0.080005	-0.184765	0.130000
699	0.566256	-0.165268	0.173970	0.130000
700	0.525925	0.044782	0.315630	0.130000
701	0.605981	0.102113	0.024191	0.130000
702	0.596084	0.095536	0.117395	0.130000
703	0.601447	-0.045214	-0.120174	0.130000
704	0.596170	-0.112221	0.101060	0.130000
705	0.600588	0.080060	0.105401	0.130000
706	0.601935	-0.058027	0.111948	0.130000
707	0.581751	-0.197055	-0.030979	0.130000
708	0.544449	-0.284550	0.028831	0.130000
709	0.603760	0.015324	0.116033	0.130000
710	0.577066	0.195602	0.083423	0.130000
711	0.587000	-0.143822	-0.113891	0.130000
712	0.590765	0.072714	0.154708	0.130000
713	0.562896	-0.222394	0.109152	0.130000
714	0.556205	-0.170394	0.199567	0.130000
715	0.612187	0.004489	-0.058587	0.130000
716	0.611842	0.024424	-0.057252	0.130000
717	0.595676	-0.127617	0.084316	0.130000
718	0.466998	0.052599	-0.396701	0.130000
719	0.587954	-0.131977	-0.122950	0.130000
720	0.442585	-0.053186	0.423692	0.130000
721	0.595199	0.142459	-0.060564	0.130000
722	0.612957	0.020477	0.045714	0.130000
723	0.581470	-0.185696	-0.075067	0.130000
724	0.607859	0.089710	-0.026173	0.130000
725	0.611095	-0.059035	-0.036098	0.130000
726	0.570733	0.011621	-0.228810	0.130000
727	0.580817	0.177202	0.097342	0.130000
728	0.596663	-0.069223	-0.132008	0.130000
729	0.607962	0.078037	-0.050171	0.130000
730	0.600028	-0.104831	0.084863	0.130000
731	0.605669	-0.093034	0.052297	0.130000
732	0.606938	-0.068630	-0.071702	0.130000
733	0.606850	0.085735	-0.051071	0.130000
734	0.609453	-0.030549	-0.076546	0.130000
735	0.565336	0.154078	0.186762	0.130000
736	0.614600	-0.005840	0.021389	0.130000
737	0.569416	0.168383	0.160116	0.130000
738	0.483672	-0.330598	0.187061	0.130000
739	0.592869	-0.163236	0.009265	0.130000
740	0.614481	-0.005306	-0.024691	0.130000
741	0.604456	0.056270	-0.098444	0.130000
742	0.591178	0.106551	0.131836	0.130000
743	0.582621	0.192849	-0.039832	0.130000
744	0.607842	-0.070384	0.061634	0.130000
745	0.571622	0.175316	-0.144006	0.130000
746	0.580037	-0.150599	-0.138210	0.130000
747	0.595098	-0.026197	0.152961	0.130000
748	0.570909	0.213046	0.083062	0.130000
749	0.454365	0.378551	-0.168750	0.130000
750	0.391624	0.398645	0.256784	0.130000
751	0.600970	0.009954	0.130232	0.130000
752	0.557361	0.200862	0.165009	0.130000
753	0.583907	0.192115	0.019208	0.130000
754	0.602883	0.035275	-0.116244	0.130000
755	0.572811	0.179263	0.134080	0.130000
756	0.610725	0.027535	0.066949	0.130000
757	0.418258	0.436557	-0.112708	0.130000
758	0.541227	0.228877	0.181421	0.130000
759	0.599539	0.136308	0.014058	0.130000
760	0.504266	0.246841	0.251018	0.130000
761	0.612934	0.006849	-0.049904	0.130000
762	0.598126	0.120590	-0.076994	0.130000
763	0.563535	0.234781	0.074371	0.130000
764	0.583579	0.069218	0.181298	0.130000
765	0.589118	0.106523	-0.140777	0.130000
766	0.604554	-0.001300	-0.112863	0.130000
767	0.606128	0.104076	0.001559	0.130000
768	0.589479	0.170668	0.040153	0.130000
769	0.552387	-0.243419	0.117648	0.130000
770	0.559445	0.205775	0.151336	0.130000
771	0.560813	-0.249972	-0.035045	0.130000
772	0.607339	-0.083977	0.048083	0.130000
773	0.558423	-0.242204	-0.087900	0.130000
774	0.610947	0.070488	-0.000728	0.130000
775	0.613052	-0.030911	-0.037899	0.130000
776	0.605017	0.106029	-0.030617	0.130000
777	0.574214	0.099212	-0.196624	0.130000
778	0.613855	-0.037212	-0.004717	0.130000
779	0.471029	0.028248	-0.394410	0.130000
780	0.566414	-0.217405	0.100674	0.130000
781	0.581093	-0.188765	0.070172	0.130000
782	0.558854	0.037713	-0.253939	0.130000
783	0.596137	0.046500	0.143816	0.130000
784	0.589236	-0.090583	-0.151065	0.130000
785	0.574035	0.072097	0.208593	0.130000
786	0.601902	-0.071996	0.103710	0.130000
787	0.602067	-0.075648	-0.100090	0.130000
788	0.582218	-0.158984	0.118201	0.130000
789	0.612534	-0.013430	-0.053351	0.130000
790	0.562416	0.164392	-0.186786	0.130000
791	0.601269	-0.088045	-0.094595	0.130000
792	0.537661	-0.001694	0.298568	0.130000
793	0.561721	-0.197120	0.154396	0.130000
794	0.547159	-0.279665	0.025086	0.130000
795	0.606133	0.027305	0.100409	0.130000
796	0.597836	-0.084277	0.117108	0.130000
797	0.559213	0.163823	0.196641	0.130000
798	0.541495	-0.134921	-0.258466	0.130000
799	0.580681	-0.117782	0.164810	0.130000
800	0.612291	-0.057326	0.006175	0.130000
801	0.604794	0.057499	0.095621	0.130000
802	0.613687	-0.007522	0.039458	0.130000
803	0.588565	0.151729	-0.093777	0.130000
804	0.590857	-0.145483	0.089152	0.130000
805	0.599379	-0.092868	0.101714	0.130000
806	0.599389	-0.134203	-0.030770	0.130000
807	0.573388	-0.045452	0.217683	0.130000
808	0.582077	-0.158341	0.119749	0.130000
809	0.518848	-0.328228	0.035890	0.130000
810	0.611231	0.060536	0.030930	0.130000
811	0.592672	-0.117175	-0.115045	0.130000
812	0.605852	-0.100599	-0.032374	0.130000
813	0.589212	-0.176216	0.001343	0.130000
814	0.602739	-0.079781	-0.092551	0.130000
815	0.577218	-0.187572	-0.099304	0.130000
816	0.599131	-0.050862	-0.129151	0.130000
817	0.566561	0.178986	-0.158736	0.130000
818	0.608241	-0.000028	-0.090929	0.130000
819	0.571006	-0.103200	0.203781	0.130000
820	0.602141	-0.108148	0.062889	0.130000
821	0.582489	-0.136071	0.142886	0.130000
822	0.580065	0.130616	-0.157127	0.130000
823	0.575308	-0.013285	0.216955	0.130000
824	0.598756	-0.002617	-0.140391	0.130000
825	0.604567	0.040143	-0.105416	0.130000
826	0.590025	-0.147525	-0.091282	0.130000
827	0.592716	-0.006417	0.163926	0.130000
828	0.609272	0.044396	0.071007	0.130000
829	0.606090	-0.098226	0.035094	0.130000
830	0.610809	-0.047744	-0.053454	0.130000
831	0.613724	-0.034302	0.019774	0.130000
832	0.594369	-0.043987	0.151710	0.130000
833	0.599413	0.109343	0.083507	0.130000
834	0.589259	0.161922	0.069137	0.130000
835	0.573088	-0.028898	0.221270	0.130000
836	0.606377	0.027928	-0.098752	0.130000
837	0.614102	0.032862	-0.004920	0.130000
838	0.596620	0.054250	-0.139021	0.130000
839	0.599027	-0.112928	0.081478	0.130000
840	0.578549	0.037003	-0.205274	0.130000
841	0.578038	-0.060551	-0.201074	0.130000
842	0.588914	0.168038	0.056292	0.130000
843	0.583500	-0.043089	0.189462	0.130000
844	0.505982	-0.342563	0.069699	0.130000
845	0.516217	0.064239	-0.328053	0.130000
846	0.590053	0.122974	-0.122226	0.130000
847	0.596539	0.001181	0.149550	0.130000
848	0.602808	-0.102775	0.065457	0.130000
849	0.574308	0.198463	0.094909	0.130000
850	0.613408	0.035726	-0.026067	0.130000
