1	-0.447730	-0.420964	0.023491	-1.400000
2	-0.529391	-0.291984	-0.112764	-1.400000
3	-0.481149	-0.301998	-0.235622	-1.400000
4	-0.596549	-0.118192	-0.091566	-1.400000
5	-0.607528	0.095114	0.009396	-1.400000
6	-0.592180	0.161887	0.036608	-1.400000
7	-0.532714	0.303514	0.048167	-1.400000
8	-0.489104	0.112001	0.355609	-1.400000
9	-0.574940	-0.033531	0.215742	-1.400000
10	-0.573747	0.045784	-0.216663	-1.400000
11	-0.591054	-0.084107	-0.147669	-1.400000
12	-0.565317	0.176543	0.165754	-1.400000
13	-0.565995	-0.235310	-0.050035	-1.400000
14	-0.612228	-0.001286	0.058312	-1.400000
15	-0.613261	-0.032879	-0.032475	-1.400000
16	-0.500459	0.328528	0.140839	-1.400000
17	-0.605744	-0.105481	-0.013164	-1.400000
18	-0.608591	0.082967	0.030957	-1.400000
19	-0.605927	0.013984	-0.104316	-1.400000
20	-0.598113	-0.135756	0.045340	-1.400000
21	-0.601457	-0.127939	-0.010281	-1.400000
22	-0.590395	0.105353	-0.136233	-1.400000
23	-0.593043	0.045529	-0.156372	-1.400000
24	-0.583227	0.007040	0.194990	-1.400000
25	-0.594085	0.148146	0.057796	-1.400000
26	-0.588336	0.172201	-0.049322	-1.400000
27	-0.570040	0.078017	-0.217239	-1.400000
28	-0.595906	0.148052	0.034669	-1.400000
29	-0.578932	-0.003152	0.207492	-1.400000
30	-0.602399	-0.056713	0.110111	-1.400000
31	-0.614871	0.012553	-0.000909	-1.400000
32	-0.582970	0.184166	-0.066732	-1.400000
33	-0.614102	0.017761	0.028082	-1.400000
34	-0.607420	0.094598	0.017803	-1.400000
35	-0.541171	0.266719	-0.119248	-1.400000
36	-0.598449	0.134818	-0.043682	-1.400000
37	-0.571720	-0.068821	-0.215927	-1.400000
38	-0.599487	0.057063	-0.124837	-1.400000
39	-0.611814	-0.050199	0.037263	-1.400000
40	-0.593083	-0.137942	-0.086312	-1.400000
41	-0.517474	0.155857	0.293520	-1.400000
42	-0.569499	0.193125	0.128835	-1.400000
43	-0.601050	0.004822	0.130158	-1.400000
44	-0.550351	0.138660	0.236880	-1.400000
45	-0.571900	0.217073	0.063520	-1.400000
46	-0.562393	0.248866	0.002082	-1.400000
47	-0.598562	-0.030137	0.137988	-1.400000
48	-0.609993	-0.004182	0.078203	-1.400000
49	-0.587703	0.034279	0.177920	-1.400000
50	-0.589658	0.140392	0.104011	-1.400000
51	-0.539535	-0.294944	0.011615	-1.400000
52	-0.555014	-0.154968	0.214871	-1.400000
53	-0.592318	-0.033895	-0.161972	-1.400000
54	-0.606208	0.096562	0.037587	-1.400000
55	-0.612163	-0.013032	-0.057549	-1.400000
56	-0.559927	0.104406	0.231961	-1.400000
57	-0.587176	-0.062411	-0.171914	-1.400000
58	-0.599306	-0.105261	-0.089319	-1.400000
59	-0.558433	-0.256374	-0.025490	-1.400000
60	-0.609502	-0.065410	0.049537	-1.400000
61	-0.612478	-0.052468	0.018516	-1.400000
62	-0.610578	-0.057453	0.046027	-1.400000
63	-0.589838	-0.049267	0.167000	-1.400000
64	-0.597474	0.057370	0.134008	-1.400000
65	-0.590059	-0.053582	0.164878	-1.400000
66	-0.576633	0.083981	0.196637	-1.400000
67	-0.583688	0.182555	-0.064865	-1.400000
68	-0.531744	-0.305258	0.047863	-1.400000
69	-0.598019	-0.041702	0.137329	-1.400000
70	-0.592659	0.054781	-0.154854	-1.400000
71	-0.608868	-0.067430	-0.054384	-1.400000
72	-0.548544	-0.228460	0.158526	-1.400000
73	-0.608928	0.086184	-0.002068	-1.400000
74	-0.492415	0.348921	0.118351	-1.400000
75	-0.613979	0.030368	0.018236	-1.400000
76	-0.560847	-0.113511	0.225369	-1.400000
77	-0.605402	-0.026183	0.105013	-1.400000
78	-0.550678	-0.227801	0.151940	-1.400000
79	-0.605296	0.053209	0.094922	-1.400000
80	-0.552176	0.217739	0.160986	-1.400000
81	-0.614094	0.007345	-0.032558	-1.400000
82	-0.610799	0.071340	-0.007734	-1.400000
83	-0.598141	0.116987	0.082259	-1.400000
84	-0.579810	0.026323	-0.203353	-1.400000
85	-0.609964	0.060386	0.050219	-1.400000
86	-0.599476	-0.082076	0.110079	-1.400000
87	-0.600690	0.006312	0.131745	-1.400000
88	-0.584484	0.013646	0.190834	-1.400000
89	-0.600831	0.089755	-0.095767	-1.400000
90	-0.563938	0.095057	0.226193	-1.400000
91	-0.430264	0.325865	-0.294805	-1.400000
92	-0.587359	-0.166534	0.074169	-1.400000
93	-0.609356	-0.082084	-0.013119	-1.400000
94	-0.601269	-0.025540	0.126684	-1.400000
95	-0.613299	0.033939	0.030621	-1.400000
96	-0.595829	0.010177	0.152018	-1.400000
97	-0.554586	-0.234855	0.124512	-1.400000
98	-0.605907	0.044720	-0.095403	-1.400000
99	-0.611837	0.058131	-0.022391	-1.400000
100	-0.593699	-0.052996	0.151454	-1.400000
101	-0.600321	-0.011940	0.133029	-1.400000
102	-0.592260	-0.160686	-0.040421	-1.400000
103	-0.597260	-0.019240	-0.145379	-1.400000
104	-0.519725	0.175920	-0.277782	-1.400000
105	-0.609911	0.021585	0.075941	-1.400000
106	-0.572219	0.185782	0.127577	-1.400000
107	-0.585946	-0.110251	-0.150788	-1.400000
108	-0.599934	0.055780	-0.123259	-1.400000
109	-0.554596	-0.175817	0.199342	-1.400000
110	-0.510154	-0.055686	0.338920	-1.400000
111	-0.593156	-0.158158	-0.037107	-1.400000
112	-0.604880	-0.008188	0.110807	-1.400000
113	-0.605899	0.103963	-0.017397	-1.400000
114	-0.551088	-0.138962	-0.234982	-1.400000
115	-0.570409	0.229258	-0.017296	-1.400000
116	-0.556586	-0.172678	-0.196520	-1.400000
117	-0.532517	0.112662	0.286283	-1.400000
118	-0.612861	-0.050151	0.010540	-1.400000
119	-0.573988	-0.108936	-0.192082	-1.400000
120	-0.578392	-0.200195	-0.060083	-1.400000
121	-0.603300	0.102677	-0.060917	-1.400000
122	-0.568515	0.003194	0.234533	-1.400000
123	-0.553438	0.199236	0.179545	-1.400000
124	-0.614981	-0.004147	0.002455	-1.400000
125	-0.604599	0.066501	0.090898	-1.400000
126	-0.611140	0.039603	0.056249	-1.400000
127	-0.614111	0.013067	0.030363	-1.400000
128	-0.582700	0.113323	-0.160759	-1.400000
129	-0.589139	0.006454	-0.176348	-1.400000
130	-0.592762	0.163112	-0.015893	-1.400000
131	-0.575488	0.125824	0.176654	-1.400000
132	-0.596828	0.075411	-0.127809	-1.400000
133	-0.614511	-0.024452	-0.001712	-1.400000
134	-0.614056	-0.013245	0.031378	-1.400000
135	-0.604876	-0.105927	0.033602	-1.400000
136	-0.610076	0.076709	-0.012188	-1.400000
137	-0.595685	0.018834	0.151755	-1.400000
138	-0.578581	0.207003	-0.024885	-1.400000
139	-0.591735	0.140670	-0.091031	-1.400000
140	-0.555654	0.213299	0.154848	-1.400000
141	-0.568582	0.217629	-0.087049	-1.400000
142	-0.564928	0.071922	-0.232183	-1.400000
143	-0.586946	0.019930	0.182543	-1.400000
144	-0.614126	0.020218	0.025793	-1.400000
145	-0.608621	0.087996	0.007855	-1.400000
146	-0.613906	0.016629	-0.032687	-1.400000
147	-0.611807	0.014773	-0.060823	-1.400000
148	-0.605180	0.014860	0.108451	-1.400000
149	-0.604187	0.103779	-0.049117	-1.400000
150	-0.594252	0.158389	-0.001573	-1.400000
151	-0.606920	0.035426	0.092835	-1.400000
152	-0.608356	-0.089847	-0.007445	-1.400000
153	-0.441841	0.132806	0.406650	-1.400000
154	-0.541899	-0.130532	0.259868	-1.400000
155	-0.516208	-0.121712	0.311353	-1.400000
156	-0.593065	0.019335	0.161631	-1.400000
157	-0.614667	0.019843	-0.003953	-1.400000
158	-0.586558	0.002643	0.184845	-1.400000
159	-0.603207	-0.117872	-0.021751	-1.400000
160	-0.607114	-0.096831	0.016164	-1.400000
161	-0.565312	-0.154936	-0.186123	-1.400000
162	-0.613776	-0.030855	0.023504	-1.400000
163	-0.593393	-0.041264	0.156228	-1.400000
164	-0.566960	-0.237040	-0.024372	-1.400000
165	-0.586786	0.171151	0.067928	-1.400000
166	-0.605059	-0.087087	-0.067410	-1.400000
167	-0.602588	0.095994	0.076797	-1.400000
168	-0.581800	0.023281	-0.197970	-1.400000
169	-0.603358	-0.118983	-0.005224	-1.400000
170	-0.515555	-0.167324	-0.290569	-1.400000
171	-0.601625	0.114220	-0.056799	-1.400000
172	-0.601732	-0.109702	-0.064103	-1.400000
173	-0.585268	-0.187951	0.018985	-1.400000
174	-0.607046	0.011572	-0.097907	-1.400000
175	-0.607925	-0.073753	-0.056683	-1.400000
176	-0.599714	-0.069356	-0.117295	-1.400000
177	-0.552190	-0.126677	0.239298	-1.400000
178	-0.561168	0.099186	0.231253	-1.400000
179	-0.581585	0.169911	0.105423	-1.400000
180	-0.604567	-0.067238	0.090567	-1.400000
181	-0.593804	0.159930	0.006629	-1.400000
182	-0.583462	0.065032	0.183214	-1.400000
183	-0.544564	0.279917	-0.057631	-1.400000
184	-0.610308	0.073964	-0.016682	-1.400000
185	-0.553574	-0.265746	-0.034057	-1.400000
186	-0.555844	-0.096544	0.244829	-1.400000
187	-0.579884	-0.010039	0.204593	-1.400000
188	-0.594867	-0.106494	0.114091	-1.400000
189	-0.608968	0.042420	0.074724	-1.400000
190	-0.593944	0.045726	-0.152856	-1.400000
191	-0.610397	-0.007302	-0.074751	-1.400000
192	-0.585341	-0.174759	-0.071136	-1.400000
193	-0.604751	0.111340	0.010255	-1.400000
194	-0.607774	-0.081787	-0.046333	-1.400000
195	-0.610816	-0.059540	0.039794	-1.400000
196	-0.613120	-0.002988	-0.047962	-1.400000
197	-0.571234	0.216505	0.071007	-1.400000
198	-0.525686	0.269732	-0.170657	-1.400000
199	-0.551565	-0.188942	0.195710	-1.400000
200	-0.590693	-0.073949	0.154398	-1.400000
201	-0.605029	-0.109934	-0.008935	-1.400000
202	-0.601744	0.108159	0.066564	-1.400000
203	-0.607689	0.020364	-0.092326	-1.400000
204	-0.605708	0.052190	-0.092839	-1.400000
205	-0.612545	0.038915	0.038713	-1.400000
206	-0.589310	0.159809	0.073484	-1.400000
207	-0.598291	-0.142206	-0.007067	-1.400000
208	-0.610404	-0.027585	0.069790	-1.400000
209	-0.587061	0.072130	-0.168470	-1.400000
210	-0.606239	-0.064826	-0.080605	-1.400000
211	-0.614493	-0.008103	-0.023607	-1.400000
212	-0.607524	0.013510	-0.094643	-1.400000
213	-0.577547	0.202078	-0.061877	-1.400000
214	-0.606845	-0.099661	-0.005586	-1.400000
215	-0.567013	-0.094497	-0.218614	-1.400000
216	-0.597713	0.053664	-0.134478	-1.400000
217	-0.569797	0.158394	0.168723	-1.400000
218	-0.591616	0.100309	0.134735	-1.400000
219	-0.601357	0.128014	-0.014391	-1.400000
220	-0.606102	0.026722	0.100752	-1.400000
221	-0.592503	0.164761	-0.004362	-1.400000
222	-0.573191	-0.089063	0.204316	-1.400000
223	-0.587457	0.049476	-0.175133	-1.400000
224	-0.581279	0.200615	0.009632	-1.400000
225	-0.604806	0.044706	-0.102156	-1.400000
226	-0.592340	-0.103710	-0.128852	-1.400000
227	-0.612018	0.036434	0.048290	-1.400000
228	-0.590009	0.102771	0.139829	-1.400000
229	-0.608244	0.021407	0.088350	-1.400000
230	-0.566140	0.182831	0.155833	-1.400000
231	-0.584611	0.059469	0.181434	-1.400000
232	-0.472450	-0.351863	0.176658	-1.400000
233	-0.572757	-0.223047	0.020607	-1.400000
234	-0.613059	-0.042318	-0.024337	-1.400000
235	-0.565731	0.076169	0.228849	-1.400000
236	-0.614652	-0.000657	-0.020665	-1.400000
237	-0.560671	-0.091919	0.235424	-1.400000
238	-0.612115	0.043886	-0.040177	-1.400000
239	-0.611343	0.051243	-0.043117	-1.400000
240	-0.604469	0.081183	-0.079068	-1.400000
241	-0.584104	-0.104314	-0.161760	-1.400000
242	-0.602571	-0.110372	-0.054322	-1.400000
243	-0.605005	-0.104361	-0.036088	-1.400000
244	-0.564218	-0.228431	0.087765	-1.400000
245	-0.572263	0.190470	0.120257	-1.400000
246	-0.580071	0.186515	0.083395	-1.400000
247	-0.603699	0.055051	-0.103645	-1.400000
248	-0.609193	0.082431	0.017735	-1.400000
249	-0.611168	0.062195	-0.028807	-1.400000
250	-0.577546	-0.140366	0.157998	-1.400000
251	-0.611946	-0.029550	-0.053604	-1.400000
252	-0.608660	-0.052999	-0.070346	-1.400000
253	-0.610678	0.033795	-0.064465	-1.400000
254	-0.610536	0.040594	0.061833	-1.400000
255	-0.587385	0.026928	0.180220	-1.400000
256	-0.593799	-0.003794	0.160041	-1.400000
257	-0.589203	0.011800	0.175858	-1.400000
258	-0.601409	0.124944	0.030356	-1.400000
259	-0.598383	0.140481	0.020673	-1.400000
260	-0.610002	-0.049328	0.060738	-1.400000
261	-0.606735	0.035161	0.094138	-1.400000
262	-0.584777	0.009540	-0.190182	-1.400000
263	-0.590084	-0.041812	-0.168159	-1.400000
264	-0.603326	-0.064835	0.100096	-1.400000
265	-0.601310	0.003821	-0.128981	-1.400000
266	-0.595999	0.017961	-0.150625	-1.400000
267	-0.573748	0.218154	0.038033	-1.400000
268	-0.604103	-0.016673	0.114048	-1.400000
269	-0.609171	0.043929	0.072148	-1.400000
270	-0.594131	0.157132	0.023303	-1.400000
271	-0.608358	-0.028461	0.085534	-1.400000
272	-0.562906	-0.197904	-0.148983	-1.400000
273	-0.603393	-0.008171	-0.118637	-1.400000
274	-0.604631	0.094902	-0.060327	-1.400000
275	-0.591264	-0.169140	0.004896	-1.400000
276	-0.587196	-0.021389	0.181572	-1.400000
277	-0.605684	-0.045198	-0.096586	-1.400000
278	-0.609971	-0.077972	-0.009009	-1.400000
279	-0.591012	0.121100	0.119433	-1.400000
280	-0.561396	0.208421	0.140073	-1.400000
281	-0.493909	-0.276456	0.240522	-1.400000
282	-0.598221	-0.085194	0.114449	-1.400000
283	-0.599099	-0.079486	0.113963	-1.400000
284	-0.591564	-0.047601	0.161278	-1.400000
285	-0.595679	0.150113	0.029285	-1.400000
286	-0.610002	-0.054246	0.056388	-1.400000
287	-0.596321	0.079717	0.127561	-1.400000
288	-0.552852	0.239771	-0.122837	-1.400000
289	-0.614383	0.014382	0.023481	-1.400000
290	-0.595406	-0.118058	0.098888	-1.400000
291	-0.593784	0.069247	0.144396	-1.400000
292	-0.610923	-0.068065	-0.019113	-1.400000
293	-0.613778	-0.036856	-0.011964	-1.400000
294	-0.560184	0.210981	0.141090	-1.400000
295	-0.572281	0.212940	-0.073322	-1.400000
296	-0.614533	-0.005204	0.023385	-1.400000
297	-0.614922	-0.003385	-0.009220	-1.400000
298	-0.611576	0.058327	0.028250	-1.400000
299	-0.593090	-0.128575	0.099690	-1.400000
300	-0.598928	-0.031552	0.136069	-1.400000
301	-0.514715	-0.280070	0.186695	-1.400000
302	-0.612177	0.017725	-0.056122	-1.400000
303	-0.594473	0.123608	0.097714	-1.400000
304	-0.592083	-0.001276	0.166317	-1.400000
305	-0.600711	0.030097	0.128317	-1.400000
306	-0.592409	-0.051980	0.156762	-1.400000
307	-0.604307	0.003813	0.114120	-1.400000
308	-0.558617	0.215580	0.140347	-1.400000
309	-0.606288	-0.056953	0.085999	-1.400000
310	-0.599407	0.026559	0.135023	-1.400000
311	-0.600239	-0.111560	0.074108	-1.400000
312	-0.581822	0.129609	-0.151358	-1.400000
313	-0.572625	0.085966	0.207208	-1.400000
314	-0.584940	0.015086	0.189322	-1.400000
315	-0.611544	-0.064132	0.011225	-1.400000
316	-0.601641	-0.114418	0.056224	-1.400000
317	-0.610336	0.032125	-0.068430	-1.400000
318	-0.586974	-0.019131	0.182539	-1.400000
319	-0.592534	0.042958	-0.159008	-1.400000
320	-0.612685	0.026073	-0.046501	-1.400000
321	-0.583761	0.012963	-0.193082	-1.400000
322	-0.608222	-0.089196	0.018291	-1.400000
323	-0.577362	-0.204170	-0.056504	-1.400000
324	-0.570228	-0.064852	-0.221042	-1.400000
325	-0.494639	0.175814	0.320386	-1.400000
326	-0.589259	0.038449	0.171817	-1.400000
327	-0.598302	0.142038	0.009216	-1.400000
328	-0.595690	-0.145491	0.047024	-1.400000
329	-0.571392	0.106509	0.200978	-1.400000
330	-0.590215	-0.113667	0.130198	-1.400000
331	-0.606110	0.065533	0.080999	-1.400000
332	-0.557370	-0.227877	-0.125043	-1.400000
333	-0.542809	-0.139703	0.253114	-1.400000
334	-0.605271	0.101842	0.038740	-1.400000
335	-0.599297	0.090759	-0.104070	-1.400000
336	-0.601401	0.084579	0.096893	-1.400000
337	-0.602154	0.007323	-0.124827	-1.400000
338	-0.554710	-0.228251	0.135734	-1.400000
339	-0.608451	-0.079786	-0.040579	-1.400000
340	-0.599882	-0.004232	-0.135455	-1.400000
341	-0.614681	0.006701	-0.018653	-1.400000
342	-0.579014	0.193973	0.073091	-1.400000
343	-0.590459	0.005972	0.171894	-1.400000
344	-0.610346	0.046111	0.059803	-1.400000
345	-0.561004	0.216061	0.129679	-1.400000
346	-0.610479	-0.046366	0.058228	-1.400000
347	-0.603455	-0.114768	-0.029913	-1.400000
348	-0.614039	-0.033794	0.006285	-1.400000
349	-0.597060	-0.056500	-0.136207	-1.400000
350	-0.611241	-0.056892	0.037043	-1.400000
351	-0.598275	-0.015500	0.141605	-1.400000
352	-0.610541	0.058382	-0.045345	-1.400000
353	-0.588996	0.176905	-0.003619	-1.400000
354	-0.574268	-0.122708	-0.182712	-1.400000
355	-0.604456	-0.102945	-0.047540	-1.400000
356	-0.522633	-0.133338	0.295467	-1.400000
357	-0.612796	-0.045947	0.024394	-1.400000
358	-0.573303	0.149531	0.164890	-1.400000
359	-0.582765	0.178133	0.082938	-1.400000
360	-0.576103	0.065412	0.205064	-1.400000
361	-0.611689	0.011845	0.062618	-1.400000
362	-0.591666	0.093359	-0.139428	-1.400000
363	-0.611613	-0.048738	-0.042184	-1.400000
364	-0.604679	-0.110964	-0.016580	-1.400000
365	-0.608863	0.085960	0.011015	-1.400000
366	-0.597366	-0.098455	-0.108101	-1.400000
367	-0.591732	-0.064511	0.154649	-1.400000
368	-0.612570	0.033282	0.043298	-1.400000
369	-0.608223	-0.023362	-0.087999	-1.400000
370	-0.588911	-0.008506	0.177020	-1.400000
371	-0.580848	0.032922	0.199390	-1.400000
372	-0.556422	0.220935	-0.140740	-1.400000
373	-0.600234	-0.098348	-0.090951	-1.400000
374	-0.568843	-0.214483	0.092948	-1.400000
375	-0.595036	-0.144434	-0.057410	-1.400000
376	-0.588340	-0.176641	-0.029643	-1.400000
377	-0.612666	0.019814	0.049722	-1.400000
378	-0.608713	0.050271	0.071879	-1.400000
379	-0.593518	0.161123	-0.000825	-1.400000
380	-0.613400	0.014475	-0.041910	-1.400000
381	-0.575273	-0.099493	0.193357	-1.400000
382	-0.579382	-0.200092	0.050041	-1.400000
383	-0.613911	-0.024967	-0.026731	-1.400000
384	-0.580310	-0.030719	0.201301	-1.400000
385	-0.586382	0.078210	-0.168121	-1.400000
386	-0.602451	0.066071	0.104462	-1.400000
387	-0.587721	0.181092	0.003860	-1.400000
388	-0.604079	-0.052658	-0.102668	-1.400000
389	-0.590642	-0.070858	0.156031	-1.400000
390	-0.569201	-0.037312	0.229877	-1.400000
391	-0.604527	-0.111486	0.018530	-1.400000
392	-0.597943	-0.010918	0.143422	-1.400000
393	-0.609772	-0.051473	-0.061264	-1.400000
394	-0.613060	0.041104	-0.026333	-1.400000
395	-0.609383	0.067257	-0.048510	-1.400000
396	-0.607234	0.061555	-0.075521	-1.400000
397	-0.613702	-0.018627	0.035329	-1.400000
398	-0.588693	-0.016431	0.177189	-1.400000
399	-0.590212	0.162475	-0.058967	-1.400000
400	-0.610900	-0.066431	-0.024755	-1.400000
401	-0.609662	-0.001471	0.080838	-1.400000
402	-0.605055	-0.080134	-0.075577	-1.400000
403	-0.606161	0.102555	0.016636	-1.400000
404	-0.613184	-0.022898	-0.041304	-1.400000
405	-0.611734	0.030404	0.055518	-1.400000
406	-0.565879	-0.036566	0.238052	-1.400000
407	-0.595075	-0.154099	-0.019088	-1.400000
408	-0.589120	-0.151746	-0.090198	-1.400000
409	-0.614458	0.007710	0.024644	-1.400000
410	-0.600371	0.103480	0.084094	-1.400000
411	-0.611456	0.027354	-0.059984	-1.400000
412	-0.610016	0.064590	0.043971	-1.400000
413	-0.602299	-0.000706	-0.124341	-1.400000
414	-0.611994	-0.058775	-0.015286	-1.400000
415	-0.604300	0.016222	0.113063	-1.400000
416	-0.567763	-0.204705	-0.118175	-1.400000
417	-0.614105	0.033140	-0.001432	-1.400000
418	-0.573119	0.193854	0.110361	-1.400000
419	-0.591281	-0.137817	0.098075	-1.400000
420	-0.553840	-0.246659	0.103175	-1.400000
421	-0.599534	0.095030	-0.098758	-1.400000
422	-0.598933	0.056094	-0.127899	-1.400000
423	-0.587055	0.076266	-0.166659	-1.400000
424	-0.609716	0.069255	0.040924	-1.400000
425	-0.536399	0.007380	-0.300744	-1.400000
426	-0.576715	0.212966	0.016436	-1.400000
427	-0.603747	-0.100826	0.059576	-1.400000
428	-0.589915	-0.096607	0.144541	-1.400000
429	-0.547876	-0.234492	-0.151890	-1.400000
430	-0.511376	-0.074608	0.333397	-1.400000
431	-0.566968	0.142057	-0.191291	-1.400000
432	-0.612471	-0.015700	0.053454	-1.400000
433	-0.613382	0.024345	0.037351	-1.400000
434	-0.581479	0.159117	0.121611	-1.400000
435	-0.590838	0.170601	0.005543	-1.400000
436	-0.591559	-0.094592	-0.139051	-1.400000
437	-0.608267	0.020350	0.088443	-1.400000
438	-0.603047	0.112789	0.042876	-1.400000
439	-0.580257	0.052417	0.196923	-1.400000
440	-0.574310	0.175931	-0.132065	-1.400000
441	-0.596396	-0.002020	0.150109	-1.400000
442	-0.608314	-0.006572	0.090199	-1.400000
443	-0.612831	-0.013883	-0.049700	-1.400000
444	-0.581219	-0.195096	-0.048447	-1.400000
445	-0.573531	0.009474	0.221804	-1.400000
446	-0.557794	0.247206	0.077332	-1.400000
447	-0.613161	0.002290	-0.047472	-1.400000
448	-0.614076	0.015539	-0.029906	-1.400000
449	-0.609025	0.007215	0.085217	-1.400000
450	-0.567137	0.097816	0.216824	-1.400000
451	-0.573818	0.178329	0.130982	-1.400000
452	-0.548149	0.082470	0.266376	-1.400000
453	-0.609774	0.055310	0.057804	-1.400000
454	-0.595015	-0.085987	0.129572	-1.400000
455	-0.561529	-0.181192	-0.173435	-1.400000
456	-0.611888	-0.018263	0.059028	-1.400000
457	-0.613953	0.035011	-0.007821	-1.400000
458	-0.580703	0.038337	0.198845	-1.400000
459	-0.579864	0.046768	-0.199487	-1.400000
460	-0.567235	0.171140	-0.164867	-1.400000
461	-0.503630	0.351462	-0.032499	-1.400000
462	-0.574899	-0.205406	-0.074323	-1.400000
463	-0.592789	-0.154965	0.053032	-1.400000
464	-0.603806	0.020659	-0.114964	-1.400000
465	-0.613001	-0.043421	-0.023856	-1.400000
466	-0.585329	0.178443	0.061427	-1.400000
467	-0.597847	0.081576	0.118950	-1.400000
468	-0.601989	0.080745	0.096511	-1.400000
469	-0.575351	0.216550	0.017396	-1.400000
470	-0.609625	0.080722	-0.008110	-1.400000
471	-0.533477	0.087054	-0.293341	-1.400000
472	-0.561981	-0.217409	0.123028	-1.400000
473	-0.601214	-0.123503	-0.038903	-1.400000
474	-0.599085	0.113912	0.079663	-1.400000
475	-0.614434	0.022204	0.014238	-1.400000
476	-0.514143	-0.320294	0.106271	-1.400000
477	-0.581128	-0.028903	0.199198	-1.400000
478	-0.596043	0.147937	0.032754	-1.400000
479	-0.511575	-0.304420	0.154415	-1.400000
480	-0.608751	-0.087282	0.005367	-1.400000
481	-0.609214	0.009771	-0.083592	-1.400000
482	-0.572352	0.206972	0.088320	-1.400000
483	-0.613094	0.047284	0.010243	-1.400000
484	-0.601922	-0.034508	0.121345	-1.400000
485	-0.601077	-0.114416	-0.061971	-1.400000
486	-0.604305	-0.087411	-0.073483	-1.400000
487	-0.602175	0.123421	0.019433	-1.400000
488	-0.612887	0.029335	0.041640	-1.400000
489	-0.612087	-0.057692	-0.015701	-1.400000
490	-0.568772	0.105459	0.208809	-1.400000
491	-0.567079	0.195896	0.135169	-1.400000
492	-0.609170	0.077179	0.034359	-1.400000
493	-0.603881	-0.055194	0.102501	-1.400000
494	-0.580757	-0.159268	0.124819	-1.400000
495	-0.592811	-0.056094	0.153795	-1.400000
496	-0.562030	-0.126478	0.215293	-1.400000
497	-0.595268	0.138671	0.068198	-1.400000
498	-0.606103	-0.075703	0.071651	-1.400000
499	-0.612871	0.028822	0.042234	-1.400000
500	-0.609777	-0.034382	0.072215	-1.400000
501	-0.587512	0.160922	0.084606	-1.400000
502	-0.529676	-0.206276	0.234774	-1.400000
503	-0.583287	-0.193551	-0.023230	-1.400000
504	-0.606695	0.051856	-0.086354	-1.400000
505	-0.562256	0.199820	0.148880	-1.400000
506	-0.570968	0.140635	0.180119	-1.400000
507	-0.575853	-0.180920	0.117838	-1.400000
508	-0.607661	-0.080584	0.049793	-1.400000
509	-0.603552	-0.102126	0.059330	-1.400000
510	-0.598285	0.132411	0.052411	-1.400000
511	-0.597837	-0.002435	0.144256	-1.400000
512	-0.591138	-0.036059	0.165772	-1.400000
513	-0.587415	0.078607	0.164285	-1.400000
514	-0.610005	0.053834	0.056752	-1.400000
515	-0.609942	0.031693	0.072052	-1.400000
516	-0.575656	-0.176748	0.124919	-1.400000
517	-0.607041	-0.029804	-0.094008	-1.400000
518	-0.594216	-0.150186	-0.050755	-1.400000
519	-0.602540	0.122762	-0.009973	-1.400000
520	-0.602133	0.044286	-0.117048	-1.400000
521	-0.598124	-0.005299	0.142983	-1.400000
522	-0.597769	-0.084032	0.117626	-1.400000
523	-0.598322	-0.136583	-0.039751	-1.400000
524	-0.609141	0.020483	-0.082177	-1.400000
525	-0.585972	-0.177996	0.056383	-1.400000
526	-0.591078	-0.162882	-0.048178	-1.400000
527	-0.608237	-0.011170	0.090266	-1.400000
528	-0.572469	-0.117862	-0.191345	-1.400000
529	-0.613054	0.010124	-0.047830	-1.400000
530	-0.593173	0.007722	0.162207	-1.400000
531	-0.591733	-0.122180	0.114671	-1.400000
532	-0.608221	-0.070649	0.057454	-1.400000
533	-0.581333	-0.155853	0.126437	-1.400000
534	-0.549878	0.259389	0.092607	-1.400000
535	-0.613526	0.004980	0.042264	-1.400000
536	-0.609922	-0.009166	0.078332	-1.400000
537	-0.599557	-0.070744	-0.117267	-1.400000
538	-0.567333	0.195004	-0.135393	-1.400000
539	-0.509983	-0.068204	-0.336883	-1.400000
540	-0.610270	0.036550	0.066776	-1.400000
541	-0.592609	0.159264	-0.040924	-1.400000
542	-0.565217	0.054043	-0.236293	-1.400000
543	-0.583515	0.189652	0.042035	-1.400000
544	-0.612498	-0.053722	-0.013630	-1.400000
545	-0.613005	0.042098	-0.026028	-1.400000
546	-0.600537	0.039970	0.126424	-1.400000
547	-0.603957	0.115908	0.005121	-1.400000
548	-0.602126	0.121815	0.028812	-1.400000
549	-0.600119	-0.125872	0.047319	-1.400000
550	-0.533139	0.301570	0.055169	-1.400000
551	-0.604308	-0.059756	-0.097291	-1.400000
552	-0.611166	-0.041352	0.054696	-1.400000
553	-0.609833	0.044251	0.066108	-1.400000
554	-0.612699	0.051180	-0.014326	-1.400000
555	-0.577124	0.038089	-0.209049	-1.400000
556	-0.607606	-0.093754	0.015816	-1.400000
557	-0.610913	0.070557	0.005682	-1.400000
558	-0.591010	0.112608	0.127484	-1.400000
559	-0.565491	-0.120747	0.209439	-1.400000
560	-0.614998	-0.000844	-0.001295	-1.400000
561	-0.609833	-0.035468	-0.071211	-1.400000
562	-0.596711	-0.088004	-0.120068	-1.400000
563	-0.613537	-0.003406	-0.042261	-1.400000
564	-0.597780	-0.108221	-0.095773	-1.400000
565	-0.593577	0.149111	0.060476	-1.400000
566	-0.581001	0.197246	0.041918	-1.400000
567	-0.613225	-0.009841	0.045642	-1.400000
568	-0.603807	-0.113882	0.025947	-1.400000
569	-0.605096	0.005863	-0.109772	-1.400000
570	-0.606154	-0.037046	-0.097105	-1.400000
571	-0.609661	0.054123	0.060081	-1.400000
572	-0.581823	0.023993	-0.197816	-1.400000
573	-0.588882	0.174849	0.029502	-1.400000
574	-0.599814	0.135636	-0.007137	-1.400000
575	-0.603123	-0.023088	0.118044	-1.400000
576	-0.559582	-0.172674	-0.187820	-1.400000
577	-0.604694	0.050319	-0.100191	-1.400000
578	-0.602409	-0.116048	0.043146	-1.400000
579	-0.601665	0.097444	0.082033	-1.400000
580	-0.610763	0.061263	-0.037950	-1.400000
581	-0.597561	-0.009310	-0.145118	-1.400000
582	-0.598833	-0.125752	0.061724	-1.400000
583	-0.610324	0.018286	-0.073456	-1.400000
584	-0.600108	0.105312	0.083695	-1.400000
585	-0.612860	0.051093	0.004161	-1.400000
586	-0.610367	0.047363	-0.058597	-1.400000
587	-0.595440	-0.142367	-0.058378	-1.400000
588	-0.605311	0.053656	-0.094573	-1.400000
589	-0.594321	-0.158136	-0.000524	-1.400000
590	-0.614586	0.018777	-0.012505	-1.400000
591	-0.614601	-0.011077	-0.019176	-1.400000
592	-0.599910	0.114286	-0.072607	-1.400000
593	-0.614969	0.003604	-0.004971	-1.400000
594	-0.611319	0.057543	0.034689	-1.400000
595	-0.608881	-0.038990	-0.077254	-1.400000
596	-0.583000	-0.079524	0.178917	-1.400000
597	-0.588931	0.000822	0.177158	-1.400000
598	-0.604180	0.109686	0.034064	-1.400000
599	-0.585305	-0.180031	-0.056853	-1.400000
600	-0.603664	0.087750	0.078192	-1.400000
601	-0.564387	0.194311	0.148106	-1.400000
602	-0.587300	-0.043914	0.177131	-1.400000
603	-0.592725	0.076873	0.144888	-1.400000
604	-0.608787	0.055532	-0.067232	-1.400000
605	-0.614695	-0.004314	-0.018896	-1.400000
606	-0.598565	-0.080136	0.116287	-1.400000
607	-0.612480	-0.054734	-0.009843	-1.400000
608	-0.612197	-0.052447	0.026245	-1.400000
609	-0.614676	0.017073	-0.010313	-1.400000
610	-0.612073	0.053945	0.026113	-1.400000
611	-0.539313	0.009615	0.295422	-1.400000
612	-0.607385	-0.009599	0.096005	-1.400000
613	-0.607187	0.032906	-0.092009	-1.400000
614	-0.593005	0.162794	0.008276	-1.400000
615	-0.606296	-0.096928	0.035145	-1.400000
616	-0.609437	0.079562	-0.021930	-1.400000
617	-0.606840	0.047625	-0.087762	-1.400000
618	-0.575515	0.140894	0.164792	-1.400000
619	-0.586003	-0.106718	0.153092	-1.400000
620	-0.587653	0.010006	0.181076	-1.400000
621	-0.604637	-0.109576	-0.025133	-1.400000
622	-0.576899	-0.206276	-0.053508	-1.400000
623	-0.588997	-0.003812	-0.176897	-1.400000
624	-0.614683	-0.015767	-0.011888	-1.400000
625	-0.609846	0.065986	-0.044256	-1.400000
626	-0.600687	0.093715	-0.092831	-1.400000
627	-0.592054	0.083998	0.143670	-1.400000
628	-0.612727	0.001195	0.052818	-1.400000
629	-0.580750	-0.202205	0.008214	-1.400000
630	-0.603138	0.023221	-0.117943	-1.400000
631	-0.599466	-0.033186	0.133284	-1.400000
632	-0.606122	-0.102897	0.015900	-1.400000
633	-0.608024	-0.090120	-0.020259	-1.400000
634	-0.584138	0.066650	-0.180460	-1.400000
635	-0.585224	0.043064	-0.184075	-1.400000
636	-0.602878	-0.084852	0.086967	-1.400000
637	-0.578025	-0.174545	0.116817	-1.400000
638	-0.565642	0.076415	-0.228987	-1.400000
639	-0.519057	0.328911	0.024945	-1.400000
640	-0.594702	-0.144311	-0.061060	-1.400000
641	-0.606408	0.102303	0.005376	-1.400000
642	-0.604539	-0.008820	0.112604	-1.400000
643	-0.596881	-0.022929	0.146398	-1.400000
644	-0.537134	-0.110375	-0.278441	-1.400000
645	-0.584997	0.185322	0.040733	-1.400000
646	-0.606569	-0.027095	0.097802	-1.400000
647	-0.568925	-0.153682	0.175873	-1.400000
648	-0.595938	0.138729	0.061948	-1.400000
649	-0.614012	-0.033646	0.009047	-1.400000
650	-0.500676	0.095269	0.344199	-1.400000
651	-0.611374	0.054190	-0.038865	-1.400000
652	-0.583444	0.193975	-0.013841	-1.400000
653	-0.575461	0.204600	0.072167	-1.400000
654	-0.613135	0.046770	0.010143	-1.400000
655	-0.598099	0.122834	-0.073581	-1.400000
656	-0.517606	-0.016427	0.331722	-1.400000
657	-0.591780	-0.100147	0.134135	-1.400000
658	-0.591686	0.152754	0.069276	-1.400000
659	-0.516242	0.208910	-0.260914	-1.400000
660	-0.525721	-0.072495	0.310784	-1.400000
661	-0.583034	-0.182010	0.071890	-1.400000
662	-0.595069	-0.153654	0.022550	-1.400000
663	-0.569635	0.211459	-0.095004	-1.400000
664	-0.537607	0.250496	-0.162649	-1.400000
665	-0.577089	0.172841	0.123773	-1.400000
666	-0.611775	-0.017847	-0.060314	-1.400000
667	-0.577329	-0.153038	0.146614	-1.400000
668	-0.574300	-0.198062	-0.095790	-1.400000
669	-0.598404	-0.096384	0.104152	-1.400000
670	-0.565554	0.236076	0.051399	-1.400000
671	-0.604237	-0.092380	-0.067738	-1.400000
672	-0.519130	0.324327	-0.059506	-1.400000
673	-0.587004	0.107454	-0.148676	-1.400000
674	-0.569365	0.061916	-0.224088	-1.400000
675	-0.611903	-0.042070	-0.045055	-1.400000
676	-0.609744	0.002003	0.080206	-1.400000
677	-0.608700	0.027739	-0.083303	-1.400000
678	-0.605728	-0.100766	-0.034120	-1.400000
679	-0.569376	-0.021344	0.231474	-1.400000
680	-0.591188	-0.160604	-0.054113	-1.400000
681	-0.597738	0.130389	0.062714	-1.400000
682	-0.614861	-0.005469	0.011886	-1.400000
683	-0.602767	-0.098038	0.072703	-1.400000
684	-0.558594	-0.064491	0.249075	-1.400000
685	-0.563875	0.239854	-0.052348	-1.400000
686	-0.608191	-0.036551	-0.083621	-1.400000
687	-0.575541	0.194273	-0.096102	-1.400000
688	-0.561533	-0.083401	-0.236536	-1.400000
689	-0.596932	-0.134425	-0.061864	-1.400000
690	-0.598233	0.076307	0.120499	-1.400000
691	-0.599889	-0.011682	0.134986	-1.400000
692	-0.610578	-0.073091	-0.008801	-1.400000
693	-0.583486	-0.189888	0.041369	-1.400000
694	-0.564308	-0.174266	-0.171502	-1.400000
695	-0.581964	0.150911	0.129493	-1.400000
696	-0.559318	0.245897	0.070161	-1.400000
697	-0.609206	-0.067361	0.050558	-1.400000
698	-0.608831	-0.067248	0.055019	-1.400000
699	-0.603601	0.108548	0.045921	-1.400000
700	-0.598486	-0.067922	-0.124204	-1.400000
701	-0.606034	-0.068761	0.078867	-1.400000
702	-0.591387	-0.048673	0.161610	-1.400000
703	-0.605082	-0.039276	0.102752	-1.400000
704	-0.509813	0.253085	-0.232946	-1.400000
705	-0.580387	0.130222	0.156264	-1.400000
706	-0.584110	-0.048734	0.186185	-1.400000
707	-0.610321	0.066319	0.036530	-1.400000
708	-0.594666	-0.064907	0.142776	-1.400000
709	-0.566566	-0.080053	0.225432	-1.400000
710	-0.593362	0.157788	0.035349	-1.400000
711	-0.604516	0.083828	0.075880	-1.400000
712	-0.582221	-0.168266	-0.104548	-1.400000
713	-0.613047	0.014941	0.046636	-1.400000
714	-0.585618	-0.099757	-0.159138	-1.400000
715	-0.566986	-0.082351	0.223539	-1.400000
716	-0.605987	0.059769	0.086213	-1.400000
717	-0.597266	0.060535	0.133545	-1.400000
718	-0.612139	0.025265	0.053601	-1.400000
719	-0.578295	0.031160	0.206952	-1.400000
720	-0.593468	-0.161242	0.004652	-1.400000
721	-0.595267	0.120939	-0.096209	-1.400000
722	-0.606774	-0.037350	0.093032	-1.400000
723	-0.614142	0.023201	0.022726	-1.400000
724	-0.614943	0.007154	-0.004315	-1.400000
725	-0.606129	0.097048	-0.037606	-1.400000
726	-0.565605	0.150264	0.189041	-1.400000
727	-0.614528	-0.001670	0.024029	-1.400000
728	-0.610813	-0.034566	0.062748	-1.400000
729	-0.590368	0.087312	-0.148551	-1.400000
730	-0.587702	-0.064405	-0.169360	-1.400000
731	-0.614798	0.005514	-0.014767	-1.400000
732	-0.611101	-0.010038	-0.068406	-1.400000
733	-0.610341	-0.074739	-0.011098	-1.400000
734	-0.578614	-0.154195	0.140194	-1.400000
735	-0.597817	-0.099927	0.104186	-1.400000
736	-0.564512	0.209988	-0.124324	-1.400000
737	-0.533357	-0.104970	0.287639	-1.400000
738	-0.598490	0.129573	0.056970	-1.400000
739	-0.611222	0.061271	0.029643	-1.400000
740	-0.612557	-0.035298	0.041872	-1.400000
741	-0.521857	-0.268155	-0.184345	-1.400000
742	-0.612550	-0.053374	-0.012613	-1.400000
743	-0.547206	0.121466	-0.253054	-1.400000
744	-0.610551	-0.035536	-0.064723	-1.400000
745	-0.601483	-0.054967	-0.115855	-1.400000
746	-0.560937	0.181221	-0.175312	-1.400000
747	-0.606562	0.052900	-0.086653	-1.400000
748	-0.414115	-0.241301	0.385367	-1.400000
749	-0.611901	-0.035475	0.050438	-1.400000
750	-0.588175	-0.162398	0.076825	-1.400000
751	-0.584323	0.177829	0.071896	-1.400000
752	-0.609794	0.042435	-0.067639	-1.400000
753	-0.612945	-0.050101	0.003665	-1.400000
754	-0.601359	0.110253	0.066612	-1.400000
755	-0.584848	-0.149697	-0.117341	-1.400000
756	-0.597531	-0.053987	-0.135156	-1.400000
757	-0.611934	-0.003011	0.061257	-1.400000
758	-0.588385	0.021970	-0.177610	-1.400000
759	-0.613664	0.018275	-0.036153	-1.400000
760	-0.589026	-0.164681	-0.064452	-1.400000
761	-0.602218	0.052071	0.113346	-1.400000
762	-0.581102	-0.195969	0.046279	-1.400000
763	-0.610898	0.065557	-0.027046	-1.400000
764	-0.602691	0.119402	0.027051	-1.400000
765	-0.600979	0.028909	0.127330	-1.400000
766	-0.602359	-0.087890	0.087546	-1.400000
767	-0.559241	0.234837	0.101618	-1.400000
768	-0.601056	0.130082	0.005951	-1.400000
769	-0.544096	0.238188	0.159533	-1.400000
770	-0.610101	0.070692	-0.031698	-1.400000
771	-0.606992	0.020918	0.096686	-1.400000
772	-0.518755	-0.324634	-0.061081	-1.400000
773	-0.609152	0.080102	-0.027250	-1.400000
774	-0.597704	0.044209	0.137914	-1.400000
775	-0.604417	0.021011	0.111641	-1.400000
776	-0.511005	0.261366	-0.220876	-1.400000
777	-0.614941	0.003083	0.007922	-1.400000
778	-0.516807	0.331335	-0.036775	-1.400000
779	-0.595264	-0.149482	0.039246	-1.400000
780	-0.584915	-0.117781	0.149086	-1.400000
781	-0.612572	-0.029543	0.045915	-1.400000
782	-0.593585	-0.010558	0.160530	-1.400000
783	-0.602965	-0.051884	-0.109388	-1.400000
784	-0.605098	0.094048	-0.056888	-1.400000
785	-0.591158	-0.050665	-0.161836	-1.400000
786	-0.593346	0.161325	-0.011842	-1.400000
787	-0.613880	-0.021708	0.030091	-1.400000
788	-0.598399	-0.070812	0.122999	-1.400000
789	-0.609781	-0.046200	-0.065255	-1.400000
790	-0.592772	0.062473	-0.151473	-1.400000
791	-0.564895	-0.241283	-0.030019	-1.400000
792	-0.589263	-0.174532	-0.023081	-1.400000
793	-0.601563	0.123276	0.033911	-1.400000
794	-0.582880	-0.154361	-0.121031	-1.400000
795	-0.570185	-0.230407	0.005156	-1.400000
796	-0.569130	-0.004498	-0.233014	-1.400000
797	-0.611165	0.039988	-0.055708	-1.400000
798	-0.614201	0.008755	0.030092	-1.400000
799	-0.591622	-0.028829	0.165463	-1.400000
800	-0.540972	0.290510	-0.034327	-1.400000
801	-0.594240	0.112141	0.111928	-1.400000
802	-0.607442	0.080029	0.053242	-1.400000
803	-0.605948	0.102620	-0.022817	-1.400000
804	-0.600423	0.133079	-0.002656	-1.400000
805	-0.544345	0.269820	0.095448	-1.400000
806	-0.543292	0.139904	0.251963	-1.400000
807	-0.603176	0.113314	0.039547	-1.400000
808	-0.599094	-0.084373	-0.110418	-1.400000
809	-0.602947	-0.001741	0.121151	-1.400000
810	-0.493575	-0.016161	0.366534	-1.400000
811	-0.607002	-0.059653	0.078838	-1.400000
812	-0.547211	-0.019769	-0.279990	-1.400000
813	-0.603460	0.102868	-0.058988	-1.400000
814	-0.540397	-0.217272	0.197456	-1.400000
815	-0.561535	-0.131927	0.213304	-1.400000
816	-0.613237	0.024944	-0.039277	-1.400000
817	-0.567803	-0.018714	0.235531	-1.400000
818	-0.603001	0.116308	-0.032974	-1.400000
819	-0.567192	0.113656	0.208808	-1.400000
820	-0.611387	0.056909	-0.034532	-1.400000
821	-0.614096	-0.033205	-0.002988	-1.400000
822	-0.567115	-0.210904	0.110114	-1.400000
823	-0.567252	-0.000902	0.237592	-1.400000
824	-0.575126	0.217551	0.011238	-1.400000
825	-0.596564	0.149402	-0.003984	-1.400000
826	-0.588520	0.166030	-0.065597	-1.400000
827	-0.589630	-0.174766	-0.004235	-1.400000
828	-0.592881	-0.136718	0.089582	-1.400000
829	-0.612702	-0.053096	0.001397	-1.400000
830	-0.611781	-0.059802	-0.019311	-1.400000
831	-0.587469	-0.170999	0.062163	-1.400000
832	-0.594244	0.109218	0.114764	-1.400000
833	-0.580990	-0.157760	-0.125649	-1.400000
834	-0.594228	-0.011623	0.158060	-1.400000
835	-0.592718	-0.120507	-0.111304	-1.400000
836	-0.614518	-0.024143	-0.003176	-1.400000
837	-0.599248	0.115621	-0.075883	-1.400000
838	-0.604094	-0.104748	-0.048207	-1.400000
839	-0.585155	0.046097	-0.183557	-1.400000
840	-0.592853	0.079654	0.142848	-1.400000
841	-0.595969	-0.135615	0.068223	-1.400000
842	-0.610231	0.039100	-0.065681	-1.400000
843	-0.595669	0.131355	0.078419	-1.400000
844	-0.613899	-0.024914	-0.027056	-1.400000
845	-0.562312	-0.071567	-0.238554	-1.400000
846	-0.605379	0.108051	0.008125	-1.400000
847	-0.537523	0.130556	-0.268791	-1.400000
848	-0.612632	0.049307	-0.021817	-1.400000
849	-0.604858	0.111085	-0.005706	-1.400000
850	-0.498230	0.101068	-0.346088	-1.400000
