1	0.603058	-0.087834	0.082653	1.260000
2	0.554025	-0.037515	0.264337	1.260000
3	0.585210	-0.035138	-0.185796	1.260000
4	0.612933	-0.036873	0.034323	1.260000
5	0.541921	-0.290615	-0.009452	1.260000
6	0.590233	0.167749	0.041362	1.260000
7	0.535836	-0.238817	0.184585	1.260000
8	0.585313	0.187626	0.020736	1.260000
9	0.521225	-0.189300	0.265923	1.260000
10	0.534942	-0.207714	0.221173	1.260000
11	0.517132	-0.300396	0.143394	1.260000
12	0.587359	0.155170	0.095687	1.260000
13	0.598115	0.095162	0.106899	1.260000
14	0.607604	-0.057062	-0.076070	1.260000
15	0.608272	0.012335	-0.089880	1.260000
16	0.599502	-0.051836	0.127024	1.260000
17	0.611969	0.007315	0.060544	1.260000
18	0.567425	-0.185590	0.147683	1.260000
19	0.527181	-0.023206	0.315859	1.260000
20	0.553573	0.155538	0.218150	1.260000
21	0.596238	0.112553	-0.100284	1.260000
22	0.548271	-0.249743	0.123501	1.260000
23	0.511771	-0.187286	-0.285025	1.260000
24	0.532464	-0.004083	-0.307719	1.260000
25	0.610194	0.075841	0.011699	1.260000
26	0.605668	0.027452	-0.103140	1.260000
27	0.548166	-0.278816	0.000442	1.260000
28	0.614883	0.004680	0.011029	1.260000
29	0.611161	-0.062198	0.028949	1.260000
30	0.478068	0.259486	-0.286955	1.260000
31	0.575819	-0.094058	-0.194449	1.260000
32	0.588606	-0.138577	0.112090	1.260000
33	0.609064	0.080264	0.028705	1.260000
34	0.583192	-0.073153	-0.180999	1.260000
35	0.595995	-0.145618	0.042543	1.260000
36	0.612668	-0.010035	0.052557	1.260000
37	0.593306	-0.004950	-0.161829	1.260000
38	0.603047	-0.114430	-0.038270	1.260000
39	0.585932	-0.088271	-0.164672	1.260000
40	0.580318	-0.056238	-0.195688	1.260000
41	0.587038	-0.164363	-0.081214	1.260000
42	0.604563	0.112723	0.004677	1.260000
43	0.592410	-0.135231	-0.094803	1.260000
44	0.592883	-0.110203	-0.120708	1.260000
45	0.506441	-0.280432	-0.207607	1.260000
46	0.609524	0.081857	-0.002206	1.260000
47	0.611915	-0.050327	0.035391	1.260000
48	0.572591	-0.189370	-0.120429	1.260000
49	0.600041	0.114388	-0.071351	1.260000
50	0.585301	0.178256	0.062224	1.260000
51	0.581067	0.190201	0.066408	1.260000
52	0.547533	0.013910	-0.279712	1.260000
53	0.601052	0.126725	-0.030034	1.260000
54	0.609898	-0.074222	-0.027211	1.260000
55	0.512251	0.339398	-0.025161	1.260000
56	0.610011	-0.026773	-0.073450	1.260000
57	0.614692	0.009695	-0.016861	1.260000
58	0.584664	-0.156906	0.108504	1.260000
59	0.604132	-0.023395	-0.112704	1.260000
60	0.525481	-0.065959	0.312641	1.260000
61	0.598889	0.108929	0.087700	1.260000
62	0.602652	-0.108964	0.056231	1.260000
63	0.531620	0.282521	0.125647	1.260000
64	0.595294	0.132897	0.078669	1.260000
65	0.583598	-0.102541	0.164693	1.260000
66	0.613483	0.007109	-0.042576	1.260000
67	0.589088	-0.146655	0.098453	1.260000
68	0.591814	-0.163033	0.037442	1.260000
69	0.601411	-0.125853	0.026284	1.260000
70	0.564030	0.243895	-0.024716	1.260000
71	0.610705	0.069630	0.020384	1.260000
72	0.462122	0.249998	0.319639	1.260000
73	0.537128	-0.064476	0.292508	1.260000
74	0.606545	-0.078089	0.065042	1.260000
75	0.589067	0.129417	-0.120316	1.260000
76	0.610177	-0.038765	0.066378	1.260000
77	0.566229	-0.225046	-0.083452	1.260000
78	0.606623	-0.066552	0.076189	1.260000
79	0.614050	0.032551	0.010395	1.260000
80	0.590047	0.004394	0.173349	1.260000
81	0.611256	-0.065642	0.016809	1.260000
82	0.567388	0.207645	-0.114803	1.260000
83	0.586991	0.128693	-0.130786	1.260000
84	0.559599	0.244386	0.073140	1.260000
85	0.571222	0.198354	-0.112189	1.260000
86	0.579833	-0.077776	0.189657	1.260000
87	0.588966	0.176897	0.007129	1.260000
88	0.570805	0.088583	0.211091	1.260000
89	0.593380	0.123959	-0.103730	1.260000
90	0.573653	0.221690	0.000756	1.260000
91	0.596613	0.095221	0.114941	1.260000
92	0.573557	0.221923	-0.002734	1.260000
93	0.591151	0.061275	0.158148	1.260000
94	0.595905	-0.062648	-0.138556	1.260000
95	0.575964	-0.009980	0.215386	1.260000
96	0.611754	-0.056442	0.028228	1.260000
97	0.556938	-0.124873	0.229023	1.260000
98	0.607325	0.066449	-0.070466	1.260000
99	0.611403	0.015485	0.064586	1.260000
100	0.595725	0.151756	0.017499	1.260000
101	0.609124	0.013611	0.083711	1.260000
102	0.614832	0.007697	-0.012129	1.260000
103	0.610340	0.059788	-0.046218	1.260000
104	0.495103	0.098582	-0.351255	1.260000
105	0.600611	0.121913	0.051267	1.260000
106	0.602945	0.027865	0.117923	1.260000
107	0.571946	0.178421	0.138813	1.260000
108	0.600046	-0.049423	0.125409	1.260000
109	0.358104	-0.160034	-0.473683	1.260000
110	0.606841	-0.097120	-0.023167	1.260000
111	0.604300	-0.078770	0.082714	1.260000
112	0.581602	0.104064	-0.170689	1.260000
113	0.578279	-0.198418	-0.066699	1.260000
114	0.603491	0.075634	-0.091121	1.260000
115	0.564825	-0.143533	-0.196459	1.260000
116	0.590118	0.129688	-0.114748	1.260000
117	0.556996	0.168742	-0.198763	1.260000
118	0.598465	0.056742	0.129788	1.260000
119	0.552545	0.105506	0.248571	1.260000
120	0.563918	-0.229678	-0.086426	1.260000
121	0.591066	-0.168176	0.024150	1.260000
122	0.527015	0.127223	0.290336	1.260000
123	0.592873	-0.162984	0.012766	1.260000
124	0.539620	-0.251319	0.154513	1.260000
125	0.609150	-0.084614	-0.001229	1.260000
126	0.591436	-0.004210	0.168555	1.260000
127	0.600790	0.130994	0.010805	1.260000
128	0.607680	0.093185	0.016347	1.260000
129	0.607474	-0.087057	0.040268	1.260000
130	0.590251	0.169470	-0.033299	1.260000
131	0.590368	-0.166641	-0.043832	1.260000
132	0.614710	-0.017273	0.007633	1.260000
133	0.557325	-0.250136	0.071037	1.260000
134	0.565108	-0.187292	-0.154271	1.260000
135	0.602023	0.048886	-0.115773	1.260000
136	0.517759	0.161830	0.289761	1.260000
137	0.567811	-0.169499	-0.164576	1.260000
138	0.587727	0.036541	-0.177389	1.260000
139	0.586178	0.103165	-0.154846	1.260000
140	0.612382	-0.011395	0.055534	1.260000
141	0.554086	-0.256203	-0.074658	1.260000
142	0.581862	-0.042143	-0.194641	1.260000
143	0.603355	0.012462	-0.118458	1.260000
144	0.543444	0.021339	-0.287121	1.260000
145	0.567868	-0.201349	-0.123324	1.260000
146	0.554960	-0.239937	-0.112583	1.260000
147	0.546237	-0.158448	0.233974	1.260000
148	0.577605	0.007549	-0.211046	1.260000
149	0.550269	-0.261089	0.085213	1.260000
150	0.564989	-0.222513	-0.097472	1.260000
151	0.611805	0.015069	0.060763	1.260000
152	0.613931	-0.012147	-0.034149	1.260000
153	0.587751	0.180949	-0.005621	1.260000
154	0.611333	0.066795	-0.005946	1.260000
155	0.600897	0.092493	0.092699	1.260000
156	0.586138	-0.107139	-0.152276	1.260000
157	0.596716	0.038465	-0.143792	1.260000
158	0.585048	0.044490	-0.184293	1.260000
159	0.613188	-0.007607	-0.046552	1.260000
160	0.608448	-0.089529	0.000932	1.260000
161	0.609167	0.055812	-0.063444	1.260000
162	0.579972	0.169945	0.113915	1.260000
163	0.594215	-0.077944	0.138053	1.260000
164	0.607747	-0.093901	0.007183	1.260000
165	0.552907	-0.238635	0.124790	1.260000
166	0.611742	-0.032834	-0.054029	1.260000
167	0.574426	-0.165873	0.144036	1.260000
168	0.538412	-0.110305	0.275991	1.260000
169	0.613484	0.035745	-0.024181	1.260000
170	0.612795	-0.034733	0.038740	1.260000
171	0.588622	0.149192	0.097422	1.260000
172	0.614630	-0.002693	-0.021170	1.260000
173	0.585466	0.067350	0.175837	1.260000
174	0.556085	0.171762	0.198725	1.260000
175	0.606357	-0.082137	-0.061720	1.260000
176	0.592611	0.087716	0.139081	1.260000
177	0.611448	0.048580	-0.044685	1.260000
178	0.596082	0.012837	0.150820	1.260000
179	0.600360	-0.076518	0.109258	1.260000
180	0.586635	0.150392	0.107085	1.260000
181	0.590234	-0.054398	0.163982	1.260000
182	0.591891	0.153597	0.065556	1.260000
183	0.609621	0.074478	0.032257	1.260000
184	0.610145	0.001522	0.077113	1.260000
185	0.565796	0.147353	-0.190753	1.260000
186	0.603377	-0.096659	0.069416	1.260000
187	0.580658	0.156857	0.128283	1.260000
188	0.613321	0.002379	0.045354	1.260000
189	0.545051	0.232180	-0.165036	1.260000
190	0.470455	0.394932	-0.030438	1.260000
191	0.612347	0.056915	-0.004036	1.260000
192	0.591372	0.023908	-0.167131	1.260000
193	0.608198	-0.091217	0.000362	1.260000
194	0.599053	0.124858	-0.061409	1.260000
195	0.605193	-0.094337	0.055381	1.260000
196	0.606352	-0.101081	-0.018580	1.260000
197	0.612719	0.048399	0.021412	1.260000
198	0.572116	0.170440	0.147846	1.260000
199	0.579603	0.155549	-0.134498	1.260000
200	0.613930	0.036141	-0.002953	1.260000
201	0.574657	-0.146296	0.163071	1.260000
202	0.580748	-0.202369	0.002008	1.260000
203	0.606924	-0.018660	-0.097573	1.260000
204	0.610651	0.024925	0.068622	1.260000
205	0.595520	-0.081956	-0.129863	1.260000
206	0.613408	0.034869	-0.027206	1.260000
207	0.561126	-0.065844	0.242955	1.260000
208	0.610593	-0.010375	-0.072759	1.260000
209	0.590986	-0.001435	-0.170173	1.260000
210	0.591660	-0.064541	-0.154914	1.260000
211	0.611675	-0.055376	0.031818	1.260000
212	0.452922	0.396536	0.125878	1.260000
213	0.591740	0.162492	0.040803	1.260000
214	0.549140	0.028354	0.275438	1.260000
215	0.579082	0.138468	0.154000	1.260000
216	0.612914	0.032349	0.038924	1.260000
217	0.590777	0.008246	-0.170704	1.260000
218	0.602475	0.118010	-0.036366	1.260000
219	0.614710	-0.000662	0.018888	1.260000
220	0.540424	-0.293501	0.004956	1.260000
221	0.554685	-0.262375	0.041336	1.260000
222	0.612233	-0.042281	0.040101	1.260000
223	0.561525	-0.058590	0.243889	1.260000
224	0.612203	-0.015690	0.056443	1.260000
225	0.601547	0.119574	-0.045475	1.260000
226	0.604782	0.110829	-0.013436	1.260000
227	0.608022	-0.021283	-0.089893	1.260000
228	0.599852	0.129441	0.040591	1.260000
229	0.591953	-0.137029	-0.095080	1.260000
230	0.612305	-0.056222	0.012090	1.260000
231	0.604939	-0.091377	-0.062644	1.260000
232	0.612164	-0.057902	-0.011285	1.260000
233	0.602552	0.021596	-0.121203	1.260000
234	0.603392	0.102538	0.060244	1.260000
235	0.512272	-0.127722	-0.315419	1.260000
236	0.558663	-0.198639	-0.163287	1.260000
237	0.547270	0.002763	-0.280558	1.260000
238	0.608521	-0.088413	0.010488	1.260000
239	0.581004	-0.133813	-0.150840	1.260000
240	0.609794	-0.007471	-0.079501	1.260000
241	0.533499	0.127123	-0.278288	1.260000
242	0.593886	0.051910	-0.151095	1.260000
243	0.578493	-0.117075	-0.172812	1.260000
244	0.600250	-0.079730	-0.107555	1.260000
245	0.591920	-0.139381	-0.091810	1.260000
246	0.551026	0.086861	-0.258941	1.260000
247	0.613877	0.015648	-0.033686	1.260000
248	0.598653	-0.138619	-0.024995	1.260000
249	0.540034	-0.270771	-0.115200	1.260000
250	0.609960	-0.077045	-0.015414	1.260000
251	0.567850	-0.227502	-0.063355	1.260000
252	0.593490	-0.035047	-0.157375	1.260000
253	0.590801	-0.064925	-0.158000	1.260000
254	0.604808	-0.053301	0.097936	1.260000
255	0.599144	-0.073003	0.117990	1.260000
256	0.609330	0.016486	0.081673	1.260000
257	0.613796	0.020026	-0.032836	1.260000
258	0.585096	-0.189170	0.010128	1.260000
259	0.608149	-0.085779	0.031971	1.260000
260	0.613119	-0.038250	-0.029105	1.260000
261	0.581712	-0.104880	-0.169811	1.260000
262	0.596983	0.146827	0.016668	1.260000
263	0.614077	0.024289	-0.023340	1.260000
264	0.603506	-0.074627	-0.091852	1.260000
265	0.583016	-0.017662	-0.194951	1.260000
266	0.588869	-0.149838	-0.094903	1.260000
267	0.595132	-0.080588	0.132472	1.260000
268	0.606620	0.083645	-0.056931	1.260000
269	0.602230	-0.066767	0.105289	1.260000
270	0.606574	0.015032	-0.100336	1.260000
271	0.603758	0.111389	0.035969	1.260000
272	0.610179	-0.072264	0.026163	1.260000
273	0.613834	0.011527	-0.036059	1.260000
274	0.588863	-0.170870	-0.047628	1.260000
275	0.612633	-0.024054	0.048241	1.260000
276	0.536267	0.135335	0.268936	1.260000
277	0.611790	-0.054959	-0.030288	1.260000
278	0.604976	0.022148	-0.108347	1.260000
279	0.590514	0.160421	-0.061508	1.260000
280	0.607795	0.044609	0.082582	1.260000
281	0.610380	-0.063921	0.039687	1.260000
282	0.612683	0.045766	0.027384	1.260000
283	0.579286	0.162250	0.127781	1.260000
284	0.553845	0.200607	-0.176742	1.260000
285	0.596157	0.087524	0.123133	1.260000
286	0.496172	0.357809	0.063336	1.260000
287	0.585978	-0.050009	0.179872	1.260000
288	0.613039	0.000970	-0.049063	1.260000
289	0.605452	-0.048108	-0.096638	1.260000
290	0.572927	-0.008532	0.223399	1.260000
291	0.604813	-0.097757	0.053565	1.260000
292	0.584494	0.177295	0.071819	1.260000
293	0.599896	0.091158	0.100199	1.260000
294	0.612221	0.028962	-0.050715	1.260000
295	0.614931	-0.009166	0.000655	1.260000
296	0.599729	0.071343	0.116020	1.260000
297	0.614699	-0.003214	0.018967	1.260000
298	0.606807	0.033999	-0.094096	1.260000
299	0.613308	-0.045075	0.006810	1.260000
300	0.605347	0.063884	0.087744	1.260000
301	0.611723	-0.049114	-0.040090	1.260000
302	0.607728	-0.092410	0.018762	1.260000
303	0.597573	0.107598	-0.097749	1.260000
304	0.551873	0.248761	0.108534	1.260000
305	0.598863	0.139948	-0.001642	1.260000
306	0.607479	-0.088637	-0.036584	1.260000
307	0.609979	0.061483	-0.048689	1.260000
308	0.572524	-0.165066	-0.152298	1.260000
309	0.610337	0.028131	0.070157	1.260000
310	0.606639	0.074575	0.068211	1.260000
311	0.582899	-0.112790	-0.160412	1.260000
312	0.606367	-0.053722	0.087514	1.260000
313	0.609831	0.006679	-0.079284	1.260000
314	0.592567	-0.155423	-0.054154	1.260000
315	0.599141	-0.137403	0.019387	1.260000
316	0.613358	0.038901	-0.022434	1.260000
317	0.604938	-0.020001	-0.108970	1.260000
318	0.570724	0.172778	-0.150488	1.260000
319	0.588359	0.011007	0.178711	1.260000
320	0.565260	0.034924	0.239764	1.260000
321	0.599112	0.137858	-0.016877	1.260000
322	0.573921	-0.088930	0.202314	1.260000
323	0.587881	-0.074119	0.164702	1.260000
324	0.583496	-0.155996	-0.115854	1.260000
325	0.580715	-0.173882	-0.103729	1.260000
326	0.603843	0.111787	-0.033197	1.260000
327	0.610569	-0.004201	0.073568	1.260000
328	0.585671	0.044803	0.182227	1.260000
329	0.613863	0.037102	0.004608	1.260000
330	0.564789	-0.036188	0.240685	1.260000
331	0.564550	0.139098	0.200399	1.260000
332	0.580800	0.129153	-0.155615	1.260000
333	0.614580	-0.013278	-0.018454	1.260000
334	0.614750	0.013623	0.011038	1.260000
335	0.596442	0.036064	-0.145539	1.260000
336	0.578916	-0.207546	-0.002428	1.260000
337	0.596298	-0.144090	-0.043500	1.260000
338	0.609354	0.046900	0.068655	1.260000
339	0.587625	0.160348	0.084916	1.260000
340	0.612213	0.049004	0.031911	1.260000
341	0.605284	-0.034485	-0.103284	1.260000
342	0.566840	0.049553	-0.233370	1.260000
343	0.581716	-0.111926	-0.165240	1.260000
344	0.614824	0.013240	0.006429	1.260000
345	0.599049	0.118973	0.072185	1.260000
346	0.593252	-0.158044	-0.036035	1.260000
347	0.556506	0.043942	-0.258061	1.260000
348	0.499706	-0.099173	-0.344505	1.260000
349	0.577641	-0.107540	-0.181634	1.260000
350	0.589871	-0.168455	-0.043591	1.260000
351	0.562781	0.065812	-0.239106	1.260000
352	0.603723	-0.101650	0.058407	1.260000
353	0.592050	-0.055323	-0.156976	1.260000
354	0.581053	0.112998	-0.166835	1.260000
355	0.606568	-0.018670	-0.099759	1.260000
356	0.599766	-0.111783	-0.077525	1.260000
357	0.606314	-0.052998	-0.088317	1.260000
358	0.602741	-0.104654	-0.063054	1.260000
359	0.588527	0.164209	0.069974	1.260000
360	0.602831	-0.023501	0.119446	1.260000
361	0.597195	-0.043406	-0.140353	1.260000
362	0.613526	0.015279	-0.039710	1.260000
363	0.600440	0.036429	-0.127942	1.260000
364	0.600424	-0.024775	-0.130775	1.260000
365	0.609622	-0.037572	0.071936	1.260000
366	0.565470	0.173552	0.168371	1.260000
367	0.595882	-0.148226	-0.034326	1.260000
368	0.540475	-0.116963	-0.269131	1.260000
369	0.609408	-0.082628	-0.004441	1.260000
370	0.562548	-0.194608	0.154574	1.260000
371	0.600594	0.072177	0.110915	1.260000
372	0.584871	-0.074163	0.175074	1.260000
373	0.567075	0.055449	-0.231465	1.260000
374	0.588673	-0.176697	-0.021614	1.260000
375	0.597395	0.103488	0.103124	1.260000
376	0.578072	-0.189799	-0.089635	1.260000
377	0.605638	-0.106363	-0.010681	1.260000
378	0.599363	0.095847	0.099006	1.260000
379	0.580493	-0.053694	0.195883	1.260000
380	0.596828	-0.039146	0.143138	1.260000
381	0.605634	-0.105122	-0.019536	1.260000
382	0.591586	-0.167715	0.011084	1.260000
383	0.584856	0.188221	-0.027215	1.260000
384	0.589692	-0.088681	-0.150411	1.260000
385	0.609492	0.077067	-0.028369	1.260000
386	0.611922	-0.058602	-0.018503	1.260000
387	0.597151	0.126623	0.074851	1.260000
388	0.575774	0.020451	0.215154	1.260000
389	0.594007	0.149216	-0.055817	1.260000
390	0.602489	-0.090777	-0.083612	1.260000
391	0.613685	-0.037370	0.014792	1.260000
392	0.609414	0.020314	-0.080168	1.260000
393	0.604760	0.110445	-0.017110	1.260000
394	0.594154	0.158448	-0.010017	1.260000
395	0.613115	0.048112	0.000164	1.260000
396	0.614422	-0.020714	-0.016775	1.260000
397	0.609511	-0.077414	-0.026985	1.260000
398	0.601990	0.089211	0.088737	1.260000
399	0.613695	-0.038415	-0.011286	1.260000
400	0.610331	0.050460	-0.056351	1.260000
401	0.603779	0.035952	0.111281	1.260000
402	0.602411	0.096504	0.077546	1.260000
403	0.612477	-0.054863	0.009348	1.260000
404	0.583043	0.093658	-0.171795	1.260000
405	0.613088	-0.032542	-0.035909	1.260000
406	0.610005	-0.024897	0.074152	1.260000
407	0.605980	0.023907	-0.102184	1.260000
408	0.580197	-0.200582	-0.036928	1.260000
409	0.557092	0.258517	-0.032285	1.260000
410	0.596329	0.148367	0.024579	1.260000
411	0.610529	-0.072913	-0.012787	1.260000
412	0.592045	0.070750	-0.150673	1.260000
413	0.600390	0.003431	-0.133211	1.260000
414	0.586477	0.014484	-0.184555	1.260000
415	0.584334	0.145200	-0.125281	1.260000
416	0.570877	0.226148	-0.034371	1.260000
417	0.611493	0.065212	-0.006988	1.260000
418	0.604852	-0.058472	-0.094660	1.260000
419	0.558765	-0.252211	-0.048955	1.260000
420	0.609458	0.064855	0.050787	1.260000
421	0.588014	0.004249	-0.180130	1.260000
422	0.570503	0.138304	-0.183367	1.260000
423	0.597224	0.033591	-0.142899	1.260000
424	0.587462	0.174443	-0.051797	1.260000
425	0.587945	0.143657	0.109128	1.260000
426	0.414664	0.101582	0.442673	1.260000
427	0.606002	-0.025834	-0.101581	1.260000
428	0.568355	-0.146837	0.183404	1.260000
429	0.587215	-0.019386	-0.181736	1.260000
430	0.580126	0.094383	-0.181028	1.260000
431	0.587340	-0.089851	-0.158692	1.260000
432	0.601673	-0.122361	0.035248	1.260000
433	0.578635	-0.196314	0.069767	1.260000
434	0.565122	0.014901	-0.242157	1.260000
435	0.566924	-0.146455	0.188077	1.260000
436	0.608546	0.043804	0.077315	1.260000
437	0.593291	0.036264	-0.157847	1.260000
438	0.573407	0.042257	-0.218275	1.260000
439	0.609872	0.078426	-0.011415	1.260000
440	0.602578	0.061619	-0.106432	1.260000
441	0.570340	-0.228975	0.022541	1.260000
442	0.609005	-0.038421	-0.076564	1.260000
443	0.528250	-0.314838	-0.007381	1.260000
444	0.596926	-0.146319	0.022256	1.260000
445	0.585768	-0.181675	-0.045775	1.260000
446	0.608892	0.086306	-0.005149	1.260000
447	0.596125	0.150674	-0.012549	1.260000
448	0.605385	-0.106106	-0.021814	1.260000
449	0.602591	0.016647	-0.121788	1.260000
450	0.611269	-0.060926	-0.029386	1.260000
451	0.613023	-0.049180	0.003063	1.260000
452	0.546891	0.204931	-0.192714	1.260000
453	0.603757	0.101535	-0.058245	1.260000
454	0.596130	-0.011825	-0.150712	1.260000
455	0.610481	-0.029557	-0.068294	1.260000
456	0.599101	-0.135568	0.030406	1.260000
457	0.576258	0.205431	-0.062842	1.260000
458	0.582229	0.007308	-0.197942	1.260000
459	0.613000	-0.032865	0.037101	1.260000
460	0.611204	-0.065906	0.017630	1.260000
461	0.564329	0.044216	0.240421	1.260000
462	0.604741	0.042486	-0.103484	1.260000
463	0.581149	-0.011012	-0.200923	1.260000
464	0.599448	-0.053427	-0.126622	1.260000
465	0.611384	0.058529	0.031760	1.260000
466	0.607379	-0.089292	0.036638	1.260000
467	0.610213	-0.059071	-0.048738	1.260000
468	0.609397	0.032433	0.076211	1.260000
469	0.605070	0.085402	-0.069441	1.260000
470	0.611267	-0.033323	0.058886	1.260000
471	0.598894	0.137483	-0.025476	1.260000
472	0.610594	-0.003899	0.073383	1.260000
473	0.612036	-0.021143	0.056485	1.260000
474	0.605589	-0.031496	-0.102445	1.260000
475	0.608423	0.011150	0.089007	1.260000
476	0.597244	-0.146675	0.003399	1.260000
477	0.588021	-0.020505	-0.178986	1.260000
478	0.608895	-0.057470	0.064571	1.260000
479	0.598499	-0.131039	-0.053405	1.260000
480	0.607430	-0.029549	0.091545	1.260000
481	0.609228	0.075875	-0.036187	1.260000
482	0.609912	-0.064961	0.044861	1.260000
483	0.566448	0.149271	-0.187297	1.260000
484	0.614275	-0.017737	0.024005	1.260000
485	0.602523	-0.116656	0.039774	1.260000
486	0.576314	-0.140986	-0.161893	1.260000
487	0.570231	-0.206257	0.102569	1.260000
488	0.604696	0.003890	0.112036	1.260000
489	0.601309	0.116193	-0.056145	1.260000
490	0.606720	0.078594	0.062759	1.260000
491	0.612330	-0.047089	-0.032555	1.260000
492	0.608087	-0.089481	-0.021173	1.260000
493	0.599016	0.012040	0.138781	1.260000
494	0.595011	0.150867	0.037769	1.260000
495	0.600211	-0.078226	0.108868	1.260000
496	0.610544	-0.037660	-0.063585	1.260000
497	0.588119	0.105091	-0.145934	1.260000
498	0.599092	0.109724	0.085289	1.260000
499	0.594917	0.001868	0.155870	1.260000
500	0.595810	-0.126534	0.085000	1.260000
501	0.595905	-0.082735	0.127582	1.260000
502	0.608913	0.074598	-0.043418	1.260000
503	0.599365	0.134018	0.032020	1.260000
504	0.603023	0.108094	-0.053885	1.260000
505	0.596808	0.147441	0.017498	1.260000
506	0.496791	0.328039	0.154317	1.260000
507	0.535232	0.000683	0.302904	1.260000
508	0.604708	0.109544	-0.023529	1.260000
509	0.612533	0.025391	-0.048820	1.260000
510	0.609051	0.008681	0.084893	1.260000
511	0.606887	-0.046753	0.087902	1.260000
512	0.608663	-0.037187	-0.079818	1.260000
513	0.612583	-0.025026	0.048379	1.260000
514	0.611753	-0.037393	-0.050844	1.260000
515	0.492842	0.367315	-0.020273	1.260000
516	0.548974	-0.264252	0.083806	1.260000
517	0.600356	0.059020	0.119643	1.260000
518	0.562620	-0.180417	0.170685	1.260000
519	0.614628	-0.018296	0.011100	1.260000
520	0.579603	0.204183	0.024385	1.260000
521	0.511898	0.324151	0.105412	1.260000
522	0.608738	0.087454	-0.003886	1.260000
523	0.614781	0.011803	-0.011415	1.260000
524	0.562666	0.195915	0.152476	1.260000
525	0.554004	-0.140271	0.227219	1.260000
526	0.588060	0.098621	0.150612	1.260000
527	0.593296	-0.160053	-0.024663	1.260000
528	0.592632	-0.163319	-0.018422	1.260000
529	0.598755	-0.027191	-0.137762	1.260000
530	0.554834	0.191715	-0.183383	1.260000
531	0.557368	0.258383	-0.028352	1.260000
532	0.592904	0.149416	-0.066069	1.260000
533	0.578899	0.057746	0.199416	1.260000
534	0.595396	-0.149385	-0.037586	1.260000
535	0.560919	-0.142783	-0.207864	1.260000
536	0.553951	-0.195886	-0.181638	1.260000
537	0.587483	-0.054160	-0.173653	1.260000
538	0.594660	-0.022145	-0.155286	1.260000
539	0.528211	0.235025	-0.209717	1.260000
540	0.571924	0.225937	0.008932	1.260000
541	0.596592	0.149273	0.004508	1.260000
542	0.551839	0.142817	0.230872	1.260000
543	0.589443	-0.108358	0.137988	1.260000
544	0.571826	-0.219840	-0.053946	1.260000
545	0.563392	-0.008870	-0.246446	1.260000
546	0.576414	0.005136	-0.214349	1.260000
547	0.609631	-0.072705	-0.035907	1.260000
548	0.581787	-0.000404	-0.199370	1.260000
549	0.591985	-0.081593	-0.145330	1.260000
550	0.613607	-0.040825	0.006654	1.260000
551	0.607338	0.025861	0.093254	1.260000
552	0.596095	-0.138731	-0.060414	1.260000
553	0.578870	0.205415	-0.030638	1.260000
554	0.609709	0.021791	-0.077489	1.260000
555	0.588052	0.108857	-0.143422	1.260000
556	0.571535	0.032471	-0.224762	1.260000
557	0.565621	-0.094407	-0.222227	1.260000
558	0.581239	-0.148111	-0.135826	1.260000
559	0.609307	-0.069660	-0.046013	1.260000
560	0.614844	-0.005810	-0.012591	1.260000
561	0.608508	0.066706	-0.059100	1.260000
562	0.614507	0.024608	0.001014	1.260000
563	0.589666	0.000180	-0.174697	1.260000
564	0.533064	-0.083981	-0.294982	1.260000
565	0.611792	-0.058002	-0.023901	1.260000
566	0.608905	-0.086289	-0.003808	1.260000
567	0.574342	0.022445	-0.218753	1.260000
568	0.605827	0.067926	-0.081146	1.260000
569	0.611680	-0.053213	-0.035226	1.260000
570	0.608692	0.059859	-0.064314	1.260000
571	0.593414	-0.069808	-0.145644	1.260000
572	0.611117	-0.050469	-0.047053	1.260000
573	0.510667	-0.261651	0.221320	1.260000
574	0.536382	-0.187860	-0.235005	1.260000
575	0.613151	-0.032505	-0.034855	1.260000
576	0.606616	0.004502	-0.101104	1.260000
577	0.604992	0.109723	-0.013060	1.260000
578	0.614165	-0.022039	0.023253	1.260000
579	0.588998	-0.161543	-0.072183	1.260000
580	0.588681	0.142313	-0.106895	1.260000
581	0.590710	-0.140373	-0.097885	1.260000
582	0.581811	-0.067875	-0.187386	1.260000
583	0.602860	-0.090061	-0.081697	1.260000
584	0.593580	0.133546	-0.089738	1.260000
585	0.582341	-0.192551	-0.045030	1.260000
586	0.605082	0.013529	-0.109171	1.260000
587	0.560213	-0.191934	0.165976	1.260000
588	0.613304	-0.019262	-0.041384	1.260000
589	0.577464	-0.194405	0.083466	1.260000
590	0.607436	0.081472	-0.051072	1.260000
591	0.609585	-0.049523	-0.064638	1.260000
592	0.613754	-0.028871	-0.026402	1.260000
593	0.614039	0.019804	-0.028091	1.260000
594	0.573038	0.002088	0.223267	1.260000
595	0.581559	-0.122271	-0.158317	1.260000
596	0.592379	0.042338	0.159748	1.260000
597	0.556167	0.259655	0.038506	1.260000
598	0.573975	-0.105177	-0.194205	1.260000
599	0.610076	0.071372	0.030638	1.260000
600	0.611852	-0.019741	0.058926	1.260000
601	0.559512	-0.165410	0.194451	1.260000
602	0.608368	-0.015057	0.088808	1.260000
603	0.610759	-0.016476	-0.070190	1.260000
604	0.581998	0.176500	-0.091385	1.260000
605	0.614933	-0.008043	0.004149	1.260000
606	0.537737	0.298367	-0.006390	1.260000
607	0.557734	0.213320	0.147146	1.260000
608	0.594776	0.156253	-0.007125	1.260000
609	0.600260	-0.012329	-0.133270	1.260000
610	0.612818	-0.014857	0.049576	1.260000
611	0.604104	-0.054699	-0.101445	1.260000
612	0.606898	-0.065195	-0.075165	1.260000
613	0.609831	-0.073804	0.029731	1.260000
614	0.561152	0.171838	0.183861	1.260000
615	0.592286	0.087899	0.140343	1.260000
616	0.588403	-0.154898	0.089516	1.260000
617	0.586404	-0.160933	-0.091956	1.260000
618	0.605642	0.070798	-0.080061	1.260000
619	0.598722	0.084097	-0.112625	1.260000
620	0.582273	0.147608	-0.131888	1.260000
621	0.610909	-0.038232	-0.059611	1.260000
622	0.563129	0.246769	0.014686	1.260000
623	0.602733	-0.032514	0.117819	1.260000
624	0.606272	-0.033673	0.097601	1.260000
625	0.522293	-0.195125	-0.259541	1.260000
626	0.587800	0.030777	-0.178237	1.260000
627	0.599856	-0.130981	-0.035238	1.260000
628	0.555598	0.224099	0.138981	1.260000
629	0.606994	0.057285	0.080633	1.260000
630	0.595873	0.144203	0.048639	1.260000
631	0.607628	-0.076604	-0.056084	1.260000
632	0.610493	-0.068596	-0.028608	1.260000
633	0.573712	-0.085340	-0.204442	1.260000
634	0.613123	0.008720	-0.047217	1.260000
635	0.604303	0.114119	-0.004515	1.260000
636	0.599372	-0.016278	-0.136797	1.260000
637	0.613637	0.038622	-0.013543	1.260000
638	0.605638	0.048464	0.095282	1.260000
639	0.589120	-0.015205	0.175874	1.260000
640	0.599644	-0.079753	-0.110869	1.260000
641	0.600862	-0.085998	-0.098963	1.260000
642	0.427099	0.034366	-0.441170	1.260000
643	0.605087	-0.037693	-0.103315	1.260000
644	0.600861	-0.093805	-0.091604	1.260000
645	0.570668	-0.111663	-0.200237	1.260000
646	0.595905	-0.141055	-0.056796	1.260000
647	0.601896	-0.088712	-0.089871	1.260000
648	0.584083	0.186207	-0.048973	1.260000
649	0.605544	-0.093205	0.053423	1.260000
650	0.589102	-0.123682	0.126041	1.260000
651	0.576520	0.145422	-0.157169	1.260000
652	0.604780	-0.107098	-0.031555	1.260000
653	0.571350	-0.211160	0.084825	1.260000
654	0.576685	-0.090137	-0.193739	1.260000
655	0.602592	-0.098953	-0.072913	1.260000
656	0.590525	-0.166393	-0.042638	1.260000
657	0.507679	0.118104	-0.326402	1.260000
658	0.575159	-0.149938	-0.157912	1.260000
659	0.606112	-0.008436	0.103835	1.260000
660	0.595461	-0.127824	-0.085509	1.260000
661	0.590878	0.033596	-0.167213	1.260000
662	0.587971	0.011912	-0.179925	1.260000
663	0.613393	-0.012544	0.042617	1.260000
664	0.588876	-0.031037	0.174604	1.260000
665	0.600140	-0.061912	0.119266	1.260000
666	0.590079	0.170117	-0.033044	1.260000
667	0.578115	-0.005816	-0.209700	1.260000
668	0.572125	-0.197393	0.109244	1.260000
669	0.584835	0.175156	-0.074257	1.260000
670	0.516014	0.315783	0.110616	1.260000
671	0.609994	-0.077775	-0.009102	1.260000
672	0.579701	-0.172859	-0.110868	1.260000
673	0.606743	0.087688	0.048973	1.260000
674	0.591767	0.089264	0.141666	1.260000
675	0.578117	0.209398	-0.012601	1.260000
676	0.593040	-0.060946	-0.151044	1.260000
677	0.602837	0.119488	-0.023133	1.260000
678	0.581782	0.172267	-0.100391	1.260000
679	0.495451	-0.027232	0.363334	1.260000
680	0.610597	0.032850	-0.065701	1.260000
681	0.605232	-0.089265	-0.062855	1.260000
682	0.601536	-0.085449	0.095280	1.260000
683	0.598811	-0.135182	0.037103	1.260000
684	0.604207	-0.107400	0.040300	1.260000
685	0.604714	-0.111917	-0.004500	1.260000
686	0.596894	0.001730	0.148121	1.260000
687	0.614729	0.011322	0.014321	1.260000
688	0.600011	-0.026158	0.132393	1.260000
689	0.604615	-0.086439	-0.072069	1.260000
690	0.593121	-0.141136	-0.080707	1.260000
691	0.564628	-0.213360	0.117890	1.260000
692	0.569211	0.131848	-0.191938	1.260000
693	0.598048	0.105308	-0.097332	1.260000
694	0.597502	0.081605	0.120651	1.260000
695	0.570376	0.134397	0.186637	1.260000
696	0.612159	0.043615	-0.039805	1.260000
697	0.587831	0.179019	0.025148	1.260000
698	0.579951	0.063497	-0.194550	1.260000
699	0.601311	-0.076630	-0.103815	1.260000
700	0.515913	-0.331789	-0.044437	1.260000
701	0.612072	0.058680	0.012214	1.260000
702	0.571828	-0.134407	0.182132	1.260000
703	0.591117	0.042864	-0.164220	1.260000
704	0.606364	-0.062330	0.081626	1.260000
705	0.600844	0.051341	0.120732	1.260000
706	0.597441	-0.107087	-0.099107	1.260000
707	0.593677	0.148982	-0.059806	1.260000
708	0.608069	-0.011007	-0.091410	1.260000
709	0.542353	0.282264	-0.066376	1.260000
710	0.526687	0.242298	-0.205227	1.260000
711	0.585749	-0.158965	0.099262	1.260000
712	0.472469	-0.109150	0.378264	1.260000
713	0.571401	-0.195904	0.115533	1.260000
714	0.554175	-0.264785	0.031688	1.260000
715	0.598390	-0.125828	-0.065736	1.260000
716	0.589216	0.057760	-0.166473	1.260000
717	0.603196	-0.071300	0.096418	1.260000
718	0.609689	0.061626	-0.052025	1.260000
719	0.506863	0.343364	0.058445	1.260000
720	0.612854	-0.021566	0.046578	1.260000
721	0.614304	0.029247	0.000860	1.260000
722	0.572855	-0.038743	0.220365	1.260000
723	0.613674	0.035289	-0.019598	1.260000
724	0.586056	-0.170384	-0.075710	1.260000
725	0.588700	-0.001087	0.177922	1.260000
726	0.601802	0.008772	-0.126424	1.260000
727	0.588680	0.177964	-0.003053	1.260000
728	0.613881	0.024670	-0.027679	1.260000
729	0.554506	-0.110747	0.241833	1.260000
730	0.594788	-0.029962	0.153476	1.260000
731	0.560329	-0.250003	-0.041888	1.260000
732	0.614434	-0.005864	-0.025725	1.260000
733	0.593279	0.105813	-0.122672	1.260000
734	0.600056	-0.019285	0.133362	1.260000
735	0.604556	0.090754	0.067085	1.260000
736	0.599657	-0.065666	0.119686	1.260000
737	0.503251	0.247821	-0.252088	1.260000
738	0.538725	0.070991	-0.288029	1.260000
739	0.612350	-0.055993	-0.010850	1.260000
740	0.553278	-0.185899	-0.193779	1.260000
741	0.596247	0.027458	-0.148193	1.260000
742	0.606692	-0.028264	-0.096698	1.260000
743	0.607436	-0.089402	0.035410	1.260000
744	0.490785	0.358022	0.095790	1.260000
745	0.561315	0.124964	0.218023	1.260000
746	0.542816	0.212155	0.196383	1.260000
747	0.568103	-0.171414	0.161560	1.260000
748	0.533475	0.305990	-0.000188	1.260000
749	0.591189	0.064110	-0.156876	1.260000
750	0.567480	-0.212610	-0.104824	1.260000
751	0.580956	-0.201192	-0.015403	1.260000
752	0.609674	-0.053474	-0.060528	1.260000
753	0.610950	0.039326	-0.058471	1.260000
754	0.604472	-0.002670	0.113275	1.260000
755	0.597761	0.094982	0.109017	1.260000
756	0.586626	-0.016298	-0.183929	1.260000
757	0.606502	0.101429	0.009623	1.260000
758	0.466771	0.143443	-0.373864	1.260000
759	0.574787	0.121691	-0.181759	1.260000
760	0.594616	0.097273	-0.123268	1.260000
761	0.595208	-0.145273	-0.053365	1.260000
762	0.613875	-0.006165	0.036668	1.260000
763	0.580069	-0.140882	0.147977	1.260000
764	0.598902	-0.138579	-0.018349	1.260000
765	0.603053	0.106322	-0.056986	1.260000
766	0.609324	-0.033765	-0.076214	1.260000
767	0.605187	0.097136	0.050383	1.260000
768	0.589420	0.002141	-0.175513	1.260000
769	0.612546	-0.027049	-0.047763	1.260000
770	0.579976	-0.150490	-0.138584	1.260000
771	0.563478	-0.232596	-0.081341	1.260000
772	0.562854	-0.172690	-0.177761	1.260000
773	0.605339	0.015046	0.107530	1.260000
774	0.611212	0.002787	-0.068100	1.260000
775	0.569561	0.143679	-0.182156	1.260000
776	0.574141	-0.090843	-0.200836	1.260000
777	0.583045	-0.165151	0.104923	1.260000
778	0.613610	-0.016932	-0.037696	1.260000
779	0.516915	0.217071	-0.252793	1.260000
780	0.537990	-0.051610	-0.293476	1.260000
781	0.561054	0.251010	-0.020917	1.260000
782	0.571184	-0.020316	0.227072	1.260000
783	0.602461	-0.000218	0.123554	1.260000
784	0.611059	-0.067234	0.017660	1.260000
785	0.594279	-0.155912	0.027372	1.260000
786	0.602046	-0.124954	0.012319	1.260000
787	0.602281	0.108350	0.061177	1.260000
788	0.579241	-0.191590	-0.077447	1.260000
789	0.604767	-0.021055	-0.109723	1.260000
790	0.613132	0.043570	0.019899	1.260000
791	0.592983	0.093369	0.133710	1.260000
792	0.603875	0.001310	-0.116438	1.260000
793	0.604246	-0.005815	-0.114361	1.260000
794	0.596001	-0.096150	0.117316	1.260000
795	0.601765	-0.016149	0.125871	1.260000
796	0.601210	0.068446	0.109937	1.260000
797	0.612591	-0.004676	-0.054177	1.260000
798	0.612888	0.027102	-0.043107	1.260000
799	0.611988	-0.047144	0.038375	1.260000
800	0.611299	-0.064694	0.018807	1.260000
801	0.538482	-0.050785	-0.292717	1.260000
802	0.600318	-0.096655	-0.092201	1.260000
803	0.604771	0.084429	-0.073134	1.260000
804	0.591510	-0.106191	0.130630	1.260000
805	0.568709	-0.047924	-0.229125	1.260000
806	0.602168	0.021176	-0.123169	1.260000
807	0.597571	0.129856	-0.065350	1.260000
808	0.585892	0.041277	0.182350	1.260000
809	0.573795	0.029297	-0.219378	1.260000
810	0.612879	-0.033093	0.038849	1.260000
811	0.600953	-0.042163	0.123703	1.260000
812	0.542444	-0.090154	0.275413	1.260000
813	0.506540	-0.321669	-0.134802	1.260000
814	0.562976	-0.166528	0.183170	1.260000
815	0.611824	0.040450	-0.047543	1.260000
816	0.605189	0.108044	-0.017238	1.260000
817	0.574177	0.172975	-0.136475	1.260000
818	0.569238	0.120747	-0.199030	1.260000
819	0.608179	0.020799	0.088939	1.260000
820	0.553841	-0.266671	-0.019285	1.260000
821	0.512344	-0.336966	0.046714	1.260000
822	0.552091	-0.259979	-0.076361	1.260000
823	0.603275	0.087150	-0.081788	1.260000
824	0.601699	-0.127159	0.003671	1.260000
825	0.613450	-0.012222	-0.041884	1.260000
826	0.513600	0.291997	-0.170814	1.260000
827	0.581876	-0.052423	0.192086	1.260000
828	0.527386	-0.093511	0.302233	1.260000
829	0.573350	-0.030458	0.220379	1.260000
830	0.566891	0.235288	-0.038717	1.260000
831	0.610238	0.033792	0.068499	1.260000
832	0.537061	0.149563	0.259657	1.260000
833	0.610397	-0.066785	0.034356	1.260000
834	0.607525	0.094239	-0.016027	1.260000
835	0.601890	-0.094711	-0.083566	1.260000
836	0.605442	-0.045780	0.097824	1.260000
837	0.540326	-0.240963	-0.167956	1.260000
838	0.555582	0.194628	-0.177972	1.260000
839	0.611118	-0.067615	-0.013698	1.260000
840	0.531283	0.158230	-0.266321	1.260000
841	0.591920	0.166783	0.006219	1.260000
842	0.572048	0.056067	0.218728	1.260000
843	0.433065	-0.095523	-0.426093	1.260000
844	0.583635	-0.036128	-0.190499	1.260000
845	0.464863	-0.246985	-0.318002	1.260000
846	0.557264	-0.120790	-0.230415	1.260000
847	0.575677	-0.127915	0.174523	1.260000
848	0.603409	0.030306	0.114911	1.260000
849	0.541303	0.040281	0.289126	1.260000
850	0.590829	0.061340	0.159321	1.260000
