1	0.399114	0.225934	0.409739	-0.970000
2	0.451908	0.339330	0.242609	-0.970000
3	0.336780	0.504488	0.101469	-0.970000
4	0.053108	0.562309	0.243337	-0.970000
5	0.424366	0.419430	0.149053	-0.970000
6	0.471952	0.338305	0.202574	-0.970000
7	0.459449	0.301052	0.276586	-0.970000
8	0.360360	0.392298	0.307356	-0.970000
9	0.602200	-0.116508	0.044785	-0.970000
10	0.534332	0.298999	0.057566	-0.970000
11	0.433637	0.365151	0.238430	-0.970000
12	0.442707	0.416202	-0.094927	-0.970000
13	0.549739	0.268703	0.061736	-0.970000
14	0.437681	0.399673	-0.164079	-0.970000
15	0.544762	0.281471	-0.047254	-0.970000
16	0.570888	0.174625	0.147710	-0.970000
17	0.577135	0.193033	0.088762	-0.970000
18	0.607108	0.056073	0.080624	-0.970000
19	0.487085	0.371833	0.052092	-0.970000
20	0.536287	0.250054	-0.167614	-0.970000
21	0.410132	0.412528	0.199594	-0.970000
22	0.592512	0.147436	0.073602	-0.970000
23	0.549379	0.169306	-0.218501	-0.970000
24	0.532604	0.302359	-0.056014	-0.970000
25	0.495386	0.276925	0.236919	-0.970000
26	0.556996	0.205018	-0.161085	-0.970000
27	0.592562	-0.073358	-0.147357	-0.970000
28	0.589566	0.174686	-0.011010	-0.970000
29	0.547753	0.278724	-0.022474	-0.970000
30	0.612613	0.002431	0.054075	-0.970000
31	0.584347	0.169700	-0.089252	-0.970000
32	0.542476	0.286101	-0.045727	-0.970000
33	0.556357	0.252971	-0.068537	-0.970000
34	0.514346	0.302532	-0.148819	-0.970000
35	0.598637	-0.136557	0.034806	-0.970000
36	0.581611	0.101225	0.172358	-0.970000
37	0.381657	0.482158	0.009299	-0.970000
38	0.584650	0.190784	0.003216	-0.970000
39	0.593952	0.106389	-0.118856	-0.970000
40	0.612531	0.032331	-0.044564	-0.970000
41	0.557068	0.260574	-0.001202	-0.970000
42	0.547709	0.245004	0.134956	-0.970000
43	0.571033	0.205932	-0.098686	-0.970000
44	0.607093	0.091374	-0.036251	-0.970000
45	0.473132	0.211240	-0.331283	-0.970000
46	0.584609	0.066724	0.178901	-0.970000
47	0.558487	0.250727	0.058765	-0.970000
48	0.546565	0.255226	0.119796	-0.970000
49	0.585500	0.181057	-0.051308	-0.970000
50	0.608174	-0.054099	-0.073635	-0.970000
51	0.521270	0.235453	0.225974	-0.970000
52	0.567162	0.222306	0.084454	-0.970000
53	0.534768	0.301893	0.033303	-0.970000
54	0.532936	0.039198	-0.304413	-0.970000
55	0.535646	0.161038	-0.255686	-0.970000
56	0.611066	0.068627	0.010669	-0.970000
57	0.547119	0.272385	-0.068503	-0.970000
58	0.586539	0.177801	0.050826	-0.970000
59	0.597802	0.070550	0.126020	-0.970000
60	0.551110	0.219030	-0.162875	-0.970000
61	0.543818	0.275550	-0.080988	-0.970000
62	0.584061	0.146928	-0.124540	-0.970000
63	0.554749	-0.095590	-0.247671	-0.970000
64	0.608383	-0.015912	0.088553	-0.970000
65	0.606983	0.016600	-0.097578	-0.970000
66	0.443308	0.413930	0.101811	-0.970000
67	0.493430	0.365975	0.028538	-0.970000
68	0.611883	0.031427	-0.053261	-0.970000
69	0.591045	0.069025	-0.155328	-0.970000
70	0.565877	0.239780	-0.022673	-0.970000
71	0.554325	0.241133	0.113156	-0.970000
72	0.578252	-0.129368	-0.164662	-0.970000
73	0.572568	0.217010	-0.057420	-0.970000
74	0.596019	-0.020765	0.150184	-0.970000
75	0.544840	0.251895	0.133876	-0.970000
76	0.571115	0.220760	0.057597	-0.970000
77	0.570537	0.192186	-0.125608	-0.970000
78	0.575310	0.204494	0.073659	-0.970000
79	0.574629	0.193108	0.103615	-0.970000
80	0.600449	0.132984	-0.001380	-0.970000
81	0.523186	-0.071339	-0.315297	-0.970000
82	0.586387	-0.167125	-0.080278	-0.970000
83	0.584030	0.130827	0.141484	-0.970000
84	0.539852	0.291565	0.042127	-0.970000
85	0.551755	0.177136	-0.205947	-0.970000
86	0.596436	0.131138	0.072742	-0.970000
87	0.559417	0.166565	0.193736	-0.970000
88	0.512792	0.327537	-0.089381	-0.970000
89	0.577545	0.186227	-0.099929	-0.970000
90	0.522782	-0.019871	-0.323310	-0.970000
91	0.557412	-0.050907	-0.254805	-0.970000
92	0.522229	0.308232	-0.102441	-0.970000
93	0.598664	0.105044	0.093767	-0.970000
94	0.601651	0.076095	-0.102229	-0.970000
95	0.586151	0.170290	-0.075191	-0.970000
96	0.553506	0.267902	0.009231	-0.970000
97	0.613160	0.033740	-0.033493	-0.970000
98	0.598516	0.002394	-0.141413	-0.970000
99	0.506177	-0.031340	-0.347890	-0.970000
100	0.549191	0.275104	-0.030530	-0.970000
101	0.494874	0.255056	0.261288	-0.970000
102	0.558068	0.258424	-0.001488	-0.970000
103	0.607699	0.091647	0.022964	-0.970000
104	0.612013	-0.010406	-0.059635	-0.970000
105	0.584721	0.145400	-0.123228	-0.970000
106	0.534957	0.025002	-0.302360	-0.970000
107	0.536756	0.052142	-0.295633	-0.970000
108	0.513545	0.240362	-0.238164	-0.970000
109	0.569716	0.144598	0.180942	-0.970000
110	0.579752	-0.048041	0.199510	-0.970000
111	0.597492	0.143471	0.025395	-0.970000
112	0.570600	0.103496	0.204767	-0.970000
113	0.595674	-0.114811	-0.101074	-0.970000
114	0.493616	-0.168208	-0.325997	-0.970000
115	0.406960	0.302566	-0.347940	-0.970000
116	0.454820	0.047882	-0.411182	-0.970000
117	0.447665	0.086536	-0.412713	-0.970000
118	0.504970	0.350847	-0.011664	-0.970000
119	0.375656	0.385633	0.297312	-0.970000
120	0.311001	0.504405	0.164555	-0.970000
121	0.488482	0.334407	0.166679	-0.970000
122	0.252049	0.512474	0.228181	-0.970000
123	0.459076	0.357343	0.199449	-0.970000
124	0.504451	0.327578	0.128243	-0.970000
125	0.578214	0.187322	0.093830	-0.970000
126	0.461836	0.356136	-0.195190	-0.970000
127	0.486501	0.270875	0.261090	-0.970000
128	0.532252	0.301858	0.061759	-0.970000
129	0.470692	0.339819	-0.202970	-0.970000
130	0.509360	0.344205	0.017351	-0.970000
131	0.567894	0.231714	0.045055	-0.970000
132	0.500777	0.321656	0.154871	-0.970000
133	0.540442	0.286388	-0.064263	-0.970000
134	0.483008	0.374142	-0.070326	-0.970000
135	0.557321	0.259988	0.004882	-0.970000
136	0.589805	0.173402	-0.016926	-0.970000
137	0.503663	0.352099	-0.023985	-0.970000
138	0.378282	0.445676	0.191052	-0.970000
139	0.552546	0.247903	0.107059	-0.970000
140	0.533123	0.240766	0.189833	-0.970000
141	0.579417	0.187818	-0.085004	-0.970000
142	0.592093	-0.025300	-0.164351	-0.970000
143	0.556670	0.156001	0.209778	-0.970000
144	0.593422	0.160644	-0.016386	-0.970000
145	0.497671	0.348053	-0.096994	-0.970000
146	0.463638	0.403688	0.017334	-0.970000
147	0.531044	0.297051	-0.089319	-0.970000
148	0.597867	-0.052126	0.134398	-0.970000
149	0.586958	0.183581	0.001835	-0.970000
150	0.574516	0.217725	-0.027423	-0.970000
151	0.517519	0.328592	0.049262	-0.970000
152	0.536316	0.280166	-0.109985	-0.970000
153	0.612878	0.044220	-0.025491	-0.970000
154	0.607355	0.079590	0.054865	-0.970000
155	0.549006	0.267767	0.071542	-0.970000
156	0.582260	0.155884	0.122060	-0.970000
157	0.519659	0.268310	-0.190233	-0.970000
158	0.544664	0.271037	-0.090031	-0.970000
159	0.601034	-0.122104	0.045537	-0.970000
160	0.597031	0.108935	0.099562	-0.970000
161	0.594462	-0.152586	0.039470	-0.970000
162	0.585045	0.158320	0.104318	-0.970000
163	0.569075	0.230690	0.034072	-0.970000
164	0.610479	0.017504	-0.072346	-0.970000
165	0.603583	0.016970	-0.116725	-0.970000
166	0.613685	-0.029163	-0.027672	-0.970000
167	0.602981	0.080710	0.090138	-0.970000
168	0.535868	0.288892	-0.087246	-0.970000
169	0.591162	-0.024248	0.167824	-0.970000
170	0.596078	0.105601	-0.108463	-0.970000
171	0.536989	0.160132	0.253428	-0.970000
172	0.603301	0.118317	0.015937	-0.970000
173	0.550810	0.105207	-0.252517	-0.970000
174	0.612003	0.057601	0.018960	-0.970000
175	0.544637	0.284958	0.019861	-0.970000
176	0.560406	0.232349	0.100918	-0.970000
177	0.595206	0.037220	-0.150232	-0.970000
178	0.576912	0.198676	-0.076978	-0.970000
179	0.564753	0.177594	-0.166551	-0.970000
180	0.568146	0.233593	0.029483	-0.970000
181	0.584838	0.061146	-0.180140	-0.970000
182	0.610169	-0.067559	-0.036811	-0.970000
183	0.554556	0.265101	0.020350	-0.970000
184	0.597224	0.032348	-0.143185	-0.970000
185	0.568010	0.120557	-0.202623	-0.970000
186	0.597805	0.104564	-0.099601	-0.970000
187	0.604328	0.058375	0.098005	-0.970000
188	0.592776	-0.009175	-0.163576	-0.970000
189	0.510056	0.071106	-0.336172	-0.970000
190	0.600491	-0.055942	-0.120439	-0.970000
191	0.588406	0.170489	0.054189	-0.970000
192	0.586284	0.096787	-0.158518	-0.970000
193	0.592731	0.155919	-0.050840	-0.970000
194	0.591730	0.126626	-0.109755	-0.970000
195	0.551646	0.265642	0.057841	-0.970000
196	0.553344	0.257684	-0.075061	-0.970000
197	0.560028	0.228774	-0.110707	-0.970000
198	0.598710	0.107131	-0.091070	-0.970000
199	0.495665	0.356029	-0.076055	-0.970000
200	0.592124	0.063861	0.153413	-0.970000
201	0.576665	0.211791	0.028754	-0.970000
202	0.558116	0.193878	-0.170712	-0.970000
203	0.605234	0.056561	-0.093369	-0.970000
204	0.585914	0.128457	-0.135753	-0.970000
205	0.557829	-0.008722	-0.258796	-0.970000
206	0.532691	0.259568	0.164589	-0.970000
207	0.607620	-0.012805	0.094124	-0.970000
208	0.609039	0.000665	0.085419	-0.970000
209	0.613865	-0.001105	-0.037338	-0.970000
210	0.595266	-0.057391	-0.143490	-0.970000
211	0.597911	0.092591	-0.110244	-0.970000
212	0.518241	0.051383	-0.327126	-0.970000
213	0.457593	0.161980	-0.377619	-0.970000
214	0.570254	0.148124	0.176338	-0.970000
215	0.512231	0.239784	0.241554	-0.970000
216	0.384491	0.465684	0.116316	-0.970000
217	0.372352	0.489421	-0.006835	-0.970000
218	0.518912	0.326666	0.047383	-0.970000
219	0.406696	0.457857	-0.056479	-0.970000
220	0.471864	0.390136	0.057998	-0.970000
221	0.487057	0.351296	0.132633	-0.970000
222	0.602599	0.122494	-0.009720	-0.970000
223	0.456490	0.393211	-0.123398	-0.970000
224	0.546399	0.272650	0.073040	-0.970000
225	0.532303	0.247796	0.182965	-0.970000
226	0.481070	0.379134	0.055265	-0.970000
227	0.376366	0.474233	-0.108060	-0.970000
228	0.531777	0.306453	-0.039048	-0.970000
229	0.598949	0.139345	0.008241	-0.970000
230	0.559655	0.253835	0.024073	-0.970000
231	0.596778	0.075906	-0.127745	-0.970000
232	0.521350	0.257063	-0.200844	-0.970000
233	0.483128	0.374460	0.067768	-0.970000
234	0.476672	0.344188	0.180399	-0.970000
235	0.599299	0.123429	-0.061891	-0.970000
236	0.511211	0.341882	-0.002270	-0.970000
237	0.450586	0.417627	0.028007	-0.970000
238	0.545107	0.221905	0.178442	-0.970000
239	0.614847	-0.002649	0.013451	-0.970000
240	0.593095	0.154667	0.050410	-0.970000
241	0.584874	0.189814	0.010860	-0.970000
242	0.514520	0.265671	-0.207154	-0.970000
243	0.605248	0.097181	0.049560	-0.970000
244	0.579310	0.162327	0.127575	-0.970000
245	0.427942	0.440361	0.034255	-0.970000
246	0.602390	0.059022	0.108937	-0.970000
247	0.564616	0.156918	0.186577	-0.970000
248	0.606181	0.102270	-0.017629	-0.970000
249	0.586053	0.029678	0.184082	-0.970000
250	0.566170	0.142989	-0.192952	-0.970000
251	0.573245	0.192453	-0.112147	-0.970000
252	0.529593	0.228392	0.213525	-0.970000
253	0.543400	0.268474	0.104226	-0.970000
254	0.605073	0.106570	-0.027466	-0.970000
255	0.610962	0.028451	0.064348	-0.970000
256	0.614586	-0.022324	-0.003278	-0.970000
257	0.576495	0.213976	0.009608	-0.970000
258	0.595881	0.141511	-0.055906	-0.970000
259	0.557793	0.212321	-0.148364	-0.970000
260	0.583231	0.146203	-0.129196	-0.970000
261	0.571711	0.189576	0.124229	-0.970000
262	0.523189	0.089074	0.310747	-0.970000
263	0.560062	0.159561	0.197728	-0.970000
264	0.566395	0.163660	-0.175036	-0.970000
265	0.442209	0.390226	-0.174356	-0.970000
266	0.572038	0.219924	0.051287	-0.970000
267	0.593743	0.044327	-0.154044	-0.970000
268	0.582838	0.140858	-0.136687	-0.970000
269	0.598244	0.142216	0.010212	-0.970000
270	0.586403	0.182598	0.031843	-0.970000
271	0.587376	0.041772	0.177396	-0.970000
272	0.598987	0.033447	0.135354	-0.970000
273	0.609649	0.030852	-0.074843	-0.970000
274	0.590638	0.157620	0.067285	-0.970000
275	0.557994	0.247324	0.075491	-0.970000
276	0.505089	-0.302008	-0.178610	-0.970000
277	0.611318	0.060493	-0.029259	-0.970000
278	0.608495	0.050352	-0.073642	-0.970000
279	0.544176	0.285176	-0.027797	-0.970000
280	0.608486	0.089205	-0.003538	-0.970000
281	0.558382	0.257521	-0.010834	-0.970000
282	0.610540	0.063333	0.038148	-0.970000
283	0.551219	0.264931	-0.064765	-0.970000
284	0.610392	-0.051666	-0.054566	-0.970000
285	0.573519	-0.118524	0.187758	-0.970000
286	0.595575	0.148509	0.038210	-0.970000
287	0.614845	-0.013661	0.001952	-0.970000
288	0.608618	-0.011101	0.087671	-0.970000
289	0.613436	-0.017812	-0.040052	-0.970000
290	0.598668	0.130180	0.053613	-0.970000
291	0.578299	0.208420	0.018879	-0.970000
292	0.595712	0.149973	-0.029328	-0.970000
293	0.614115	0.032148	-0.007338	-0.970000
294	0.582861	-0.052305	-0.189108	-0.970000
295	0.610603	-0.056042	-0.047413	-0.970000
296	0.567932	0.229027	-0.056784	-0.970000
297	0.533774	0.242027	-0.186368	-0.970000
298	0.567274	0.228448	-0.065090	-0.970000
299	0.603612	0.115459	-0.023373	-0.970000
300	0.614247	-0.030039	-0.004786	-0.970000
301	0.604061	0.112306	-0.026872	-0.970000
302	0.582975	0.195263	0.015393	-0.970000
303	0.471779	0.222137	-0.326045	-0.970000
304	0.593777	0.128658	0.095398	-0.970000
305	0.597586	0.086558	-0.116720	-0.970000
306	0.566490	0.103997	0.215634	-0.970000
307	0.571952	0.079204	-0.211714	-0.970000
308	0.577998	0.186497	0.096757	-0.970000
309	0.538592	0.276313	-0.108603	-0.970000
310	0.579475	0.191475	0.075969	-0.970000
311	0.576196	0.058549	-0.206869	-0.970000
312	0.476911	0.268659	-0.280363	-0.970000
313	0.496844	0.255558	0.257024	-0.970000
314	0.548108	0.195399	0.199051	-0.970000
315	0.590874	0.073991	0.153683	-0.970000
316	0.550510	-0.211259	0.174739	-0.970000
317	0.604140	0.114711	0.009050	-0.970000
318	0.604768	0.047147	-0.101283	-0.970000
319	0.580958	0.066595	-0.190467	-0.970000
320	0.564481	0.188011	-0.155685	-0.970000
321	0.543075	0.081286	-0.276925	-0.970000
322	0.476321	0.355847	0.157214	-0.970000
323	0.400039	0.456772	0.097742	-0.970000
324	0.265124	0.548552	0.083816	-0.970000
325	0.290002	0.542309	0.004909	-0.970000
326	0.534204	0.300834	0.048472	-0.970000
327	0.294721	0.521274	0.140136	-0.970000
328	0.500177	0.238185	0.267050	-0.970000
329	0.507189	0.341203	0.067567	-0.970000
330	0.586458	0.183640	-0.023837	-0.970000
331	0.475282	0.304918	0.243633	-0.970000
332	0.529235	0.295307	-0.104542	-0.970000
333	0.493286	0.355420	-0.092578	-0.970000
334	0.483480	0.379564	-0.020069	-0.970000
335	0.505809	0.327223	-0.123723	-0.970000
336	0.502830	0.347030	0.070408	-0.970000
337	0.589531	0.097133	0.145749	-0.970000
338	0.475605	0.298119	-0.251296	-0.970000
339	0.395494	0.451489	0.134041	-0.970000
340	0.514644	0.317116	0.113157	-0.970000
341	0.553822	0.254914	-0.080778	-0.970000
342	0.511134	0.342004	0.000510	-0.970000
343	0.537814	0.284760	0.088839	-0.970000
344	0.551001	0.243248	0.124311	-0.970000
345	0.553568	0.236713	0.125516	-0.970000
346	0.574460	0.216470	-0.036892	-0.970000
347	0.597815	0.120604	0.079351	-0.970000
348	0.545229	0.283327	0.025994	-0.970000
349	0.562694	0.239522	0.065035	-0.970000
350	0.512898	0.339257	-0.008103	-0.970000
351	0.605958	0.088538	0.056576	-0.970000
352	0.591271	0.143580	0.089487	-0.970000
353	0.556351	0.224728	0.134891	-0.970000
354	0.572781	0.180602	-0.132400	-0.970000
355	0.541314	0.283721	0.068604	-0.970000
356	0.597450	0.138775	0.044945	-0.970000
357	0.569030	0.157297	0.172300	-0.970000
358	0.595984	0.141406	0.055062	-0.970000
359	0.545555	0.041330	0.280868	-0.970000
360	0.558195	0.116128	0.230558	-0.970000
361	0.576549	0.208499	-0.048415	-0.970000
362	0.469497	0.300134	-0.260226	-0.970000
363	0.570280	0.226010	0.043876	-0.970000
364	0.547081	0.152386	0.236021	-0.970000
365	0.568924	0.162106	0.168145	-0.970000
366	0.594352	0.154102	0.034966	-0.970000
367	0.596817	0.127352	-0.076262	-0.970000
368	0.570556	0.217902	0.072174	-0.970000
369	0.578889	0.178981	-0.105254	-0.970000
370	0.586452	-0.057187	0.176149	-0.970000
371	0.611112	0.028048	0.063087	-0.970000
372	0.601812	0.126212	-0.010871	-0.970000
373	0.593784	0.057209	0.149573	-0.970000
374	0.580382	0.203087	-0.011734	-0.970000
375	0.605630	-0.052359	0.093252	-0.970000
376	0.588422	0.145337	-0.104218	-0.970000
377	0.593250	0.156021	-0.044006	-0.970000
378	0.576675	0.159631	-0.142086	-0.970000
379	0.582517	0.173294	0.094167	-0.970000
380	0.563174	0.247096	-0.002004	-0.970000
381	0.575293	0.165775	-0.140648	-0.970000
382	0.609688	0.062159	-0.051401	-0.970000
383	0.607691	-0.015362	0.093276	-0.970000
384	0.598690	0.074724	0.119214	-0.970000
385	0.614595	0.020151	-0.009584	-0.970000
386	0.612287	0.022477	-0.053144	-0.970000
387	0.545266	0.240617	0.151701	-0.970000
388	0.566371	0.226027	-0.079757	-0.970000
389	0.554960	0.259048	0.056019	-0.970000
390	0.501791	0.355232	-0.015532	-0.970000
391	0.613683	0.005617	-0.039829	-0.970000
392	0.599941	0.034708	-0.130733	-0.970000
393	0.602296	-0.098687	-0.075668	-0.970000
394	0.608925	-0.018415	-0.084240	-0.970000
395	0.596448	0.089623	-0.120179	-0.970000
396	0.602358	0.051922	0.112667	-0.970000
397	0.610595	0.071915	-0.015064	-0.970000
398	0.475288	0.379284	-0.092035	-0.970000
399	0.602887	0.086101	-0.085669	-0.970000
400	0.556009	0.251948	-0.074841	-0.970000
401	0.562923	0.148239	-0.198413	-0.970000
402	0.601413	0.007175	-0.128357	-0.970000
403	0.534021	0.298113	0.064612	-0.970000
404	0.601609	0.054595	-0.115375	-0.970000
405	0.607988	0.080304	0.046120	-0.970000
406	0.549291	0.252990	-0.111806	-0.970000
407	0.588491	-0.000379	0.178614	-0.970000
408	0.599748	0.084818	-0.106458	-0.970000
409	0.566070	0.196747	-0.138131	-0.970000
410	0.541121	0.267172	0.118457	-0.970000
411	0.605939	0.086770	0.059448	-0.970000
412	0.614680	0.019775	0.001557	-0.970000
413	0.573747	0.047814	-0.216226	-0.970000
414	0.591376	0.101263	-0.135075	-0.970000
415	0.604606	0.111860	-0.012808	-0.970000
416	0.610084	0.073479	-0.024961	-0.970000
417	0.564569	0.197226	-0.143488	-0.970000
418	0.497237	0.338154	0.128967	-0.970000
419	0.604661	-0.072672	0.085610	-0.970000
420	0.593054	-0.092993	0.133658	-0.970000
421	0.487361	-0.191373	0.322615	-0.970000
422	0.579712	0.177300	-0.103556	-0.970000
423	0.561265	0.251371	-0.004381	-0.970000
424	0.475457	0.214817	-0.325606	-0.970000
425	0.456126	0.045113	-0.410048	-0.970000
426	0.554496	0.178914	0.196849	-0.970000
427	0.413173	0.444729	0.098633	-0.970000
428	-0.021350	0.614471	-0.013962	-0.970000
429	0.304041	0.520170	-0.123320	-0.970000
430	0.442620	0.362419	-0.225753	-0.970000
431	0.398411	0.370748	-0.286426	-0.970000
432	0.499286	0.335347	0.128378	-0.970000
433	0.445185	0.283229	0.315938	-0.970000
434	0.552127	0.270837	-0.005282	-0.970000
435	0.514277	0.312469	0.126913	-0.970000
436	0.529416	0.306029	0.065499	-0.970000
437	0.320938	0.523014	-0.040984	-0.970000
438	0.417159	0.451888	0.000408	-0.970000
439	0.293826	0.517687	-0.154568	-0.970000
440	0.501558	0.341572	-0.099965	-0.970000
441	0.552080	0.252774	0.097663	-0.970000
442	0.526380	0.220904	0.228802	-0.970000
443	0.582285	0.187006	0.064795	-0.970000
444	0.575585	0.194683	-0.095003	-0.970000
445	0.550435	0.272088	-0.034843	-0.970000
446	0.445956	0.370275	0.205535	-0.970000
447	0.435731	0.403587	-0.159628	-0.970000
448	0.483415	0.368335	-0.094150	-0.970000
449	0.526032	0.289280	0.133537	-0.970000
450	0.607836	0.084138	0.040996	-0.970000
451	0.500614	0.339568	0.110925	-0.970000
452	0.585572	0.174662	-0.069452	-0.970000
453	0.441904	0.295835	-0.308913	-0.970000
454	0.603311	0.119272	0.003884	-0.970000
455	0.536979	0.298615	0.026605	-0.970000
456	0.510042	0.343580	-0.005860	-0.970000
457	0.360055	0.497682	-0.029957	-0.970000
458	0.514057	0.275381	0.195284	-0.970000
459	0.596001	0.089914	0.122160	-0.970000
460	0.600607	0.132077	-0.007179	-0.970000
461	0.578727	0.125530	0.165959	-0.970000
462	0.553375	0.213798	-0.162147	-0.970000
463	0.473521	0.286128	-0.268577	-0.970000
464	0.597076	0.133378	0.062733	-0.970000
465	0.500381	0.346571	0.087933	-0.970000
466	0.499983	0.348062	0.084229	-0.970000
467	0.562074	0.170518	0.182269	-0.970000
468	0.567188	0.175186	0.160724	-0.970000
469	0.574173	0.220248	0.006436	-0.970000
470	0.605708	0.052897	0.092437	-0.970000
471	0.551421	0.239900	-0.128870	-0.970000
472	0.574494	0.101897	-0.194419	-0.970000
473	0.571738	0.226545	-0.004315	-0.970000
474	0.570425	0.221558	0.061255	-0.970000
475	0.611740	0.062909	0.006487	-0.970000
476	0.540632	0.255368	0.143975	-0.970000
477	0.530642	0.247271	-0.188419	-0.970000
478	0.608704	0.087746	0.002199	-0.970000
479	0.602241	-0.014867	-0.123733	-0.970000
480	0.502203	0.338348	-0.107416	-0.970000
481	0.594010	0.153785	-0.041564	-0.970000
482	0.595298	0.145774	0.050941	-0.970000
483	0.601170	0.127205	0.025267	-0.970000
484	0.606957	0.095152	-0.027821	-0.970000
485	0.613129	0.024935	0.040945	-0.970000
486	0.596211	0.087254	0.123062	-0.970000
487	0.596731	-0.124213	-0.081902	-0.970000
488	0.566814	-0.226439	0.075314	-0.970000
489	0.546316	0.227100	-0.167898	-0.970000
490	0.604430	0.078005	0.082490	-0.970000
491	0.587275	0.176570	0.046433	-0.970000
492	0.579455	0.176076	-0.107024	-0.970000
493	0.593253	0.031981	0.158912	-0.970000
494	0.612200	-0.050410	0.029925	-0.970000
495	0.557351	0.253469	0.057773	-0.970000
496	0.613132	-0.024132	-0.041381	-0.970000
497	0.505547	-0.270328	0.222642	-0.970000
498	0.595400	0.144417	0.053554	-0.970000
499	0.604782	0.028068	-0.108057	-0.970000
500	0.585755	0.083488	0.167765	-0.970000
501	0.605258	-0.000702	0.109030	-0.970000
502	0.589800	0.170355	-0.036612	-0.970000
503	0.456435	0.298414	-0.284325	-0.970000
504	0.582759	0.168656	-0.100855	-0.970000
505	0.572936	-0.018984	-0.222730	-0.970000
506	0.587249	0.177030	-0.044994	-0.970000
507	0.567219	0.209694	-0.111873	-0.970000
508	0.610198	0.068433	-0.034639	-0.970000
509	0.569394	0.228729	-0.041210	-0.970000
510	0.614277	-0.003987	0.029541	-0.970000
511	0.592779	0.162773	-0.018533	-0.970000
512	0.613891	0.021061	0.030323	-0.970000
513	0.570724	0.166104	-0.157826	-0.970000
514	0.579879	0.077143	-0.189773	-0.970000
515	0.553111	0.053524	-0.263492	-0.970000
516	0.613552	0.025779	0.033388	-0.970000
517	0.611485	-0.032420	-0.057092	-0.970000
518	0.589266	0.145054	-0.099751	-0.970000
519	0.564294	0.162380	-0.182840	-0.970000
520	0.588463	0.176198	-0.029851	-0.970000
521	0.613343	0.018313	-0.041238	-0.970000
522	0.602559	0.106808	-0.061156	-0.970000
523	0.564061	0.103096	-0.222332	-0.970000
524	0.483181	0.236464	-0.298070	-0.970000
525	0.576512	0.054715	0.207038	-0.970000
526	0.558001	0.138378	0.218428	-0.970000
527	0.610039	-0.065251	0.042656	-0.970000
528	0.609715	0.069417	0.040673	-0.970000
529	0.559900	0.238799	-0.087816	-0.970000
530	0.492682	0.325195	-0.172446	-0.970000
531	0.568087	0.208996	-0.108735	-0.970000
532	0.600222	0.097570	-0.091866	-0.970000
533	0.598028	-0.014935	-0.142705	-0.970000
534	0.429396	0.409474	-0.161788	-0.970000
535	0.556746	0.032296	0.259259	-0.970000
536	0.578581	-0.146854	0.147995	-0.970000
537	0.490024	-0.178626	0.325875	-0.970000
538	0.579394	0.195282	0.066275	-0.970000
539	0.513018	0.199156	-0.274544	-0.970000
540	0.536154	0.163732	-0.252895	-0.970000
541	0.524354	0.109634	-0.302090	-0.970000
542	0.446984	-0.007697	-0.422340	-0.970000
543	0.482624	0.278621	0.260134	-0.970000
544	0.301376	0.528324	0.090947	-0.970000
545	0.445169	0.421777	-0.046408	-0.970000
546	0.548543	0.256028	-0.108514	-0.970000
547	0.361293	0.465780	-0.175334	-0.970000
548	0.512846	0.323030	0.104238	-0.970000
549	0.457608	0.255888	0.321468	-0.970000
550	0.451144	0.331491	0.254575	-0.970000
551	0.478589	0.386031	0.012562	-0.970000
552	0.437328	0.431222	0.031888	-0.970000
553	0.538175	0.295486	-0.035788	-0.970000
554	0.436008	0.425066	0.086262	-0.970000
555	0.511363	0.337009	0.056196	-0.970000
556	0.530295	0.275863	0.144611	-0.970000
557	0.529099	0.283727	0.133335	-0.970000
558	0.563077	0.247020	-0.012258	-0.970000
559	0.501715	0.353634	0.038074	-0.970000
560	0.562645	0.226538	0.101669	-0.970000
561	0.494278	0.285762	0.228592	-0.970000
562	0.527374	0.314345	0.035895	-0.970000
563	0.521684	0.324851	-0.023310	-0.970000
564	0.533334	0.163065	0.259210	-0.970000
565	0.559528	0.171827	0.188755	-0.970000
566	0.508786	0.326845	0.111956	-0.970000
567	0.552626	0.241116	-0.121213	-0.970000
568	0.582937	0.175517	0.087198	-0.970000
569	0.539124	0.274142	0.111430	-0.970000
570	0.548284	0.273827	0.051269	-0.970000
571	0.538680	0.292808	-0.048082	-0.970000
572	0.533755	0.249136	0.176810	-0.970000
573	0.561488	0.249178	0.029446	-0.970000
574	0.614939	0.008502	0.001727	-0.970000
575	0.572857	0.206595	-0.085899	-0.970000
576	0.581465	0.180839	-0.086145	-0.970000
577	0.555127	0.219179	0.148391	-0.970000
578	0.506104	0.294792	0.187567	-0.970000
579	0.585120	0.158022	0.104346	-0.970000
580	0.600676	0.123474	0.046559	-0.970000
581	0.549266	0.275268	0.027556	-0.970000
582	0.596117	0.139994	-0.057194	-0.970000
583	0.554540	0.240190	-0.114103	-0.970000
584	0.591926	0.156269	0.058557	-0.970000
585	0.583018	-0.022970	0.194389	-0.970000
586	0.531547	0.301367	0.069717	-0.970000
587	0.604872	0.106807	0.030776	-0.970000
588	0.511601	0.329473	0.089089	-0.970000
589	0.596802	0.057178	-0.137050	-0.970000
590	0.612781	0.001654	0.052167	-0.970000
591	0.564222	0.157485	0.187290	-0.970000
592	0.612449	-0.015761	0.053690	-0.970000
593	0.599719	-0.115222	0.072701	-0.970000
594	0.575968	0.135312	-0.167857	-0.970000
595	0.602970	0.120893	-0.006060	-0.970000
596	0.548633	0.111984	0.254336	-0.970000
597	0.604820	-0.054936	-0.096952	-0.970000
598	0.612576	-0.032480	-0.043825	-0.970000
599	0.564248	0.081125	0.230798	-0.970000
600	0.601636	0.113104	0.058880	-0.970000
601	0.588152	0.138443	-0.114613	-0.970000
602	0.587092	0.042194	0.178234	-0.970000
603	0.566047	0.141730	-0.194239	-0.970000
604	0.602148	0.096762	-0.079246	-0.970000
605	0.568186	0.212347	-0.101481	-0.970000
606	0.603232	-0.011434	0.119186	-0.970000
607	0.598914	-0.120364	-0.070987	-0.970000
608	0.601865	0.091694	0.087036	-0.970000
609	0.555403	0.239849	0.110568	-0.970000
610	0.609063	0.081283	0.025696	-0.970000
611	0.556733	0.246235	0.087416	-0.970000
612	0.591086	0.120318	-0.119860	-0.970000
613	0.596222	0.066287	-0.135465	-0.970000
614	0.535342	0.077897	-0.292516	-0.970000
615	0.590834	0.133683	0.106156	-0.970000
616	0.528575	0.202909	-0.240128	-0.970000
617	0.552851	0.267807	0.029334	-0.970000
618	0.584275	0.089169	0.169990	-0.970000
619	0.539260	0.292108	-0.045791	-0.970000
620	0.608618	0.082949	0.030464	-0.970000
621	0.539211	0.154156	-0.252413	-0.970000
622	0.445648	0.294736	-0.304555	-0.970000
623	0.581805	0.114507	0.163143	-0.970000
624	0.564384	0.172696	0.172833	-0.970000
625	0.614716	0.002888	0.018457	-0.970000
626	0.583190	-0.035665	-0.191944	-0.970000
627	0.600581	0.125207	-0.043012	-0.970000
628	0.594828	0.152445	0.034141	-0.970000
629	0.579674	0.198151	0.054216	-0.970000
630	0.559463	0.105933	-0.232388	-0.970000
631	0.584861	0.181754	0.055932	-0.970000
632	0.567123	0.183599	0.151289	-0.970000
633	0.557490	-0.135512	0.221509	-0.970000
634	0.575455	0.151487	0.155333	-0.970000
635	0.584731	0.180990	0.059643	-0.970000
636	0.519718	0.317549	-0.085329	-0.970000
637	0.538014	0.248121	-0.164929	-0.970000
638	0.560553	0.127829	-0.218323	-0.970000
639	0.542831	0.095939	0.272682	-0.970000
640	0.537640	0.096489	0.282591	-0.970000
641	0.100638	0.604854	0.047425	-0.970000
642	0.480701	0.383541	-0.006964	-0.970000
643	0.503346	0.329263	-0.128270	-0.970000
644	0.471905	0.367456	0.143204	-0.970000
645	0.496088	0.332097	0.147761	-0.970000
646	0.504781	0.196115	0.291479	-0.970000
647	0.481640	0.280891	0.259515	-0.970000
648	0.507947	0.184949	0.293272	-0.970000
649	0.299394	0.535433	0.043579	-0.970000
650	0.418797	0.445995	-0.062630	-0.970000
651	0.424439	0.434546	-0.096156	-0.970000
652	0.472174	0.393875	-0.011795	-0.970000
653	0.500362	0.331848	0.133190	-0.970000
654	0.469547	0.262921	0.297697	-0.970000
655	0.418988	0.381167	-0.239553	-0.970000
656	0.325358	0.385457	0.351838	-0.970000
657	0.555177	0.234633	0.122274	-0.970000
658	0.558250	0.254492	0.042618	-0.970000
659	0.478494	0.348555	0.166668	-0.970000
660	0.394826	0.453383	0.129542	-0.970000
661	0.548847	0.274973	-0.037178	-0.970000
662	0.516700	0.232903	0.238752	-0.970000
663	0.580139	0.195225	0.059585	-0.970000
664	0.612062	0.058908	-0.011641	-0.970000
665	0.571023	0.221229	-0.056706	-0.970000
666	0.495566	0.265236	0.249578	-0.970000
667	0.454284	0.353131	-0.217139	-0.970000
668	0.536288	0.297778	-0.044144	-0.970000
669	0.547821	0.258178	0.107058	-0.970000
670	0.380991	0.481789	0.030821	-0.970000
671	0.598499	0.140911	0.012982	-0.970000
672	0.551772	0.271606	-0.001808	-0.970000
673	0.582180	0.072580	0.184456	-0.970000
674	0.521912	0.055689	0.320518	-0.970000
675	0.550880	0.132255	0.239301	-0.970000
676	0.543105	0.286054	0.037886	-0.970000
677	0.496941	0.348203	0.100145	-0.970000
678	0.513085	0.334117	0.057744	-0.970000
679	0.579687	0.169930	0.115379	-0.970000
680	0.543965	0.286015	0.022842	-0.970000
681	0.600558	0.126609	-0.039052	-0.970000
682	0.596419	0.147970	0.024771	-0.970000
683	0.610658	0.033072	0.065023	-0.970000
684	0.481828	0.358268	-0.133081	-0.970000
685	0.524578	0.300369	-0.113228	-0.970000
686	0.503209	0.285263	-0.208881	-0.970000
687	0.520803	0.251651	0.208951	-0.970000
688	0.579921	0.179970	0.097609	-0.970000
689	0.586678	-0.052128	0.176964	-0.970000
690	0.599373	0.128248	-0.050293	-0.970000
691	0.577113	0.146862	-0.153612	-0.970000
692	0.600597	0.027689	0.129389	-0.970000
693	0.600126	0.032010	-0.130573	-0.970000
694	0.612115	-0.046085	-0.037630	-0.970000
695	0.593840	0.150445	-0.054271	-0.970000
696	0.605602	0.039575	0.099524	-0.970000
697	0.536960	0.177621	0.241557	-0.970000
698	0.592026	-0.102219	0.131457	-0.970000
699	0.569173	0.126038	0.195913	-0.970000
700	0.590545	-0.153335	-0.077270	-0.970000
701	0.609129	-0.084690	0.003810	-0.970000
702	0.566646	0.089758	0.221542	-0.970000
703	0.588468	-0.021082	0.177442	-0.970000
704	0.609100	0.084447	-0.009522	-0.970000
705	0.610337	-0.053830	0.053066	-0.970000
706	0.575390	0.211004	0.051263	-0.970000
707	0.587159	0.164711	-0.079621	-0.970000
708	0.598975	0.137073	-0.025794	-0.970000
709	0.604802	0.090203	-0.065601	-0.970000
710	0.595670	0.129535	0.081378	-0.970000
711	0.604294	0.044073	0.105407	-0.970000
712	0.590850	-0.010389	-0.170335	-0.970000
713	0.550672	0.245282	-0.121745	-0.970000
714	0.614201	0.022175	0.022144	-0.970000
715	0.592295	0.000428	0.165564	-0.970000
716	0.544931	0.281127	-0.047356	-0.970000
717	0.515694	0.280845	-0.182786	-0.970000
718	0.496934	-0.081682	-0.353001	-0.970000
719	0.555315	-0.130585	-0.229778	-0.970000
720	0.614835	0.008519	0.011428	-0.970000
721	0.555785	0.221567	-0.142252	-0.970000
722	0.561120	0.246078	0.053058	-0.970000
723	0.527167	0.312715	0.050294	-0.970000
724	0.609926	0.018112	-0.076725	-0.970000
725	0.537031	0.209122	0.214686	-0.970000
726	0.540608	0.251822	-0.150179	-0.970000
727	0.566981	0.125969	-0.202212	-0.970000
728	0.414777	0.295149	-0.345068	-0.970000
729	0.606940	0.030123	0.094557	-0.970000
730	0.604473	0.060826	0.095594	-0.970000
731	0.589473	-0.138265	0.107839	-0.970000
732	0.612240	0.009533	-0.057416	-0.970000
733	0.588704	0.159083	-0.079660	-0.970000
734	0.571071	0.191514	-0.124200	-0.970000
735	0.585777	0.059198	-0.177725	-0.970000
736	0.582888	-0.073742	-0.181738	-0.970000
737	0.487018	0.375085	0.018684	-0.970000
738	0.556299	0.201155	0.168206	-0.970000
739	0.567718	0.143764	-0.187757	-0.970000
740	0.554400	-0.239822	0.115549	-0.970000
741	0.549758	0.044549	0.272042	-0.970000
742	0.593256	0.158648	0.033213	-0.970000
743	0.543732	0.285162	0.035542	-0.970000
744	0.531781	0.269952	-0.150201	-0.970000
745	0.556120	0.262571	0.003481	-0.970000
746	0.358067	0.018042	-0.499688	-0.970000
747	0.594857	0.047261	0.148782	-0.970000
748	0.239091	0.555969	0.109356	-0.970000
749	-0.037414	0.606430	-0.095227	-0.970000
750	0.354802	0.450847	-0.221534	-0.970000
751	0.399470	0.464703	-0.051961	-0.970000
752	0.341392	0.507206	0.066476	-0.970000
753	0.426625	0.435136	0.082903	-0.970000
754	0.510464	0.223346	0.260323	-0.970000
755	0.512880	-0.000189	0.339381	-0.970000
756	0.445346	0.404616	0.127192	-0.970000
757	0.428181	0.440314	0.031782	-0.970000
758	0.544492	0.231786	-0.167419	-0.970000
759	0.460906	0.405299	0.039030	-0.970000
760	0.517720	0.329554	-0.039815	-0.970000
761	0.588693	0.087838	0.154756	-0.970000
762	0.257037	0.447851	0.334046	-0.970000
763	0.560599	0.251681	0.024716	-0.970000
764	0.440240	0.396544	0.164824	-0.970000
765	0.502595	0.354069	-0.016068	-0.970000
766	0.507470	0.333760	-0.096456	-0.970000
767	0.540251	0.269451	0.117260	-0.970000
768	0.531569	0.214187	0.223121	-0.970000
769	0.525168	0.307171	0.089833	-0.970000
770	0.511060	0.259262	0.223216	-0.970000
771	0.475903	0.389037	0.019781	-0.970000
772	0.591249	0.121267	0.118085	-0.970000
773	0.574778	0.218389	-0.012727	-0.970000
774	0.406970	0.455771	-0.069807	-0.970000
775	0.405415	0.397574	0.236217	-0.970000
776	0.603995	0.107280	0.043656	-0.970000
777	0.580393	0.170216	-0.111336	-0.970000
778	0.605518	0.018584	0.105961	-0.970000
779	0.487370	0.263916	-0.266541	-0.970000
780	0.472858	0.353308	0.172640	-0.970000
781	0.568794	0.231822	-0.030941	-0.970000
782	0.510690	0.339927	0.043247	-0.970000
783	0.515249	0.285210	0.177197	-0.970000
784	0.535915	0.100545	0.284449	-0.970000
785	0.570291	0.197962	0.117491	-0.970000
786	0.514981	0.310836	0.128064	-0.970000
787	0.603425	0.055832	0.104815	-0.970000
788	0.405252	0.447450	-0.117406	-0.970000
789	0.577866	0.209067	-0.024213	-0.970000
790	0.558633	0.257196	0.002141	-0.970000
791	0.574274	0.219888	0.009167	-0.970000
792	0.598824	0.092873	0.104924	-0.970000
793	0.603013	0.116630	-0.031589	-0.970000
794	0.551991	0.064492	0.263386	-0.970000
795	0.581532	0.198738	0.023429	-0.970000
796	0.589999	0.166730	-0.048240	-0.970000
797	0.549295	0.256575	0.103292	-0.970000
798	0.547066	0.279043	0.032843	-0.970000
799	0.602067	-0.061063	0.109597	-0.970000
800	0.585956	0.170530	0.076156	-0.970000
801	0.570604	0.032760	-0.227074	-0.970000
802	0.586988	0.103349	-0.151621	-0.970000
803	0.550612	-0.095239	0.256867	-0.970000
804	0.614092	-0.033406	-0.000233	-0.970000
805	0.593030	0.138325	-0.086062	-0.970000
806	0.589152	0.173844	-0.030061	-0.970000
807	0.544837	0.284838	-0.015656	-0.970000
808	0.572234	0.100205	0.201823	-0.970000
809	0.587291	0.077333	-0.165331	-0.970000
810	0.568449	0.160325	0.171425	-0.970000
811	0.588869	-0.092893	-0.151093	-0.970000
812	0.608742	-0.063101	0.060631	-0.970000
813	0.590169	0.143186	0.097072	-0.970000
814	0.610487	-0.072354	0.017203	-0.970000
815	0.550558	0.258024	-0.092381	-0.970000
816	0.548781	0.224327	-0.163531	-0.970000
817	0.609994	0.063623	-0.045653	-0.970000
818	0.603576	-0.081727	-0.085102	-0.970000
819	0.572192	0.117093	0.192640	-0.970000
820	0.540991	0.052500	-0.287746	-0.970000
821	0.569029	0.208496	0.104692	-0.970000
822	0.609160	0.071249	-0.045529	-0.970000
823	0.609102	0.077432	0.034991	-0.970000
824	0.581693	0.111478	-0.165623	-0.970000
825	0.571759	-0.004657	-0.226484	-0.970000
826	0.535677	0.117401	-0.278373	-0.970000
827	0.602882	0.061788	0.104600	-0.970000
828	0.597345	-0.026133	-0.143949	-0.970000
829	0.610897	0.032400	0.063088	-0.970000
830	0.586524	0.009461	0.184730	-0.970000
831	0.584840	0.188002	-0.029036	-0.970000
832	0.529061	0.185358	0.252906	-0.970000
833	0.612277	0.004847	-0.057605	-0.970000
834	0.389338	0.382710	-0.283150	-0.970000
835	0.595062	-0.061007	0.142842	-0.970000
836	0.611530	-0.026610	-0.059560	-0.970000
837	0.570419	-0.221242	0.062442	-0.970000
838	0.589275	0.119779	0.128968	-0.970000
839	0.614706	-0.007691	-0.017406	-0.970000
840	0.597929	0.133925	0.052627	-0.970000
841	0.562513	0.194194	-0.155218	-0.970000
842	0.486013	0.191020	-0.324850	-0.970000
843	0.548250	0.239602	0.142260	-0.970000
844	0.604899	0.018086	0.109524	-0.970000
845	0.342243	-0.468318	0.204384	-0.970000
846	0.607798	0.058078	0.073715	-0.970000
847	0.547841	0.278954	-0.016734	-0.970000
848	0.421465	0.346427	-0.283867	-0.970000
849	0.522370	0.310107	0.095854	-0.970000
850	0.503080	-0.046822	-0.350632	-0.970000
