1	-0.590053	-0.154324	0.079033	-2.570000
2	-0.489935	-0.306134	-0.210882	-2.570000
3	-0.483615	-0.085713	-0.370128	-2.570000
4	-0.544305	-0.269935	-0.095351	-2.570000
5	-0.604662	0.097203	-0.056215	-2.570000
6	-0.579192	-0.193615	-0.072630	-2.570000
7	-0.588690	0.043310	-0.172608	-2.570000
8	-0.358275	0.320411	-0.383668	-2.570000
9	-0.443959	-0.309298	-0.292336	-2.570000
10	-0.570805	-0.048654	0.223696	-2.570000
11	-0.533283	-0.228868	0.203602	-2.570000
12	-0.587907	-0.019186	-0.179506	-2.570000
13	-0.595892	-0.141718	-0.055256	-2.570000
14	-0.613662	-0.027861	0.029458	-2.570000
15	-0.581910	0.171190	0.101487	-2.570000
16	-0.581293	0.075447	-0.186094	-2.570000
17	-0.568815	0.141440	-0.186196	-2.570000
18	-0.592015	0.166532	-0.003299	-2.570000
19	-0.607390	0.034171	0.090196	-2.570000
20	-0.614016	0.030561	-0.016599	-2.570000
21	-0.547446	-0.196706	-0.199586	-2.570000
22	-0.597281	-0.017569	-0.145504	-2.570000
23	-0.593276	-0.105356	0.123080	-2.570000
24	-0.540745	-0.025463	-0.291841	-2.570000
25	-0.608622	-0.074183	-0.047972	-2.570000
26	-0.582235	-0.118813	0.158464	-2.570000
27	-0.613729	0.039489	-0.001683	-2.570000
28	-0.578147	-0.120001	-0.171961	-2.570000
29	-0.577091	-0.160384	0.139528	-2.570000
30	-0.553198	-0.253670	0.088593	-2.570000
31	-0.607725	0.040497	0.085179	-2.570000
32	-0.525429	-0.310762	0.074677	-2.570000
33	-0.600005	-0.129789	0.037065	-2.570000
34	-0.590957	-0.125231	-0.115378	-2.570000
35	-0.609260	-0.043087	0.071905	-2.570000
36	-0.456244	0.184200	0.368968	-2.570000
37	-0.583867	0.019887	0.192169	-2.570000
38	-0.573114	0.217680	-0.048793	-2.570000
39	-0.604657	0.035608	-0.106520	-2.570000
40	-0.610970	-0.070168	-0.004113	-2.570000
41	-0.590710	0.166959	-0.037567	-2.570000
42	-0.608456	0.062339	0.064184	-2.570000
43	-0.561343	0.245032	0.055481	-2.570000
44	-0.584284	-0.171978	0.085212	-2.570000
45	-0.608143	0.085463	0.032917	-2.570000
46	-0.590697	0.053325	-0.162662	-2.570000
47	-0.566024	-0.011174	0.240244	-2.570000
48	-0.579396	0.128144	0.161567	-2.570000
49	-0.583098	0.195439	-0.005007	-2.570000
50	-0.596688	0.131181	0.070567	-2.570000
51	-0.611333	0.027010	-0.061381	-2.570000
52	-0.613732	-0.035498	-0.017260	-2.570000
53	-0.584848	-0.147193	0.120466	-2.570000
54	-0.594664	0.086142	0.131070	-2.570000
55	-0.530774	0.007006	-0.310572	-2.570000
56	-0.613140	0.047344	0.006597	-2.570000
57	-0.604577	-0.088077	0.070388	-2.570000
58	-0.614243	0.024757	-0.017819	-2.570000
59	-0.595432	0.114214	0.103157	-2.570000
60	-0.585940	0.136868	0.127148	-2.570000
61	-0.612353	0.001833	0.056969	-2.570000
62	-0.589158	-0.173160	0.033671	-2.570000
63	-0.574976	-0.199006	-0.089579	-2.570000
64	-0.549560	-0.023965	-0.275017	-2.570000
65	-0.613007	-0.040449	-0.028481	-2.570000
66	-0.611037	-0.044244	0.053868	-2.570000
67	-0.611628	0.058303	0.027147	-2.570000
68	-0.611151	0.055993	-0.039808	-2.570000
69	-0.591443	0.123215	0.115056	-2.570000
70	-0.611826	0.004005	-0.062278	-2.570000
71	-0.599504	0.034191	-0.132857	-2.570000
72	-0.476438	0.063404	-0.383682	-2.570000
73	-0.567301	0.232944	-0.046165	-2.570000
74	-0.552091	0.190871	0.192324	-2.570000
75	-0.551819	0.015169	0.271092	-2.570000
76	-0.601985	-0.119032	0.040869	-2.570000
77	-0.573769	-0.145679	0.166709	-2.570000
78	-0.574255	0.207437	0.073665	-2.570000
79	-0.611233	-0.044903	0.051016	-2.570000
80	-0.594190	0.157742	0.016760	-2.570000
81	-0.519501	0.158943	0.288238	-2.570000
82	-0.567639	0.145534	-0.186632	-2.570000
83	-0.524484	0.193651	0.256204	-2.570000
84	-0.603365	-0.068156	-0.097626	-2.570000
85	-0.606817	-0.085421	0.051973	-2.570000
86	-0.600941	0.016537	0.129699	-2.570000
87	-0.613552	0.020163	0.037043	-2.570000
88	-0.565360	0.196686	0.141093	-2.570000
89	-0.586884	-0.006188	0.183721	-2.570000
90	-0.539240	0.196089	0.221347	-2.570000
91	-0.539407	0.265908	-0.128676	-2.570000
92	-0.605361	-0.083885	0.068748	-2.570000
93	-0.612844	-0.002230	0.051404	-2.570000
94	-0.600482	-0.119859	0.057271	-2.570000
95	-0.612321	-0.019522	0.053914	-2.570000
96	-0.571261	-0.227778	-0.001636	-2.570000
97	-0.563282	-0.096105	0.227380	-2.570000
98	-0.582916	0.078223	0.179765	-2.570000
99	-0.614007	-0.023287	-0.026032	-2.570000
100	-0.590794	0.125283	-0.116156	-2.570000
101	-0.611527	-0.060984	0.023252	-2.570000
102	-0.573002	-0.011048	-0.223096	-2.570000
103	-0.607510	-0.020683	-0.093425	-2.570000
104	-0.608075	0.087991	-0.026970	-2.570000
105	-0.614168	0.025644	0.019116	-2.570000
106	-0.612473	-0.052492	-0.018624	-2.570000
107	-0.614502	-0.024083	0.005647	-2.570000
108	-0.610159	-0.042178	0.064435	-2.570000
109	-0.584989	-0.133554	0.134820	-2.570000
110	-0.599637	0.133016	-0.031099	-2.570000
111	-0.612949	-0.041003	-0.028938	-2.570000
112	-0.603973	-0.109983	0.036684	-2.570000
113	-0.565095	-0.222442	0.097018	-2.570000
114	-0.557337	-0.094812	-0.242098	-2.570000
115	-0.584207	-0.184024	0.055336	-2.570000
116	-0.606997	-0.021462	0.096536	-2.570000
117	-0.614532	-0.006017	-0.023221	-2.570000
118	-0.573068	-0.215215	-0.059161	-2.570000
119	-0.564307	-0.185092	-0.159761	-2.570000
120	-0.608858	-0.077173	-0.039509	-2.570000
121	-0.601223	-0.121275	0.045265	-2.570000
122	-0.607709	0.065939	-0.067577	-2.570000
123	-0.607824	0.089298	-0.028308	-2.570000
124	-0.589455	-0.059657	-0.164950	-2.570000
125	-0.487050	0.118480	-0.356328	-2.570000
126	-0.594238	-0.018338	0.157384	-2.570000
127	-0.468528	0.101951	-0.385114	-2.570000
128	-0.511820	0.124716	-0.317350	-2.570000
129	-0.614848	0.000040	-0.013672	-2.570000
130	-0.589762	0.128157	-0.118242	-2.570000
131	-0.603300	-0.118611	0.013613	-2.570000
132	-0.571991	0.216094	0.065989	-2.570000
133	-0.598992	-0.134408	-0.036992	-2.570000
134	-0.594004	-0.079565	0.138034	-2.570000
135	-0.591052	0.169296	-0.014875	-2.570000
136	-0.577698	-0.058896	0.202538	-2.570000
137	-0.607587	-0.051766	-0.079893	-2.570000
138	-0.573088	-0.157987	0.157593	-2.570000
139	-0.593045	-0.143097	-0.077757	-2.570000
140	-0.603489	-0.106008	0.052806	-2.570000
141	-0.570505	0.205653	0.102252	-2.570000
142	-0.600931	0.115577	0.061233	-2.570000
143	-0.601868	-0.124709	0.020682	-2.570000
144	-0.574816	-0.114957	0.186002	-2.570000
145	-0.537028	-0.281044	-0.104119	-2.570000
146	-0.592654	-0.069210	0.148983	-2.570000
147	-0.598782	-0.005716	-0.140187	-2.570000
148	-0.608411	-0.086057	-0.025589	-2.570000
149	-0.614553	0.002702	-0.023280	-2.570000
150	-0.610200	0.047764	-0.059996	-2.570000
151	-0.607092	0.024613	-0.095175	-2.570000
152	-0.610951	-0.033623	-0.061910	-2.570000
153	-0.543044	0.257141	-0.131175	-2.570000
154	-0.534329	0.304328	0.010091	-2.570000
155	-0.563814	0.175110	0.172265	-2.570000
156	-0.595791	0.069437	0.135782	-2.570000
157	-0.598193	-0.100818	-0.101126	-2.570000
158	-0.589690	0.053133	-0.166335	-2.570000
159	-0.561244	0.239431	0.076832	-2.570000
160	-0.597945	0.087067	0.114482	-2.570000
161	-0.524643	-0.011419	0.320694	-2.570000
162	-0.609112	-0.084885	-0.001525	-2.570000
163	-0.612694	-0.047273	-0.024422	-2.570000
164	-0.545051	-0.283950	-0.022737	-2.570000
165	-0.570398	-0.116156	0.198442	-2.570000
166	-0.610610	-0.006258	-0.073088	-2.570000
167	-0.593916	-0.156410	-0.032012	-2.570000
168	-0.606631	-0.012527	0.100331	-2.570000
169	-0.574053	-0.193002	-0.106949	-2.570000
170	-0.568245	0.195713	-0.130458	-2.570000
171	-0.612201	0.003002	0.058532	-2.570000
172	-0.554478	0.020588	-0.265245	-2.570000
173	-0.600099	-0.134101	0.011076	-2.570000
174	-0.611678	-0.031886	0.055300	-2.570000
175	-0.596941	-0.106075	-0.103121	-2.570000
176	-0.599536	-0.025727	-0.134610	-2.570000
177	-0.598964	-0.014634	0.138756	-2.570000
178	-0.601042	0.079343	-0.103336	-2.570000
179	-0.609567	-0.081427	0.004829	-2.570000
180	-0.614127	-0.016301	0.028419	-2.570000
181	-0.614342	-0.028052	-0.004648	-2.570000
182	-0.584062	0.144412	-0.127442	-2.570000
183	-0.602203	0.014227	0.123993	-2.570000
184	-0.613725	-0.039491	0.002684	-2.570000
185	-0.565138	-0.121731	0.209822	-2.570000
186	-0.576563	0.100148	-0.189130	-2.570000
187	-0.599018	0.138450	0.015307	-2.570000
188	-0.547370	0.065787	0.272550	-2.570000
189	-0.585913	-0.074724	0.171310	-2.570000
190	-0.597945	0.116907	-0.083786	-2.570000
191	-0.605315	0.071777	-0.081653	-2.570000
192	-0.597943	0.100714	0.102695	-2.570000
193	-0.577566	-0.073278	-0.198174	-2.570000
194	-0.543515	0.246309	0.148825	-2.570000
195	-0.566891	-0.005789	0.238382	-2.570000
196	-0.523292	0.033874	0.321315	-2.570000
197	-0.529587	0.146679	0.276131	-2.570000
198	-0.612786	0.026601	-0.044840	-2.570000
199	-0.574348	0.187168	-0.115400	-2.570000
200	-0.608205	-0.003208	0.091111	-2.570000
201	-0.553137	-0.042955	-0.265367	-2.570000
202	-0.594099	0.019680	0.157748	-2.570000
203	-0.603295	0.014553	-0.118526	-2.570000
204	-0.611413	0.016886	0.064138	-2.570000
205	-0.581679	0.181770	-0.082667	-2.570000
206	-0.603930	-0.038462	0.109612	-2.570000
207	-0.576530	-0.048870	-0.208446	-2.570000
208	-0.614157	0.003657	0.031988	-2.570000
209	-0.613203	-0.040818	0.023269	-2.570000
210	-0.592288	-0.083422	-0.143042	-2.570000
211	-0.598235	0.095618	-0.105818	-2.570000
212	-0.608532	0.088908	-0.003074	-2.570000
213	-0.590710	0.028213	0.168793	-2.570000
214	-0.486091	-0.376626	-0.009670	-2.570000
215	-0.598005	-0.134340	-0.050673	-2.570000
216	-0.566769	-0.085234	-0.223009	-2.570000
217	-0.593199	-0.146630	-0.069570	-2.570000
218	-0.610895	0.000442	0.070934	-2.570000
219	-0.613939	-0.023221	-0.027656	-2.570000
220	-0.583231	-0.079576	-0.178141	-2.570000
221	-0.592350	0.029863	-0.162650	-2.570000
222	-0.607793	-0.063928	-0.068748	-2.570000
223	-0.612986	0.047250	0.015526	-2.570000
224	-0.598837	0.123590	-0.065912	-2.570000
225	-0.608254	0.090830	0.001433	-2.570000
226	-0.602791	-0.081554	-0.090651	-2.570000
227	-0.612579	-0.047047	0.027531	-2.570000
228	-0.596858	-0.147837	0.011392	-2.570000
229	-0.568563	0.047445	-0.229587	-2.570000
230	-0.609113	-0.010682	0.084218	-2.570000
231	-0.612094	-0.036618	-0.047174	-2.570000
232	-0.580713	-0.202436	-0.004158	-2.570000
233	-0.589348	0.152959	-0.086587	-2.570000
234	-0.593667	-0.160230	0.010544	-2.570000
235	-0.610757	0.003189	0.072050	-2.570000
236	-0.594186	-0.124169	-0.098744	-2.570000
237	-0.580155	-0.196129	0.056379	-2.570000
238	-0.562604	-0.195338	-0.153442	-2.570000
239	-0.594638	-0.080588	0.134672	-2.570000
240	-0.506037	0.191510	0.292361	-2.570000
241	-0.607817	0.010641	-0.093113	-2.570000
242	-0.606864	0.043412	0.089758	-2.570000
243	-0.610246	-0.076135	0.005268	-2.570000
244	-0.608017	-0.061956	0.068568	-2.570000
245	-0.597552	0.091431	-0.113122	-2.570000
246	-0.602218	0.122277	-0.024644	-2.570000
247	-0.596943	0.049047	-0.139567	-2.570000
248	-0.587142	0.177028	0.046371	-2.570000
249	-0.551453	0.242210	0.124334	-2.570000
250	-0.577076	-0.011090	0.212334	-2.570000
251	-0.553030	0.260395	0.067659	-2.570000
252	-0.605737	-0.006838	-0.106117	-2.570000
253	-0.611619	0.056652	0.030624	-2.570000
254	-0.548430	0.263698	0.088956	-2.570000
255	-0.607251	0.089771	0.037589	-2.570000
256	-0.607468	-0.063499	0.071939	-2.570000
257	-0.553124	0.113713	0.243614	-2.570000
258	-0.612119	0.031074	0.050693	-2.570000
259	-0.599325	-0.092673	-0.102209	-2.570000
260	-0.610023	0.031970	-0.071235	-2.570000
261	-0.611287	-0.066914	0.008668	-2.570000
262	-0.604138	0.114830	0.007479	-2.570000
263	-0.611851	-0.062143	-0.001340	-2.570000
264	-0.609933	0.077463	-0.014338	-2.570000
265	-0.609498	-0.072449	0.038580	-2.570000
266	-0.609113	-0.083110	0.017291	-2.570000
267	-0.574416	0.174685	0.133251	-2.570000
268	-0.614062	-0.032342	0.010356	-2.570000
269	-0.582455	0.016485	0.196723	-2.570000
270	-0.596844	-0.123117	0.082730	-2.570000
271	-0.604491	-0.086435	0.073109	-2.570000
272	-0.611346	0.027744	0.060920	-2.570000
273	-0.549079	-0.042135	0.273792	-2.570000
274	-0.603103	0.078429	0.091330	-2.570000
275	-0.578891	0.113076	-0.174139	-2.570000
276	-0.549798	-0.275549	-0.004423	-2.570000
277	-0.577872	0.066310	-0.199731	-2.570000
278	-0.612693	-0.028473	-0.044967	-2.570000
279	-0.602823	-0.046146	0.112693	-2.570000
280	-0.606093	0.099125	0.032408	-2.570000
281	-0.587062	0.155092	0.097620	-2.570000
282	-0.573436	-0.008035	0.222107	-2.570000
283	-0.610716	0.056130	-0.045826	-2.570000
284	-0.601703	0.127034	0.006381	-2.570000
285	-0.610800	-0.071335	0.007736	-2.570000
286	-0.600732	0.103997	-0.080811	-2.570000
287	-0.599030	0.062460	0.124445	-2.570000
288	-0.610910	-0.017307	-0.068662	-2.570000
289	-0.607720	-0.089027	0.031245	-2.570000
290	-0.603278	-0.115565	0.030413	-2.570000
291	-0.586993	0.100240	0.153676	-2.570000
292	-0.610390	0.022247	0.071793	-2.570000
293	-0.592421	0.097612	0.133170	-2.570000
294	-0.601553	0.056822	0.114587	-2.570000
295	-0.553544	0.157920	-0.216507	-2.570000
296	-0.611287	0.061787	0.027123	-2.570000
297	-0.587161	0.120584	0.137575	-2.570000
298	-0.612465	-0.052555	-0.018692	-2.570000
299	-0.598857	0.130719	0.050079	-2.570000
300	-0.607826	0.086539	0.035833	-2.570000
301	-0.590229	-0.056999	0.163114	-2.570000
302	-0.603437	0.098944	0.065569	-2.570000
303	-0.587058	0.146127	0.110612	-2.570000
304	-0.613813	0.025202	0.028689	-2.570000
305	-0.600365	0.131824	0.020229	-2.570000
306	-0.587138	0.080662	0.164280	-2.570000
307	-0.593205	0.161978	-0.009784	-2.570000
308	-0.591352	-0.154717	-0.067750	-2.570000
309	-0.600656	-0.106670	-0.077838	-2.570000
310	-0.597499	-0.112825	-0.092144	-2.570000
311	-0.604454	-0.087526	0.072111	-2.570000
312	-0.586798	-0.000945	-0.184099	-2.570000
313	-0.572875	-0.223252	-0.014061	-2.570000
314	-0.570982	-0.151436	0.171091	-2.570000
315	-0.562517	-0.022139	-0.247608	-2.570000
316	-0.609265	0.076595	-0.033984	-2.570000
317	-0.612763	-0.042405	-0.030798	-2.570000
318	-0.581604	0.061596	-0.190179	-2.570000
319	-0.612001	-0.036309	-0.048592	-2.570000
320	-0.583778	-0.170984	-0.090512	-2.570000
321	-0.611230	-0.045998	0.050066	-2.570000
322	-0.571819	-0.141662	-0.176578	-2.570000
323	-0.539093	-0.205636	-0.212878	-2.570000
324	-0.569037	-0.232632	0.017425	-2.570000
325	-0.612403	0.042886	0.036721	-2.570000
326	-0.582846	-0.087822	0.175508	-2.570000
327	-0.607566	-0.056667	0.076663	-2.570000
328	-0.576921	0.066584	-0.202371	-2.570000
329	-0.581050	0.117958	-0.163376	-2.570000
330	-0.612512	-0.033398	0.044028	-2.570000
331	-0.590204	-0.095605	-0.144029	-2.570000
332	-0.578523	-0.090320	-0.188092	-2.570000
333	-0.614036	-0.033244	-0.008934	-2.570000
334	-0.614400	-0.010961	-0.024843	-2.570000
335	-0.577061	0.004792	-0.212608	-2.570000
336	-0.555448	0.251866	-0.079161	-2.570000
337	-0.607860	-0.087654	0.032368	-2.570000
338	-0.585794	-0.088169	0.165217	-2.570000
339	-0.609377	0.081130	0.017397	-2.570000
340	-0.583100	-0.165305	-0.104374	-2.570000
341	-0.613768	0.037528	-0.010286	-2.570000
342	-0.590566	-0.165235	0.046410	-2.570000
343	-0.599346	-0.135486	-0.025557	-2.570000
344	-0.594258	-0.127956	0.093324	-2.570000
345	-0.593669	0.157251	-0.032473	-2.570000
346	-0.597670	0.143888	-0.017673	-2.570000
347	-0.610624	-0.029918	0.066843	-2.570000
348	-0.605430	0.037591	0.101322	-2.570000
349	-0.605732	-0.101631	-0.031376	-2.570000
350	-0.605931	-0.037149	0.098452	-2.570000
351	-0.596059	0.023456	0.149627	-2.570000
352	-0.588846	0.133637	-0.116733	-2.570000
353	-0.574148	0.200164	0.092269	-2.570000
354	-0.595162	0.120478	0.097430	-2.570000
355	-0.587639	0.129651	-0.126871	-2.570000
356	-0.599754	-0.130798	0.037568	-2.570000
357	-0.556956	-0.054268	0.255107	-2.570000
358	-0.614679	-0.018703	0.006692	-2.570000
359	-0.559832	0.232859	0.102907	-2.570000
360	-0.613920	0.036262	0.003497	-2.570000
361	-0.606525	0.044256	0.091621	-2.570000
362	-0.608180	0.019505	-0.089227	-2.570000
363	-0.607345	0.085292	-0.045626	-2.570000
364	-0.605083	0.109460	0.010865	-2.570000
365	-0.536343	0.300761	-0.010197	-2.570000
366	-0.470455	0.396097	-0.002011	-2.570000
367	-0.599348	0.133989	-0.032459	-2.570000
368	-0.593699	0.096192	0.128426	-2.570000
369	-0.610148	0.074029	-0.021531	-2.570000
370	-0.605748	-0.092705	-0.051967	-2.570000
371	-0.593088	0.069233	0.147236	-2.570000
372	-0.610276	0.056480	0.050974	-2.570000
373	-0.593615	-0.132223	-0.091451	-2.570000
374	-0.601538	0.105762	0.072054	-2.570000
375	-0.585595	-0.073356	0.172981	-2.570000
376	-0.595155	-0.040373	0.149617	-2.570000
377	-0.613226	0.043966	-0.015697	-2.570000
378	-0.593870	-0.158645	0.019365	-2.570000
379	-0.587129	-0.181187	-0.026000	-2.570000
380	-0.599784	-0.016149	0.134995	-2.570000
381	-0.601163	-0.104973	-0.076219	-2.570000
382	-0.592855	0.031427	0.160500	-2.570000
383	-0.587023	0.166531	0.076791	-2.570000
384	-0.579855	0.189165	0.078801	-2.570000
385	-0.611952	0.059792	0.012847	-2.570000
386	-0.606403	0.081671	0.061885	-2.570000
387	-0.602470	0.086017	0.088634	-2.570000
388	-0.614767	0.016909	0.000237	-2.570000
389	-0.607718	-0.070888	0.062281	-2.570000
390	-0.583859	0.135130	0.138105	-2.570000
391	-0.585080	0.182766	-0.050030	-2.570000
392	-0.592147	0.166077	-0.002388	-2.570000
393	-0.604535	0.019793	0.111222	-2.570000
394	-0.546893	0.203670	0.194040	-2.570000
395	-0.614982	0.000940	-0.004672	-2.570000
396	-0.610817	0.047459	-0.053619	-2.570000
397	-0.610677	0.072338	0.008102	-2.570000
398	-0.604164	0.109029	0.036385	-2.570000
399	-0.580002	0.179833	0.097376	-2.570000
400	-0.609072	0.012670	-0.084236	-2.570000
401	-0.526837	0.069656	0.309541	-2.570000
402	-0.577944	0.115125	0.175931	-2.570000
403	-0.548923	0.039944	-0.274433	-2.570000
404	-0.610718	0.016887	-0.070453	-2.570000
405	-0.603604	0.059896	-0.101487	-2.570000
406	-0.587579	0.142102	0.113063	-2.570000
407	-0.602860	-0.094563	0.076436	-2.570000
408	-0.596698	0.144214	0.037138	-2.570000
409	-0.599870	0.134779	0.014689	-2.570000
410	-0.611669	-0.008598	0.063343	-2.570000
411	-0.560849	0.133956	0.213845	-2.570000
412	-0.581283	-0.200477	0.011995	-2.570000
413	-0.599248	-0.099885	-0.095656	-2.570000
414	-0.514306	-0.171846	-0.290143	-2.570000
415	-0.591861	0.143240	-0.086067	-2.570000
416	-0.599167	0.091660	-0.104033	-2.570000
417	-0.602519	-0.075544	-0.097411	-2.570000
418	-0.600936	0.007144	-0.130577	-2.570000
419	-0.606765	-0.056192	-0.083090	-2.570000
420	-0.604727	-0.011029	-0.111393	-2.570000
421	-0.556981	-0.256237	0.048364	-2.570000
422	-0.544731	0.090506	-0.270743	-2.570000
423	-0.552755	0.150875	-0.223436	-2.570000
424	-0.479885	-0.377431	-0.074031	-2.570000
425	-0.613418	0.035321	0.026373	-2.570000
426	-0.597476	-0.090253	0.114461	-2.570000
427	-0.527077	-0.303943	0.089631	-2.570000
428	-0.608832	0.052115	-0.069520	-2.570000
429	-0.582893	-0.186316	-0.061214	-2.570000
430	-0.586603	0.159719	0.092799	-2.570000
431	-0.595895	-0.075174	-0.132226	-2.570000
432	-0.596539	-0.024753	-0.147489	-2.570000
433	-0.601103	-0.048196	-0.120738	-2.570000
434	-0.441915	0.197616	-0.379320	-2.570000
435	-0.583367	-0.147406	0.127201	-2.570000
436	-0.592734	-0.163434	0.013449	-2.570000
437	-0.609958	-0.078385	0.005650	-2.570000
438	-0.579938	0.035566	-0.201574	-2.570000
439	-0.595516	-0.152525	-0.017933	-2.570000
440	-0.560116	-0.232389	-0.102419	-2.570000
441	-0.551190	0.096255	-0.255244	-2.570000
442	-0.611023	-0.058651	0.037891	-2.570000
443	-0.610620	-0.069996	0.021662	-2.570000
444	-0.607995	-0.070401	0.060089	-2.570000
445	-0.587930	-0.179104	0.022025	-2.570000
446	-0.590390	0.157940	-0.068697	-2.570000
447	-0.612485	-0.052861	-0.017125	-2.570000
448	-0.583510	-0.112311	-0.158517	-2.570000
449	-0.567618	-0.219152	-0.089480	-2.570000
450	-0.614644	-0.008633	0.019049	-2.570000
451	-0.574273	0.202475	-0.086255	-2.570000
452	-0.613841	0.011394	-0.035978	-2.570000
453	-0.599760	0.008946	0.135767	-2.570000
454	-0.603173	0.118611	0.018391	-2.570000
455	-0.602323	0.013625	0.123476	-2.570000
456	-0.614247	-0.000242	0.030427	-2.570000
457	-0.602326	-0.067746	0.104108	-2.570000
458	-0.603434	-0.031201	0.114539	-2.570000
459	-0.580365	-0.168818	0.113587	-2.570000
460	-0.610017	0.075257	0.020998	-2.570000
461	-0.478388	0.285974	0.259979	-2.570000
462	-0.580540	0.201403	-0.025194	-2.570000
463	-0.553591	0.215790	0.158733	-2.570000
464	-0.596826	0.097577	-0.111817	-2.570000
465	-0.590334	-0.007609	-0.172259	-2.570000
466	-0.606425	0.072924	0.071803	-2.570000
467	-0.612366	-0.043857	-0.036180	-2.570000
468	-0.610700	0.017265	0.070519	-2.570000
469	-0.611409	-0.019506	-0.063427	-2.570000
470	-0.607091	0.093040	0.031761	-2.570000
471	-0.591468	-0.010313	-0.168179	-2.570000
472	-0.609772	0.079300	-0.010721	-2.570000
473	-0.604052	-0.114956	-0.011434	-2.570000
474	-0.574637	0.214299	-0.045754	-2.570000
475	-0.555607	0.041669	-0.260364	-2.570000
476	-0.582266	0.197150	0.017970	-2.570000
477	-0.581558	0.192962	-0.052739	-2.570000
478	-0.561910	-0.011159	0.249714	-2.570000
479	-0.544129	0.260263	0.120050	-2.570000
480	-0.614253	-0.023732	0.018846	-2.570000
481	-0.606641	0.050709	0.087409	-2.570000
482	-0.607908	-0.030868	0.087864	-2.570000
483	-0.603774	0.045101	0.107923	-2.570000
484	-0.600475	-0.057214	-0.119920	-2.570000
485	-0.519384	0.200291	0.261437	-2.570000
486	-0.580417	0.129969	0.156361	-2.570000
487	-0.606371	0.013279	-0.101799	-2.570000
488	-0.554089	0.141399	0.226312	-2.570000
489	-0.592787	-0.084610	-0.140251	-2.570000
490	-0.591871	-0.055730	-0.157506	-2.570000
491	-0.613064	0.006805	0.048287	-2.570000
492	-0.606416	0.071703	-0.073099	-2.570000
493	-0.604546	0.105575	0.040031	-2.570000
494	-0.549017	0.114024	0.252595	-2.570000
495	-0.570854	0.182133	0.138487	-2.570000
496	-0.547700	0.276146	-0.044640	-2.570000
497	-0.592872	-0.052106	-0.154959	-2.570000
498	-0.612320	-0.056341	0.010747	-2.570000
499	-0.606937	0.076457	-0.063300	-2.570000
500	-0.602105	0.125115	0.006387	-2.570000
501	-0.606993	-0.069919	0.069974	-2.570000
502	-0.589189	0.092394	0.150151	-2.570000
503	-0.608067	0.092003	0.003825	-2.570000
504	-0.596331	0.117749	-0.093538	-2.570000
505	-0.592523	0.147653	-0.073077	-2.570000
506	-0.483433	-0.175326	0.337310	-2.570000
507	-0.569125	0.087891	-0.215864	-2.570000
508	-0.605418	0.097946	-0.045836	-2.570000
509	-0.588835	0.141766	0.106773	-2.570000
510	-0.609167	-0.072622	0.043202	-2.570000
511	-0.523303	0.280949	0.159522	-2.570000
512	-0.596895	0.099352	-0.109865	-2.570000
513	-0.612240	-0.057818	0.006677	-2.570000
514	-0.613935	0.032095	0.016713	-2.570000
515	-0.564997	0.242627	0.011629	-2.570000
516	-0.569936	-0.154247	0.172062	-2.570000
517	-0.608629	-0.047923	0.074156	-2.570000
518	-0.612366	0.044681	0.035156	-2.570000
519	-0.595069	-0.130050	0.084883	-2.570000
520	-0.608166	-0.044527	-0.079854	-2.570000
521	-0.602258	-0.046186	-0.115658	-2.570000
522	-0.602172	0.118884	-0.038481	-2.570000
523	-0.592579	0.088235	-0.138888	-2.570000
524	-0.548687	0.113480	-0.253554	-2.570000
525	-0.610172	-0.074128	0.020494	-2.570000
526	-0.596924	0.002737	0.147983	-2.570000
527	-0.606069	-0.073862	0.073822	-2.570000
528	-0.608824	-0.085917	-0.013270	-2.570000
529	-0.597931	-0.063823	-0.128957	-2.570000
530	-0.588315	-0.158271	-0.084030	-2.570000
531	-0.603278	-0.103213	0.060231	-2.570000
532	-0.593796	-0.083286	-0.136728	-2.570000
533	-0.602661	0.073029	-0.098443	-2.570000
534	-0.611936	-0.028720	0.054167	-2.570000
535	-0.590088	0.033580	-0.169982	-2.570000
536	-0.584804	-0.100501	-0.161644	-2.570000
537	-0.606623	0.062693	0.079389	-2.570000
538	-0.599577	-0.007299	-0.136672	-2.570000
539	-0.608764	0.047623	-0.073236	-2.570000
540	-0.546817	-0.281424	-0.004087	-2.570000
541	-0.581210	-0.176812	-0.095693	-2.570000
542	-0.592400	0.090303	-0.138322	-2.570000
543	-0.570858	-0.190153	0.127234	-2.570000
544	-0.586271	-0.134726	-0.127906	-2.570000
545	-0.577847	-0.109169	-0.179999	-2.570000
546	-0.612257	0.052125	0.025485	-2.570000
547	-0.598905	-0.122379	0.067537	-2.570000
548	-0.570895	-0.105051	-0.203146	-2.570000
549	-0.577975	0.006329	-0.210070	-2.570000
550	-0.612779	-0.037103	-0.036738	-2.570000
551	-0.614230	-0.025896	0.016617	-2.570000
552	-0.614931	-0.001074	-0.009129	-2.570000
553	-0.599544	-0.104277	-0.088873	-2.570000
554	-0.613724	-0.039027	-0.006708	-2.570000
555	-0.581603	-0.180408	-0.086114	-2.570000
556	-0.518868	-0.065596	-0.323571	-2.570000
557	-0.605599	0.103433	-0.027854	-2.570000
558	-0.594094	-0.111526	-0.113313	-2.570000
559	-0.607776	-0.079912	0.049467	-2.570000
560	-0.590095	-0.114507	0.130004	-2.570000
561	-0.609117	0.060773	-0.059226	-2.570000
562	-0.613127	0.005950	0.047596	-2.570000
563	-0.608437	-0.013105	-0.088642	-2.570000
564	-0.599469	-0.131003	0.041239	-2.570000
565	-0.602371	-0.094550	0.080219	-2.570000
566	-0.614916	-0.001688	0.010031	-2.570000
567	-0.568699	0.232352	0.028629	-2.570000
568	-0.573747	0.220470	0.020793	-2.570000
569	-0.573359	-0.206460	-0.082815	-2.570000
570	-0.600098	-0.092761	0.097485	-2.570000
571	-0.614662	-0.001238	0.020353	-2.570000
572	-0.538972	0.267860	0.126432	-2.570000
573	-0.574436	0.113945	0.187789	-2.570000
574	-0.552764	0.162223	0.215316	-2.570000
575	-0.593809	0.085334	0.135402	-2.570000
576	-0.610123	-0.009919	0.076661	-2.570000
577	-0.591974	0.144120	0.083792	-2.570000
578	-0.590622	0.171430	0.001619	-2.570000
579	-0.605229	0.108757	-0.009741	-2.570000
580	-0.556876	0.105027	0.238920	-2.570000
581	-0.612671	0.043447	0.031166	-2.570000
582	-0.597118	0.146171	0.017576	-2.570000
583	-0.607138	-0.088532	-0.042080	-2.570000
584	-0.595260	-0.152568	-0.024765	-2.570000
585	-0.607100	0.057157	-0.079924	-2.570000
586	-0.592135	0.143861	-0.083098	-2.570000
587	-0.568137	0.220119	0.083625	-2.570000
588	-0.607085	0.021760	-0.095911	-2.570000
589	-0.606817	-0.013301	0.099100	-2.570000
590	-0.612585	0.054353	-0.003282	-2.570000
591	-0.586897	0.183750	-0.003642	-2.570000
592	-0.589330	-0.152665	0.087224	-2.570000
593	-0.613059	-0.048533	-0.005275	-2.570000
594	-0.597101	-0.137766	0.052112	-2.570000
595	-0.599017	0.083380	0.111587	-2.570000
596	-0.605809	-0.094978	0.046903	-2.570000
597	-0.601993	0.118120	0.043319	-2.570000
598	-0.573700	0.220318	0.023534	-2.570000
599	-0.594216	0.131878	0.087982	-2.570000
600	-0.608261	-0.048685	0.076641	-2.570000
601	-0.612410	-0.037759	0.041871	-2.570000
602	-0.607031	0.097634	0.014354	-2.570000
603	-0.552982	0.266207	0.039613	-2.570000
604	-0.599343	0.082691	0.110344	-2.570000
605	-0.588045	0.172233	-0.052574	-2.570000
606	-0.609096	0.081141	0.025363	-2.570000
607	-0.596493	0.142083	0.047257	-2.570000
608	-0.614669	0.014217	-0.014306	-2.570000
609	-0.579673	0.142003	-0.148458	-2.570000
610	-0.560295	0.207366	0.145925	-2.570000
611	-0.587370	0.178660	0.036081	-2.570000
612	-0.551098	0.171204	-0.212614	-2.570000
613	-0.613561	0.041845	0.004167	-2.570000
614	-0.581751	0.152560	0.128515	-2.570000
615	-0.592836	0.044906	-0.157333	-2.570000
616	-0.604363	0.109439	0.031520	-2.570000
617	-0.612026	0.002685	0.060353	-2.570000
618	-0.602116	-0.058880	-0.110518	-2.570000
619	-0.592210	0.117031	-0.117544	-2.570000
620	-0.598260	-0.141735	-0.014873	-2.570000
621	-0.610160	0.049798	-0.058741	-2.570000
622	-0.603929	0.068418	0.093884	-2.570000
623	-0.607747	-0.045206	-0.082610	-2.570000
624	-0.563678	-0.029047	0.244230	-2.570000
625	-0.593114	0.001836	0.162596	-2.570000
626	-0.598778	-0.050757	-0.130819	-2.570000
627	-0.578960	0.201309	-0.050052	-2.570000
628	-0.614468	-0.003265	-0.025362	-2.570000
629	-0.613513	0.036073	0.022919	-2.570000
630	-0.613124	0.011245	-0.046670	-2.570000
631	-0.537717	0.004675	0.298435	-2.570000
632	-0.595244	0.104345	0.114112	-2.570000
633	-0.614181	-0.029410	-0.011918	-2.570000
634	-0.604479	-0.098274	0.056319	-2.570000
635	-0.614640	0.015555	-0.014151	-2.570000
636	-0.588453	-0.127586	-0.125182	-2.570000
637	-0.582995	-0.176998	-0.083749	-2.570000
638	-0.607760	-0.087803	0.033815	-2.570000
639	-0.514866	-0.334317	0.037013	-2.570000
640	-0.609536	0.036514	0.073193	-2.570000
641	-0.584945	-0.139555	-0.128797	-2.570000
642	-0.609162	-0.060677	-0.058865	-2.570000
643	-0.584326	-0.100595	0.163305	-2.570000
644	-0.540389	-0.272661	0.108906	-2.570000
645	-0.555643	0.127693	-0.230608	-2.570000
646	-0.581444	0.101584	-0.172709	-2.570000
647	-0.566681	0.048988	-0.233877	-2.570000
648	-0.610198	0.059075	-0.048927	-2.570000
649	-0.600649	-0.131914	-0.006620	-2.570000
650	-0.603415	-0.104462	0.056593	-2.570000
651	-0.614291	0.028441	0.007952	-2.570000
652	-0.461374	-0.389876	0.115565	-2.570000
653	-0.551686	-0.211277	-0.170966	-2.570000
654	-0.593261	0.088645	-0.135677	-2.570000
655	-0.604725	0.097038	0.055818	-2.570000
656	-0.594021	0.059501	-0.147728	-2.570000
657	-0.611544	0.058292	-0.029007	-2.570000
658	-0.612794	-0.049943	0.014640	-2.570000
659	-0.594278	0.094125	0.127277	-2.570000
660	-0.597886	0.124761	-0.072059	-2.570000
661	-0.589426	0.094386	-0.147963	-2.570000
662	-0.583929	-0.153789	-0.116623	-2.570000
663	-0.519915	-0.299849	0.134181	-2.570000
664	-0.609351	-0.032204	0.076675	-2.570000
665	-0.598180	0.092656	0.108721	-2.570000
666	-0.562164	0.101976	-0.227590	-2.570000
667	-0.502369	0.354628	-0.009465	-2.570000
668	-0.601873	0.125156	-0.017614	-2.570000
669	-0.606076	0.083218	-0.063016	-2.570000
670	-0.573214	0.201070	0.096027	-2.570000
671	-0.599473	-0.137256	0.004294	-2.570000
672	-0.592989	0.153584	-0.054777	-2.570000
673	-0.604373	-0.091909	0.067162	-2.570000
674	-0.519082	0.050499	0.325927	-2.570000
675	-0.587349	0.171857	-0.060920	-2.570000
676	-0.608303	0.060832	0.067022	-2.570000
677	-0.606947	-0.082522	0.055055	-2.570000
678	-0.590046	-0.034237	0.169996	-2.570000
679	-0.586532	-0.105604	0.151831	-2.570000
680	-0.573013	0.157287	-0.158563	-2.570000
681	-0.556729	0.201889	0.165887	-2.570000
682	-0.597712	0.144793	-0.000695	-2.570000
683	-0.541460	0.245186	-0.157892	-2.570000
684	-0.562100	0.131676	-0.211968	-2.570000
685	-0.595007	-0.084799	-0.130385	-2.570000
686	-0.597932	-0.043420	0.137176	-2.570000
687	-0.590527	-0.042566	-0.166406	-2.570000
688	-0.609692	0.055385	-0.058591	-2.570000
689	-0.565009	0.179554	0.163554	-2.570000
690	-0.604650	0.108186	-0.030313	-2.570000
691	-0.610273	0.022630	0.072663	-2.570000
692	-0.597941	0.142093	0.022393	-2.570000
693	-0.582017	-0.179944	-0.084268	-2.570000
694	-0.583062	0.189359	0.049058	-2.570000
695	-0.609520	-0.065839	-0.048744	-2.570000
696	-0.608891	0.077586	-0.038181	-2.570000
697	-0.614803	0.008206	0.013219	-2.570000
698	-0.552247	0.035946	0.268246	-2.570000
699	-0.590924	0.070323	0.155206	-2.570000
700	-0.606197	-0.095991	0.039196	-2.570000
701	-0.613170	-0.008658	0.046608	-2.570000
702	-0.582045	-0.144464	0.136302	-2.570000
703	-0.599865	-0.050264	-0.125939	-2.570000
704	-0.588542	-0.002133	0.178434	-2.570000
705	-0.606973	0.011231	-0.098401	-2.570000
706	-0.601398	0.128508	0.005592	-2.570000
707	-0.545044	0.280914	0.047322	-2.570000
708	-0.577029	0.178959	0.115047	-2.570000
709	-0.568287	0.223528	0.072869	-2.570000
710	-0.561854	0.122675	0.217934	-2.570000
711	-0.556084	0.262265	-0.014572	-2.570000
712	-0.612569	0.054369	0.005363	-2.570000
713	-0.566438	0.087344	-0.223035	-2.570000
714	-0.614228	-0.027446	-0.013983	-2.570000
715	-0.572467	0.224610	0.007542	-2.570000
716	-0.600965	0.127337	-0.029172	-2.570000
717	-0.606034	0.103601	-0.014651	-2.570000
718	-0.555064	0.239925	0.112095	-2.570000
719	-0.586656	0.165864	0.080928	-2.570000
720	-0.572666	-0.096456	-0.202421	-2.570000
721	-0.611045	-0.045119	0.053043	-2.570000
722	-0.583504	0.076895	-0.178424	-2.570000
723	-0.568376	-0.050077	-0.229490	-2.570000
724	-0.579742	0.203080	0.029703	-2.570000
725	-0.610398	-0.027649	-0.069819	-2.570000
726	-0.604012	-0.076672	0.086692	-2.570000
727	-0.554405	0.263717	-0.036244	-2.570000
728	-0.611670	0.063674	-0.005475	-2.570000
729	-0.558972	-0.239253	-0.092377	-2.570000
730	-0.606002	-0.037740	-0.097786	-2.570000
731	-0.600003	0.031022	0.131374	-2.570000
732	-0.596348	0.130740	-0.074170	-2.570000
733	-0.610649	0.066313	0.030592	-2.570000
734	-0.572864	0.222850	0.019753	-2.570000
735	-0.550876	0.064936	0.265601	-2.570000
736	-0.576464	-0.038594	-0.210773	-2.570000
737	-0.486233	0.147046	-0.346670	-2.570000
738	-0.499584	-0.242796	0.263990	-2.570000
739	-0.556730	-0.238901	0.105843	-2.570000
740	-0.594962	0.104904	-0.115068	-2.570000
741	-0.573131	0.024162	0.221724	-2.570000
742	-0.611508	0.022926	0.061299	-2.570000
743	-0.609050	-0.032945	-0.078726	-2.570000
744	-0.604085	-0.074047	0.088448	-2.570000
745	-0.532274	-0.152660	-0.267589	-2.570000
746	-0.583946	0.187290	-0.046412	-2.570000
747	-0.594875	-0.015814	-0.155238	-2.570000
748	-0.544279	-0.227343	-0.174072	-2.570000
749	-0.614193	-0.016252	0.026968	-2.570000
750	-0.518700	-0.321527	-0.076133	-2.570000
751	-0.581077	-0.121588	0.160596	-2.570000
752	-0.588197	0.162902	-0.075578	-2.570000
753	-0.608508	0.072192	0.052260	-2.570000
754	-0.592969	0.155683	0.048735	-2.570000
755	-0.590704	-0.128277	0.113310	-2.570000
756	-0.607373	0.079418	-0.054919	-2.570000
757	-0.599852	0.070189	-0.116088	-2.570000
758	-0.602213	-0.070051	-0.103232	-2.570000
759	-0.545768	-0.278075	0.055106	-2.570000
760	-0.565777	-0.080860	-0.227118	-2.570000
761	-0.520943	0.225726	-0.236413	-2.570000
762	-0.580261	0.156966	-0.129936	-2.570000
763	-0.594140	0.106739	-0.117597	-2.570000
764	-0.567905	-0.198575	-0.127583	-2.570000
765	-0.614954	-0.004946	0.005718	-2.570000
766	-0.604826	-0.070362	-0.086372	-2.570000
767	-0.606462	-0.092730	-0.042773	-2.570000
768	-0.585014	-0.183992	-0.046166	-2.570000
769	-0.612846	-0.035520	0.037184	-2.570000
770	-0.610883	0.062061	0.034570	-2.570000
771	-0.613952	0.035284	0.006577	-2.570000
772	-0.580782	0.198726	-0.037747	-2.570000
773	-0.570589	0.173580	-0.150077	-2.570000
774	-0.608563	0.062276	0.063226	-2.570000
775	-0.607756	-0.093977	-0.005062	-2.570000
776	-0.607931	-0.079117	-0.048837	-2.570000
777	-0.585874	-0.074107	-0.171713	-2.570000
778	-0.575703	-0.032359	0.213879	-2.570000
779	-0.592293	-0.133429	0.098037	-2.570000
780	-0.579148	0.205269	-0.026033	-2.570000
781	-0.612077	0.044235	-0.040378	-2.570000
782	-0.591827	0.054891	0.157963	-2.570000
783	-0.580415	0.131852	0.154784	-2.570000
784	-0.591176	0.155898	0.066566	-2.570000
785	-0.605866	-0.024914	-0.102619	-2.570000
786	-0.589877	0.149399	0.089162	-2.570000
787	-0.534712	0.154985	-0.261319	-2.570000
788	-0.612637	0.036408	0.039694	-2.570000
789	-0.609647	-0.003802	0.080877	-2.570000
790	-0.586638	0.183696	-0.018360	-2.570000
791	-0.601407	-0.120285	0.045450	-2.570000
792	-0.592544	0.123988	0.108366	-2.570000
793	-0.612545	0.043171	-0.033906	-2.570000
794	-0.602792	0.059514	-0.106417	-2.570000
795	-0.602240	-0.108130	0.061972	-2.570000
796	-0.583374	-0.178174	-0.078443	-2.570000
797	-0.610862	-0.063067	-0.033085	-2.570000
798	-0.567181	0.208039	-0.115111	-2.570000
799	-0.608307	-0.090467	0.001862	-2.570000
800	-0.609639	0.067602	0.044670	-2.570000
801	-0.610969	0.055862	0.042682	-2.570000
802	-0.588356	-0.007329	0.178908	-2.570000
803	-0.607061	-0.096482	0.019833	-2.570000
804	-0.600407	-0.057933	0.119917	-2.570000
805	-0.592503	-0.126873	-0.105205	-2.570000
806	-0.601669	0.073532	0.103983	-2.570000
807	-0.536348	0.277962	0.115296	-2.570000
808	-0.536827	0.051199	0.295670	-2.570000
809	-0.585474	0.136004	-0.130185	-2.570000
810	-0.598994	0.116124	0.077113	-2.570000
811	-0.613888	0.036795	0.003614	-2.570000
812	-0.567877	0.169360	-0.164493	-2.570000
813	-0.612064	-0.023588	0.055188	-2.570000
814	-0.606607	-0.078666	0.063758	-2.570000
815	-0.579301	-0.084472	0.188415	-2.570000
816	-0.585921	0.017323	-0.186068	-2.570000
817	-0.605812	0.058555	0.088247	-2.570000
818	-0.531795	0.225040	0.211605	-2.570000
819	-0.594194	0.121326	-0.102169	-2.570000
820	-0.586169	0.098370	-0.157971	-2.570000
821	-0.596778	0.083614	-0.122843	-2.570000
822	-0.587156	0.102168	0.151772	-2.570000
823	-0.542118	0.241344	-0.161511	-2.570000
824	-0.605297	0.074871	-0.078961	-2.570000
825	-0.587271	0.181926	-0.015497	-2.570000
826	-0.613636	0.007514	0.040237	-2.570000
827	-0.613464	-0.029107	-0.032252	-2.570000
828	-0.557284	0.171525	0.195547	-2.570000
829	-0.607425	-0.095049	0.015003	-2.570000
830	-0.613401	-0.044318	0.000551	-2.570000
831	-0.610242	0.073568	0.020420	-2.570000
832	-0.580085	0.054438	0.196885	-2.570000
833	-0.584056	0.129862	0.142267	-2.570000
834	-0.594789	0.119628	-0.100698	-2.570000
835	-0.609895	0.045380	0.064762	-2.570000
836	-0.584168	0.162868	-0.102208	-2.570000
837	-0.563324	-0.063367	0.238485	-2.570000
838	-0.537315	0.013729	-0.298880	-2.570000
839	-0.606461	-0.034875	-0.095990	-2.570000
840	-0.611761	-0.035780	-0.051900	-2.570000
841	-0.603297	0.025320	-0.116690	-2.570000
842	-0.603641	0.040660	-0.110403	-2.570000
843	-0.600489	-0.106987	0.078689	-2.570000
844	-0.586361	-0.160862	0.092351	-2.570000
845	-0.600441	0.059758	-0.118846	-2.570000
846	-0.584546	-0.189399	-0.025662	-2.570000
847	-0.554932	0.096849	-0.246771	-2.570000
848	-0.608636	-0.075881	0.045046	-2.570000
849	-0.487984	-0.353169	0.123970	-2.570000
850	-0.548988	0.168039	-0.220454	-2.570000
