1	0.578155	0.073168	0.196490	2.510000
2	0.521233	-0.231234	-0.230374	2.510000
3	0.595429	0.074627	0.134609	2.510000
4	0.595947	0.090417	0.122051	2.510000
5	0.579374	0.188213	-0.084416	2.510000
6	0.555383	-0.149245	0.217947	2.510000
7	0.574174	-0.171652	0.138149	2.510000
8	0.494383	-0.053361	0.361888	2.510000
9	0.601656	0.098324	-0.081042	2.510000
10	0.613431	-0.040203	-0.017621	2.510000
11	0.612398	0.041233	0.038652	2.510000
12	0.593837	-0.148074	-0.060474	2.510000
13	0.580722	0.089359	-0.181663	2.510000
14	0.610386	-0.049607	0.056511	2.510000
15	0.611174	-0.061362	0.030437	2.510000
16	0.485526	-0.133004	0.353270	2.510000
17	0.481213	-0.269267	0.272313	2.510000
18	0.538714	-0.100505	0.279126	2.510000
19	0.553451	-0.268164	0.002090	2.510000
20	0.602594	-0.003261	-0.122862	2.510000
21	0.610744	-0.068259	0.023603	2.510000
22	0.611177	-0.063769	-0.024925	2.510000
23	0.534317	-0.298705	-0.059215	2.510000
24	0.604470	-0.069796	0.089274	2.510000
25	0.592755	-0.074700	0.145900	2.510000
26	0.573850	-0.115255	0.188778	2.510000
27	0.546335	0.129074	0.251162	2.510000
28	0.574610	0.195188	0.099749	2.510000
29	0.544550	-0.125885	-0.256599	2.510000
30	0.598169	0.094263	-0.107394	2.510000
31	0.605167	-0.105891	-0.028028	2.510000
32	0.610505	0.021572	0.071017	2.510000
33	0.542900	-0.194174	0.213966	2.510000
34	0.614992	-0.002722	-0.001380	2.510000
35	0.611162	-0.054313	0.041899	2.510000
36	0.598377	0.021810	-0.140335	2.510000
37	0.473805	-0.145588	-0.364057	2.510000
38	0.561616	-0.249532	-0.023369	2.510000
39	0.589254	0.174923	-0.020159	2.510000
40	0.582754	-0.126436	-0.150456	2.510000
41	0.598003	0.136598	-0.044256	2.510000
42	0.611968	0.056144	0.023836	2.510000
43	0.589272	-0.142884	-0.102800	2.510000
44	0.559149	-0.085847	0.241263	2.510000
45	0.573733	0.009241	-0.221291	2.510000
46	0.607333	-0.074935	0.061288	2.510000
47	0.523031	0.323242	0.013330	2.510000
48	0.611481	-0.042949	-0.049712	2.510000
49	0.547302	-0.200206	0.196478	2.510000
50	0.607363	-0.025737	-0.093127	2.510000
51	0.610920	-0.070562	0.004742	2.510000
52	0.573730	0.127348	0.181222	2.510000
53	0.573538	0.020955	0.220998	2.510000
54	0.572074	0.225527	-0.009660	2.510000
55	0.571823	-0.224243	0.030963	2.510000
56	0.567355	0.183264	-0.150823	2.510000
57	0.614680	-0.002126	-0.019737	2.510000
58	0.545256	0.130631	-0.252699	2.510000
59	0.594781	0.094536	-0.124595	2.510000
60	0.609192	-0.032102	0.077968	2.510000
61	0.579905	-0.181695	-0.094456	2.510000
62	0.596638	0.141972	-0.045742	2.510000
63	0.570507	-0.086061	0.212932	2.510000
64	0.476515	0.150174	0.358616	2.510000
65	0.583430	-0.185271	-0.059238	2.510000
66	0.602835	0.092700	-0.078874	2.510000
67	0.605034	0.034733	-0.104656	2.510000
68	0.612275	-0.050353	0.028452	2.510000
69	0.590269	-0.030913	-0.169858	2.510000
70	0.609063	-0.072727	-0.044481	2.510000
71	0.580017	0.117630	0.167238	2.510000
72	0.563095	0.089341	0.230580	2.510000
73	0.539739	-0.224213	-0.191403	2.510000
74	0.568224	-0.185719	0.144411	2.510000
75	0.606848	0.069578	0.071549	2.510000
76	0.611688	-0.038080	0.051117	2.510000
77	0.606921	-0.077624	-0.062017	2.510000
78	0.611436	0.030761	0.058527	2.510000
79	0.585509	-0.152859	0.109717	2.510000
80	0.540382	-0.216341	-0.198516	2.510000
81	0.581118	-0.192354	-0.059387	2.510000
82	0.514744	0.300767	0.151006	2.510000
83	0.572503	-0.187632	0.123529	2.510000
84	0.603011	-0.101773	0.065153	2.510000
85	0.614766	0.007506	0.015205	2.510000
86	0.608191	-0.012208	-0.090438	2.510000
87	0.597407	-0.070560	-0.127871	2.510000
88	0.547366	-0.280382	0.000886	2.510000
89	0.614843	-0.013823	0.001443	2.510000
90	0.596714	0.117202	-0.091769	2.510000
91	0.584190	0.154207	0.114747	2.510000
92	0.609602	0.038597	-0.071563	2.510000
93	0.585671	-0.187433	-0.009092	2.510000
94	0.612127	-0.055253	0.021738	2.510000
95	0.564728	0.043726	-0.239573	2.510000
96	0.613308	-0.013846	-0.043430	2.510000
97	0.602649	-0.111665	0.050694	2.510000
98	0.580329	0.105848	-0.173895	2.510000
99	0.610920	0.070634	0.003504	2.510000
100	0.554310	0.103538	-0.245450	2.510000
101	0.607226	0.027212	0.093598	2.510000
102	0.505272	-0.270592	-0.222946	2.510000
103	0.554686	-0.041667	-0.262322	2.510000
104	0.514033	-0.218519	0.257379	2.510000
105	0.592966	-0.039522	0.158286	2.510000
106	0.605716	0.103642	-0.024330	2.510000
107	0.530917	0.263013	-0.164851	2.510000
108	0.603639	-0.015392	0.116652	2.510000
109	0.426286	-0.260715	-0.358515	2.510000
110	0.483776	-0.137190	-0.354068	2.510000
111	0.483022	-0.264536	0.273743	2.510000
112	0.604200	-0.097238	-0.060929	2.510000
113	0.540212	-0.136003	-0.260576	2.510000
114	0.590806	-0.030965	-0.167970	2.510000
115	0.601295	0.121689	-0.043139	2.510000
116	0.582558	0.041712	0.192644	2.510000
117	0.425075	0.286521	-0.339768	2.510000
118	0.608961	-0.070820	-0.048740	2.510000
119	0.589702	-0.072599	0.158763	2.510000
120	0.574872	0.049630	-0.212800	2.510000
121	0.540151	0.231684	-0.181064	2.510000
122	0.612396	-0.056447	-0.003076	2.510000
123	0.609570	-0.030763	0.075522	2.510000
124	0.582994	-0.042288	0.191193	2.510000
125	0.591428	-0.161139	0.049716	2.510000
126	0.583001	-0.148086	-0.128082	2.510000
127	0.594816	0.153268	0.030453	2.510000
128	0.582001	-0.058811	-0.189846	2.510000
129	0.602960	0.120429	0.012694	2.510000
130	0.528444	-0.205961	-0.237806	2.510000
131	0.554978	-0.147679	0.220034	2.510000
132	0.429673	-0.315107	0.307106	2.510000
133	0.475109	0.113592	0.373621	2.510000
134	0.604433	-0.048086	-0.102826	2.510000
135	0.611786	0.058933	-0.021666	2.510000
136	0.594547	0.045188	-0.150653	2.510000
137	0.572815	-0.222669	-0.022934	2.510000
138	0.605947	-0.102794	0.022066	2.510000
139	0.601322	-0.117013	-0.054269	2.510000
140	0.597239	0.143453	0.030851	2.510000
141	0.610247	0.060700	-0.046255	2.510000
142	0.587958	-0.029258	-0.177974	2.510000
143	0.609963	0.032115	-0.071688	2.510000
144	0.606651	0.044019	-0.090893	2.510000
145	0.525291	-0.297673	0.116984	2.510000
146	0.598934	0.120637	0.070359	2.510000
147	0.611113	-0.046387	0.051134	2.510000
148	0.593538	-0.155667	0.041296	2.510000
149	0.601319	0.015760	0.128031	2.510000
150	0.611217	-0.067214	0.011025	2.510000
151	0.614437	0.016653	0.020375	2.510000
152	0.588170	0.170121	0.057798	2.510000
153	0.567111	0.229287	0.063546	2.510000
154	0.609179	-0.034286	-0.077137	2.510000
155	0.612275	-0.049435	-0.030014	2.510000
156	0.549983	-0.183201	0.205382	2.510000
157	0.551751	-0.183433	0.200369	2.510000
158	0.606461	0.098460	-0.027120	2.510000
159	0.593320	0.084153	-0.138255	2.510000
160	0.612083	-0.043398	0.041187	2.510000
161	0.612612	0.042907	0.033028	2.510000
162	0.584846	0.061315	-0.180057	2.510000
163	0.575280	0.213689	-0.040186	2.510000
164	0.565794	0.215887	-0.107217	2.510000
165	0.576238	0.072261	0.202370	2.510000
166	0.593059	-0.041749	0.157362	2.510000
167	0.592749	-0.099717	0.130117	2.510000
168	0.603709	0.003517	-0.117254	2.510000
169	0.585354	-0.161240	-0.097915	2.510000
170	0.605858	0.004912	-0.105535	2.510000
171	0.603384	-0.061072	-0.102092	2.510000
172	0.613781	-0.031126	-0.022998	2.510000
173	0.608152	0.035201	0.084480	2.510000
174	0.588784	-0.157444	-0.082277	2.510000
175	0.606430	-0.053605	-0.087145	2.510000
176	0.568180	0.089485	-0.217691	2.510000
177	0.587654	-0.067882	-0.168167	2.510000
178	0.575274	-0.217446	-0.001359	2.510000
179	0.608758	-0.023388	-0.084211	2.510000
180	0.610348	0.072041	0.022600	2.510000
181	0.566217	0.238301	0.028921	2.510000
182	0.485595	-0.090236	0.366443	2.510000
183	0.606899	0.066264	-0.074215	2.510000
184	0.611521	-0.062947	-0.017457	2.510000
185	0.607277	-0.068302	0.069099	2.510000
186	0.613038	-0.035999	0.033375	2.510000
187	0.599654	-0.022911	0.134593	2.510000
188	0.601751	-0.097108	0.081799	2.510000
189	0.590133	0.042461	-0.167826	2.510000
190	0.596068	0.137878	0.062586	2.510000
191	0.513153	-0.291549	0.172911	2.510000
192	0.593263	0.053492	0.152978	2.510000
193	0.598229	-0.057496	-0.130541	2.510000
194	0.584951	0.188755	0.020701	2.510000
195	0.522980	-0.185988	-0.264812	2.510000
196	0.613756	0.030192	0.024840	2.510000
197	0.597052	-0.113653	-0.094005	2.510000
198	0.599176	0.112706	-0.080688	2.510000
199	0.608349	-0.036555	0.082466	2.510000
200	0.567496	-0.236813	-0.009609	2.510000
201	0.565457	-0.233688	0.062231	2.510000
202	0.580357	-0.146257	-0.141489	2.510000
203	0.610274	-0.075944	-0.004863	2.510000
204	0.575743	-0.017105	0.215528	2.510000
205	0.567211	0.216416	0.098290	2.510000
206	0.558590	-0.169313	-0.193742	2.510000
207	0.585348	-0.078350	-0.171623	2.510000
208	0.575726	-0.041008	-0.212327	2.510000
209	0.599909	-0.125216	0.051533	2.510000
210	0.547220	-0.185000	-0.211069	2.510000
211	0.607419	0.095253	-0.013946	2.510000
212	0.602650	-0.005092	0.122523	2.510000
213	0.579336	0.041548	0.202160	2.510000
214	0.603887	0.112208	-0.030905	2.510000
215	0.612409	0.056397	-0.000201	2.510000
216	0.581659	-0.199741	-0.001073	2.510000
217	0.596602	-0.057666	-0.137716	2.510000
218	0.553232	-0.217644	-0.157450	2.510000
219	0.597284	-0.016552	0.145613	2.510000
220	0.587758	-0.123064	0.132745	2.510000
221	0.556440	-0.187800	0.182567	2.510000
222	0.582309	-0.174266	-0.093661	2.510000
223	0.608762	-0.082924	0.027528	2.510000
224	0.602140	-0.077028	0.098587	2.510000
225	0.598266	-0.120346	-0.076289	2.510000
226	0.612339	-0.017368	-0.054441	2.510000
227	0.608980	-0.038972	-0.076485	2.510000
228	0.582087	-0.194098	-0.041540	2.510000
229	0.573390	-0.209964	0.073238	2.510000
230	0.581441	-0.151242	0.131444	2.510000
231	0.550608	-0.025691	0.272756	2.510000
232	0.600741	0.130122	-0.020091	2.510000
233	0.600855	-0.043948	-0.123558	2.510000
234	0.599200	-0.124007	-0.061700	2.510000
235	0.565070	-0.236006	-0.056764	2.510000
236	0.584320	-0.121020	-0.148825	2.510000
237	0.499225	-0.358279	0.025219	2.510000
238	0.603132	-0.119588	-0.012479	2.510000
239	0.609457	0.039681	-0.072199	2.510000
240	0.596168	-0.041459	0.145223	2.510000
241	0.591331	-0.151637	0.074557	2.510000
242	0.599510	-0.137115	0.003541	2.510000
243	0.614922	-0.003673	-0.009097	2.510000
244	0.524067	-0.305689	-0.100662	2.510000
245	0.600502	-0.060202	-0.118314	2.510000
246	0.582692	-0.193523	0.035270	2.510000
247	0.592127	-0.119786	-0.115160	2.510000
248	0.609397	-0.030438	-0.077034	2.510000
249	0.588923	0.111892	-0.137388	2.510000
250	0.512583	-0.267186	-0.209990	2.510000
251	0.595463	0.063035	0.140269	2.510000
252	0.614164	0.000602	0.032053	2.510000
253	0.614722	-0.018482	0.000122	2.510000
254	0.600693	-0.013355	-0.131206	2.510000
255	0.609017	0.042902	-0.074041	2.510000
256	0.580933	-0.134027	0.150927	2.510000
257	0.568824	-0.200163	0.120826	2.510000
258	0.612599	0.020070	-0.050448	2.510000
259	0.564836	-0.083503	-0.228501	2.510000
260	0.576801	0.046907	-0.208147	2.510000
261	0.607507	0.073634	-0.061143	2.510000
262	0.613796	-0.016916	-0.034538	2.510000
263	0.567545	0.045013	-0.232577	2.510000
264	0.604885	0.110719	-0.008955	2.510000
265	0.613792	-0.002199	0.038466	2.510000
266	0.610117	-0.022821	0.073900	2.510000
267	0.606055	0.029090	0.100377	2.510000
268	0.613526	-0.022195	-0.036300	2.510000
269	0.609652	0.044138	0.067836	2.510000
270	0.612608	0.032093	-0.043658	2.510000
271	0.604796	0.095001	-0.058493	2.510000
272	0.592494	-0.025874	-0.162807	2.510000
273	0.608454	0.089466	0.002095	2.510000
274	0.603735	0.113038	-0.030843	2.510000
275	0.613341	0.040655	-0.019632	2.510000
276	0.614653	-0.008214	-0.018938	2.510000
277	0.557339	-0.258906	0.023795	2.510000
278	0.587190	-0.020527	0.181691	2.510000
279	0.603539	0.050671	-0.106760	2.510000
280	0.611657	-0.001346	-0.064026	2.510000
281	0.602404	0.012060	-0.123243	2.510000
282	0.583263	0.129086	-0.146173	2.510000
283	0.608139	0.076675	-0.050130	2.510000
284	0.591680	0.157320	-0.058222	2.510000
285	0.589928	-0.028743	-0.171419	2.510000
286	0.591626	0.048885	0.160665	2.510000
287	0.607779	-0.085832	0.038247	2.510000
288	0.583124	0.060182	-0.185929	2.510000
289	0.600496	-0.070919	-0.112251	2.510000
290	0.577566	-0.209715	0.025740	2.510000
291	0.601777	0.124436	0.024596	2.510000
292	0.594849	0.065872	0.141566	2.510000
293	0.559199	-0.237406	0.095706	2.510000
294	0.611154	0.013486	0.067336	2.510000
295	0.579633	0.147099	0.143570	2.510000
296	0.603608	0.104702	0.054035	2.510000
297	0.538328	-0.263533	0.137762	2.510000
298	0.606920	-0.004423	-0.099268	2.510000
299	0.609840	-0.044285	-0.066020	2.510000
300	0.548286	-0.249352	-0.124222	2.510000
301	0.597708	-0.142951	-0.023138	2.510000
302	0.598966	0.012183	0.138984	2.510000
303	0.614069	0.024188	-0.023638	2.510000
304	0.593572	0.060059	0.149298	2.510000
305	0.610974	-0.035123	0.060848	2.510000
306	0.606566	-0.049108	0.088831	2.510000
307	0.601530	-0.070063	-0.107132	2.510000
308	0.609680	-0.072251	0.035982	2.510000
309	0.576870	-0.135935	0.164220	2.510000
310	0.611621	-0.024668	0.059462	2.510000
311	0.611041	0.036293	-0.059474	2.510000
312	0.614411	0.024346	0.011460	2.510000
313	0.500111	0.066621	-0.351676	2.510000
314	0.613268	0.011021	-0.044790	2.510000
315	0.532637	-0.302215	0.056467	2.510000
316	0.576479	-0.183779	0.110099	2.510000
317	0.573949	0.031814	-0.218622	2.510000
318	0.611716	-0.059843	-0.021146	2.510000
319	0.581418	0.081927	-0.182938	2.510000
320	0.614850	0.003714	0.013084	2.510000
321	0.532787	-0.134007	-0.276415	2.510000
322	0.610636	0.044010	0.058411	2.510000
323	0.587449	-0.072814	-0.166815	2.510000
324	0.610211	0.075655	-0.012001	2.510000
325	0.598163	-0.142070	-0.015564	2.510000
326	0.605367	-0.048803	-0.096817	2.510000
327	0.584166	-0.192063	-0.009361	2.510000
328	0.530815	-0.232851	0.205526	2.510000
329	0.598587	-0.067554	-0.123915	2.510000
330	0.599543	0.092818	0.100788	2.510000
331	0.593339	-0.161196	0.013794	2.510000
332	0.583749	-0.149314	-0.123157	2.510000
333	0.606646	-0.009861	-0.100543	2.510000
334	0.577060	-0.156766	-0.143703	2.510000
335	0.592130	-0.164719	-0.021782	2.510000
336	0.546199	-0.270976	0.080395	2.510000
337	0.584547	-0.071116	0.177405	2.510000
338	0.587088	0.181777	-0.022566	2.510000
339	0.591898	-0.050897	-0.159031	2.510000
340	0.613458	0.022713	-0.037122	2.510000
341	0.609190	0.036764	-0.075903	2.510000
342	0.589831	-0.020093	-0.172975	2.510000
343	0.613293	-0.020694	0.040846	2.510000
344	0.611681	-0.029319	-0.056677	2.510000
345	0.591264	-0.010417	0.168888	2.510000
346	0.609755	-0.010511	-0.079459	2.510000
347	0.592943	-0.062381	-0.150837	2.510000
348	0.532296	-0.292551	-0.096435	2.510000
349	0.593065	-0.161392	0.021257	2.510000
350	0.607022	-0.006333	0.098538	2.510000
351	0.596741	-0.148583	0.006939	2.510000
352	0.590747	0.003107	-0.170978	2.510000
353	0.564767	0.046767	-0.238907	2.510000
354	0.586317	-0.184839	0.017100	2.510000
355	0.611821	-0.047306	-0.040767	2.510000
356	0.613707	0.001648	-0.039825	2.510000
357	0.573001	-0.127665	-0.183294	2.510000
358	0.585701	-0.170742	-0.077629	2.510000
359	0.594573	-0.108751	-0.113497	2.510000
360	0.607163	-0.056179	0.080139	2.510000
361	0.605637	0.100354	0.036853	2.510000
362	0.614970	0.004505	-0.004032	2.510000
363	0.539766	0.132455	-0.263312	2.510000
364	0.611223	-0.067708	-0.006857	2.510000
365	0.610379	0.056355	-0.049864	2.510000
366	0.600855	0.009444	-0.130802	2.510000
367	0.592772	-0.156571	0.048291	2.510000
368	0.585319	0.178814	0.060434	2.510000
369	0.590601	0.075177	0.154156	2.510000
370	0.603312	0.015956	-0.118258	2.510000
371	0.596358	0.071314	-0.132275	2.510000
372	0.592516	0.031769	-0.161678	2.510000
373	0.613956	-0.035395	-0.005480	2.510000
374	0.608933	-0.068476	-0.052314	2.510000
375	0.582508	0.192164	-0.044526	2.510000
376	0.536408	0.292354	0.070855	2.510000
377	0.591283	0.161700	0.049621	2.510000
378	0.576693	0.113186	0.181216	2.510000
379	0.605958	0.034808	-0.099140	2.510000
380	0.607227	0.097316	-0.005519	2.510000
381	0.614359	0.027319	-0.006498	2.510000
382	0.613803	-0.017592	0.034071	2.510000
383	0.593579	0.110437	-0.117014	2.510000
384	0.576112	0.192816	0.095616	2.510000
385	0.604191	0.114463	0.008774	2.510000
386	0.611048	-0.067846	-0.015571	2.510000
387	0.613216	0.026194	0.038793	2.510000
388	0.594092	0.134804	-0.084306	2.510000
389	0.609831	-0.044136	0.066204	2.510000
390	0.606101	-0.084788	-0.060648	2.510000
391	0.589431	-0.171216	-0.038488	2.510000
392	0.613591	-0.001904	0.041556	2.510000
393	0.608816	-0.085486	0.016134	2.510000
394	0.582262	-0.091096	0.175775	2.510000
395	0.590706	-0.169730	-0.021980	2.510000
396	0.591880	-0.159939	0.048186	2.510000
397	0.614784	0.012869	0.009977	2.510000
398	0.606747	-0.093211	0.037350	2.510000
399	0.540297	-0.280279	-0.088024	2.510000
400	0.607713	-0.051552	-0.079069	2.510000
401	0.542475	0.232659	0.172672	2.510000
402	0.561326	0.198883	0.153571	2.510000
403	0.605702	-0.096877	-0.044325	2.510000
404	0.608452	-0.088921	-0.010207	2.510000
405	0.597752	0.018226	-0.143475	2.510000
406	0.591829	-0.025390	-0.165283	2.510000
407	0.613471	-0.043063	0.004876	2.510000
408	0.587746	-0.176337	-0.041052	2.510000
409	0.595880	0.107721	0.107464	2.510000
410	0.609625	0.036821	0.072293	2.510000
411	0.598876	-0.106096	-0.091197	2.510000
412	0.532526	-0.282149	0.122610	2.510000
413	0.608713	-0.086187	0.016299	2.510000
414	0.610345	-0.070699	-0.026572	2.510000
415	0.610218	-0.073689	0.020715	2.510000
416	0.599212	0.000173	-0.138457	2.510000
417	0.552731	0.136622	-0.232482	2.510000
418	0.583511	-0.030770	-0.191815	2.510000
419	0.475594	-0.255991	-0.294116	2.510000
420	0.591277	0.031747	0.166157	2.510000
421	0.606097	-0.037056	-0.097461	2.510000
422	0.600356	-0.128679	-0.035207	2.510000
423	0.614762	-0.003575	0.016731	2.510000
424	0.508160	0.289495	-0.190240	2.510000
425	0.603340	0.096967	-0.069308	2.510000
426	0.581054	0.075796	0.186697	2.510000
427	0.608164	0.082724	0.038962	2.510000
428	0.612710	-0.052697	-0.005882	2.510000
429	0.574895	-0.011152	-0.218167	2.510000
430	0.607622	-0.021362	-0.092543	2.510000
431	0.608618	0.070715	-0.052993	2.510000
432	0.599244	0.020282	0.136821	2.510000
433	0.610218	-0.063007	-0.043458	2.510000
434	0.599772	-0.134502	-0.020178	2.510000
435	0.593856	0.091798	-0.130893	2.510000
436	0.608371	0.020922	0.087589	2.510000
437	0.580560	0.029103	-0.200819	2.510000
438	0.611814	-0.035629	-0.051375	2.510000
439	0.606751	-0.100384	-0.000793	2.510000
440	0.595401	-0.149622	0.036552	2.510000
441	0.574179	-0.174304	-0.134763	2.510000
442	0.604808	-0.111152	0.008802	2.510000
443	0.608462	-0.072078	0.052949	2.510000
444	0.592866	0.081761	-0.141600	2.510000
445	0.611046	0.064514	0.026185	2.510000
446	0.576402	-0.057792	-0.206510	2.510000
447	0.605514	0.015946	0.106414	2.510000
448	0.543052	-0.171920	-0.231869	2.510000
449	0.460993	-0.383452	0.136657	2.510000
450	0.577378	-0.199859	-0.070111	2.510000
451	0.603596	0.117879	-0.000858	2.510000
452	0.604150	0.114353	0.012280	2.510000
453	0.594419	0.150944	-0.045901	2.510000
454	0.592954	-0.149784	0.064771	2.510000
455	0.601327	-0.017588	0.127756	2.510000
456	0.576615	-0.208651	-0.046955	2.510000
457	0.588785	0.032027	0.174734	2.510000
458	0.525390	-0.319380	-0.013683	2.510000
459	0.586323	-0.114942	-0.145735	2.510000
460	0.602010	-0.026000	-0.123017	2.510000
461	0.584059	-0.192559	-0.004596	2.510000
462	0.607435	0.084862	-0.045233	2.510000
463	0.595189	0.033661	-0.151137	2.510000
464	0.611778	-0.029344	0.055606	2.510000
465	0.613645	-0.033261	-0.023623	2.510000
466	0.607914	-0.074525	-0.055782	2.510000
467	0.568330	-0.152478	-0.178819	2.510000
468	0.612319	0.004127	0.057213	2.510000
469	0.604241	-0.107907	-0.038385	2.510000
470	0.613582	-0.039951	0.012104	2.510000
471	0.588633	-0.159823	-0.078696	2.510000
472	0.597324	0.136675	0.052424	2.510000
473	0.613731	0.034097	0.019929	2.510000
474	0.597868	0.036045	-0.139570	2.510000
475	0.544464	0.191037	-0.212812	2.510000
476	0.594442	0.038280	-0.152966	2.510000
477	0.594898	0.147278	-0.051293	2.510000
478	0.605932	-0.095342	0.044518	2.510000
479	0.598391	-0.077310	-0.119065	2.510000
480	0.564146	-0.064760	0.236158	2.510000
481	0.608555	-0.061619	0.063949	2.510000
482	0.601535	0.121063	-0.041530	2.510000
483	0.614400	-0.027154	0.000312	2.510000
484	0.608986	0.072530	-0.045829	2.510000
485	0.605253	0.100843	0.041528	2.510000
486	0.606039	0.097378	0.038197	2.510000
487	0.570382	-0.040015	0.226469	2.510000
488	0.551167	0.262834	-0.073203	2.510000
489	0.579668	-0.178972	0.100893	2.510000
490	0.613158	0.042562	0.021217	2.510000
491	0.604198	0.006512	-0.114574	2.510000
492	0.594757	0.155329	0.019020	2.510000
493	0.614688	0.015595	-0.011842	2.510000
494	0.614336	-0.027436	-0.007964	2.510000
495	0.611866	-0.006441	0.061673	2.510000
496	0.579471	-0.024442	0.204552	2.510000
497	0.583530	0.187062	0.052202	2.510000
498	0.520852	0.130998	0.299628	2.510000
499	0.614253	0.029518	0.006809	2.510000
500	0.586872	-0.183607	0.009740	2.510000
501	0.601631	0.056336	-0.114415	2.510000
502	0.602494	0.079760	0.094152	2.510000
503	0.582797	-0.153242	-0.122839	2.510000
504	0.587191	0.180193	0.031027	2.510000
505	0.589848	0.169259	-0.040691	2.510000
506	0.526477	-0.317718	0.010095	2.510000
507	0.594657	-0.154986	0.024234	2.510000
508	0.613096	-0.045369	0.016730	2.510000
509	0.610883	-0.026214	0.066026	2.510000
510	0.611859	-0.046767	0.040816	2.510000
511	0.613903	-0.013886	-0.033999	2.510000
512	0.602638	0.041651	-0.115403	2.510000
513	0.598849	-0.014897	-0.139223	2.510000
514	0.607051	0.093978	0.029701	2.510000
515	0.614456	0.016248	0.020108	2.510000
516	0.535998	0.047401	0.297799	2.510000
517	0.580665	0.122556	0.161347	2.510000
518	0.586992	-0.029928	-0.181024	2.510000
519	0.613456	0.029305	-0.032215	2.510000
520	0.590847	0.019063	-0.169592	2.510000
521	0.595158	0.147417	0.047755	2.510000
522	0.604231	-0.047325	-0.104354	2.510000
523	0.603002	0.047354	0.111225	2.510000
524	0.603304	-0.118823	-0.011409	2.510000
525	0.593765	-0.092721	0.130658	2.510000
526	0.544104	-0.243949	-0.150547	2.510000
527	0.596949	-0.086414	-0.120037	2.510000
528	0.581230	-0.200841	-0.007688	2.510000
529	0.599108	-0.062390	-0.124106	2.510000
530	0.608929	0.085691	-0.009338	2.510000
531	0.595648	0.148170	-0.038399	2.510000
532	0.601183	-0.067971	-0.110379	2.510000
533	0.595923	-0.066191	-0.136820	2.510000
534	0.584170	0.099505	-0.164525	2.510000
535	0.549597	-0.002402	-0.275974	2.510000
536	0.611662	0.063277	-0.009493	2.510000
537	0.589926	-0.129863	0.115532	2.510000
538	0.594182	0.073441	0.140640	2.510000
539	0.595464	0.150198	0.032995	2.510000
540	0.592837	0.082483	0.141299	2.510000
541	0.589463	0.147695	-0.094577	2.510000
542	0.521277	0.149732	0.289958	2.510000
543	0.605373	0.041790	0.100010	2.510000
544	0.610060	-0.067133	0.039303	2.510000
545	0.589449	0.105982	-0.139793	2.510000
546	0.515145	-0.099720	-0.320791	2.510000
547	0.574024	-0.215724	-0.046741	2.510000
548	0.603231	0.103058	-0.060962	2.510000
549	0.579448	-0.151944	0.139204	2.510000
550	0.598958	0.009040	-0.139256	2.510000
551	0.576836	0.195521	-0.085185	2.510000
552	0.586066	-0.133491	-0.130123	2.510000
553	0.603499	-0.101145	-0.061514	2.510000
554	0.605909	0.086328	-0.060388	2.510000
555	0.607305	-0.048418	0.084031	2.510000
556	0.580661	-0.193986	0.058540	2.510000
557	0.598753	-0.033224	0.136440	2.510000
558	0.590035	0.168273	0.042042	2.510000
559	0.613194	0.044735	-0.014716	2.510000
560	0.531037	-0.153083	-0.269796	2.510000
561	0.601939	-0.091263	0.086982	2.510000
562	0.583824	-0.188929	-0.040985	2.510000
563	0.580198	-0.188967	0.076724	2.510000
564	0.586519	-0.176892	-0.054132	2.510000
565	0.603855	-0.092055	0.071488	2.510000
566	0.598797	-0.071872	0.120422	2.510000
567	0.593643	-0.142046	-0.075076	2.510000
568	0.586368	-0.131557	-0.130730	2.510000
569	0.577604	-0.190546	0.091052	2.510000
570	0.600465	-0.130964	-0.022696	2.510000
571	0.586534	-0.126084	-0.135297	2.510000
572	0.612261	0.015542	-0.055861	2.510000
573	0.495283	-0.364196	-0.016760	2.510000
574	0.605052	-0.103852	0.036763	2.510000
575	0.594150	-0.018127	-0.157741	2.510000
576	0.610334	-0.052618	-0.054304	2.510000
577	0.560085	-0.252129	-0.030992	2.510000
578	0.613361	0.026950	-0.035880	2.510000
579	0.563476	-0.070377	-0.236149	2.510000
580	0.593332	0.046503	0.154984	2.510000
581	0.611242	-0.066275	-0.014673	2.510000
582	0.607404	0.019619	-0.094344	2.510000
583	0.612249	0.036156	0.045489	2.510000
584	0.610383	0.071532	-0.023251	2.510000
585	0.600446	0.084651	-0.102587	2.510000
586	0.611672	0.060440	-0.020717	2.510000
587	0.604865	0.107950	0.026640	2.510000
588	0.571575	0.226009	0.021126	2.510000
589	0.611033	-0.018129	0.067340	2.510000
590	0.570377	-0.114635	0.199385	2.510000
591	0.608982	0.021348	0.083128	2.510000
592	0.498531	0.274873	-0.232673	2.510000
593	0.606095	0.103355	0.013847	2.510000
594	0.610381	-0.054482	0.051877	2.510000
595	0.606888	0.090218	-0.042109	2.510000
596	0.596497	0.132438	0.069833	2.510000
597	0.610863	0.070782	0.007823	2.510000
598	0.595133	0.154474	-0.013404	2.510000
599	0.613343	0.042747	-0.014409	2.510000
600	0.613901	-0.024958	-0.026974	2.510000
601	0.598090	0.130234	0.059600	2.510000
602	0.586359	-0.050141	0.178589	2.510000
603	0.594810	-0.104241	0.116448	2.510000
604	0.584389	-0.002139	0.191598	2.510000
605	0.598479	0.126481	0.063643	2.510000
606	0.609447	0.078694	0.024629	2.510000
607	0.611141	-0.035936	0.058652	2.510000
608	0.613897	-0.003017	-0.036696	2.510000
609	0.613230	-0.000975	0.046621	2.510000
610	0.612326	0.012006	-0.056018	2.510000
611	0.601823	-0.001376	-0.126618	2.510000
612	0.598362	-0.046478	-0.134266	2.510000
613	0.613977	-0.008647	-0.034386	2.510000
614	0.609611	0.043850	0.068386	2.510000
615	0.547799	0.153715	0.233480	2.510000
616	0.597253	-0.132929	0.061999	2.510000
617	0.594222	-0.045983	-0.151692	2.510000
618	0.559855	-0.190584	-0.168717	2.510000
619	0.590590	0.110392	0.131311	2.510000
620	0.583936	0.063781	-0.182140	2.510000
621	0.613815	-0.038146	-0.001174	2.510000
622	0.602990	0.120909	0.002991	2.510000
623	0.602582	-0.061843	0.106277	2.510000
624	0.596464	-0.149852	-0.000584	2.510000
625	0.608839	-0.043683	-0.075046	2.510000
626	0.613808	0.038220	0.001897	2.510000
627	0.571537	-0.030567	0.225026	2.510000
628	0.607118	0.092266	-0.033462	2.510000
629	0.572272	0.078561	-0.211087	2.510000
630	0.598330	-0.132932	-0.050549	2.510000
631	0.605013	-0.108940	-0.017781	2.510000
632	0.595983	-0.122772	0.089199	2.510000
633	0.594294	-0.144460	0.064580	2.510000
634	0.573334	-0.004692	0.222466	2.510000
635	0.599052	-0.138929	0.007762	2.510000
636	0.607024	0.024429	0.095653	2.510000
637	0.577578	0.091153	-0.190579	2.510000
638	0.611510	-0.065409	0.001308	2.510000
639	0.612775	-0.023644	-0.046609	2.510000
640	0.592623	-0.044212	0.158331	2.510000
641	0.579452	-0.199715	-0.050734	2.510000
642	0.491371	-0.023901	-0.369064	2.510000
643	0.611389	-0.056566	-0.035053	2.510000
644	0.608090	0.038461	-0.083503	2.510000
645	0.586264	-0.032772	0.182882	2.510000
646	0.564990	0.071573	0.232140	2.510000
647	0.578300	-0.168710	-0.123818	2.510000
648	0.608165	0.007494	-0.091125	2.510000
649	0.613795	-0.018291	0.033853	2.510000
650	0.558283	-0.036558	-0.255359	2.510000
651	0.605927	0.089736	-0.055003	2.510000
652	0.601334	-0.120955	-0.044630	2.510000
653	0.571707	-0.226646	0.002834	2.510000
654	0.605625	-0.061304	0.087669	2.510000
655	0.602302	0.118536	0.037503	2.510000
656	0.604770	-0.080043	-0.077920	2.510000
657	0.533073	0.211833	-0.221777	2.510000
658	0.599896	0.051528	-0.125276	2.510000
659	0.549012	-0.200913	-0.190905	2.510000
660	0.575560	-0.155951	0.150448	2.510000
661	0.612995	0.030650	-0.039023	2.510000
662	0.516616	-0.323946	-0.079953	2.510000
663	0.597962	-0.097843	0.105322	2.510000
664	0.606662	0.100608	-0.008049	2.510000
665	0.611387	-0.057524	0.033499	2.510000
666	0.608938	0.077945	0.036655	2.510000
667	0.610849	0.051702	-0.049143	2.510000
668	0.613641	-0.037374	-0.016517	2.510000
669	0.562944	-0.242627	-0.049505	2.510000
670	0.608306	-0.066686	-0.061167	2.510000
671	0.567995	-0.230192	0.051166	2.510000
672	0.608570	-0.055056	0.069544	2.510000
673	0.602789	-0.100224	0.069468	2.510000
674	0.603587	-0.065994	-0.097735	2.510000
675	0.543624	-0.103382	-0.268347	2.510000
676	0.614725	0.006741	-0.017114	2.510000
677	0.608171	-0.054181	-0.073604	2.510000
678	0.582549	0.014815	-0.196576	2.510000
679	0.604851	0.111056	0.006825	2.510000
680	0.580817	-0.151703	0.133652	2.510000
681	0.595754	0.143177	0.052939	2.510000
682	0.572222	-0.194400	-0.114000	2.510000
683	0.580310	0.025599	-0.202014	2.510000
684	0.588109	-0.178303	-0.023675	2.510000
685	0.606609	0.091827	0.042637	2.510000
686	0.606563	0.044172	0.091405	2.510000
687	0.600426	-0.115026	-0.066952	2.510000
688	0.588764	0.147543	-0.099062	2.510000
689	0.610568	0.018307	0.071393	2.510000
690	0.608095	-0.091850	0.003089	2.510000
691	0.562451	-0.248386	0.013332	2.510000
692	0.605444	0.102468	0.034106	2.510000
693	0.605273	-0.004748	0.108842	2.510000
694	0.572317	0.153610	0.164566	2.510000
695	0.564092	0.033568	-0.242691	2.510000
696	0.608864	-0.059106	-0.063375	2.510000
697	0.609726	0.025060	-0.076364	2.510000
698	0.564034	-0.232933	0.076375	2.510000
699	0.614288	0.005489	0.029063	2.510000
700	0.578835	-0.205518	-0.030627	2.510000
701	0.593138	-0.141122	-0.080601	2.510000
702	0.548435	-0.032222	0.276417	2.510000
703	0.614399	-0.023631	0.013434	2.510000
704	0.607825	-0.004925	0.093538	2.510000
705	0.592963	0.009964	0.162851	2.510000
706	0.550310	-0.240324	0.132772	2.510000
707	0.531014	-0.307750	0.039227	2.510000
708	0.603475	0.107679	-0.049479	2.510000
709	0.598955	0.012789	0.138976	2.510000
710	0.522968	0.314117	0.077843	2.510000
711	0.491830	-0.298439	0.217399	2.510000
712	0.602651	-0.004413	-0.122545	2.510000
713	0.600931	0.085992	-0.098551	2.510000
714	0.604885	-0.111002	-0.004199	2.510000
715	0.614732	-0.010642	-0.014693	2.510000
716	0.595364	-0.104919	0.112954	2.510000
717	0.599380	0.100072	-0.094627	2.510000
718	0.592120	0.150569	0.070344	2.510000
719	0.603764	0.045838	-0.107669	2.510000
720	0.574069	0.220573	-0.004119	2.510000
721	0.585999	-0.001069	-0.186624	2.510000
722	0.610273	-0.005205	0.075925	2.510000
723	0.613238	-0.009719	0.045495	2.510000
724	0.601947	-0.019510	-0.124514	2.510000
725	0.594182	-0.154584	0.035729	2.510000
726	0.613934	-0.018654	0.031026	2.510000
727	0.606510	0.089366	-0.048835	2.510000
728	0.550436	-0.178742	0.208077	2.510000
729	0.432112	-0.392829	-0.192848	2.510000
730	0.611656	0.014094	-0.062477	2.510000
731	0.610042	0.072431	-0.028760	2.510000
732	0.605671	-0.096813	-0.044886	2.510000
733	0.594118	-0.103166	-0.120855	2.510000
734	0.590031	0.020326	0.172266	2.510000
735	0.606060	0.065673	-0.081263	2.510000
736	0.596142	-0.028264	0.148463	2.510000
737	0.574417	-0.203249	0.083422	2.510000
738	0.586065	-0.159482	-0.096531	2.510000
739	0.603594	-0.117341	-0.011439	2.510000
740	0.605167	-0.066566	-0.086991	2.510000
741	0.553233	-0.132943	0.233419	2.510000
742	0.567367	0.227079	-0.068954	2.510000
743	0.595299	0.074244	0.135397	2.510000
744	0.519733	-0.237139	0.227746	2.510000
745	0.605819	0.084425	-0.063878	2.510000
746	0.606428	0.099330	0.024579	2.510000
747	0.589923	0.131769	0.113371	2.510000
748	0.608439	0.020406	0.087235	2.510000
749	0.470673	0.332039	-0.215503	2.510000
750	0.611069	-0.032882	-0.061148	2.510000
751	0.612020	-0.056256	-0.022168	2.510000
752	0.580577	0.143949	0.142946	2.510000
753	0.571313	0.150098	0.171165	2.510000
754	0.611504	0.047668	-0.044898	2.510000
755	0.593609	0.060132	0.149122	2.510000
756	0.585282	-0.177844	0.063572	2.510000
757	0.561768	-0.180645	-0.173230	2.510000
758	0.569429	-0.018160	-0.231616	2.510000
759	0.603550	0.049281	0.107348	2.510000
760	0.596598	-0.077278	-0.127765	2.510000
761	0.583574	0.193677	-0.012484	2.510000
762	0.596887	0.128350	-0.074005	2.510000
763	0.546671	0.179115	-0.217470	2.510000
764	0.589194	-0.095472	-0.148191	2.510000
765	0.559864	-0.148798	-0.206486	2.510000
766	0.592293	0.074234	0.148000	2.510000
767	0.492127	-0.351515	0.111685	2.510000
768	0.590624	-0.168467	0.031731	2.510000
769	0.614627	0.012724	0.017217	2.510000
770	0.606370	0.050599	0.089330	2.510000
771	0.558984	0.226145	-0.120913	2.510000
772	0.552062	-0.180631	-0.202051	2.510000
773	0.437319	-0.419082	0.106524	2.510000
774	0.587847	-0.115159	0.139280	2.510000
775	0.599835	-0.120437	-0.062594	2.510000
776	0.565421	-0.229405	-0.076797	2.510000
777	0.554598	0.065981	-0.257473	2.510000
778	0.603238	0.066840	0.099302	2.510000
779	0.604945	-0.107722	0.025729	2.510000
780	0.586354	-0.110306	-0.149153	2.510000
781	0.608460	-0.060130	0.066223	2.510000
782	0.602779	-0.000756	-0.121991	2.510000
783	0.598311	-0.110574	0.089565	2.510000
784	0.614078	0.015632	0.029817	2.510000
785	0.584219	-0.187143	-0.043477	2.510000
786	0.612439	-0.054345	0.013808	2.510000
787	0.598068	-0.019945	-0.141921	2.510000
788	0.612358	0.009096	0.056213	2.510000
789	0.580772	-0.152169	-0.133318	2.510000
790	0.613938	-0.008442	0.035120	2.510000
791	0.597838	0.133176	0.055485	2.510000
792	0.605274	-0.041337	-0.100794	2.510000
793	0.592603	-0.161410	-0.031525	2.510000
794	0.610394	-0.025154	-0.070787	2.510000
795	0.613785	-0.026922	0.027712	2.510000
796	0.532096	0.223620	-0.212351	2.510000
797	0.610854	-0.008701	-0.070762	2.510000
798	0.602680	0.071025	0.099786	2.510000
799	0.583580	-0.018652	-0.193163	2.510000
800	0.605784	0.105572	-0.010292	2.510000
801	0.598581	0.138537	-0.027085	2.510000
802	0.611477	0.063339	0.017572	2.510000
803	0.613187	0.042599	-0.020293	2.510000
804	0.588597	0.177792	-0.012992	2.510000
805	0.591447	0.142490	0.090068	2.510000
806	0.578632	-0.033222	0.205686	2.510000
807	0.613808	-0.038111	0.003460	2.510000
808	0.611583	-0.056786	-0.031095	2.510000
809	0.594997	-0.085794	0.129783	2.510000
810	0.611006	0.066494	-0.021789	2.510000
811	0.593996	0.159116	0.008732	2.510000
812	0.604726	0.015961	-0.110802	2.510000
813	0.608744	-0.087239	0.006757	2.510000
814	0.571140	-0.228057	-0.003803	2.510000
815	0.587169	-0.008067	0.182737	2.510000
816	0.595719	-0.140666	-0.059643	2.510000
817	0.574402	0.217599	0.030629	2.510000
818	0.614615	-0.003607	0.021456	2.510000
819	0.605083	0.108570	0.017673	2.510000
820	0.612687	-0.022724	0.048195	2.510000
821	0.606194	0.097651	0.034906	2.510000
822	0.596132	-0.078092	-0.129433	2.510000
823	0.573063	0.034304	0.220562	2.510000
824	0.542958	0.040151	-0.286023	2.510000
825	0.602787	0.113409	0.044851	2.510000
826	0.586640	-0.165191	0.082407	2.510000
827	0.558940	-0.193557	-0.168367	2.510000
828	0.596543	-0.063909	-0.135194	2.510000
829	0.608837	-0.084978	-0.017917	2.510000
830	0.593802	0.004131	-0.160021	2.510000
831	0.539374	-0.207378	-0.210464	2.510000
832	0.607927	0.055800	0.074403	2.510000
833	0.585495	0.177315	0.063090	2.510000
834	0.584407	-0.095301	0.166165	2.510000
835	0.562788	-0.244730	-0.040028	2.510000
836	0.574955	-0.145111	0.163077	2.510000
837	0.588976	0.045212	-0.171139	2.510000
838	0.602325	-0.060746	0.108349	2.510000
839	0.565947	0.224953	-0.085586	2.510000
840	0.608714	-0.070484	0.052197	2.510000
841	0.613521	0.042613	0.000940	2.510000
842	0.598075	-0.030095	0.140093	2.510000
843	0.590600	0.097039	-0.141420	2.510000
844	0.542955	0.177970	0.227490	2.510000
845	0.565037	0.233107	-0.067968	2.510000
846	0.608316	-0.083372	0.035010	2.510000
847	0.577442	0.097698	0.187724	2.510000
848	0.598428	-0.055127	0.130652	2.510000
849	0.578769	0.092746	0.186143	2.510000
850	0.451835	0.384701	-0.161478	2.510000
