1	0.590399	0.071498	0.156660	2.010000
2	0.462946	0.399618	-0.064897	2.010000
3	0.552637	0.211353	-0.167771	2.010000
4	0.606691	-0.082293	-0.058123	2.010000
5	0.611839	0.040301	-0.047472	2.010000
6	0.594500	0.131691	-0.086326	2.010000
7	0.556190	-0.250379	-0.078662	2.010000
8	0.610074	0.053629	-0.056203	2.010000
9	0.575336	0.052006	0.210970	2.010000
10	0.490313	0.146922	-0.340929	2.010000
11	0.611143	0.012852	-0.067555	2.010000
12	0.567950	0.094760	-0.216052	2.010000
13	0.612864	0.031874	0.040085	2.010000
14	0.591231	0.088556	-0.144322	2.010000
15	0.611311	-0.013478	-0.065891	2.010000
16	0.610836	-0.032369	-0.063693	2.010000
17	0.593663	-0.137478	0.082999	2.010000
18	0.601141	-0.109423	-0.069863	2.010000
19	0.560520	-0.248965	0.045375	2.010000
20	0.603032	0.012221	0.120115	2.010000
21	0.604552	-0.033943	0.107654	2.010000
22	0.570544	0.135320	-0.185454	2.010000
23	0.522772	0.213497	0.243626	2.010000
24	0.609086	0.081439	0.024627	2.010000
25	0.538365	0.288994	0.069788	2.010000
26	0.532095	0.233994	-0.200864	2.010000
27	0.579869	0.204794	0.006067	2.010000
28	0.580263	-0.148414	0.139616	2.010000
29	0.584091	0.036953	-0.188938	2.010000
30	0.610902	0.050582	-0.049646	2.010000
31	0.568708	-0.153898	0.176384	2.010000
32	0.583410	-0.187091	0.053431	2.010000
33	0.525398	0.230990	0.220964	2.010000
34	0.576261	0.205258	-0.063384	2.010000
35	0.575187	0.186591	0.112109	2.010000
36	0.531605	0.208759	0.228125	2.010000
37	0.524131	0.000244	-0.321733	2.010000
38	0.514921	-0.002842	0.336263	2.010000
39	0.596223	-0.018704	0.149642	2.010000
40	0.575231	0.212946	-0.044591	2.010000
41	0.600974	0.107220	-0.074562	2.010000
42	0.580972	0.197066	-0.043146	2.010000
43	0.552339	0.258055	-0.080962	2.010000
44	0.574845	0.065060	-0.208675	2.010000
45	0.596297	0.052675	-0.140997	2.010000
46	0.562559	-0.217895	-0.119476	2.010000
47	0.594637	0.020051	-0.155661	2.010000
48	0.576964	-0.203355	0.063126	2.010000
49	0.527900	-0.307253	0.071709	2.010000
50	0.609453	-0.015432	-0.080957	2.010000
51	0.571510	0.141529	0.177682	2.010000
52	0.582568	-0.187690	-0.060097	2.010000
53	0.609150	-0.082686	-0.018007	2.010000
54	0.614608	-0.000217	-0.021958	2.010000
55	0.602507	-0.107575	0.060314	2.010000
56	0.566874	-0.197192	-0.134145	2.010000
57	0.571243	-0.103596	-0.202915	2.010000
58	0.608277	0.070320	-0.057264	2.010000
59	0.576515	0.034396	-0.211358	2.010000
60	0.614332	-0.000071	0.028648	2.010000
61	0.605119	-0.080152	-0.075046	2.010000
62	0.598915	-0.109873	-0.086337	2.010000
63	0.614236	-0.030469	0.003206	2.010000
64	0.547070	-0.035241	-0.278742	2.010000
65	0.494224	-0.210432	0.299476	2.010000
66	0.544547	-0.271973	0.087889	2.010000
67	0.560733	-0.150773	0.202660	2.010000
68	0.606435	0.093857	0.040658	2.010000
69	0.610929	-0.058889	0.039025	2.010000
70	0.613685	0.033219	-0.022619	2.010000
71	0.582591	0.005386	0.196935	2.010000
72	0.529410	-0.032590	-0.311269	2.010000
73	0.594793	0.139368	-0.070875	2.010000
74	0.595966	0.151750	0.004680	2.010000
75	0.588655	-0.084258	0.156879	2.010000
76	0.579484	0.191189	0.076615	2.010000
77	0.613396	-0.040519	0.018119	2.010000
78	0.578696	-0.051642	-0.201666	2.010000
79	0.601510	-0.098159	-0.082316	2.010000
80	0.586933	0.165558	0.079528	2.010000
81	0.613896	0.015774	-0.033287	2.010000
82	0.549424	-0.064906	-0.268599	2.010000
83	0.587472	-0.159929	0.086744	2.010000
84	0.574913	0.102097	0.193069	2.010000
85	0.594651	-0.156850	-0.003600	2.010000
86	0.577734	-0.060924	-0.201834	2.010000
87	0.587656	-0.135454	0.120570	2.010000
88	0.536146	-0.293308	-0.068870	2.010000
89	0.516582	-0.202820	0.265013	2.010000
90	0.555207	0.238330	0.114757	2.010000
91	0.602665	-0.024176	-0.120146	2.010000
92	0.609971	-0.022237	-0.075271	2.010000
93	0.605816	-0.055498	0.090178	2.010000
94	0.609777	0.066765	0.044036	2.010000
95	0.609319	0.027383	-0.078779	2.010000
96	0.591725	-0.005886	0.167486	2.010000
97	0.599691	-0.082743	0.108395	2.010000
98	0.540691	-0.268729	0.116889	2.010000
99	0.582646	-0.174520	0.091059	2.010000
100	0.505185	-0.137164	-0.322798	2.010000
101	0.537715	-0.288097	-0.078022	2.010000
102	0.613871	0.034844	0.013151	2.010000
103	0.611188	-0.046030	-0.050558	2.010000
104	0.613415	0.037672	0.022962	2.010000
105	0.555787	-0.262909	-0.014293	2.010000
106	0.596072	-0.080836	-0.128019	2.010000
107	0.605940	-0.032256	0.100103	2.010000
108	0.610803	-0.065616	0.028969	2.010000
109	0.577657	0.070602	0.198879	2.010000
110	0.605704	-0.106426	0.004671	2.010000
111	0.594265	-0.110461	-0.113457	2.010000
112	0.564962	0.032909	-0.240748	2.010000
113	0.608357	-0.090085	0.003376	2.010000
114	0.570861	-0.158710	0.164783	2.010000
115	0.601191	-0.064033	0.112666	2.010000
116	0.594846	0.144459	-0.059288	2.010000
117	0.477301	-0.234656	0.308780	2.010000
118	0.610844	-0.042517	0.057333	2.010000
119	0.544283	0.258309	-0.123519	2.010000
120	0.602096	0.099419	-0.076299	2.010000
121	0.597799	-0.005457	-0.144332	2.010000
122	0.581349	0.124624	-0.157249	2.010000
123	0.590109	-0.172459	-0.015935	2.010000
124	0.610553	0.040313	0.061842	2.010000
125	0.584304	-0.142443	-0.128545	2.010000
126	0.614536	0.012091	-0.020593	2.010000
127	0.594764	0.139685	-0.070488	2.010000
128	0.566541	0.145500	-0.189962	2.010000
129	0.595580	-0.153263	-0.004388	2.010000
130	0.611961	-0.024683	-0.055858	2.010000
131	0.565046	0.242783	-0.002071	2.010000
132	0.600186	0.023790	0.132044	2.010000
133	0.598832	-0.055456	-0.128647	2.010000
134	0.598832	0.064713	0.124247	2.010000
135	0.609562	0.015109	0.080191	2.010000
136	0.601755	0.017718	-0.125707	2.010000
137	0.601201	0.016908	-0.128439	2.010000
138	0.594983	0.067597	0.140183	2.010000
139	0.558571	0.256916	0.014756	2.010000
140	0.545042	0.195265	0.207426	2.010000
141	0.614268	0.029832	-0.003212	2.010000
142	0.600322	-0.114680	-0.068459	2.010000
143	0.606562	0.055505	-0.085012	2.010000
144	0.590144	0.157803	0.071088	2.010000
145	0.589822	0.070820	0.159122	2.010000
146	0.611022	0.065385	0.024543	2.010000
147	0.594696	0.084622	0.131913	2.010000
148	0.596348	0.100953	-0.111364	2.010000
149	0.564576	0.213733	0.117463	2.010000
150	0.593362	-0.075803	-0.142829	2.010000
151	0.614710	0.017562	0.006938	2.010000
152	0.606656	0.078159	0.063914	2.010000
153	0.601148	-0.104547	0.076920	2.010000
154	0.578560	0.203314	0.046445	2.010000
155	0.605495	0.056084	-0.091955	2.010000
156	0.547719	0.170617	-0.221628	2.010000
157	0.559847	-0.070594	-0.244567	2.010000
158	0.588755	-0.177242	-0.013342	2.010000
159	0.602330	-0.100529	-0.072923	2.010000
160	0.592094	0.084151	0.143415	2.010000
161	0.613592	-0.041559	0.001504	2.010000
162	0.601801	-0.103625	0.072953	2.010000
163	0.577072	-0.208284	0.042785	2.010000
164	0.551076	-0.257700	-0.090173	2.010000
165	0.590516	-0.032867	-0.168629	2.010000
166	0.550594	-0.223615	0.158328	2.010000
167	0.559876	-0.157613	-0.199804	2.010000
168	0.576146	-0.214410	-0.017581	2.010000
169	0.601030	0.101064	-0.082305	2.010000
170	0.591026	-0.018131	-0.169071	2.010000
171	0.611296	-0.044290	-0.050804	2.010000
172	0.613217	-0.008155	0.046075	2.010000
173	0.560604	-0.044228	-0.248981	2.010000
174	0.613549	0.032823	-0.026561	2.010000
175	0.611632	-0.060693	0.021149	2.010000
176	0.593295	-0.038737	0.157242	2.010000
177	0.586835	0.086871	0.162183	2.010000
178	0.588816	-0.174016	-0.035196	2.010000
179	0.556680	0.169535	0.198973	2.010000
180	0.596325	0.099625	-0.112676	2.010000
181	0.590378	-0.146864	-0.090053	2.010000
182	0.561398	-0.246339	-0.048724	2.010000
183	0.578194	-0.144592	-0.151692	2.010000
184	0.603628	-0.114993	-0.025187	2.010000
185	0.610106	0.076636	0.011062	2.010000
186	0.599593	-0.129795	0.043199	2.010000
187	0.578914	-0.105913	-0.178512	2.010000
188	0.576169	-0.207786	0.055492	2.010000
189	0.579807	-0.112335	0.171550	2.010000
190	0.601275	-0.010783	-0.128754	2.010000
191	0.593585	0.085319	0.136393	2.010000
192	0.587793	0.048980	0.174142	2.010000
193	0.612489	0.041983	0.036320	2.010000
194	0.603060	0.113339	-0.041205	2.010000
195	0.599892	-0.135270	0.007539	2.010000
196	0.575102	-0.204364	-0.075619	2.010000
197	0.550588	-0.239351	0.133375	2.010000
198	0.603360	-0.118259	0.014041	2.010000
199	0.612838	-0.049910	0.012794	2.010000
200	0.593746	-0.076177	-0.141026	2.010000
201	0.594991	0.128737	-0.087396	2.010000
202	0.607380	-0.082909	-0.049400	2.010000
203	0.605138	-0.107187	-0.023317	2.010000
204	0.594958	-0.089605	-0.127361	2.010000
205	0.606632	0.096267	-0.030901	2.010000
206	0.604802	-0.040129	-0.104061	2.010000
207	0.580163	-0.201436	0.032552	2.010000
208	0.557709	-0.240358	0.097026	2.010000
209	0.562892	-0.232745	-0.084894	2.010000
210	0.591263	0.121326	0.117954	2.010000
211	0.598339	0.056644	0.130411	2.010000
212	0.590381	0.048203	-0.165384	2.010000
213	0.599281	-0.064732	0.122052	2.010000
214	0.608802	-0.050050	-0.071277	2.010000
215	0.607827	-0.017072	-0.092087	2.010000
216	0.564487	0.230593	-0.080039	2.010000
217	0.611858	-0.057146	-0.024261	2.010000
218	0.588494	0.020764	-0.177395	2.010000
219	0.608756	0.035393	-0.079927	2.010000
220	0.589268	-0.145518	0.099059	2.010000
221	0.609774	-0.075348	0.026892	2.010000
222	0.581481	0.048700	0.194251	2.010000
223	0.553434	0.013424	-0.267872	2.010000
224	0.597796	0.126231	-0.070215	2.010000
225	0.599843	0.130923	-0.035677	2.010000
226	0.601182	0.027701	-0.126639	2.010000
227	0.606427	-0.008756	-0.101953	2.010000
228	0.591771	-0.009650	-0.167150	2.010000
229	0.597653	0.129862	0.064587	2.010000
230	0.585995	-0.181608	0.043047	2.010000
231	0.565602	-0.051829	-0.235867	2.010000
232	0.605172	-0.105921	-0.027796	2.010000
233	0.599962	0.072700	0.113953	2.010000
234	0.596969	0.071794	0.129221	2.010000
235	0.604242	-0.071863	-0.089177	2.010000
236	0.611582	0.029735	-0.057522	2.010000
237	0.548579	0.227436	0.159872	2.010000
238	0.601342	0.128830	0.003886	2.010000
239	0.613010	-0.028397	0.040465	2.010000
240	0.567733	0.235200	-0.024196	2.010000
241	0.572689	-0.222397	-0.028133	2.010000
242	0.591460	-0.129887	0.107373	2.010000
243	0.604619	0.035878	-0.106645	2.010000
244	0.610928	0.052721	-0.047039	2.010000
245	0.595693	0.094232	0.120397	2.010000
246	0.599664	-0.117444	0.069531	2.010000
247	0.604246	0.068430	0.091809	2.010000
248	0.610841	0.070471	0.011504	2.010000
249	0.614010	-0.028855	0.019592	2.010000
250	0.590080	-0.155672	0.076134	2.010000
251	0.606062	0.027097	-0.100895	2.010000
252	0.586696	0.061330	0.173929	2.010000
253	0.605522	0.107309	0.007298	2.010000
254	0.589367	0.050365	-0.168331	2.010000
255	0.585534	-0.048973	0.181595	2.010000
256	0.606285	0.017770	-0.101626	2.010000
257	0.556082	0.179948	-0.191353	2.010000
258	0.587119	0.013893	-0.182548	2.010000
259	0.613726	-0.004162	0.039342	2.010000
260	0.614563	-0.016704	-0.016072	2.010000
261	0.612591	-0.008831	0.053663	2.010000
262	0.610148	-0.044147	-0.063213	2.010000
263	0.597566	0.080081	0.121355	2.010000
264	0.614971	-0.002619	0.005350	2.010000
265	0.547283	-0.280451	-0.007281	2.010000
266	0.577503	0.030053	-0.209314	2.010000
267	0.573407	-0.005162	-0.222268	2.010000
268	0.518764	-0.221214	-0.245301	2.010000
269	0.508882	-0.342154	0.046854	2.010000
270	0.602057	-0.028935	0.122127	2.010000
271	0.597765	-0.057526	0.132638	2.010000
272	0.573978	-0.085899	-0.203458	2.010000
273	0.614507	0.006584	0.023729	2.010000
274	0.596298	0.119058	0.092083	2.010000
275	0.603929	-0.033513	-0.111229	2.010000
276	0.536657	0.115003	-0.277487	2.010000
277	0.608869	-0.017013	-0.084934	2.010000
278	0.609561	-0.081354	-0.006462	2.010000
279	0.584747	-0.185286	0.044327	2.010000
280	0.611721	0.038353	-0.050508	2.010000
281	0.613240	-0.045327	0.010340	2.010000
282	0.602059	-0.040377	0.118826	2.010000
283	0.597125	0.029393	0.144232	2.010000
284	0.601170	-0.004763	-0.129601	2.010000
285	0.609566	-0.077826	-0.024441	2.010000
286	0.494392	0.160585	-0.328655	2.010000
287	0.609054	-0.083269	-0.018552	2.010000
288	0.610317	0.072641	-0.021482	2.010000
289	0.567005	0.126762	0.201648	2.010000
290	0.602012	-0.073987	-0.101650	2.010000
291	0.568924	-0.233497	0.005496	2.010000
292	0.612445	0.037103	0.041948	2.010000
293	0.612975	-0.010982	-0.048637	2.010000
294	0.604968	0.057836	0.094306	2.010000
295	0.604002	0.026297	-0.112759	2.010000
296	0.538268	-0.297145	0.014063	2.010000
297	0.612481	-0.053034	-0.016714	2.010000
298	0.594918	-0.154957	-0.016917	2.010000
299	0.610804	0.024648	-0.067350	2.010000
300	0.604962	-0.024155	0.107991	2.010000
301	0.609348	-0.040394	-0.072718	2.010000
302	0.574920	-0.146379	0.162064	2.010000
303	0.594033	0.028872	0.156578	2.010000
304	0.607049	-0.074143	-0.064957	2.010000
305	0.597227	-0.069235	-0.129426	2.010000
306	0.568443	-0.180275	0.150329	2.010000
307	0.591928	0.166864	0.001758	2.010000
308	0.611314	-0.067231	-0.000500	2.010000
309	0.609489	0.039533	0.072012	2.010000
310	0.591522	-0.164731	-0.034511	2.010000
311	0.607947	-0.091778	-0.014204	2.010000
312	0.596883	0.148150	-0.002647	2.010000
313	0.568612	-0.224445	0.067305	2.010000
314	0.565196	-0.242186	-0.011162	2.010000
315	0.538005	-0.295554	-0.037728	2.010000
316	0.572340	-0.215059	0.066341	2.010000
317	0.565476	-0.221164	0.097713	2.010000
318	0.587246	-0.129941	0.128385	2.010000
319	0.607884	-0.018913	0.091351	2.010000
320	0.611570	-0.056508	0.031849	2.010000
321	0.580523	-0.201826	-0.022004	2.010000
322	0.568021	0.215682	-0.095175	2.010000
323	0.580385	0.203297	-0.006994	2.010000
324	0.604042	0.097619	-0.061877	2.010000
325	0.577434	0.209184	-0.032205	2.010000
326	0.599055	-0.133208	-0.040178	2.010000
327	0.597753	0.008385	0.144382	2.010000
328	0.611232	-0.067904	0.003072	2.010000
329	0.614836	0.005776	0.012963	2.010000
330	0.594909	-0.070759	-0.138929	2.010000
331	0.591292	0.079387	-0.149321	2.010000
332	0.568012	0.086030	-0.219513	2.010000
333	0.603760	0.009678	-0.116640	2.010000
334	0.566842	-0.139299	-0.193678	2.010000
335	0.605334	0.097860	-0.047109	2.010000
336	0.556672	0.132390	0.225419	2.010000
337	0.609899	0.016088	-0.077387	2.010000
338	0.609210	0.047088	0.069796	2.010000
339	0.598971	0.131803	0.045683	2.010000
340	0.608845	-0.050333	-0.070709	2.010000
341	0.595538	0.076273	-0.133201	2.010000
342	0.609744	-0.046521	-0.065371	2.010000
343	0.592728	0.115838	0.116101	2.010000
344	0.590113	0.171713	-0.022506	2.010000
345	0.602031	0.050469	-0.115048	2.010000
346	0.591323	-0.033653	0.165618	2.010000
347	0.589408	0.142005	0.103237	2.010000
348	0.614790	-0.000418	0.016046	2.010000
349	0.612950	-0.022470	0.044862	2.010000
350	0.561674	0.112851	0.223632	2.010000
351	0.606662	0.081942	0.058918	2.010000
352	0.609900	0.053984	-0.057730	2.010000
353	0.585888	0.127020	0.137208	2.010000
354	0.611896	0.061305	-0.007086	2.010000
355	0.593667	0.037737	0.156077	2.010000
356	0.591943	-0.044768	0.160700	2.010000
357	0.604132	0.065712	0.094508	2.010000
358	0.532780	0.180699	-0.248431	2.010000
359	0.600804	0.092302	0.093488	2.010000
360	0.611733	-0.055461	-0.030521	2.010000
361	0.607901	-0.013965	0.092124	2.010000
362	0.606896	-0.083775	0.053699	2.010000
363	0.606966	0.095191	-0.027483	2.010000
364	0.592446	0.047540	-0.158029	2.010000
365	0.613959	-0.016482	0.031750	2.010000
366	0.605549	-0.066612	-0.084253	2.010000
367	0.610076	-0.062303	-0.046371	2.010000
368	0.482374	-0.134061	-0.357167	2.010000
369	0.555361	0.076964	-0.252737	2.010000
370	0.565439	-0.232284	0.067439	2.010000
371	0.532964	-0.227995	0.205408	2.010000
372	0.602598	-0.077496	-0.095369	2.010000
373	0.593790	0.003171	-0.160089	2.010000
374	0.609884	-0.003966	-0.079063	2.010000
375	0.603116	0.103151	0.061936	2.010000
376	0.595181	-0.088293	-0.127234	2.010000
377	0.577506	-0.064326	-0.201431	2.010000
378	0.551305	-0.158605	-0.221658	2.010000
379	0.594394	-0.127097	0.093636	2.010000
380	0.601058	-0.129911	-0.008810	2.010000
381	0.607227	-0.077857	-0.058638	2.010000
382	0.605065	-0.110053	0.003158	2.010000
383	0.597969	0.105988	0.097081	2.010000
384	0.583308	0.105251	0.164009	2.010000
385	0.575034	-0.067969	-0.207223	2.010000
386	0.604710	0.081799	-0.076547	2.010000
387	0.577981	-0.194766	0.078921	2.010000
388	0.602998	-0.108861	-0.052609	2.010000
389	0.573924	0.025993	-0.219455	2.010000
390	0.610917	0.007563	-0.070347	2.010000
391	0.604736	-0.105191	0.038132	2.010000
392	0.573444	0.213471	0.061780	2.010000
393	0.593679	0.152060	0.051453	2.010000
394	0.599514	-0.024059	-0.135015	2.010000
395	0.591960	-0.153235	0.065786	2.010000
396	0.609319	0.069672	-0.045838	2.010000
397	0.611529	0.061806	-0.020899	2.010000
398	0.603613	-0.076262	0.089778	2.010000
399	0.614306	-0.028958	0.003762	2.010000
400	0.600867	-0.013615	0.130380	2.010000
401	0.613637	-0.039764	0.009668	2.010000
402	0.602692	0.001973	-0.122405	2.010000
403	0.600481	0.032910	-0.128702	2.010000
404	0.589127	-0.130249	-0.119122	2.010000
405	0.595490	-0.137871	-0.067880	2.010000
406	0.611554	-0.054421	0.035570	2.010000
407	0.605802	-0.028220	0.102139	2.010000
408	0.600652	-0.072112	-0.110646	2.010000
409	0.598567	-0.141216	0.000346	2.010000
410	0.537862	-0.287819	-0.078039	2.010000
411	0.597900	-0.143773	0.008367	2.010000
412	0.596813	-0.147450	-0.017251	2.010000
413	0.611140	0.016696	-0.066742	2.010000
414	0.585872	-0.159507	0.097652	2.010000
415	0.613489	-0.000173	0.043083	2.010000
416	0.606621	0.079162	-0.063003	2.010000
417	0.552595	-0.210622	-0.168825	2.010000
418	0.525715	-0.294036	0.124063	2.010000
419	0.507728	-0.279208	0.206108	2.010000
420	0.590324	-0.166711	-0.044158	2.010000
421	0.557233	-0.202253	0.163738	2.010000
422	0.598154	-0.035234	0.138546	2.010000
423	0.572167	0.101823	0.201201	2.010000
424	0.612979	-0.042876	0.025375	2.010000
425	0.511264	0.025477	0.340859	2.010000
426	0.505126	0.340792	-0.083270	2.010000
427	0.551227	0.021987	-0.271828	2.010000
428	0.609966	0.035212	0.070187	2.010000
429	0.564128	-0.244918	0.000616	2.010000
430	0.584615	0.142871	-0.126640	2.010000
431	0.597919	0.129794	-0.062216	2.010000
432	0.565538	0.240306	0.025402	2.010000
433	0.539943	-0.082926	-0.282507	2.010000
434	0.605038	-0.019488	-0.108508	2.010000
435	0.601991	-0.074233	-0.101594	2.010000
436	0.576313	0.030024	-0.212571	2.010000
437	0.584233	0.185939	0.048203	2.010000
438	0.612384	-0.014005	-0.054903	2.010000
439	0.600108	0.041142	-0.128073	2.010000
440	0.600356	-0.031248	-0.129697	2.010000
441	0.605410	-0.059732	0.090202	2.010000
442	0.599265	0.095543	-0.099890	2.010000
443	0.545715	0.112979	-0.260107	2.010000
444	0.564893	-0.240322	-0.036971	2.010000
445	0.600712	-0.088409	0.097743	2.010000
446	0.576341	0.074040	0.201431	2.010000
447	0.606541	0.059534	-0.082397	2.010000
448	0.597278	0.059765	-0.133835	2.010000
449	0.608012	-0.090422	0.019255	2.010000
450	0.595652	-0.123176	0.090836	2.010000
451	0.612873	-0.044192	0.025674	2.010000
452	0.576445	0.112323	-0.182537	2.010000
453	0.610125	-0.073673	0.023333	2.010000
454	0.585096	-0.188454	0.019315	2.010000
455	0.612559	0.024813	-0.048792	2.010000
456	0.612351	-0.013445	-0.055414	2.010000
457	0.598359	0.103243	0.097636	2.010000
458	0.612705	0.015168	-0.050865	2.010000
459	0.598770	0.106071	0.091917	2.010000
460	0.611696	-0.022049	-0.059723	2.010000
461	0.613582	0.010667	0.040355	2.010000
462	0.578358	0.155684	-0.139605	2.010000
463	0.602059	0.125351	-0.006096	2.010000
464	0.607400	-0.093942	0.021557	2.010000
465	0.577697	0.210636	0.011110	2.010000
466	0.563602	0.009844	-0.245928	2.010000
467	0.613270	0.033017	-0.032171	2.010000
468	0.604590	0.005621	0.112538	2.010000
469	0.600709	0.131353	-0.010983	2.010000
470	0.602408	-0.113475	-0.049528	2.010000
471	0.612045	0.055845	0.022524	2.010000
472	0.572164	0.133344	0.181859	2.010000
473	0.589992	0.088098	-0.149576	2.010000
474	0.611584	0.018031	0.062169	2.010000
475	0.595570	0.010771	0.152989	2.010000
476	0.608053	-0.092006	0.005596	2.010000
477	0.601421	-0.127112	0.018971	2.010000
478	0.564121	0.184221	-0.161416	2.010000
479	0.614797	-0.003374	-0.015420	2.010000
480	0.568607	-0.205441	-0.112718	2.010000
481	0.609041	-0.044777	0.072725	2.010000
482	0.614650	-0.010747	0.017761	2.010000
483	0.580273	-0.177846	-0.099393	2.010000
484	0.573515	0.006878	-0.221942	2.010000
485	0.605052	0.031270	0.105640	2.010000
486	0.588585	0.057301	-0.168846	2.010000
487	0.611174	0.040327	-0.055366	2.010000
488	0.496787	-0.294183	-0.211858	2.010000
489	0.604208	-0.114122	-0.011563	2.010000
490	0.614598	-0.013866	0.017364	2.010000
491	0.609679	-0.070837	0.038710	2.010000
492	0.602051	-0.121089	-0.033114	2.010000
493	0.603132	-0.111309	-0.045460	2.010000
494	0.613566	-0.041823	0.003582	2.010000
495	0.606979	0.079237	-0.059353	2.010000
496	0.602108	-0.114114	0.051663	2.010000
497	0.603084	-0.102929	-0.062615	2.010000
498	0.606827	0.090490	-0.042399	2.010000
499	0.602861	-0.073542	-0.096824	2.010000
500	0.606006	0.100509	-0.029651	2.010000
501	0.584989	0.042712	0.184900	2.010000
502	0.571829	-0.212386	0.078287	2.010000
503	0.600320	0.015417	0.132678	2.010000
504	0.610335	-0.043761	0.061654	2.010000
505	0.608879	0.022252	-0.083641	2.010000
506	0.610792	-0.013809	-0.070483	2.010000
507	0.583215	0.014306	0.194629	2.010000
508	0.611186	0.063240	0.026016	2.010000
509	0.583222	0.171887	0.092372	2.010000
510	0.591888	0.038954	0.162408	2.010000
511	0.592146	0.097487	0.134479	2.010000
512	0.612879	-0.009790	-0.050080	2.010000
513	0.589257	-0.154996	0.083529	2.010000
514	0.610936	0.066913	-0.022469	2.010000
515	0.611816	0.036200	0.050953	2.010000
516	0.565428	-0.111943	-0.214440	2.010000
517	0.567919	-0.235917	0.005991	2.010000
518	0.608009	-0.052888	-0.075848	2.010000
519	0.611973	-0.055617	0.024908	2.010000
520	0.610400	-0.061134	0.043588	2.010000
521	0.612242	-0.056527	0.013748	2.010000
522	0.614301	0.010101	0.027510	2.010000
523	0.586387	-0.075113	-0.169511	2.010000
524	0.609086	0.065276	0.054574	2.010000
525	0.612837	-0.051500	0.001796	2.010000
526	0.538039	-0.261437	0.142793	2.010000
527	0.588866	-0.074910	0.160779	2.010000
528	0.591035	-0.168661	0.021355	2.010000
529	0.613942	-0.023793	-0.027104	2.010000
530	0.585890	-0.181353	-0.045486	2.010000
531	0.605458	-0.025333	-0.104900	2.010000
532	0.598259	-0.051121	0.133033	2.010000
533	0.584875	-0.170990	0.083121	2.010000
534	0.489002	-0.180040	0.326631	2.010000
535	0.567607	-0.236624	-0.007464	2.010000
536	0.537891	-0.273621	-0.118449	2.010000
537	0.600362	-0.037004	0.128146	2.010000
538	0.568483	-0.234585	-0.004721	2.010000
539	0.571645	-0.204163	0.098813	2.010000
540	0.600523	-0.131673	0.016090	2.010000
541	0.598454	0.038496	0.136364	2.010000
542	0.598715	0.036508	0.135766	2.010000
543	0.575819	-0.016027	-0.215407	2.010000
544	0.610118	0.053608	-0.055745	2.010000
545	0.601061	0.014322	-0.129405	2.010000
546	0.614539	-0.012730	0.020111	2.010000
547	0.576800	-0.094423	-0.191341	2.010000
548	0.574231	-0.089796	0.201048	2.010000
549	0.586088	0.072462	-0.171683	2.010000
550	0.602354	0.076930	0.097347	2.010000
551	0.612351	-0.054379	-0.017158	2.010000
552	0.593529	0.065932	0.146972	2.010000
553	0.608074	0.020158	0.089805	2.010000
554	0.590866	-0.018478	-0.169592	2.010000
555	0.598114	-0.072478	-0.123418	2.010000
556	0.606744	0.050107	-0.087042	2.010000
557	0.597280	-0.128608	-0.070296	2.010000
558	0.603935	-0.089033	-0.074572	2.010000
559	0.603350	-0.044134	0.110664	2.010000
560	0.557341	0.051053	0.254931	2.010000
561	0.607485	0.008563	0.095468	2.010000
562	0.608778	0.036815	-0.079112	2.010000
563	0.550485	0.007616	-0.274104	2.010000
564	0.583453	0.114397	0.157228	2.010000
565	0.587358	-0.180911	0.022510	2.010000
566	0.614937	0.005381	0.006985	2.010000
567	0.606569	0.093219	0.040115	2.010000
568	0.600770	0.017024	0.130426	2.010000
569	0.503218	0.344391	-0.079946	2.010000
570	0.588878	-0.154778	0.086550	2.010000
571	0.602066	0.011664	-0.124922	2.010000
572	0.613837	0.025503	0.027906	2.010000
573	0.564760	0.201279	0.136959	2.010000
574	0.603207	0.077254	0.091641	2.010000
575	0.571736	0.220984	0.050091	2.010000
576	0.602034	0.090857	0.086744	2.010000
577	0.601661	0.126960	-0.010494	2.010000
578	0.603393	0.097364	-0.068279	2.010000
579	0.613215	0.026209	-0.038805	2.010000
580	0.601596	0.011658	0.127167	2.010000
581	0.606638	0.046283	-0.089850	2.010000
582	0.605340	0.030665	-0.104157	2.010000
583	0.614672	-0.002803	0.019875	2.010000
584	0.601974	0.124015	-0.021752	2.010000
585	0.591693	-0.126825	-0.109728	2.010000
586	0.594660	0.156263	-0.013663	2.010000
587	0.603199	-0.050648	-0.108678	2.010000
588	0.614142	0.021158	-0.024629	2.010000
589	0.608856	-0.086303	0.008462	2.010000
590	0.594743	0.063062	-0.143278	2.010000
591	0.592258	-0.005360	-0.165609	2.010000
592	0.587925	-0.175931	-0.040217	2.010000
593	0.585404	-0.177038	-0.064688	2.010000
594	0.608645	-0.075670	-0.045275	2.010000
595	0.611299	-0.067353	0.001627	2.010000
596	0.596284	0.090836	0.120079	2.010000
597	0.579151	0.197289	-0.062338	2.010000
598	0.588350	-0.162574	-0.075093	2.010000
599	0.603105	0.013582	-0.119601	2.010000
600	0.598747	-0.091714	0.106373	2.010000
601	0.589441	-0.175134	-0.010614	2.010000
602	0.604194	0.111652	-0.026624	2.010000
603	0.611881	-0.050174	0.036176	2.010000
604	0.594382	0.153191	0.038301	2.010000
605	0.573248	0.211392	-0.070181	2.010000
606	0.596446	0.125558	-0.081929	2.010000
607	0.593616	-0.061610	0.148488	2.010000
608	0.594866	-0.151960	0.035607	2.010000
609	0.602374	-0.005109	0.123871	2.010000
610	0.576921	-0.101829	0.187131	2.010000
611	0.577657	0.103894	0.183693	2.010000
612	0.610795	-0.052572	-0.048891	2.010000
613	0.578208	-0.025661	-0.207947	2.010000
614	0.608915	0.043634	-0.074452	2.010000
615	0.605834	-0.098626	0.038254	2.010000
616	0.595571	-0.103900	-0.112805	2.010000
617	0.611562	-0.039450	0.051578	2.010000
618	0.574004	0.090049	0.201582	2.010000
619	0.606415	-0.100952	-0.017168	2.010000
620	0.613507	0.021685	-0.036927	2.010000
621	0.609178	0.080817	-0.024400	2.010000
622	0.599017	-0.139252	0.003632	2.010000
623	0.605091	-0.107717	-0.022072	2.010000
624	0.602407	-0.123581	-0.007642	2.010000
625	0.607559	-0.046759	-0.083128	2.010000
626	0.593702	-0.050139	-0.152411	2.010000
627	0.596639	-0.146712	-0.026889	2.010000
628	0.598981	-0.043627	0.132450	2.010000
629	0.592129	-0.142499	0.085453	2.010000
630	0.604611	0.078861	-0.080323	2.010000
631	0.548050	-0.200627	0.193947	2.010000
632	0.612940	-0.044992	0.022491	2.010000
633	0.587061	-0.139124	0.119283	2.010000
634	0.567989	-0.230457	0.050031	2.010000
635	0.566078	-0.225079	-0.084380	2.010000
636	0.594748	0.009497	0.156236	2.010000
637	0.603819	0.022464	0.114555	2.010000
638	0.599507	-0.104180	0.089233	2.010000
639	0.559324	0.246869	-0.066611	2.010000
640	0.612614	-0.040685	-0.035694	2.010000
641	0.588325	-0.075697	-0.162384	2.010000
642	0.605277	-0.027993	-0.105265	2.010000
643	0.604456	0.102639	-0.048201	2.010000
644	0.613956	-0.010703	0.034186	2.010000
645	0.579062	-0.198976	0.057625	2.010000
646	0.607625	-0.064943	-0.069279	2.010000
647	0.576156	0.147157	-0.156890	2.010000
648	0.571231	0.190804	-0.124556	2.010000
649	0.611471	-0.065751	0.002140	2.010000
650	0.604839	-0.072404	-0.084569	2.010000
651	0.606774	-0.069730	-0.072030	2.010000
652	0.606633	-0.088112	0.049581	2.010000
653	0.611493	0.014394	0.063983	2.010000
654	0.589690	-0.174348	-0.009679	2.010000
655	0.614252	-0.013599	-0.027091	2.010000
656	0.548185	0.154028	-0.232364	2.010000
657	0.546438	-0.003460	0.282167	2.010000
658	0.583555	-0.174237	0.085614	2.010000
659	0.555359	-0.092906	0.247326	2.010000
660	0.606160	0.068502	-0.078121	2.010000
661	0.600061	-0.036179	-0.129780	2.010000
662	0.585595	-0.154068	0.107547	2.010000
663	0.550352	0.090934	-0.258975	2.010000
664	0.597643	0.095459	0.109249	2.010000
665	0.589360	0.091534	0.150005	2.010000
666	0.503864	0.350856	-0.035302	2.010000
667	0.607232	-0.066517	-0.071205	2.010000
668	0.592424	0.140269	0.087086	2.010000
669	0.593892	-0.085592	-0.134876	2.010000
670	0.596966	-0.070165	-0.130128	2.010000
671	0.597575	0.112845	0.091622	2.010000
672	0.596717	-0.031575	-0.145454	2.010000
673	0.543012	0.285055	-0.045894	2.010000
674	0.600896	0.049272	0.121332	2.010000
675	0.572309	0.202130	0.099152	2.010000
676	0.606131	0.101869	0.021290	2.010000
677	0.609838	-0.015881	0.077916	2.010000
678	0.574430	-0.212636	-0.055146	2.010000
679	0.612744	0.010301	0.051616	2.010000
680	0.612491	0.033850	0.043981	2.010000
681	0.614394	0.022257	-0.015818	2.010000
682	0.594198	0.151840	-0.045801	2.010000
683	0.610099	-0.075297	0.018288	2.010000
684	0.588316	-0.118376	0.134523	2.010000
685	0.611730	-0.031098	0.055173	2.010000
686	0.540983	0.257325	-0.139091	2.010000
687	0.593710	0.056891	-0.149989	2.010000
688	0.609826	-0.065531	0.045202	2.010000
689	0.607841	-0.071735	0.060069	2.010000
690	0.600112	0.069140	-0.115371	2.010000
691	0.613263	0.045919	0.005011	2.010000
692	0.568919	0.222138	0.072191	2.010000
693	0.591706	-0.020345	-0.166418	2.010000
694	0.601207	-0.090200	0.092947	2.010000
695	0.598359	-0.133633	0.048308	2.010000
696	0.613739	0.024013	0.031197	2.010000
697	0.588827	-0.175902	0.023796	2.010000
698	0.614687	-0.019522	-0.002001	2.010000
699	0.574256	0.002447	-0.220111	2.010000
700	0.598595	0.064493	0.125499	2.010000
701	0.593732	-0.039000	-0.155521	2.010000
702	0.598305	-0.122076	-0.073170	2.010000
703	0.591541	-0.159253	-0.054244	2.010000
704	0.576770	-0.007000	0.213336	2.010000
705	0.567235	0.062907	0.229155	2.010000
706	0.610695	0.057915	-0.043840	2.010000
707	0.601135	0.019860	-0.128323	2.010000
708	0.590914	0.050609	0.162740	2.010000
709	0.593865	-0.061877	-0.147378	2.010000
710	0.601990	-0.118939	0.041071	2.010000
711	0.536387	0.252805	0.163108	2.010000
712	0.598014	0.140643	-0.028700	2.010000
713	0.602961	-0.048812	0.110818	2.010000
714	0.541687	-0.097722	0.274319	2.010000
715	0.596644	-0.069823	0.131778	2.010000
716	0.536019	0.094518	0.286313	2.010000
717	0.554178	0.038845	-0.263823	2.010000
718	0.594238	-0.042287	-0.152702	2.010000
719	0.603163	0.044930	-0.111356	2.010000
720	0.545593	0.170692	-0.226754	2.010000
721	0.606472	-0.081090	-0.061972	2.010000
722	0.604309	-0.042881	-0.105816	2.010000
723	0.544323	-0.153747	0.241452	2.010000
724	0.582791	0.053275	-0.189056	2.010000
725	0.602304	-0.110801	0.056377	2.010000
726	0.569830	0.007598	0.231216	2.010000
727	0.600401	0.100018	0.087980	2.010000
728	0.612830	0.033926	-0.038905	2.010000
729	0.526432	-0.259453	-0.183790	2.010000
730	0.606831	-0.084925	-0.052614	2.010000
731	0.604816	-0.033618	0.106263	2.010000
732	0.598665	-0.131585	0.050103	2.010000
733	0.601394	-0.119915	-0.046589	2.010000
734	0.595325	-0.062516	0.141087	2.010000
735	0.607753	0.086955	-0.036061	2.010000
736	0.612979	0.001961	-0.049781	2.010000
737	0.612340	0.012363	-0.055787	2.010000
738	0.559433	-0.252234	0.040472	2.010000
739	0.547258	-0.208935	0.187296	2.010000
740	0.609114	-0.082985	0.017849	2.010000
741	0.578748	-0.206002	0.028965	2.010000
742	0.559693	-0.252837	-0.032290	2.010000
743	0.606380	-0.075912	-0.069030	2.010000
744	0.608870	0.086235	0.008122	2.010000
745	0.526541	-0.161504	0.273671	2.010000
746	0.504395	0.041149	0.349453	2.010000
747	0.558372	0.078853	-0.245413	2.010000
748	0.524519	-0.317429	-0.048415	2.010000
749	0.550016	-0.240214	-0.134181	2.010000
750	0.455360	-0.023452	-0.412702	2.010000
751	0.589032	0.064486	-0.164645	2.010000
752	0.561436	-0.048991	0.246201	2.010000
753	0.600224	0.129414	0.034763	2.010000
754	0.603444	0.116933	0.020182	2.010000
755	0.581175	0.171367	-0.105328	2.010000
756	0.592027	0.105969	-0.128452	2.010000
757	0.562635	0.010091	-0.248124	2.010000
758	0.591981	-0.105505	-0.129044	2.010000
759	0.600192	-0.053587	-0.122976	2.010000
760	0.560245	-0.227880	0.111450	2.010000
761	0.606384	-0.099383	0.025419	2.010000
762	0.611016	-0.000107	0.069890	2.010000
763	0.613362	-0.031737	-0.031696	2.010000
764	0.568843	-0.026245	0.232279	2.010000
765	0.506363	0.071682	0.341589	2.010000
766	0.584884	-0.139954	-0.128642	2.010000
767	0.612944	0.022970	0.044687	2.010000
768	0.594508	-0.157349	0.005132	2.010000
769	0.561429	-0.240799	0.070977	2.010000
770	0.607808	0.023423	-0.090808	2.010000
771	0.586168	0.032224	0.183284	2.010000
772	0.599880	0.021359	0.133838	2.010000
773	0.567823	0.148410	0.183783	2.010000
774	0.595780	-0.089871	0.123264	2.010000
775	0.576277	0.101165	-0.189461	2.010000
776	0.425104	0.126954	0.425904	2.010000
777	0.603490	-0.116455	0.021519	2.010000
778	0.588360	0.041000	0.174289	2.010000
779	0.540625	0.237029	0.172530	2.010000
780	0.609001	-0.038252	-0.076680	2.010000
781	0.572527	0.110783	0.195358	2.010000
782	0.606219	0.011194	0.102949	2.010000
783	0.519604	0.067950	-0.321900	2.010000
784	0.524483	0.256808	0.192853	2.010000
785	0.573812	0.211349	-0.065545	2.010000
786	0.556408	0.134540	0.224798	2.010000
787	0.610132	0.038380	0.067018	2.010000
788	0.590760	-0.051367	-0.163061	2.010000
789	0.592146	0.159068	-0.047802	2.010000
790	0.591990	0.006339	-0.166533	2.010000
791	0.600623	-0.072623	0.110464	2.010000
792	0.605620	-0.106201	0.013053	2.010000
793	0.603381	0.016316	-0.117859	2.010000
794	0.613362	-0.011546	0.043350	2.010000
795	0.577509	-0.189228	-0.094347	2.010000
796	0.572761	-0.025466	0.222534	2.010000
797	0.610075	0.075054	-0.020011	2.010000
798	0.607269	0.059970	-0.076508	2.010000
799	0.591922	-0.093931	-0.137951	2.010000
800	0.598020	0.047337	0.135483	2.010000
801	0.610410	-0.073712	0.013819	2.010000
802	0.561327	-0.147052	-0.203746	2.010000
803	0.590440	-0.065810	-0.158980	2.010000
804	0.574817	-0.062148	0.209637	2.010000
805	0.572139	-0.206129	-0.091610	2.010000
806	0.580759	-0.168882	-0.111460	2.010000
807	0.598288	0.085507	-0.113866	2.010000
808	0.614073	0.015292	0.030094	2.010000
809	0.596125	-0.121724	-0.089684	2.010000
810	0.611490	-0.049894	-0.042609	2.010000
811	0.592695	0.092784	0.135384	2.010000
812	0.557865	-0.258738	0.008146	2.010000
813	0.589705	0.026939	0.172476	2.010000
814	0.573927	-0.220188	0.018723	2.010000
815	0.613762	0.000400	0.039008	2.010000
816	0.613287	0.040900	-0.020757	2.010000
817	0.561532	0.122837	-0.218672	2.010000
818	0.593854	0.019363	-0.158706	2.010000
819	0.505487	0.248906	0.246483	2.010000
820	0.526270	-0.188948	0.256053	2.010000
821	0.575094	0.089526	0.198688	2.010000
822	0.549060	-0.166303	0.221588	2.010000
823	0.613774	0.037690	0.009246	2.010000
824	0.582680	0.066149	0.185292	2.010000
825	0.613015	-0.019725	-0.045258	2.010000
826	0.608560	0.018142	0.086891	2.010000
827	0.569113	-0.177942	-0.150571	2.010000
828	0.583552	-0.188527	-0.046364	2.010000
829	0.606627	0.034171	0.095186	2.010000
830	0.521982	-0.289033	-0.149062	2.010000
831	0.597884	-0.125864	-0.070132	2.010000
832	0.451050	-0.373307	0.188205	2.010000
833	0.588365	-0.076366	0.161926	2.010000
834	0.614403	-0.022239	-0.015474	2.010000
835	0.599521	-0.137097	-0.002075	2.010000
836	0.610407	-0.054910	0.051122	2.010000
837	0.579861	-0.203865	-0.020620	2.010000
838	0.526940	-0.289756	0.128845	2.010000
839	0.587013	-0.172106	0.063405	2.010000
840	0.571529	-0.206914	0.093625	2.010000
841	0.608425	-0.010359	-0.089090	2.010000
842	0.579599	0.029367	0.203537	2.010000
843	0.581025	-0.134376	0.150261	2.010000
844	0.443732	-0.419484	0.073215	2.010000
845	0.564852	-0.166764	-0.177078	2.010000
846	0.456032	-0.307390	0.275267	2.010000
847	0.467045	-0.393583	0.072014	2.010000
848	0.576798	-0.107096	-0.184551	2.010000
849	0.611488	-0.031386	0.057642	2.010000
850	0.520716	0.084026	0.316259	2.010000
