1	-0.609778	0.061067	0.051636	-2.740000
2	-0.603414	-0.054801	-0.105422	-2.740000
3	-0.602146	-0.061374	-0.108989	-2.740000
4	-0.597880	0.131605	-0.058694	-2.740000
5	-0.614311	0.021140	0.020010	-2.740000
6	-0.593384	-0.159231	0.027672	-2.740000
7	-0.502219	-0.300782	0.188496	-2.740000
8	-0.535755	-0.236387	0.187918	-2.740000
9	-0.608263	0.089645	0.014330	-2.740000
10	-0.613459	-0.024790	-0.035756	-2.740000
11	-0.370627	-0.274378	0.406912	-2.740000
12	-0.583316	-0.162877	-0.106949	-2.740000
13	-0.614846	0.013483	0.002669	-2.740000
14	-0.603513	-0.081704	0.085563	-2.740000
15	-0.611420	0.010151	-0.065478	-2.740000
16	-0.601368	-0.121259	0.043335	-2.740000
17	-0.602316	0.063956	0.106539	-2.740000
18	-0.583949	0.055859	0.184684	-2.740000
19	-0.604757	0.014255	0.110862	-2.740000
20	-0.545810	-0.264632	-0.101424	-2.740000
21	-0.573850	-0.089618	0.202213	-2.740000
22	-0.602539	0.118719	0.032823	-2.740000
23	-0.595580	0.128505	0.083645	-2.740000
24	-0.604362	0.081375	-0.079688	-2.740000
25	-0.574477	0.217743	0.028096	-2.740000
26	-0.614800	-0.004575	0.014982	-2.740000
27	-0.534085	-0.221628	0.209426	-2.740000
28	-0.596465	-0.119613	-0.090260	-2.740000
29	-0.613753	0.037694	-0.010576	-2.740000
30	-0.605157	-0.032806	0.104565	-2.740000
31	-0.598556	-0.020283	0.139800	-2.740000
32	-0.605053	-0.008103	-0.109865	-2.740000
33	-0.544489	-0.275668	0.075920	-2.740000
34	-0.610069	0.077071	0.010060	-2.740000
35	-0.609674	-0.059150	0.054993	-2.740000
36	-0.596707	-0.118658	0.089923	-2.740000
37	-0.560919	0.225464	0.112962	-2.740000
38	-0.597938	0.139069	-0.036809	-2.740000
39	-0.581703	0.006861	0.199497	-2.740000
40	-0.516796	-0.332315	-0.026710	-2.740000
41	-0.563085	0.071290	0.236807	-2.740000
42	-0.596379	0.139713	-0.055110	-2.740000
43	-0.587340	0.015790	0.181679	-2.740000
44	-0.614849	-0.013334	-0.002864	-2.740000
45	-0.550844	-0.119991	-0.245760	-2.740000
46	-0.581182	-0.044877	0.196058	-2.740000
47	-0.554751	0.259701	0.055063	-2.740000
48	-0.570765	0.190766	0.126729	-2.740000
49	-0.567714	0.122080	0.202539	-2.740000
50	-0.606439	-0.041709	0.093365	-2.740000
51	-0.613031	0.042332	0.025027	-2.740000
52	-0.590898	0.124192	-0.116793	-2.740000
53	-0.577188	-0.108956	0.182231	-2.740000
54	-0.588713	0.177876	0.001539	-2.740000
55	-0.609411	0.082702	0.001769	-2.740000
56	-0.605093	0.106517	0.027236	-2.740000
57	-0.525003	0.273353	0.166957	-2.740000
58	-0.495831	0.363807	0.004580	-2.740000
59	-0.614340	-0.013549	0.025044	-2.740000
60	-0.566811	-0.146257	0.188571	-2.740000
61	-0.599019	0.060146	0.125633	-2.740000
62	-0.610424	-0.050949	-0.054878	-2.740000
63	-0.605803	-0.032860	-0.100736	-2.740000
64	-0.596412	0.123252	-0.085598	-2.740000
65	-0.609145	0.037270	0.076019	-2.740000
66	-0.613302	0.040750	0.020617	-2.740000
67	-0.609970	-0.058984	0.051790	-2.740000
68	-0.586819	-0.075923	-0.167642	-2.740000
69	-0.609394	0.020870	0.080180	-2.740000
70	-0.520002	0.305238	-0.121050	-2.740000
71	-0.587247	0.113039	-0.143487	-2.740000
72	-0.605268	-0.105809	-0.026084	-2.740000
73	-0.576570	0.123750	-0.174580	-2.740000
74	-0.600114	-0.073252	0.112795	-2.740000
75	-0.599009	0.008797	0.139053	-2.740000
76	-0.495528	0.210243	0.297448	-2.740000
77	-0.589158	-0.156561	-0.081282	-2.740000
78	-0.611005	-0.051949	0.046897	-2.740000
79	-0.570671	-0.218208	-0.070316	-2.740000
80	-0.567846	0.012352	-0.235847	-2.740000
81	-0.567561	0.228375	-0.062809	-2.740000
82	-0.574341	0.106838	0.192206	-2.740000
83	-0.571581	0.220624	0.053341	-2.740000
84	-0.575933	0.133799	0.169187	-2.740000
85	-0.599243	0.038572	0.132834	-2.740000
86	-0.607586	0.024781	0.091923	-2.740000
87	-0.596733	-0.059505	0.136358	-2.740000
88	-0.614546	-0.022801	-0.006159	-2.740000
89	-0.568905	-0.230742	0.036474	-2.740000
90	-0.578104	0.205097	-0.044230	-2.740000
91	-0.576413	-0.088491	0.195300	-2.740000
92	-0.595388	0.149508	0.037226	-2.740000
93	-0.598130	0.020708	-0.141553	-2.740000
94	-0.610423	0.024010	0.070938	-2.740000
95	-0.593491	-0.076317	-0.142019	-2.740000
96	-0.593207	-0.026635	0.160065	-2.740000
97	-0.565915	-0.201300	-0.132075	-2.740000
98	-0.590906	0.034911	-0.166844	-2.740000
99	-0.469442	0.105774	-0.382964	-2.740000
100	-0.575860	0.130730	-0.171813	-2.740000
101	-0.592732	0.076933	-0.144826	-2.740000
102	-0.603678	0.082409	0.083702	-2.740000
103	-0.557958	0.253054	-0.053581	-2.740000
104	-0.516943	-0.167779	0.287828	-2.740000
105	-0.601911	-0.063127	0.109285	-2.740000
106	-0.600901	-0.045643	0.122720	-2.740000
107	-0.596905	-0.130088	-0.070758	-2.740000
108	-0.489677	-0.226163	-0.295452	-2.740000
109	-0.495031	0.100933	-0.350687	-2.740000
110	-0.570080	0.229220	0.026304	-2.740000
111	-0.588439	-0.110791	0.140319	-2.740000
112	-0.611610	0.005160	0.064277	-2.740000
113	-0.496989	-0.059609	0.357315	-2.740000
114	-0.604208	-0.060673	0.097348	-2.740000
115	-0.592180	-0.114544	0.120114	-2.740000
116	-0.411676	-0.452945	-0.059906	-2.740000
117	-0.356231	-0.496960	0.065995	-2.740000
118	-0.572882	-0.218616	0.047312	-2.740000
119	-0.590748	-0.162210	0.054129	-2.740000
120	-0.609111	-0.084854	0.002958	-2.740000
121	-0.609617	-0.080362	-0.011561	-2.740000
122	-0.600684	-0.042113	-0.125022	-2.740000
123	-0.558653	-0.162860	0.199019	-2.740000
124	-0.584751	-0.109468	0.155910	-2.740000
125	-0.593547	0.137724	0.083420	-2.740000
126	-0.592095	-0.054069	-0.157242	-2.740000
127	-0.579752	-0.060929	0.195961	-2.740000
128	-0.564834	-0.094477	-0.224192	-2.740000
129	-0.581378	-0.194448	-0.049136	-2.740000
130	-0.590515	-0.139649	0.100073	-2.740000
131	-0.608527	0.068714	0.056550	-2.740000
132	-0.586636	0.137769	-0.122893	-2.740000
133	-0.564312	0.158059	0.186532	-2.740000
134	-0.585051	-0.159481	0.102498	-2.740000
135	-0.601187	-0.016762	0.128525	-2.740000
136	-0.591051	-0.150742	0.078492	-2.740000
137	-0.601880	0.004182	0.126288	-2.740000
138	-0.573140	-0.022943	0.221832	-2.740000
139	-0.590715	0.086536	-0.147623	-2.740000
140	-0.602659	-0.113096	0.047294	-2.740000
141	-0.574380	-0.214834	-0.046459	-2.740000
142	-0.611225	-0.045617	-0.050475	-2.740000
143	-0.605587	-0.019716	-0.105359	-2.740000
144	-0.595614	-0.108411	0.108239	-2.740000
145	-0.613164	-0.037440	0.029203	-2.740000
146	-0.573214	0.221981	0.019385	-2.740000
147	-0.583020	-0.079317	-0.178947	-2.740000
148	-0.593426	-0.000568	0.161462	-2.740000
149	-0.608817	0.077339	0.039815	-2.740000
150	-0.557066	0.188685	0.179725	-2.740000
151	-0.595257	-0.086923	0.127821	-2.740000
152	-0.588392	-0.173445	-0.044013	-2.740000
153	-0.610832	0.032968	0.063422	-2.740000
154	-0.590715	0.136700	0.102926	-2.740000
155	-0.593635	0.055713	0.150727	-2.740000
156	-0.576706	-0.057134	0.205843	-2.740000
157	-0.613504	-0.011405	0.041325	-2.740000
158	-0.586012	0.132568	-0.131303	-2.740000
159	-0.601921	0.109461	0.062723	-2.740000
160	-0.569604	0.229900	-0.030363	-2.740000
161	-0.612571	0.009984	0.053687	-2.740000
162	-0.614847	-0.008022	-0.011123	-2.740000
163	-0.614182	0.018191	0.025981	-2.740000
164	-0.588554	0.110555	-0.140024	-2.740000
165	-0.605065	0.109490	-0.011552	-2.740000
166	-0.569067	0.230755	0.033767	-2.740000
167	-0.589402	-0.170883	-0.040359	-2.740000
168	-0.603138	-0.008647	0.119893	-2.740000
169	-0.605034	-0.105525	-0.031997	-2.740000
170	-0.575570	-0.003052	0.216644	-2.740000
171	-0.556054	-0.177660	0.193562	-2.740000
172	-0.587733	0.073536	0.165492	-2.740000
173	-0.596840	0.140088	-0.048808	-2.740000
174	-0.599898	0.094590	0.096955	-2.740000
175	-0.585285	0.150651	-0.113888	-2.740000
176	-0.596503	-0.123500	0.084598	-2.740000
177	-0.592063	-0.159242	-0.048253	-2.740000
178	-0.607033	0.027160	-0.094861	-2.740000
179	-0.564834	-0.032826	-0.241060	-2.740000
180	-0.600158	0.066797	0.116507	-2.740000
181	-0.487301	-0.266894	-0.263686	-2.740000
182	-0.597941	0.143713	-0.006153	-2.740000
183	-0.572777	0.048147	0.218709	-2.740000
184	-0.601104	0.118972	0.052386	-2.740000
185	-0.575711	0.052394	0.209850	-2.740000
186	-0.607346	-0.052557	-0.081204	-2.740000
187	-0.603632	-0.107916	-0.046991	-2.740000
188	-0.563100	-0.247067	-0.010076	-2.740000
189	-0.602148	0.024685	-0.122613	-2.740000
190	-0.549887	0.265470	0.073313	-2.740000
191	-0.590080	-0.095115	0.144857	-2.740000
192	-0.604747	-0.058639	0.095221	-2.740000
193	-0.568592	0.194310	0.131042	-2.740000
194	-0.566553	-0.225784	0.079144	-2.740000
195	-0.559239	-0.227955	0.116249	-2.740000
196	-0.610291	-0.052408	-0.054988	-2.740000
197	-0.602005	0.069805	-0.104605	-2.740000
198	-0.584770	0.155792	0.109532	-2.740000
199	-0.594702	0.118852	-0.102122	-2.740000
200	-0.571355	0.156170	-0.165496	-2.740000
201	-0.603388	-0.065366	-0.099377	-2.740000
202	-0.604244	0.038919	0.107699	-2.740000
203	-0.590299	-0.144476	0.094331	-2.740000
204	-0.605597	-0.103734	0.026760	-2.740000
205	-0.576641	0.005314	-0.213734	-2.740000
206	-0.536660	0.299220	0.026239	-2.740000
207	-0.572917	0.219902	-0.040420	-2.740000
208	-0.614455	0.000435	-0.025882	-2.740000
209	-0.529709	0.203107	0.237446	-2.740000
210	-0.576719	-0.092022	0.192749	-2.740000
211	-0.590390	0.167222	0.041257	-2.740000
212	-0.607858	-0.088457	-0.030157	-2.740000
213	-0.501103	-0.270133	-0.232699	-2.740000
214	-0.613803	-0.025142	-0.028970	-2.740000
215	-0.596139	-0.145948	0.039269	-2.740000
216	-0.571941	-0.177765	-0.139674	-2.740000
217	-0.593342	-0.034956	0.157949	-2.740000
218	-0.545725	-0.245761	0.141457	-2.740000
219	-0.560231	-0.225783	0.115710	-2.740000
220	-0.603655	-0.070276	0.094273	-2.740000
221	-0.571317	0.187524	0.129059	-2.740000
222	-0.597775	0.137432	-0.044743	-2.740000
223	-0.605317	-0.036323	-0.102454	-2.740000
224	-0.612689	-0.037198	0.038131	-2.740000
225	-0.570601	0.122542	0.193966	-2.740000
226	-0.608709	-0.080872	0.034024	-2.740000
227	-0.611240	0.043581	-0.052074	-2.740000
228	-0.609992	0.039637	-0.067558	-2.740000
229	-0.606159	0.082895	-0.062647	-2.740000
230	-0.594358	-0.107645	0.115654	-2.740000
231	-0.614680	-0.000948	0.019803	-2.740000
232	-0.566921	-0.238140	0.010716	-2.740000
233	-0.587732	-0.167341	0.069231	-2.740000
234	-0.571714	0.146106	0.173266	-2.740000
235	-0.612354	-0.047883	0.030905	-2.740000
236	-0.612519	0.017881	0.052206	-2.740000
237	-0.609295	0.034334	0.076197	-2.740000
238	-0.596168	-0.015012	-0.150276	-2.740000
239	-0.590456	-0.170593	0.022025	-2.740000
240	-0.566639	-0.129440	-0.200973	-2.740000
241	-0.583337	0.008885	-0.194587	-2.740000
242	-0.604058	-0.002032	0.115478	-2.740000
243	-0.597277	-0.016853	0.145605	-2.740000
244	-0.607306	0.071250	0.065785	-2.740000
245	-0.596876	0.107104	0.102436	-2.740000
246	-0.609720	0.034898	0.072449	-2.740000
247	-0.605140	-0.108020	-0.019037	-2.740000
248	-0.612464	0.007897	0.055231	-2.740000
249	-0.607612	0.055285	0.077307	-2.740000
250	-0.611690	0.037384	0.051598	-2.740000
251	-0.582940	0.032926	0.193190	-2.740000
252	-0.579809	0.178314	0.101246	-2.740000
253	-0.602769	0.053956	0.109470	-2.740000
254	-0.562350	0.045248	0.244828	-2.740000
255	-0.612498	-0.015752	0.053129	-2.740000
256	-0.588901	0.117449	0.132764	-2.740000
257	-0.606400	0.084122	-0.058547	-2.740000
258	-0.590105	0.154695	-0.077914	-2.740000
259	-0.602235	0.079552	0.095966	-2.740000
260	-0.576539	0.213858	0.009593	-2.740000
261	-0.585615	0.138541	0.126830	-2.740000
262	-0.549647	-0.019930	0.275166	-2.740000
263	-0.602499	-0.019340	0.121844	-2.740000
264	-0.561979	0.002000	0.249802	-2.740000
265	-0.597213	-0.033229	0.143030	-2.740000
266	-0.610252	-0.045253	0.061394	-2.740000
267	-0.600649	0.131890	-0.007118	-2.740000
268	-0.577120	-0.020836	-0.211479	-2.740000
269	-0.599911	0.120441	0.061856	-2.740000
270	-0.562578	-0.189143	0.161107	-2.740000
271	-0.586689	0.003462	0.184416	-2.740000
272	-0.581052	0.116570	0.164361	-2.740000
273	-0.601343	-0.088408	0.093785	-2.740000
274	-0.614526	0.023775	0.004234	-2.740000
275	-0.522316	-0.244040	-0.214139	-2.740000
276	-0.603199	0.040236	0.112948	-2.740000
277	-0.604374	0.113672	-0.005995	-2.740000
278	-0.601264	0.056283	-0.116358	-2.740000
279	-0.589222	-0.055838	0.167106	-2.740000
280	-0.578423	-0.155470	0.139573	-2.740000
281	-0.566511	-0.179742	-0.158060	-2.740000
282	-0.591629	0.151006	0.073463	-2.740000
283	-0.598820	-0.087820	0.109209	-2.740000
284	-0.587300	-0.168422	-0.070268	-2.740000
285	-0.577145	-0.170466	-0.126768	-2.740000
286	-0.599596	-0.116735	-0.071289	-2.740000
287	-0.610422	0.074871	-0.002222	-2.740000
288	-0.595511	-0.026964	0.151209	-2.740000
289	-0.608352	0.086855	-0.024279	-2.740000
290	-0.613036	-0.048705	-0.006339	-2.740000
291	-0.597351	-0.104749	0.102099	-2.740000
292	-0.612837	-0.009328	0.050679	-2.740000
293	-0.609818	-0.042808	-0.067193	-2.740000
294	-0.613814	0.037872	-0.004797	-2.740000
295	-0.614729	0.016739	0.007262	-2.740000
296	-0.569860	0.219800	-0.071919	-2.740000
297	-0.542270	0.243553	0.157641	-2.740000
298	-0.605820	-0.005090	-0.105741	-2.740000
299	-0.604409	0.029023	-0.109874	-2.740000
300	-0.608279	0.090664	-0.001274	-2.740000
301	-0.582677	-0.192708	-0.039696	-2.740000
302	-0.581278	-0.195972	-0.043995	-2.740000
303	-0.582944	-0.052506	-0.188796	-2.740000
304	-0.606779	-0.098275	0.019659	-2.740000
305	-0.608305	-0.038569	-0.081867	-2.740000
306	-0.553806	0.263028	-0.048373	-2.740000
307	-0.585511	0.088497	0.166041	-2.740000
308	-0.583142	0.170953	-0.094582	-2.740000
309	-0.565271	-0.240719	-0.027351	-2.740000
310	-0.612845	-0.039902	0.032455	-2.740000
311	-0.610808	-0.027142	0.066348	-2.740000
312	-0.527457	-0.158095	-0.273897	-2.740000
313	-0.606507	-0.001791	-0.101839	-2.740000
314	-0.561287	0.195399	-0.158117	-2.740000
315	-0.579582	0.152071	0.138506	-2.740000
316	-0.610143	0.035831	-0.068312	-2.740000
317	-0.584730	-0.017326	0.189777	-2.740000
318	-0.611438	-0.059589	-0.028591	-2.740000
319	-0.607307	-0.096609	0.008367	-2.740000
320	-0.572859	-0.206222	-0.086775	-2.740000
321	-0.341308	-0.435963	-0.267713	-2.740000
322	-0.613372	-0.018470	0.040722	-2.740000
323	-0.597502	-0.093095	0.112026	-2.740000
324	-0.612268	-0.054180	0.020433	-2.740000
325	-0.606126	-0.087101	-0.057000	-2.740000
326	-0.585811	-0.186254	0.018969	-2.740000
327	-0.583466	-0.152882	0.120084	-2.740000
328	-0.562860	-0.174219	0.176244	-2.740000
329	-0.604978	-0.094259	0.057813	-2.740000
330	-0.595945	-0.146788	0.039093	-2.740000
331	-0.586922	-0.049835	0.176817	-2.740000
332	-0.597636	-0.068679	0.127827	-2.740000
333	-0.581384	-0.125197	0.156664	-2.740000
334	-0.613026	0.038635	0.030521	-2.740000
335	-0.601753	0.032288	0.122781	-2.740000
336	-0.611440	-0.028000	0.059847	-2.740000
337	-0.607084	0.095817	0.022213	-2.740000
338	-0.551668	-0.244077	-0.119643	-2.740000
339	-0.590660	-0.151595	0.079779	-2.740000
340	-0.614488	0.001842	0.025028	-2.740000
341	-0.613196	0.028318	-0.037602	-2.740000
342	-0.614047	0.029404	0.017517	-2.740000
343	-0.600635	0.023868	-0.129975	-2.740000
344	-0.575014	-0.201146	0.084404	-2.740000
345	-0.609737	-0.080264	0.001821	-2.740000
346	-0.562766	-0.247551	0.015422	-2.740000
347	-0.584377	0.049840	-0.185054	-2.740000
348	-0.563094	-0.139417	0.204239	-2.740000
349	-0.584392	0.099800	0.163557	-2.740000
350	-0.612159	0.015413	0.056994	-2.740000
351	-0.609061	-0.084850	0.008344	-2.740000
352	-0.605667	-0.096202	0.046236	-2.740000
353	-0.603986	0.113009	-0.025598	-2.740000
354	-0.594000	0.155795	0.033417	-2.740000
355	-0.574053	0.157504	0.154533	-2.740000
356	-0.613623	0.037029	-0.017895	-2.740000
357	-0.609854	-0.036779	0.070356	-2.740000
358	-0.584281	0.178932	0.069457	-2.740000
359	-0.614694	-0.017383	-0.008591	-2.740000
360	-0.547510	-0.216165	0.178132	-2.740000
361	-0.610752	0.069167	-0.020559	-2.740000
362	-0.591248	-0.095255	0.139919	-2.740000
363	-0.566931	0.179681	0.156618	-2.740000
364	-0.608104	0.074796	0.053288	-2.740000
365	-0.562076	0.109479	0.224298	-2.740000
366	-0.614856	-0.012629	-0.004157	-2.740000
367	-0.605017	0.106167	0.030125	-2.740000
368	-0.605301	-0.036822	0.102374	-2.740000
369	-0.610698	0.034749	-0.063761	-2.740000
370	-0.584857	0.105090	-0.158505	-2.740000
371	-0.610186	0.071735	-0.027416	-2.740000
372	-0.598838	0.053982	0.129242	-2.740000
373	-0.614241	0.008096	-0.029447	-2.740000
374	-0.592457	-0.024844	0.163103	-2.740000
375	-0.606453	-0.078838	-0.064991	-2.740000
376	-0.610172	-0.076014	0.011684	-2.740000
377	-0.596523	0.148287	0.019914	-2.740000
378	-0.583982	0.138136	0.134565	-2.740000
379	-0.604415	0.012425	0.112931	-2.740000
380	-0.562981	-0.228397	0.095455	-2.740000
381	-0.612373	0.038645	0.041608	-2.740000
382	-0.600574	0.129943	-0.025506	-2.740000
383	-0.607818	0.007002	-0.093454	-2.740000
384	-0.586045	0.031300	0.183837	-2.740000
385	-0.590815	-0.113974	-0.127170	-2.740000
386	-0.612756	0.019652	-0.048668	-2.740000
387	-0.611561	0.004755	0.064770	-2.740000
388	-0.600141	-0.068032	0.115878	-2.740000
389	-0.603010	0.022232	-0.118784	-2.740000
390	-0.606960	0.043419	-0.089100	-2.740000
391	-0.590611	0.039582	-0.166845	-2.740000
392	-0.610346	-0.064732	-0.038889	-2.740000
393	-0.604910	-0.067045	-0.088395	-2.740000
394	-0.608704	0.050025	0.072128	-2.740000
395	-0.611666	0.063942	-0.001275	-2.740000
396	-0.575937	0.081875	0.199544	-2.740000
397	-0.579398	0.190458	0.079047	-2.740000
398	-0.597658	-0.144685	-0.009797	-2.740000
399	-0.607926	0.037682	0.085034	-2.740000
400	-0.611656	0.006340	-0.063733	-2.740000
401	-0.584794	-0.190315	-0.004585	-2.740000
402	-0.588264	0.177622	0.024911	-2.740000
403	-0.580253	0.193840	0.062907	-2.740000
404	-0.599903	0.043037	0.128409	-2.740000
405	-0.611378	0.020109	0.063541	-2.740000
406	-0.578955	0.088244	0.187747	-2.740000
407	-0.590738	-0.129459	-0.111779	-2.740000
408	-0.597975	-0.083301	-0.117099	-2.740000
409	-0.522683	-0.136426	-0.293966	-2.740000
410	-0.508378	0.203338	0.280055	-2.740000
411	-0.612417	0.043333	0.035954	-2.740000
412	-0.543583	0.254632	0.133808	-2.740000
413	-0.608987	0.078407	-0.034824	-2.740000
414	-0.609604	-0.071376	0.038902	-2.740000
415	-0.603652	-0.045323	0.108512	-2.740000
416	-0.606924	-0.037060	0.092165	-2.740000
417	-0.496244	-0.269288	-0.243826	-2.740000
418	-0.529567	0.305705	0.065791	-2.740000
419	-0.561049	0.247357	0.047576	-2.740000
420	-0.608346	0.059360	0.067945	-2.740000
421	-0.565644	-0.160293	0.180495	-2.740000
422	-0.596286	-0.150052	-0.012368	-2.740000
423	-0.588879	-0.047256	0.170920	-2.740000
424	-0.579686	-0.168330	0.117703	-2.740000
425	-0.605214	-0.055216	0.094301	-2.740000
426	-0.583619	0.018151	0.193090	-2.740000
427	-0.610695	-0.046177	0.056074	-2.740000
428	-0.614630	-0.021081	0.003291	-2.740000
429	-0.554848	-0.065219	-0.257128	-2.740000
430	-0.608406	-0.063904	-0.063113	-2.740000
431	-0.576224	-0.209507	0.047932	-2.740000
432	-0.590123	-0.171736	-0.022049	-2.740000
433	-0.614568	0.003828	0.022741	-2.740000
434	-0.585641	0.026798	-0.185825	-2.740000
435	-0.582631	-0.140963	0.137460	-2.740000
436	-0.496261	-0.202479	0.301583	-2.740000
437	-0.613470	-0.005720	-0.042981	-2.740000
438	-0.589201	0.103505	0.142665	-2.740000
439	-0.613362	-0.002529	-0.044779	-2.740000
440	-0.594400	0.070214	-0.141362	-2.740000
441	-0.610313	-0.020645	0.072919	-2.740000
442	-0.572655	0.092110	0.204469	-2.740000
443	-0.578482	-0.205528	0.036634	-2.740000
444	-0.608934	0.085737	-0.008588	-2.740000
445	-0.563353	-0.237426	0.066991	-2.740000
446	-0.589363	-0.097964	0.145873	-2.740000
447	-0.593466	-0.146705	0.067087	-2.740000
448	-0.609155	0.058133	0.061445	-2.740000
449	-0.596211	0.150486	-0.010587	-2.740000
450	-0.604085	0.083186	-0.079918	-2.740000
451	-0.596097	-0.126002	0.083768	-2.740000
452	-0.600256	-0.121100	0.057032	-2.740000
453	-0.567969	-0.145566	-0.185600	-2.740000
454	-0.611206	0.019475	-0.065363	-2.740000
455	-0.595604	0.099153	0.116832	-2.740000
456	-0.612393	0.012855	0.055088	-2.740000
457	-0.581868	-0.179394	0.086442	-2.740000
458	-0.603148	0.028343	-0.116765	-2.740000
459	-0.569483	-0.207759	0.103686	-2.740000
460	-0.605216	-0.043450	0.100256	-2.740000
461	-0.604855	0.061586	-0.092646	-2.740000
462	-0.490149	0.354467	-0.111047	-2.740000
463	-0.598054	0.049489	0.134563	-2.740000
464	-0.610849	0.060135	-0.038368	-2.740000
465	-0.567818	0.202556	0.121569	-2.740000
466	-0.574704	0.203053	0.081915	-2.740000
467	-0.581911	0.194330	0.042905	-2.740000
468	-0.607682	0.054392	-0.077387	-2.740000
469	-0.584747	0.113237	0.153210	-2.740000
470	-0.567929	0.129592	-0.197198	-2.740000
471	-0.576917	-0.203877	-0.061856	-2.740000
472	-0.604844	-0.032213	0.106540	-2.740000
473	-0.604347	0.111645	0.022919	-2.740000
474	-0.604053	0.110233	0.034555	-2.740000
475	-0.609111	0.020933	0.082280	-2.740000
476	-0.553327	0.251441	-0.093977	-2.740000
477	-0.602498	-0.029841	0.119710	-2.740000
478	-0.610983	0.037110	0.059565	-2.740000
479	-0.604395	0.035385	0.108072	-2.740000
480	-0.598425	0.017549	-0.140727	-2.740000
481	-0.564357	0.015014	-0.243928	-2.740000
482	-0.598780	-0.009909	0.139962	-2.740000
483	-0.580737	-0.019113	0.201506	-2.740000
484	-0.605688	-0.099312	-0.038789	-2.740000
485	-0.600809	-0.078207	0.105533	-2.740000
486	-0.609410	0.082096	0.010249	-2.740000
487	-0.610784	-0.056196	0.044831	-2.740000
488	-0.603192	0.117548	0.023810	-2.740000
489	-0.604814	0.111460	0.001304	-2.740000
490	-0.610446	0.069413	0.027614	-2.740000
491	-0.577391	0.020801	0.210742	-2.740000
492	-0.546289	-0.281320	-0.025552	-2.740000
493	-0.593573	-0.059171	0.149650	-2.740000
494	-0.590503	-0.076662	-0.153800	-2.740000
495	-0.602560	-0.106858	-0.061054	-2.740000
496	-0.613902	-0.031673	-0.018601	-2.740000
497	-0.589695	0.064326	-0.162317	-2.740000
498	-0.582960	0.074911	-0.181027	-2.740000
499	-0.609912	0.032772	0.071821	-2.740000
500	-0.613490	0.037542	-0.021110	-2.740000
501	-0.595452	-0.032979	-0.150246	-2.740000
502	-0.605536	-0.086696	0.063520	-2.740000
503	-0.537361	0.125446	-0.271536	-2.740000
504	-0.581231	-0.134965	0.148930	-2.740000
505	-0.584881	0.040849	-0.185663	-2.740000
506	-0.589874	0.008108	-0.173805	-2.740000
507	-0.573624	0.213068	0.061500	-2.740000
508	-0.596681	-0.003940	0.148934	-2.740000
509	-0.611993	-0.019269	-0.057608	-2.740000
510	-0.604914	0.053261	-0.097300	-2.740000
511	-0.574794	-0.059702	0.210410	-2.740000
512	-0.602851	-0.033312	-0.116986	-2.740000
513	-0.592134	0.165111	-0.018463	-2.740000
514	-0.608774	0.065852	0.057294	-2.740000
515	-0.524803	0.008370	-0.320526	-2.740000
516	-0.580285	0.125008	-0.160833	-2.740000
517	-0.600943	0.127442	0.029183	-2.740000
518	-0.589208	0.141369	0.105233	-2.740000
519	-0.548525	0.208891	0.183602	-2.740000
520	-0.614411	0.024992	-0.009956	-2.740000
521	-0.574200	-0.093831	-0.199285	-2.740000
522	-0.575678	-0.214628	-0.027466	-2.740000
523	-0.612827	0.028410	-0.043145	-2.740000
524	-0.552467	-0.080735	-0.257852	-2.740000
525	-0.586253	-0.120564	0.141411	-2.740000
526	-0.611084	0.067802	0.014285	-2.740000
527	-0.611992	0.042423	-0.043492	-2.740000
528	-0.606086	0.048356	-0.092448	-2.740000
529	-0.573696	-0.169603	-0.142595	-2.740000
530	-0.539013	-0.135461	-0.263325	-2.740000
531	-0.562541	-0.201830	0.145041	-2.740000
532	-0.586715	-0.125001	-0.135519	-2.740000
533	-0.528280	-0.226093	-0.219150	-2.740000
534	-0.597517	0.070118	-0.127603	-2.740000
535	-0.596780	-0.091045	0.117426	-2.740000
536	-0.599702	0.115730	-0.072032	-2.740000
537	-0.528674	0.158246	0.271454	-2.740000
538	-0.594926	0.131529	0.083596	-2.740000
539	-0.601328	0.011345	-0.128454	-2.740000
540	-0.612353	0.020169	-0.053312	-2.740000
541	-0.558877	-0.256423	-0.011357	-2.740000
542	-0.601955	-0.125964	0.002966	-2.740000
543	-0.522487	-0.141857	0.291735	-2.740000
544	-0.594027	0.003612	0.159198	-2.740000
545	-0.574472	-0.197031	-0.096882	-2.740000
546	-0.613989	0.026497	-0.023258	-2.740000
547	-0.607233	0.015630	-0.096168	-2.740000
548	-0.594559	-0.150999	-0.043866	-2.740000
549	-0.576798	-0.109743	0.182990	-2.740000
550	-0.593896	0.095465	0.128060	-2.740000
551	-0.609926	-0.078560	0.006554	-2.740000
552	-0.601637	-0.032062	0.123411	-2.740000
553	-0.613656	-0.026471	0.030828	-2.740000
554	-0.611011	0.050236	0.048654	-2.740000
555	-0.560323	0.231906	-0.102385	-2.740000
556	-0.603176	-0.059181	0.104407	-2.740000
557	-0.609861	-0.017802	0.077312	-2.740000
558	-0.612827	0.033145	-0.039612	-2.740000
559	-0.609730	0.012064	-0.079425	-2.740000
560	-0.583733	0.105481	0.162339	-2.740000
561	-0.577680	-0.210607	-0.012464	-2.740000
562	-0.613546	-0.038384	-0.017704	-2.740000
563	-0.570715	0.151835	0.171626	-2.740000
564	-0.611051	0.069546	0.002358	-2.740000
565	-0.585450	-0.057476	0.179361	-2.740000
566	-0.597011	-0.074276	0.127619	-2.740000
567	-0.559070	0.227091	-0.118727	-2.740000
568	-0.602597	-0.117092	0.037298	-2.740000
569	-0.591702	-0.138804	-0.094062	-2.740000
570	-0.550163	0.260311	0.088223	-2.740000
571	-0.608403	0.022292	-0.087028	-2.740000
572	-0.601787	0.088094	-0.091195	-2.740000
573	-0.600826	-0.091526	0.094110	-2.740000
574	-0.605822	-0.059819	0.087326	-2.740000
575	-0.607715	0.080992	0.048453	-2.740000
576	-0.596192	-0.055996	0.140157	-2.740000
577	-0.575048	0.014856	0.217541	-2.740000
578	-0.602834	0.098557	0.071429	-2.740000
579	-0.584878	0.181801	0.055603	-2.740000
580	-0.610717	0.050263	0.052182	-2.740000
581	-0.589648	0.136949	-0.108557	-2.740000
582	-0.597758	0.136393	0.048029	-2.740000
583	-0.613759	-0.036475	-0.013954	-2.740000
584	-0.587229	0.182687	0.003639	-2.740000
585	-0.613594	0.031540	0.027059	-2.740000
586	-0.585866	0.182037	0.042997	-2.740000
587	-0.614822	-0.011462	-0.009325	-2.740000
588	-0.610648	-0.032285	0.065507	-2.740000
589	-0.605205	0.099868	0.044480	-2.740000
590	-0.612113	0.053544	-0.026006	-2.740000
591	-0.592294	0.121854	-0.112088	-2.740000
592	-0.590962	0.103222	-0.135403	-2.740000
593	-0.507735	-0.102317	0.331605	-2.740000
594	-0.607497	0.042320	0.085914	-2.740000
595	-0.595827	-0.022541	0.150690	-2.740000
596	-0.596889	-0.136662	-0.057201	-2.740000
597	-0.609315	-0.080647	0.021353	-2.740000
598	-0.607832	-0.076743	-0.053625	-2.740000
599	-0.611545	-0.064695	0.007267	-2.740000
600	-0.594019	0.084664	0.134901	-2.740000
601	-0.605127	-0.104303	-0.034157	-2.740000
602	-0.568478	-0.191701	0.135308	-2.740000
603	-0.606538	0.071740	-0.072043	-2.740000
604	-0.614805	-0.015418	0.001327	-2.740000
605	-0.601813	-0.123044	-0.030115	-2.740000
606	-0.567477	0.000860	-0.237053	-2.740000
607	-0.598150	0.134622	-0.048148	-2.740000
608	-0.612149	-0.059031	0.003736	-2.740000
609	-0.610614	0.065958	-0.032022	-2.740000
610	-0.614385	0.026858	0.005941	-2.740000
611	-0.608471	0.082480	-0.034428	-2.740000
612	-0.557339	0.068259	-0.250877	-2.740000
613	-0.602469	0.056122	-0.110028	-2.740000
614	-0.603632	0.073300	-0.092090	-2.740000
615	-0.601710	0.100726	0.077620	-2.740000
616	-0.550037	-0.215684	0.170777	-2.740000
617	-0.597628	0.094528	0.110139	-2.740000
618	-0.580469	-0.101845	0.175808	-2.740000
619	-0.576596	-0.094081	-0.192121	-2.740000
620	-0.606081	-0.081804	-0.064799	-2.740000
621	-0.579242	-0.156231	0.135261	-2.740000
622	-0.516804	0.054605	-0.328872	-2.740000
623	-0.598096	0.134932	0.047949	-2.740000
624	-0.583494	0.175371	0.083697	-2.740000
625	-0.595837	0.070500	-0.135032	-2.740000
626	-0.610735	0.058112	-0.043015	-2.740000
627	-0.613502	-0.034319	-0.025749	-2.740000
628	-0.593462	-0.148833	-0.062261	-2.740000
629	-0.587386	-0.106944	-0.147533	-2.740000
630	-0.568717	-0.226114	-0.060484	-2.740000
631	-0.606718	0.097675	0.024028	-2.740000
632	-0.611949	0.053714	-0.029285	-2.740000
633	-0.544244	0.257372	-0.125632	-2.740000
634	-0.606937	-0.076676	-0.063033	-2.740000
635	-0.613074	0.009646	-0.047670	-2.740000
636	-0.613783	0.006221	0.038173	-2.740000
637	-0.605923	-0.061141	0.085694	-2.740000
638	-0.550701	-0.245881	-0.120400	-2.740000
639	-0.488280	-0.055393	0.369782	-2.740000
640	-0.598315	0.047466	0.134131	-2.740000
641	-0.602205	-0.046330	-0.115876	-2.740000
642	-0.552459	-0.172434	-0.208039	-2.740000
643	-0.582623	0.076587	0.181412	-2.740000
644	-0.564653	-0.071966	-0.232836	-2.740000
645	-0.613627	-0.038096	-0.015366	-2.740000
646	-0.592483	0.152671	-0.062292	-2.740000
647	-0.571846	-0.224092	0.031622	-2.740000
648	-0.547208	0.073303	0.270951	-2.740000
649	-0.527140	-0.306222	0.081095	-2.740000
650	-0.610236	-0.076399	-0.000320	-2.740000
651	-0.606557	-0.092853	0.041134	-2.740000
652	-0.582479	0.155524	-0.121473	-2.740000
653	-0.561365	-0.244254	-0.058599	-2.740000
654	-0.569318	-0.048142	0.227561	-2.740000
655	-0.583118	0.180115	0.075873	-2.740000
656	-0.609326	-0.005867	-0.083138	-2.740000
657	-0.600911	-0.070398	-0.110342	-2.740000
658	-0.594351	-0.137323	0.078195	-2.740000
659	-0.591490	-0.140943	-0.092196	-2.740000
660	-0.534188	-0.281581	0.116535	-2.740000
661	-0.592529	0.144458	-0.079159	-2.740000
662	-0.553083	0.258048	0.075733	-2.740000
663	-0.599549	0.103585	0.089648	-2.740000
664	-0.606201	0.098386	0.032647	-2.740000
665	-0.606975	0.098875	0.005457	-2.740000
666	-0.563085	-0.240787	-0.056408	-2.740000
667	-0.599251	-0.132028	-0.041125	-2.740000
668	-0.613014	-0.036514	0.033249	-2.740000
669	-0.584733	0.126474	0.142538	-2.740000
670	-0.574798	0.190715	-0.107051	-2.740000
671	-0.571774	0.173962	-0.145039	-2.740000
672	-0.541100	-0.046832	-0.288519	-2.740000
673	-0.600881	-0.009170	0.130699	-2.740000
674	-0.589563	-0.149729	-0.090672	-2.740000
675	-0.609547	-0.031663	0.075336	-2.740000
676	-0.589700	-0.116166	-0.130325	-2.740000
677	-0.594044	-0.122400	-0.101758	-2.740000
678	-0.602262	0.113833	-0.050468	-2.740000
679	-0.476864	0.241427	0.304202	-2.740000
680	-0.566357	0.237081	0.035467	-2.740000
681	-0.597375	0.145375	0.015309	-2.740000
682	-0.596273	0.149144	0.020969	-2.740000
683	-0.612661	0.005572	-0.053299	-2.740000
684	-0.606914	-0.013185	-0.098522	-2.740000
685	-0.596545	0.145007	-0.036500	-2.740000
686	-0.531358	0.280335	0.131514	-2.740000
687	-0.598549	0.094237	0.105276	-2.740000
688	-0.608478	0.009625	-0.088807	-2.740000
689	-0.535521	0.273727	-0.128516	-2.740000
690	-0.603221	-0.086924	-0.082422	-2.740000
691	-0.596872	0.056057	-0.137211	-2.740000
692	-0.602295	0.081774	0.093692	-2.740000
693	-0.581455	0.200225	0.006711	-2.740000
694	-0.612466	0.030349	0.046796	-2.740000
695	-0.555764	0.203994	0.166546	-2.740000
696	-0.607020	-0.065129	0.074227	-2.740000
697	-0.579956	-0.037049	0.201255	-2.740000
698	-0.587084	0.167703	0.073713	-2.740000
699	-0.608921	0.075962	-0.040861	-2.740000
700	-0.587650	0.114166	0.140920	-2.740000
701	-0.557680	0.177956	-0.188546	-2.740000
702	-0.601552	-0.089437	-0.091439	-2.740000
703	-0.558843	-0.130760	0.220956	-2.740000
704	-0.584652	0.130414	0.139280	-2.740000
705	-0.578469	-0.195782	0.072580	-2.740000
706	-0.599390	-0.128717	-0.048874	-2.740000
707	-0.607432	0.041869	-0.086592	-2.740000
708	-0.608925	-0.084241	0.018394	-2.740000
709	-0.591773	-0.050215	-0.159714	-2.740000
710	-0.599216	0.051173	-0.128634	-2.740000
711	-0.559445	-0.177452	-0.183730	-2.740000
712	-0.583158	-0.076294	0.179808	-2.740000
713	-0.611017	0.069445	-0.007769	-2.740000
714	-0.605717	0.075046	-0.075499	-2.740000
715	-0.613513	-0.036596	-0.022072	-2.740000
716	-0.573776	0.151441	0.161469	-2.740000
717	-0.564542	-0.128282	-0.207512	-2.740000
718	-0.612404	-0.052476	0.020795	-2.740000
719	-0.607403	-0.017097	-0.094840	-2.740000
720	-0.498755	0.090455	-0.348262	-2.740000
721	-0.605381	0.101969	0.036615	-2.740000
722	-0.608657	0.011552	0.087338	-2.740000
723	-0.422943	0.058088	0.442685	-2.740000
724	-0.602260	-0.108857	-0.060480	-2.740000
725	-0.586123	0.073045	-0.171317	-2.740000
726	-0.593354	0.052314	-0.153035	-2.740000
727	-0.598111	-0.109991	-0.091601	-2.740000
728	-0.301473	-0.087624	-0.528830	-2.740000
729	-0.558782	0.083927	0.242785	-2.740000
730	-0.593382	-0.145831	-0.069688	-2.740000
731	-0.585781	0.182875	-0.040531	-2.740000
732	-0.587906	0.165268	-0.072649	-2.740000
733	-0.612828	0.032787	0.039902	-2.740000
734	-0.570613	-0.091578	-0.210331	-2.740000
735	-0.568221	-0.231102	-0.044067	-2.740000
736	-0.590522	-0.096190	0.142323	-2.740000
737	-0.503222	-0.204721	-0.288239	-2.740000
738	-0.553404	0.267859	0.014842	-2.740000
739	-0.556418	0.187585	-0.182855	-2.740000
740	-0.589455	0.174114	0.021266	-2.740000
741	-0.573638	-0.180053	0.129402	-2.740000
742	-0.580392	-0.179178	-0.096257	-2.740000
743	-0.607646	-0.034113	0.088472	-2.740000
744	-0.581956	-0.188642	0.062975	-2.740000
745	-0.535204	-0.214382	-0.214060	-2.740000
746	-0.517735	-0.176283	-0.281246	-2.740000
747	-0.462536	-0.168178	0.368785	-2.740000
748	-0.593291	-0.000283	0.161960	-2.740000
749	-0.562309	0.181876	-0.170160	-2.740000
750	-0.570713	-0.148742	0.174320	-2.740000
751	-0.584725	-0.006382	0.190476	-2.740000
752	-0.514204	-0.255081	0.220800	-2.740000
753	-0.594742	0.065258	0.142299	-2.740000
754	-0.599392	-0.075622	-0.115046	-2.740000
755	-0.563032	-0.002186	0.247418	-2.740000
756	-0.614039	0.034308	-0.002056	-2.740000
757	-0.581746	-0.186250	-0.071466	-2.740000
758	-0.601765	0.088863	0.090596	-2.740000
759	-0.606245	0.005589	-0.103254	-2.740000
760	-0.573277	-0.133950	-0.177866	-2.740000
761	-0.597549	-0.130098	-0.065074	-2.740000
762	-0.575335	0.159741	0.147299	-2.740000
763	-0.614114	-0.031448	-0.009989	-2.740000
764	-0.552538	-0.219900	0.156752	-2.740000
765	-0.593953	-0.138865	-0.078495	-2.740000
766	-0.610254	0.013356	-0.075078	-2.740000
767	-0.577479	0.099017	-0.186919	-2.740000
768	-0.564779	0.234958	0.063598	-2.740000
769	-0.611251	-0.001970	0.067773	-2.740000
770	-0.554229	0.262761	-0.044854	-2.740000
771	-0.601345	-0.050596	-0.118530	-2.740000
772	-0.611311	0.067137	0.004136	-2.740000
773	-0.613016	0.048667	-0.008265	-2.740000
774	-0.594007	0.159311	0.000439	-2.740000
775	-0.601533	0.076629	0.102523	-2.740000
776	-0.588458	0.110078	-0.140802	-2.740000
777	-0.600235	0.086132	-0.102585	-2.740000
778	-0.591739	-0.149747	-0.075142	-2.740000
779	-0.610897	-0.069960	0.011631	-2.740000
780	-0.599323	-0.097722	-0.097403	-2.740000
781	-0.605452	0.016657	0.106657	-2.740000
782	-0.598570	0.109830	-0.088747	-2.740000
783	-0.600073	-0.010850	0.134238	-2.740000
784	-0.610101	0.072204	-0.028086	-2.740000
785	-0.606077	-0.050944	-0.091106	-2.740000
786	-0.600854	-0.119641	-0.053717	-2.740000
787	-0.558072	0.095432	-0.240153	-2.740000
788	-0.583696	0.190941	-0.032651	-2.740000
789	-0.609834	0.066730	0.043296	-2.740000
790	-0.603801	0.094157	-0.069167	-2.740000
791	-0.588929	0.158262	0.079629	-2.740000
792	-0.592494	0.058289	0.154204	-2.740000
793	-0.603244	0.060389	0.103321	-2.740000
794	-0.594304	0.064741	-0.144346	-2.740000
795	-0.551646	-0.221982	-0.156958	-2.740000
796	-0.612346	0.038887	0.041773	-2.740000
797	-0.582351	-0.081411	0.180178	-2.740000
798	-0.613739	-0.021364	0.033059	-2.740000
799	-0.564335	-0.012104	0.244141	-2.740000
800	-0.596951	-0.123776	-0.080958	-2.740000
801	-0.549551	0.166643	-0.220111	-2.740000
802	-0.576917	0.210539	0.032633	-2.740000
803	-0.590204	-0.160777	0.063518	-2.740000
804	-0.594382	0.005977	0.157794	-2.740000
805	-0.601703	-0.126415	-0.014064	-2.740000
806	-0.604977	-0.061825	-0.091683	-2.740000
807	-0.574084	0.136196	0.173502	-2.740000
808	-0.596035	-0.003730	-0.151505	-2.740000
809	-0.535716	-0.132514	-0.271429	-2.740000
810	-0.614266	-0.005965	0.029438	-2.740000
811	-0.614679	0.013165	-0.014890	-2.740000
812	-0.601792	-0.124304	0.024908	-2.740000
813	-0.473677	-0.245044	0.306282	-2.740000
814	-0.559283	-0.168392	-0.192539	-2.740000
815	-0.596634	-0.140480	0.050178	-2.740000
816	-0.605697	0.015528	-0.105427	-2.740000
817	-0.597786	0.064614	-0.129236	-2.740000
818	-0.588005	0.123900	-0.130857	-2.740000
819	-0.613235	0.040406	-0.023145	-2.740000
820	-0.610725	-0.021230	0.069204	-2.740000
821	-0.573380	-0.084411	0.205754	-2.740000
822	-0.606305	0.073564	0.072167	-2.740000
823	-0.614272	-0.007837	0.028876	-2.740000
824	-0.574386	-0.193316	-0.104566	-2.740000
825	-0.568657	-0.217994	0.085633	-2.740000
826	-0.556500	0.040693	-0.258606	-2.740000
827	-0.581610	0.158662	0.121580	-2.740000
828	-0.611492	0.026365	0.060062	-2.740000
829	-0.608342	0.000533	0.090249	-2.740000
830	-0.546459	-0.184293	0.213645	-2.740000
831	-0.579922	-0.118006	-0.167302	-2.740000
832	-0.596064	-0.117284	-0.095795	-2.740000
833	-0.526935	-0.301359	-0.098726	-2.740000
834	-0.573687	-0.039523	-0.218050	-2.740000
835	-0.582526	0.171552	0.097256	-2.740000
836	-0.592948	-0.149716	-0.064984	-2.740000
837	-0.601853	0.090209	-0.088660	-2.740000
838	-0.611054	-0.069418	-0.004396	-2.740000
839	-0.595163	-0.051089	-0.146275	-2.740000
840	-0.597034	-0.111093	-0.097128	-2.740000
841	-0.561994	-0.218041	-0.121844	-2.740000
842	-0.596163	-0.149329	-0.022698	-2.740000
843	-0.592406	0.090887	-0.137911	-2.740000
844	-0.600900	0.130223	-0.013648	-2.740000
845	-0.614035	0.022611	0.025976	-2.740000
846	-0.593452	-0.009194	0.161107	-2.740000
847	-0.598304	-0.098393	0.102838	-2.740000
848	-0.599909	-0.106596	-0.083496	-2.740000
849	-0.601876	-0.126324	0.003601	-2.740000
850	-0.566091	-0.237533	-0.036655	-2.740000
