1	0.409266	0.422303	0.179963	0.520000
2	0.413175	0.437780	0.125938	0.520000
3	0.542206	-0.098592	-0.272978	0.520000
4	0.508289	0.346206	0.002953	0.520000
5	0.598057	0.033031	0.139506	0.520000
6	0.570253	-0.045141	0.225828	0.520000
7	0.587778	-0.071857	0.166068	0.520000
8	0.477282	-0.001374	0.387847	0.520000
9	0.520151	-0.283458	-0.165286	0.520000
10	0.545836	-0.106528	-0.262564	0.520000
11	0.605904	0.100450	-0.031854	0.520000
12	0.609057	0.084444	-0.012011	0.520000
13	0.498667	-0.033121	-0.358411	0.520000
14	0.608304	-0.047874	0.076808	0.520000
15	0.587847	-0.086886	-0.158465	0.520000
16	0.600356	-0.121020	0.056136	0.520000
17	0.592625	0.159853	0.038304	0.520000
18	0.572369	-0.132852	0.181574	0.520000
19	0.526122	0.032733	-0.316780	0.520000
20	0.612933	0.046814	-0.018603	0.520000
21	0.533826	-0.013892	-0.305060	0.520000
22	0.611990	-0.049693	-0.034989	0.520000
23	0.605647	0.029761	0.102621	0.520000
24	0.581105	0.178557	0.093053	0.520000
25	0.609824	-0.035122	0.071461	0.520000
26	0.563709	-0.115366	0.217136	0.520000
27	0.568249	-0.041811	0.231452	0.520000
28	0.586352	-0.115923	-0.144839	0.520000
29	0.606453	-0.046848	0.090800	0.520000
30	0.609978	-0.024628	0.074467	0.520000
31	0.592010	-0.101580	0.132024	0.520000
32	0.590717	0.048225	0.164173	0.520000
33	0.515575	0.316347	-0.111050	0.520000
34	0.599516	0.012973	0.136520	0.520000
35	0.614927	-0.000214	0.009467	0.520000
36	0.607924	0.077403	0.051591	0.520000
37	0.543725	-0.228743	-0.173968	0.520000
38	0.589895	0.116385	-0.129243	0.520000
39	0.592383	0.069767	0.149801	0.520000
40	0.582909	-0.104528	0.165880	0.520000
41	0.612278	-0.055316	0.016763	0.520000
42	0.573165	-0.131607	0.179963	0.520000
43	0.609741	0.039612	0.069801	0.520000
44	0.592123	-0.148938	0.073708	0.520000
45	0.492800	-0.367532	-0.017128	0.520000
46	0.591510	-0.107788	-0.129317	0.520000
47	0.585957	-0.182375	-0.040233	0.520000
48	0.553435	-0.165726	0.210879	0.520000
49	0.605932	0.089199	0.055812	0.520000
50	0.566176	-0.228310	0.074456	0.520000
51	0.611026	-0.058646	-0.037857	0.520000
52	0.594634	-0.145613	0.058582	0.520000
53	0.598349	0.059318	-0.129168	0.520000
54	0.548546	-0.209415	0.182943	0.520000
55	0.589874	-0.137362	0.106796	0.520000
56	0.578092	0.168269	0.125379	0.520000
57	0.602499	-0.120289	0.027391	0.520000
58	0.593293	-0.159979	-0.025205	0.520000
59	0.571514	-0.054974	0.220398	0.520000
60	0.608892	0.017464	0.084681	0.520000
61	0.496736	-0.308384	-0.190728	0.520000
62	0.498807	-0.327005	-0.149949	0.520000
63	0.513094	-0.329034	-0.081828	0.520000
64	0.567174	-0.206567	0.117766	0.520000
65	0.545201	0.281739	0.040048	0.520000
66	0.608340	-0.084469	-0.031820	0.520000
67	0.609746	0.075935	0.025857	0.520000
68	0.611721	-0.041471	0.047989	0.520000
69	0.611642	-0.024375	-0.059371	0.520000
70	0.553592	-0.097253	-0.249606	0.520000
71	0.612647	0.028436	0.045611	0.520000
72	0.581291	-0.200387	-0.013044	0.520000
73	0.521015	0.042385	0.323994	0.520000
74	0.600944	0.090931	0.093928	0.520000
75	0.573379	0.194609	0.107649	0.520000
76	0.595532	0.132135	-0.078149	0.520000
77	0.589852	0.133490	-0.111713	0.520000
78	0.612018	-0.013979	-0.058851	0.520000
79	0.611222	0.065279	0.019282	0.520000
80	0.612629	0.041181	0.034857	0.520000
81	0.610374	0.074184	-0.012845	0.520000
82	0.610783	0.061640	0.037008	0.520000
83	0.612676	0.038066	0.037466	0.520000
84	0.604766	-0.033031	0.106733	0.520000
85	0.554928	0.117830	0.237478	0.520000
86	0.599495	0.113609	-0.076965	0.520000
87	0.606879	-0.084901	0.052108	0.520000
88	0.603814	0.107904	0.044616	0.520000
89	0.613270	-0.033483	-0.031681	0.520000
90	0.581168	-0.159603	-0.122456	0.520000
91	0.593447	-0.151909	-0.054495	0.520000
92	0.612275	0.041007	-0.040781	0.520000
93	0.535266	0.070721	0.294473	0.520000
94	0.610101	0.006020	-0.077240	0.520000
95	0.589405	-0.160192	0.071872	0.520000
96	0.612058	-0.031039	0.051446	0.520000
97	0.593658	0.153266	-0.048004	0.520000
98	0.561055	0.222646	0.117776	0.520000
99	0.545979	-0.044575	0.279545	0.520000
100	0.594189	-0.147788	0.057643	0.520000
101	0.572359	0.220879	0.042925	0.520000
102	0.555956	0.211979	0.155572	0.520000
103	0.546705	0.090410	0.266768	0.520000
104	0.516294	-0.135604	0.305414	0.520000
105	0.577943	0.027563	0.208438	0.520000
106	0.613177	0.037226	0.029206	0.520000
107	0.598411	0.116653	-0.080752	0.520000
108	0.534648	0.166019	0.254585	0.520000
109	0.534901	-0.222216	-0.206702	0.520000
110	0.581599	0.183383	-0.079613	0.520000
111	0.588880	-0.064347	0.165241	0.520000
112	0.544365	-0.107330	0.265277	0.520000
113	0.542860	-0.001244	0.289010	0.520000
114	0.513188	-0.290316	0.174872	0.520000
115	0.557171	0.257798	-0.036414	0.520000
116	0.537491	-0.280448	-0.103328	0.520000
117	0.602090	0.092460	0.084636	0.520000
118	0.520074	0.293354	-0.147282	0.520000
119	0.598830	0.091145	0.106394	0.520000
120	0.541785	0.170698	-0.235703	0.520000
121	0.605330	-0.084448	-0.068327	0.520000
122	0.565117	-0.165208	0.177690	0.520000
123	0.608975	-0.081633	0.026648	0.520000
124	0.581272	0.143868	0.140178	0.520000
125	0.604391	0.037903	0.107235	0.520000
126	0.558972	-0.043845	-0.252691	0.520000
127	0.611678	0.001129	-0.063824	0.520000
128	0.584338	0.064553	-0.180573	0.520000
129	0.607088	-0.067376	-0.071621	0.520000
130	0.612162	-0.014773	-0.057134	0.520000
131	0.599555	0.133598	0.030170	0.520000
132	0.541595	-0.283734	0.066296	0.520000
133	0.610284	-0.008091	0.075586	0.520000
134	0.514434	-0.055067	-0.332490	0.520000
135	0.589171	-0.063503	-0.164530	0.520000
136	0.609005	0.048087	-0.070894	0.520000
137	0.584004	-0.111896	0.156983	0.520000
138	0.609598	0.009401	0.080790	0.520000
139	0.586432	0.154732	0.101884	0.520000
140	0.573358	0.086765	0.204834	0.520000
141	0.584215	-0.098038	0.165247	0.520000
142	0.603078	-0.029024	-0.116957	0.520000
143	0.607256	-0.078353	-0.057669	0.520000
144	0.592066	-0.041705	0.161072	0.520000
145	0.604932	0.110497	0.008499	0.520000
146	0.544847	-0.197991	0.205345	0.520000
147	0.598228	-0.141412	0.018721	0.520000
148	0.589500	-0.061879	0.163969	0.520000
149	0.614817	0.004123	0.014436	0.520000
150	0.597201	0.088859	-0.116962	0.520000
151	0.548047	-0.278653	0.014908	0.520000
152	0.521886	-0.129873	0.298317	0.520000
153	0.605621	0.068011	0.082602	0.520000
154	0.603393	-0.110723	-0.043391	0.520000
155	0.598721	-0.053489	-0.129988	0.520000
156	0.603707	0.107664	-0.046591	0.520000
157	0.599143	-0.133996	0.036021	0.520000
158	0.594596	-0.090864	-0.128159	0.520000
159	0.598077	-0.103161	0.099429	0.520000
160	0.608632	-0.082053	0.032541	0.520000
161	0.577128	-0.186668	0.101505	0.520000
162	0.601558	0.127744	-0.005886	0.520000
163	0.599725	-0.045743	-0.128305	0.520000
164	0.611854	-0.044439	-0.043420	0.520000
165	0.484133	-0.339676	-0.168702	0.520000
166	0.607046	0.090877	0.038231	0.520000
167	0.598422	-0.053021	0.131547	0.520000
168	0.585867	0.073564	0.171969	0.520000
169	0.609728	0.078941	0.015015	0.520000
170	0.612161	0.058749	0.005650	0.520000
171	0.604634	0.098064	0.055012	0.520000
172	0.594851	-0.126882	-0.090983	0.520000
173	0.567911	-0.232192	-0.042295	0.520000
174	0.599142	0.120732	0.068397	0.520000
175	0.609918	-0.058890	0.052503	0.520000
176	0.609678	0.078817	-0.017472	0.520000
177	0.610055	-0.005435	-0.077646	0.520000
178	0.605227	0.051264	-0.096424	0.520000
179	0.613385	-0.044000	-0.006895	0.520000
180	0.614428	-0.002590	-0.026390	0.520000
181	0.612560	-0.004647	0.054531	0.520000
182	0.606849	0.011820	0.099096	0.520000
183	0.608983	0.015644	-0.084383	0.520000
184	0.504242	0.095022	0.339022	0.520000
185	0.592949	0.099048	-0.129716	0.520000
186	0.612053	-0.030606	0.051758	0.520000
187	0.589851	0.010036	0.173782	0.520000
188	0.593901	0.153049	-0.045632	0.520000
189	0.609045	-0.063415	-0.057162	0.520000
190	0.610120	0.007594	-0.076950	0.520000
191	0.596616	-0.142073	-0.045705	0.520000
192	0.572403	0.124308	0.187424	0.520000
193	0.588267	0.007920	0.179177	0.520000
194	0.567419	-0.100711	0.214752	0.520000
195	0.604092	-0.049921	0.103953	0.520000
196	0.605327	0.044709	-0.099024	0.520000
197	0.600750	-0.079935	-0.104572	0.520000
198	0.604359	-0.113624	-0.008075	0.520000
199	0.512141	0.236862	0.244607	0.520000
200	0.607374	0.046471	0.084627	0.520000
201	0.610334	-0.066342	-0.036282	0.520000
202	0.608985	-0.001366	0.085794	0.520000
203	0.613968	0.035557	-0.002038	0.520000
204	0.595619	0.150979	-0.025863	0.520000
205	0.613319	0.038081	-0.024800	0.520000
206	0.596100	0.144230	0.045688	0.520000
207	0.603455	0.077402	-0.089864	0.520000
208	0.547363	0.074360	0.270351	0.520000
209	0.523438	-0.133930	0.293770	0.520000
210	0.609846	-0.055712	0.056654	0.520000
211	0.591092	-0.169650	0.007348	0.520000
212	0.570538	0.083239	0.213968	0.520000
213	0.562441	0.237859	0.072858	0.520000
214	0.465860	0.365234	-0.166743	0.520000
215	0.589406	0.166254	0.056438	0.520000
216	0.610660	0.001873	-0.072913	0.520000
217	0.612682	0.038319	-0.037120	0.520000
218	0.575790	-0.131394	-0.171541	0.520000
219	0.600691	-0.058649	-0.118133	0.520000
220	0.599725	-0.127366	0.048297	0.520000
221	0.602146	-0.062849	0.108147	0.520000
222	0.610118	-0.067375	0.037970	0.520000
223	0.502250	0.035501	-0.353142	0.520000
224	0.509408	0.210585	-0.272731	0.520000
225	0.614764	0.016254	-0.005092	0.520000
226	0.607238	-0.006729	0.097169	0.520000
227	0.595759	-0.136459	-0.068377	0.520000
228	0.570217	-0.077414	0.216989	0.520000
229	0.608083	-0.089052	0.023014	0.520000
230	0.586405	-0.177170	0.054451	0.520000
231	0.614956	0.005605	-0.004812	0.520000
232	0.597634	0.141369	-0.032764	0.520000
233	0.592335	0.157056	0.051940	0.520000
234	0.614310	0.002969	0.028971	0.520000
235	0.595434	0.145162	0.051104	0.520000
236	0.607674	-0.048970	0.080986	0.520000
237	0.608878	-0.049856	-0.070762	0.520000
238	0.588241	0.034951	0.175999	0.520000
239	0.575081	0.055219	0.210849	0.520000
240	0.605775	-0.105785	-0.008457	0.520000
241	0.595910	-0.149800	0.026001	0.520000
242	0.583885	0.057237	-0.184464	0.520000
243	0.614717	-0.018620	-0.001239	0.520000
244	0.598700	-0.061807	0.126345	0.520000
245	0.596421	-0.126132	0.081228	0.520000
246	0.613614	0.035634	-0.020800	0.520000
247	0.606090	0.018792	-0.102598	0.520000
248	0.603335	-0.103013	-0.060001	0.520000
249	0.585186	-0.139714	0.127525	0.520000
250	0.593097	0.142940	0.077646	0.520000
251	0.573502	0.039770	0.218491	0.520000
252	0.587235	-0.173022	0.058681	0.520000
253	0.600374	0.030747	-0.129734	0.520000
254	0.613457	0.031588	0.029953	0.520000
255	0.569922	-0.223996	-0.056913	0.520000
256	0.605341	0.066545	-0.085783	0.520000
257	0.610406	-0.074907	0.004296	0.520000
258	0.598084	-0.057516	0.131196	0.520000
259	0.532903	0.045350	-0.303617	0.520000
260	0.607376	-0.083760	-0.047991	0.520000
261	0.568365	-0.105423	0.209932	0.520000
262	0.580273	0.051934	0.197006	0.520000
263	0.606601	-0.036867	0.094346	0.520000
264	0.609091	0.083426	-0.016544	0.520000
265	0.590183	-0.154173	-0.078353	0.520000
266	0.569381	-0.231416	-0.021836	0.520000
267	0.605829	-0.093591	-0.049363	0.520000
268	0.573232	-0.107826	0.194944	0.520000
269	0.566219	0.215524	0.105692	0.520000
270	0.586529	0.051672	0.177593	0.520000
271	0.604581	-0.058560	0.096323	0.520000
272	0.595282	-0.017656	0.153468	0.520000
273	0.612189	0.035601	-0.046711	0.520000
274	0.586141	-0.138835	-0.124053	0.520000
275	0.594453	-0.011246	0.157239	0.520000
276	0.590518	-0.168911	0.031340	0.520000
277	0.572114	-0.196167	0.111484	0.520000
278	0.592192	0.112966	0.121540	0.520000
279	0.602681	0.001581	0.122469	0.520000
280	0.579445	0.195401	0.065475	0.520000
281	0.612913	0.014903	-0.048377	0.520000
282	0.613525	0.040529	0.013039	0.520000
283	0.612163	-0.058240	-0.009449	0.520000
284	0.610244	-0.070650	-0.028901	0.520000
285	0.612071	0.045727	-0.038767	0.520000
286	0.572490	0.190854	0.118556	0.520000
287	0.602802	-0.065520	0.102769	0.520000
288	0.603635	0.015228	0.116693	0.520000
289	0.592456	-0.022095	0.163503	0.520000
290	0.609978	0.056120	0.054790	0.520000
291	0.605126	0.001050	0.109754	0.520000
292	0.603717	0.114326	-0.026089	0.520000
293	0.606330	-0.080432	-0.064186	0.520000
294	0.591590	-0.000369	-0.168066	0.520000
295	0.594591	-0.140319	0.070687	0.520000
296	0.607885	-0.077038	-0.052590	0.520000
297	0.601689	-0.084348	-0.095295	0.520000
298	0.610141	0.004983	-0.076997	0.520000
299	0.580825	-0.119017	0.163407	0.520000
300	0.598049	0.018527	0.142194	0.520000
301	0.589627	0.066552	-0.161667	0.520000
302	0.613263	0.045661	0.006995	0.520000
303	0.556343	0.234908	-0.116300	0.520000
304	0.600063	-0.045740	0.126716	0.520000
305	0.584569	0.189847	-0.021509	0.520000
306	0.580847	0.064959	0.191369	0.520000
307	0.561241	0.059760	0.244260	0.520000
308	0.582076	-0.046709	0.192951	0.520000
309	0.602483	-0.071902	0.100348	0.520000
310	0.592898	-0.033281	0.159966	0.520000
311	0.558548	0.137519	0.217572	0.520000
312	0.593979	0.107265	0.117934	0.520000
313	0.569840	0.118166	-0.198858	0.520000
314	0.595639	0.136762	0.068812	0.520000
315	0.566524	0.144414	0.190840	0.520000
316	0.538534	-0.034713	0.294960	0.520000
317	0.524140	0.088644	0.309265	0.520000
318	0.608977	-0.082224	-0.024727	0.520000
319	0.569112	-0.105076	0.208076	0.520000
320	0.581784	0.094829	0.175385	0.520000
321	0.592201	0.165888	0.001979	0.520000
322	0.422206	0.440489	0.077049	0.520000
323	0.592433	0.090424	-0.138101	0.520000
324	0.558122	0.116411	-0.230592	0.520000
325	0.573107	-0.195711	0.107099	0.520000
326	0.492913	-0.176171	-0.322839	0.520000
327	0.556122	-0.052378	0.257314	0.520000
328	0.583155	-0.095242	0.170540	0.520000
329	0.612500	-0.035539	0.042487	0.520000
330	0.546922	0.192055	-0.205465	0.520000
331	0.606078	0.089761	0.053264	0.520000
332	0.600557	0.112278	-0.070355	0.520000
333	0.564274	-0.103011	-0.221829	0.520000
334	0.601828	-0.043398	0.118930	0.520000
335	0.578338	-0.094290	0.186708	0.520000
336	0.607347	-0.088589	0.038818	0.520000
337	0.597489	-0.014303	0.145008	0.520000
338	0.590818	0.158490	-0.063560	0.520000
339	0.604733	0.089825	-0.066743	0.520000
340	0.534894	0.239261	-0.186729	0.520000
341	0.606075	0.101523	0.024307	0.520000
342	0.610770	0.065341	0.030250	0.520000
343	0.614271	-0.015019	0.025887	0.520000
344	0.538353	0.064746	0.290187	0.520000
345	0.611223	-0.058601	0.034602	0.520000
346	0.611248	-0.015558	-0.066024	0.520000
347	0.603832	0.056966	0.101820	0.520000
348	0.612777	0.042789	0.029980	0.520000
349	0.539041	-0.003131	0.296057	0.520000
350	0.589655	-0.167631	-0.049311	0.520000
351	0.598659	0.086785	-0.110908	0.520000
352	0.601015	0.004086	0.130344	0.520000
353	0.608177	-0.088896	0.021057	0.520000
354	0.603938	0.048722	-0.105404	0.520000
355	0.602360	0.022435	-0.121999	0.520000
356	0.588519	0.009378	0.178276	0.520000
357	0.575586	-0.179614	0.121099	0.520000
358	0.595903	-0.098238	-0.116078	0.520000
359	0.597802	-0.082868	-0.118280	0.520000
360	0.565349	-0.196677	-0.141151	0.520000
361	0.613746	0.032983	-0.021280	0.520000
362	0.608275	0.066715	-0.061450	0.520000
363	0.600763	-0.099385	0.086202	0.520000
364	0.595083	0.057471	0.144217	0.520000
365	0.501071	-0.053198	0.352595	0.520000
366	0.602005	-0.124537	0.017472	0.520000
367	0.572939	-0.020180	-0.222617	0.520000
368	0.614063	-0.033934	-0.000161	0.520000
369	0.610947	-0.044227	0.054886	0.520000
370	0.603660	-0.100355	-0.061222	0.520000
371	0.607215	0.096074	-0.016890	0.520000
372	0.575934	0.016346	0.215076	0.520000
373	0.575657	-0.069860	0.204851	0.520000
374	0.582901	-0.195197	-0.018704	0.520000
375	0.572509	-0.069357	-0.213655	0.520000
376	0.538833	-0.275694	-0.108979	0.520000
377	0.611683	-0.062806	0.011168	0.520000
378	0.612292	-0.015631	0.055496	0.520000
379	0.607759	-0.034454	0.087558	0.520000
380	0.600910	0.024491	0.128579	0.520000
381	0.602778	0.017202	0.120780	0.520000
382	0.585570	0.187389	-0.014785	0.520000
383	0.568994	0.099999	-0.210882	0.520000
384	0.613400	0.023259	-0.037748	0.520000
385	0.563449	-0.243239	0.039809	0.520000
386	0.609606	0.062650	-0.051774	0.520000
387	0.564064	0.136694	0.203399	0.520000
388	0.594877	0.007135	0.155869	0.520000
389	0.580139	0.200441	0.038559	0.520000
390	0.598668	0.016744	-0.139792	0.520000
391	0.601176	-0.099492	0.083147	0.520000
392	0.602616	0.107995	-0.058445	0.520000
393	0.606426	-0.017120	-0.100896	0.520000
394	0.604585	0.053132	0.099390	0.520000
395	0.584770	-0.164930	0.095224	0.520000
396	0.605959	0.098219	-0.037302	0.520000
397	0.605533	-0.054898	0.092416	0.520000
398	0.591092	-0.029902	0.167157	0.520000
399	0.599850	0.002623	0.135640	0.520000
400	0.605926	0.096930	0.041028	0.520000
401	0.535019	0.199562	-0.228374	0.520000
402	0.551193	-0.253821	-0.099928	0.520000
403	0.567361	-0.011989	0.237029	0.520000
404	0.586832	0.168603	0.073661	0.520000
405	0.580436	0.101307	0.176228	0.520000
406	0.585202	-0.131598	0.135814	0.520000
407	0.609374	-0.076033	0.033274	0.520000
408	0.601698	0.063428	-0.110281	0.520000
409	0.610105	-0.003068	-0.077382	0.520000
410	0.594734	0.156575	0.000533	0.520000
411	0.605307	0.046776	0.098186	0.520000
412	0.556494	0.175008	0.194710	0.520000
413	0.605459	0.070166	0.081981	0.520000
414	0.611634	-0.060119	0.022697	0.520000
415	0.601376	-0.089287	0.092732	0.520000
416	0.576324	0.005094	0.214592	0.520000
417	0.558525	0.257026	-0.014555	0.520000
418	0.589067	0.174991	0.024568	0.520000
419	0.558028	0.049413	0.253748	0.520000
420	0.593478	0.015885	0.160488	0.520000
421	0.575387	0.064773	0.207265	0.520000
422	0.600398	-0.021753	-0.131433	0.520000
423	0.553817	0.008183	0.267291	0.520000
424	0.574693	0.153216	-0.156454	0.520000
425	0.571005	0.191574	0.124412	0.520000
426	0.383884	0.411305	-0.248367	0.520000
427	0.509985	0.230947	-0.254565	0.520000
428	0.606336	0.100622	-0.021375	0.520000
429	0.562496	0.134746	-0.208965	0.520000
430	0.557352	-0.076993	-0.248305	0.520000
431	0.548328	-0.216924	-0.174658	0.520000
432	0.583175	-0.095303	-0.170440	0.520000
433	0.576630	-0.213509	-0.011679	0.520000
434	0.464693	-0.318140	0.247128	0.520000
435	0.614911	-0.004071	0.009625	0.520000
436	0.554930	0.170555	-0.202950	0.520000
437	0.611123	0.033094	-0.060481	0.520000
438	0.605439	0.082985	-0.069156	0.520000
439	0.602882	-0.038853	-0.115103	0.520000
440	0.609471	0.081881	-0.008085	0.520000
441	0.604499	-0.111569	0.018942	0.520000
442	0.598353	-0.020641	0.140616	0.520000
443	0.607464	-0.095758	0.006498	0.520000
444	0.570635	0.204393	-0.104040	0.520000
445	0.599967	0.132563	-0.026303	0.520000
446	0.592990	0.143786	-0.076898	0.520000
447	0.554405	0.214428	0.157735	0.520000
448	0.597056	-0.124102	0.079671	0.520000
449	0.558172	-0.242918	-0.087521	0.520000
450	0.608301	0.090406	0.004668	0.520000
451	0.614601	0.013204	0.017768	0.520000
452	0.600837	-0.014482	-0.130422	0.520000
453	0.573426	0.062546	-0.213297	0.520000
454	0.579522	0.181381	-0.097364	0.520000
455	0.599926	0.009911	0.134964	0.520000
456	0.609373	0.053049	0.063840	0.520000
457	0.608670	-0.034635	0.080911	0.520000
458	0.595711	0.065512	-0.138065	0.520000
459	0.601887	-0.120732	-0.037157	0.520000
460	0.614579	0.006443	0.021826	0.520000
461	0.612104	0.058249	-0.012699	0.520000
462	0.598554	0.100714	0.099072	0.520000
463	0.598774	-0.132676	-0.045731	0.520000
464	0.592977	0.031207	0.160092	0.520000
465	0.610125	-0.055261	0.054028	0.520000
466	0.585778	-0.145146	-0.118416	0.520000
467	0.574777	-0.191455	0.105835	0.520000
468	0.613843	-0.008521	-0.036735	0.520000
469	0.606929	0.079949	-0.058911	0.520000
470	0.601954	-0.012510	0.125379	0.520000
471	0.575499	0.002301	-0.216841	0.520000
472	0.603511	-0.042153	-0.110556	0.520000
473	0.560734	-0.235034	0.092530	0.520000
474	0.587973	-0.131816	0.123033	0.520000
475	0.613807	0.000188	0.038282	0.520000
476	0.607828	0.047469	0.080726	0.520000
477	0.596741	-0.093158	-0.115961	0.520000
478	0.590402	-0.157598	0.069381	0.520000
479	0.487348	-0.373027	-0.039595	0.520000
480	0.611271	-0.034557	-0.058125	0.520000
481	0.605652	-0.043391	-0.097610	0.520000
482	0.604598	-0.102385	0.046945	0.520000
483	0.543992	-0.096852	0.270033	0.520000
484	0.613049	0.017228	0.045810	0.520000
485	0.611339	0.064595	-0.017795	0.520000
486	0.609631	-0.076450	-0.027036	0.520000
487	0.568663	-0.234110	-0.006303	0.520000
488	0.514937	-0.335817	-0.017103	0.520000
489	0.589952	-0.137478	0.106213	0.520000
490	0.606526	-0.075881	0.067776	0.520000
491	0.610727	-0.041659	-0.059180	0.520000
492	0.552418	-0.254834	0.090108	0.520000
493	0.609301	-0.004315	0.083417	0.520000
494	0.609820	0.078857	0.011247	0.520000
495	0.578752	-0.082142	-0.191112	0.520000
496	0.610500	-0.023911	-0.070309	0.520000
497	0.547840	-0.274440	-0.052717	0.520000
498	0.594562	-0.156658	-0.013382	0.520000
499	0.592969	-0.149432	0.065439	0.520000
500	0.590536	-0.023609	0.170104	0.520000
501	0.595111	0.057163	0.144225	0.520000
502	0.602522	-0.048902	-0.113139	0.520000
503	0.606266	0.079584	-0.065823	0.520000
504	0.612891	-0.007363	-0.050350	0.520000
505	0.614232	-0.020060	0.023260	0.520000
506	0.607311	-0.022976	0.094183	0.520000
507	0.575230	0.206190	-0.069434	0.520000
508	0.612320	0.057151	0.004832	0.520000
509	0.611052	0.064844	0.025220	0.520000
510	0.583957	0.098093	0.166123	0.520000
511	0.592711	0.022111	0.162572	0.520000
512	0.602210	-0.026595	-0.121906	0.520000
513	0.607420	-0.062789	-0.072958	0.520000
514	0.603593	0.112379	0.035661	0.520000
515	0.607304	-0.039033	-0.088789	0.520000
516	0.587882	-0.156883	-0.089486	0.520000
517	0.605355	0.008010	0.108194	0.520000
518	0.599755	-0.080225	0.109924	0.520000
519	0.590489	0.040697	0.167007	0.520000
520	0.590110	-0.052056	0.165182	0.520000
521	0.588751	0.073109	0.162026	0.520000
522	0.601945	0.096187	0.081455	0.520000
523	0.613937	-0.021874	0.028767	0.520000
524	0.602678	-0.007931	0.122237	0.520000
525	0.598567	-0.037567	-0.136128	0.520000
526	0.602770	0.116999	0.034708	0.520000
527	0.591454	-0.084779	0.145670	0.520000
528	0.598958	0.019311	0.138209	0.520000
529	0.543904	0.002291	0.287033	0.520000
530	0.572980	-0.201137	0.097276	0.520000
531	0.548261	0.079503	0.267046	0.520000
532	0.564089	0.153463	0.190990	0.520000
533	0.489932	0.286532	-0.236835	0.520000
534	0.558299	0.197229	-0.166216	0.520000
535	0.554969	0.194839	0.179643	0.520000
536	0.609012	-0.014398	0.084390	0.520000
537	0.602211	0.048798	0.114831	0.520000
538	0.590656	0.118218	0.123997	0.520000
539	0.508163	-0.105676	0.329890	0.520000
540	0.595692	-0.124712	0.088445	0.520000
541	0.442074	0.376830	0.201977	0.520000
542	0.569033	0.228097	0.048971	0.520000
543	0.528672	0.212650	-0.231323	0.520000
544	0.598062	-0.078016	-0.120251	0.520000
545	0.573743	0.001555	-0.221453	0.520000
546	0.541762	-0.227285	-0.181826	0.520000
547	0.602579	-0.041689	-0.115694	0.520000
548	0.610791	0.070272	0.014862	0.520000
549	0.563064	-0.155033	-0.192738	0.520000
550	0.594104	-0.018106	0.157918	0.520000
551	0.606324	0.074935	-0.070574	0.520000
552	0.553903	0.264529	0.037955	0.520000
553	0.536221	0.293442	-0.067705	0.520000
554	0.612613	-0.006785	0.053701	0.520000
555	0.610620	-0.022643	-0.069679	0.520000
556	0.566333	-0.072657	0.228502	0.520000
557	0.586480	-0.105087	0.152390	0.520000
558	0.598879	0.065113	0.123814	0.520000
559	0.556471	0.238744	-0.107545	0.520000
560	0.590671	0.167855	-0.034014	0.520000
561	0.573245	0.221160	0.026517	0.520000
562	0.597613	-0.017839	0.144104	0.520000
563	0.614702	-0.006230	-0.018085	0.520000
564	0.606954	-0.018068	-0.097497	0.520000
565	0.610579	-0.035757	-0.064343	0.520000
566	0.597180	-0.146479	0.012044	0.520000
567	0.598657	0.126408	0.062097	0.520000
568	0.593548	0.113782	-0.113926	0.520000
569	0.528745	0.246009	0.195279	0.520000
570	0.571906	-0.065249	0.216542	0.520000
571	0.577810	-0.017298	-0.209908	0.520000
572	0.608524	-0.067613	-0.057900	0.520000
573	0.606218	-0.033695	-0.097927	0.520000
574	0.584908	0.009692	0.189772	0.520000
575	0.608690	0.075943	-0.044208	0.520000
576	0.574085	-0.219483	-0.021890	0.520000
577	0.607997	-0.075601	0.053380	0.520000
578	0.608161	-0.091246	-0.006225	0.520000
579	0.597996	-0.136120	0.045790	0.520000
580	0.594706	-0.144967	-0.059453	0.520000
581	0.571421	-0.026569	-0.225825	0.520000
582	0.576347	0.074660	0.201184	0.520000
583	0.592262	0.022240	-0.164184	0.520000
584	0.602650	-0.122083	-0.011586	0.520000
585	0.492054	-0.298594	0.216680	0.520000
586	0.583630	0.012068	0.193533	0.520000
587	0.567221	-0.225569	0.074856	0.520000
588	0.582427	-0.093200	-0.174118	0.520000
589	0.573414	-0.167941	0.145660	0.520000
590	0.570950	-0.163604	-0.159610	0.520000
591	0.599678	-0.083971	0.107519	0.520000
592	0.593885	0.053865	-0.150414	0.520000
593	0.565313	-0.241289	0.020633	0.520000
594	0.544126	-0.244597	0.149411	0.520000
595	0.611068	-0.000768	0.069431	0.520000
596	0.613568	-0.024792	-0.033840	0.520000
597	0.611438	-0.053910	-0.038248	0.520000
598	0.597050	-0.125701	-0.077170	0.520000
599	0.612916	0.049352	0.011098	0.520000
600	0.598825	-0.103621	0.094319	0.520000
601	0.543929	-0.168082	0.232625	0.520000
602	0.599361	-0.031987	0.134046	0.520000
603	0.594757	0.128216	-0.089722	0.520000
604	0.586250	-0.119150	-0.142614	0.520000
605	0.593189	-0.069855	-0.146534	0.520000
606	0.610015	0.003151	-0.078085	0.520000
607	0.602393	0.039948	-0.117267	0.520000
608	0.595191	0.112582	0.106293	0.520000
609	0.580395	0.065482	0.192559	0.520000
610	0.612769	-0.000798	0.052336	0.520000
611	0.564593	0.240070	-0.042734	0.520000
612	0.601085	-0.125465	-0.034348	0.520000
613	0.576438	0.175115	-0.123610	0.520000
614	0.595240	0.154490	-0.006899	0.520000
615	0.607083	-0.072145	-0.066857	0.520000
616	0.580200	0.025683	0.202319	0.520000
617	0.599516	0.058338	0.124106	0.520000
618	0.606830	-0.029359	0.095498	0.520000
619	0.614886	0.009388	0.007245	0.520000
620	0.614294	0.023864	0.017277	0.520000
621	0.608233	0.055978	-0.071725	0.520000
622	0.571995	0.035428	-0.223140	0.520000
623	0.604486	0.023805	-0.110701	0.520000
624	0.611271	0.044180	-0.051196	0.520000
625	0.580455	-0.105300	0.173806	0.520000
626	0.592871	0.019837	0.162282	0.520000
627	0.598458	-0.005162	0.141585	0.520000
628	0.544414	0.025812	0.284906	0.520000
629	0.584622	0.014620	0.190336	0.520000
630	0.587105	0.159950	0.089158	0.520000
631	0.549393	0.276378	-0.002844	0.520000
632	0.569004	-0.057294	0.226224	0.520000
633	0.586645	0.122027	0.138498	0.520000
634	0.603642	0.079863	0.086390	0.520000
635	0.596948	-0.100487	0.108540	0.520000
636	0.562132	-0.073833	0.238289	0.520000
637	0.560280	0.091920	0.236352	0.520000
638	0.478844	0.291933	0.252405	0.520000
639	0.487812	0.272302	-0.257130	0.520000
640	0.487746	0.230587	-0.295227	0.520000
641	0.587646	0.164099	-0.077254	0.520000
642	0.584036	0.038966	-0.188704	0.520000
643	0.562256	-0.145061	-0.202610	0.520000
644	0.597425	-0.119460	-0.083892	0.520000
645	0.603666	-0.081634	0.084546	0.520000
646	0.604699	-0.103330	-0.043436	0.520000
647	0.607177	0.079927	0.056329	0.520000
648	0.611021	0.065300	0.024787	0.520000
649	0.603988	0.115767	-0.004685	0.520000
650	0.610080	-0.061457	-0.047440	0.520000
651	0.610371	0.069763	0.028373	0.520000
652	0.613440	-0.038558	-0.020733	0.520000
653	0.587503	-0.175252	-0.048492	0.520000
654	0.485639	-0.343883	0.155320	0.520000
655	0.565437	-0.186913	-0.153522	0.520000
656	0.508810	-0.341399	-0.052767	0.520000
657	0.586275	0.097735	0.157971	0.520000
658	0.607734	-0.092709	-0.017017	0.520000
659	0.610093	0.059994	-0.049117	0.520000
660	0.449965	-0.143358	0.393960	0.520000
661	0.576860	0.051665	-0.206854	0.520000
662	0.599519	-0.106073	0.086896	0.520000
663	0.602093	0.121461	0.030926	0.520000
664	0.607188	-0.042268	0.088096	0.520000
665	0.566252	0.155392	0.182859	0.520000
666	0.605914	0.098282	0.037874	0.520000
667	0.611006	-0.068389	0.014818	0.520000
668	0.611330	-0.057585	0.034423	0.520000
669	0.600987	-0.084493	0.099502	0.520000
670	0.611244	-0.024633	0.063236	0.520000
671	0.609597	-0.055975	-0.059020	0.520000
672	0.583922	-0.025850	-0.191289	0.520000
673	0.600118	0.133667	0.014711	0.520000
674	0.611908	-0.028275	0.054723	0.520000
675	0.576615	0.108136	-0.184517	0.520000
676	0.562584	0.070819	-0.238137	0.520000
677	0.584757	0.116183	0.150950	0.520000
678	0.574437	-0.217546	0.030346	0.520000
679	0.607624	-0.060228	-0.073418	0.520000
680	0.607745	-0.089126	-0.030447	0.520000
681	0.559077	-0.128034	-0.221957	0.520000
682	0.597241	-0.089899	-0.115958	0.520000
683	0.588994	-0.081789	0.156911	0.520000
684	0.534734	-0.296881	0.064388	0.520000
685	0.458074	-0.033641	-0.408976	0.520000
686	0.603237	-0.117402	0.023388	0.520000
687	0.586611	-0.173866	-0.062316	0.520000
688	0.599816	0.005113	-0.135720	0.520000
689	0.595478	-0.069833	0.136948	0.520000
690	0.565998	0.003889	-0.240532	0.520000
691	0.594407	-0.058879	0.146419	0.520000
692	0.576654	-0.173146	0.125362	0.520000
693	0.590361	-0.149962	0.084915	0.520000
694	0.566937	0.101815	0.215502	0.520000
695	0.614413	0.019911	-0.018027	0.520000
696	0.472346	-0.222079	0.325262	0.520000
697	0.613129	0.026758	-0.039775	0.520000
698	0.609763	-0.032295	0.073289	0.520000
699	0.587513	-0.124629	0.132367	0.520000
700	0.601567	-0.119569	0.045221	0.520000
701	0.605521	-0.085429	-0.065356	0.520000
702	0.593791	-0.143407	0.071215	0.520000
703	0.602641	0.120354	0.023741	0.520000
704	0.528052	-0.123386	0.290107	0.520000
705	0.554991	-0.152961	0.216362	0.520000
706	0.581796	-0.191025	0.056986	0.520000
707	0.537678	0.237389	-0.181036	0.520000
708	0.517834	-0.207601	-0.258794	0.520000
709	0.604091	-0.104005	-0.049818	0.520000
710	0.584950	-0.021171	0.188706	0.520000
711	0.558523	-0.080892	-0.244404	0.520000
712	0.607566	-0.050192	0.081055	0.520000
713	0.589589	-0.174080	0.017494	0.520000
714	0.597254	0.096701	0.110279	0.520000
715	0.531628	0.154034	-0.268085	0.520000
716	0.611040	0.008896	-0.069106	0.520000
717	0.614498	-0.013769	0.020669	0.520000
718	0.611213	0.057253	-0.036962	0.520000
719	0.607589	0.095110	0.003842	0.520000
720	0.606003	0.056861	-0.088045	0.520000
721	0.564175	0.242525	-0.033357	0.520000
722	0.610504	0.073985	0.006023	0.520000
723	0.613559	-0.014078	0.039653	0.520000
724	0.590221	-0.137058	0.105257	0.520000
725	0.612774	0.034851	0.038965	0.520000
726	0.604810	-0.070522	-0.086353	0.520000
727	0.579550	-0.203432	0.031026	0.520000
728	0.584306	0.009428	-0.191631	0.520000
729	0.499150	0.131828	-0.334210	0.520000
730	0.588851	0.168354	-0.056004	0.520000
731	0.599322	0.131625	-0.041393	0.520000
732	0.597570	0.062708	0.131159	0.520000
733	0.609195	0.054122	0.064635	0.520000
734	0.528272	0.069426	0.307138	0.520000
735	0.590416	0.088759	0.147498	0.520000
736	0.591772	0.159729	0.050180	0.520000
737	0.529096	0.094275	0.298989	0.520000
738	0.581924	0.198247	0.016972	0.520000
739	0.613767	0.004295	-0.038693	0.520000
740	0.606875	0.094507	0.031562	0.520000
741	0.558802	-0.226528	-0.121040	0.520000
742	0.599678	0.120805	0.063386	0.520000
743	0.588795	-0.053712	0.169295	0.520000
744	0.555850	-0.189421	0.182689	0.520000
745	0.556895	0.167135	0.200396	0.520000
746	0.539695	0.177019	0.235837	0.520000
747	0.425174	0.317297	-0.311087	0.520000
748	0.558453	0.222053	-0.130568	0.520000
749	0.529449	-0.021123	-0.312190	0.520000
750	0.596317	-0.000340	-0.150434	0.520000
751	0.362407	-0.130729	-0.479371	0.520000
752	0.574278	-0.142932	-0.167332	0.520000
753	0.523088	-0.323415	0.002555	0.520000
754	0.387703	-0.411420	0.242167	0.520000
755	0.606575	-0.077971	-0.064902	0.520000
756	0.606774	0.093027	-0.037374	0.520000
757	0.499420	0.329353	0.142585	0.520000
758	0.611092	-0.060924	0.032858	0.520000
759	0.613384	-0.040608	0.018327	0.520000
760	0.567283	0.087434	0.220840	0.520000
761	0.586585	-0.123834	0.137143	0.520000
762	0.599566	-0.110661	0.080624	0.520000
763	0.593264	0.132955	-0.092659	0.520000
764	0.599172	0.081351	-0.112249	0.520000
765	0.613472	0.043222	0.003099	0.520000
766	0.583958	-0.068462	0.180362	0.520000
767	0.593566	-0.158075	-0.030274	0.520000
768	0.546698	-0.281393	0.012822	0.520000
769	0.574256	-0.220123	0.001141	0.520000
770	0.612110	-0.050166	0.032096	0.520000
771	0.607682	0.067602	-0.066159	0.520000
772	0.554086	0.255675	-0.076445	0.520000
773	0.574806	0.132317	0.174114	0.520000
774	0.511258	-0.163336	0.300269	0.520000
775	0.523679	-0.156746	0.281809	0.520000
776	0.614869	0.002664	-0.012395	0.520000
777	0.542930	-0.006982	-0.288797	0.520000
778	0.610952	-0.020829	-0.067299	0.520000
779	0.597821	0.108087	-0.095669	0.520000
780	0.587611	-0.181286	0.008573	0.520000
781	0.573060	0.108736	0.194945	0.520000
782	0.614456	-0.025870	-0.000151	0.520000
783	0.580571	0.187920	-0.076475	0.520000
784	0.600005	0.081288	-0.107758	0.520000
785	0.602468	-0.009754	0.123133	0.520000
786	0.609274	-0.080901	0.021580	0.520000
787	0.562245	0.064680	-0.240669	0.520000
788	0.583778	-0.184113	-0.059421	0.520000
789	0.581319	-0.198781	-0.027929	0.520000
790	0.593833	-0.142422	-0.072823	0.520000
791	0.596399	-0.078607	0.127884	0.520000
792	0.553862	0.244963	0.107030	0.520000
793	0.608445	0.087324	-0.019850	0.520000
794	0.603737	-0.116347	-0.013766	0.520000
795	0.596485	-0.147281	-0.027173	0.520000
796	0.596780	0.098487	-0.111262	0.520000
797	0.531723	-0.161572	0.263420	0.520000
798	0.576247	-0.168831	-0.132893	0.520000
799	0.610536	-0.073919	0.002606	0.520000
800	0.559201	-0.194301	0.166633	0.520000
801	0.614705	0.015973	0.010397	0.520000
802	0.521760	-0.261333	-0.194155	0.520000
803	0.572983	0.170146	0.144796	0.520000
804	0.581279	0.077276	0.185386	0.520000
805	0.571009	-0.215923	-0.074507	0.520000
806	0.568755	0.074119	0.221920	0.520000
807	0.594148	-0.153671	-0.039982	0.520000
808	0.589247	-0.096381	-0.147391	0.520000
809	0.559006	-0.252133	0.046539	0.520000
810	0.589244	-0.139343	-0.107705	0.520000
811	0.613947	-0.026621	0.024204	0.520000
812	0.588966	-0.138291	-0.110542	0.520000
813	0.559203	0.197652	0.162635	0.520000
814	0.602484	0.004488	-0.123359	0.520000
815	0.563721	-0.053730	-0.239909	0.520000
816	0.605826	-0.100272	0.033840	0.520000
817	0.610761	-0.024390	-0.067829	0.520000
818	0.613968	0.020252	0.029299	0.520000
819	0.594280	-0.158262	0.002988	0.520000
820	0.609916	-0.066079	0.043141	0.520000
821	0.601856	-0.120876	-0.037194	0.520000
822	0.586792	0.165468	0.080748	0.520000
823	0.606004	0.023599	0.102113	0.520000
824	0.592842	-0.014736	-0.162930	0.520000
825	0.588569	0.154702	-0.088762	0.520000
826	0.610613	-0.063568	0.036543	0.520000
827	0.594296	0.057360	-0.147469	0.520000
828	0.613642	0.001929	0.040795	0.520000
829	0.588294	-0.106894	0.143905	0.520000
830	0.611430	0.010934	0.065257	0.520000
831	0.576508	0.063665	0.204477	0.520000
832	0.602932	0.115457	-0.036983	0.520000
833	0.581733	0.180980	0.084010	0.520000
834	0.594533	-0.098615	0.122602	0.520000
835	0.599513	0.069172	0.118425	0.520000
836	0.558992	0.135288	0.217830	0.520000
837	0.585743	0.111908	0.150354	0.520000
838	0.600586	0.033364	0.128093	0.520000
839	0.605489	0.029610	0.103590	0.520000
840	0.578583	0.035486	0.205444	0.520000
841	0.592931	0.141205	0.081974	0.520000
842	0.586562	0.124015	0.137077	0.520000
843	0.604745	-0.070053	0.087185	0.520000
844	0.595519	0.047160	0.146143	0.520000
845	0.613418	0.040042	-0.018431	0.520000
846	0.611784	-0.025475	0.057410	0.520000
847	0.517804	0.046701	0.328517	0.520000
848	0.557172	0.057647	0.253893	0.520000
849	0.459301	0.090508	0.398843	0.520000
850	0.375535	0.127589	0.470021	0.520000
