1	-0.310304	0.327386	-0.418037	0.530000
2	-0.231586	0.566731	0.058388	0.530000
3	-0.468154	0.259559	-0.302796	0.530000
4	-0.594011	-0.063962	-0.145892	0.530000
5	-0.279426	0.532859	-0.127311	0.530000
6	-0.409556	0.448245	-0.097804	0.530000
7	-0.322087	0.507945	0.128361	0.530000
8	-0.317662	0.526388	-0.015199	0.530000
9	-0.553571	0.210073	0.166291	0.530000
10	-0.491854	0.071490	-0.362207	0.530000
11	-0.306944	0.344740	-0.406405	0.530000
12	-0.493101	0.355543	-0.093090	0.530000
13	-0.563173	0.193825	0.153275	0.530000
14	-0.522882	0.316288	0.069144	0.530000
15	-0.437444	0.419156	0.105715	0.530000
16	-0.478141	0.362068	0.136065	0.530000
17	-0.525763	0.252657	-0.194840	0.530000
18	-0.471023	0.385564	0.087766	0.530000
19	-0.613774	0.014827	0.035878	0.530000
20	-0.577652	0.206396	0.044088	0.530000
21	-0.545090	0.283183	-0.030149	0.530000
22	-0.555777	0.248872	-0.086023	0.530000
23	-0.594364	0.157013	-0.017417	0.530000
24	-0.460177	0.402506	-0.066716	0.530000
25	-0.510696	0.320999	0.119892	0.530000
26	-0.481743	0.382286	-0.002555	0.530000
27	-0.401527	0.454988	-0.099934	0.530000
28	-0.598107	0.018397	0.141966	0.530000
29	-0.601636	0.126606	0.015153	0.530000
30	-0.589185	0.158591	-0.077034	0.530000
31	-0.603210	-0.113039	0.039817	0.530000
32	-0.529527	0.283643	0.131809	0.530000
33	-0.582512	0.191526	-0.047150	0.530000
34	-0.433950	0.399170	-0.174860	0.530000
35	-0.565643	0.158707	0.181894	0.530000
36	-0.546346	0.264783	0.098089	0.530000
37	-0.605930	0.078105	0.070519	0.530000
38	-0.567050	0.064690	-0.229117	0.530000
39	-0.601958	0.115149	-0.051105	0.530000
40	-0.589334	0.146986	0.096462	0.530000
41	-0.597542	-0.129718	0.065890	0.530000
42	-0.476538	0.306778	0.238796	0.530000
43	-0.466650	0.340850	-0.210437	0.530000
44	-0.613034	-0.032014	0.037280	0.530000
45	-0.578467	0.026940	-0.207063	0.530000
46	-0.564812	-0.010304	0.243119	0.530000
47	-0.578016	0.157594	0.138876	0.530000
48	-0.605782	-0.028758	-0.102110	0.530000
49	-0.555464	0.243036	-0.103046	0.530000
50	-0.602181	0.070709	0.102971	0.530000
51	-0.500957	0.347485	0.080756	0.530000
52	-0.601441	0.108139	0.069280	0.530000
53	-0.539911	0.292559	0.033613	0.530000
54	-0.538439	0.272215	-0.119194	0.530000
55	-0.610941	0.058794	-0.038986	0.530000
56	-0.601756	0.085382	-0.093939	0.530000
57	-0.592430	0.079084	-0.144905	0.530000
58	-0.606925	0.098477	0.013020	0.530000
59	-0.532212	0.240169	-0.193118	0.530000
60	-0.599994	0.040958	0.128665	0.530000
61	-0.577128	0.211881	0.015974	0.530000
62	-0.601008	-0.039353	0.124363	0.530000
63	-0.527553	0.251237	0.191815	0.530000
64	-0.462220	-0.392332	0.103214	0.530000
65	-0.510298	0.139567	-0.313596	0.530000
66	-0.546308	0.256291	-0.118691	0.530000
67	-0.594867	0.151858	-0.036012	0.530000
68	-0.543462	0.019278	-0.287233	0.530000
69	-0.557674	0.248007	0.075611	0.530000
70	-0.614011	-0.029923	0.017893	0.530000
71	-0.599014	-0.127897	0.055222	0.530000
72	-0.612502	0.007950	0.054803	0.530000
73	-0.429514	0.430632	0.091098	0.530000
74	-0.596750	0.078807	-0.126112	0.530000
75	-0.585423	0.186190	-0.028953	0.530000
76	-0.586718	0.167684	-0.076608	0.530000
77	-0.583001	-0.102993	-0.166516	0.530000
78	-0.529202	0.303915	-0.076196	0.530000
79	-0.591661	0.079491	-0.147795	0.530000
80	-0.582761	0.126112	-0.150701	0.530000
81	-0.608314	0.022832	-0.087510	0.530000
82	-0.592806	0.157804	0.043633	0.530000
83	-0.532590	0.257386	-0.168300	0.530000
84	-0.559439	0.158624	0.200230	0.530000
85	-0.609035	-0.075643	-0.039740	0.530000
86	-0.593864	0.149352	0.056962	0.530000
87	-0.550365	0.237608	0.137352	0.530000
88	-0.567877	0.230822	-0.049614	0.530000
89	-0.599540	0.121075	-0.064171	0.530000
90	-0.576171	-0.025012	-0.213602	0.530000
91	-0.368281	0.472055	0.140564	0.530000
92	-0.510618	0.331343	-0.087785	0.530000
93	-0.591826	0.166172	0.018802	0.530000
94	-0.497231	0.347700	0.100453	0.530000
95	-0.567372	0.064207	0.228455	0.530000
96	-0.601907	0.092946	0.085407	0.530000
97	-0.473237	0.319326	-0.228698	0.530000
98	-0.501634	0.288198	-0.208640	0.530000
99	-0.592631	0.150190	0.066759	0.530000
100	-0.361153	0.492901	0.069585	0.530000
101	-0.458083	0.409004	0.033174	0.530000
102	-0.492931	0.367569	0.011705	0.530000
103	-0.459942	0.401934	-0.071606	0.530000
104	-0.452426	0.389300	-0.148260	0.530000
105	-0.565584	0.125025	-0.206662	0.530000
106	-0.580204	0.026998	-0.202136	0.530000
107	-0.614408	0.018301	0.019821	0.530000
108	-0.608240	0.076854	-0.048605	0.530000
109	-0.410900	0.457548	0.005981	0.530000
110	-0.333332	0.506585	0.102402	0.530000
111	-0.312061	0.513568	0.130731	0.530000
112	-0.448394	0.376496	0.188200	0.530000
113	-0.575293	0.103529	0.191167	0.530000
114	-0.555898	0.262220	-0.021046	0.530000
115	-0.599253	0.076590	0.115130	0.530000
116	-0.400004	0.465449	-0.039733	0.530000
117	-0.217436	0.479875	0.317280	0.530000
118	-0.529539	0.228603	-0.213433	0.530000
119	-0.418280	0.434040	-0.121965	0.530000
120	-0.568607	0.234324	0.001922	0.530000
121	-0.601687	0.126599	0.013052	0.530000
122	-0.417013	0.444884	-0.080021	0.530000
123	-0.420694	0.444751	0.058632	0.530000
124	-0.599551	0.132825	0.033482	0.530000
125	-0.410151	0.457257	-0.030280	0.530000
126	-0.516539	0.165687	-0.289760	0.530000
127	-0.593755	0.157847	-0.027654	0.530000
128	-0.589231	0.172753	0.034465	0.530000
129	-0.560314	0.085330	0.238729	0.530000
130	-0.458471	0.386506	0.136536	0.530000
131	-0.424136	0.436429	0.088675	0.530000
132	-0.494905	0.360615	0.057013	0.530000
133	-0.326777	0.518692	0.048993	0.530000
134	-0.595705	0.038746	-0.147847	0.530000
135	-0.504772	0.342164	0.079711	0.530000
136	-0.592419	0.157004	0.051130	0.530000
137	-0.551456	0.267154	0.052446	0.530000
138	-0.566485	0.176088	-0.162212	0.530000
139	-0.467101	0.386541	-0.103087	0.530000
140	-0.455504	0.412755	0.019333	0.530000
141	-0.514456	0.319294	-0.107755	0.530000
142	-0.611576	0.054311	-0.035352	0.530000
143	-0.554179	0.260573	-0.056680	0.530000
144	-0.612003	0.027933	-0.053821	0.530000
145	-0.583780	-0.083356	0.174580	0.530000
146	-0.567701	0.227929	0.063152	0.530000
147	-0.481029	0.382562	-0.021957	0.530000
148	-0.552630	0.253848	-0.091580	0.530000
149	-0.575813	0.194580	0.093826	0.530000
150	-0.603701	-0.054140	0.104112	0.530000
151	-0.614468	0.022150	-0.012804	0.530000
152	-0.596320	-0.074398	-0.130736	0.530000
153	-0.572609	0.030007	0.222359	0.530000
154	-0.484560	0.306534	-0.222404	0.530000
155	-0.477048	0.363489	0.136111	0.530000
156	-0.588650	0.176254	0.025508	0.530000
157	-0.556653	0.258248	-0.040871	0.530000
158	-0.556463	0.209075	-0.157676	0.530000
159	-0.484433	0.330642	-0.185001	0.530000
160	-0.606962	-0.069230	0.070914	0.530000
161	-0.529213	0.263055	-0.170179	0.530000
162	-0.592867	0.125991	-0.104211	0.530000
163	-0.599576	0.023384	0.134857	0.530000
164	-0.480664	0.380292	0.050646	0.530000
165	-0.473874	0.386450	0.065765	0.530000
166	-0.567720	-0.136713	-0.192948	0.530000
167	-0.607410	-0.082354	0.049958	0.530000
168	-0.544711	0.258835	-0.120497	0.530000
169	-0.521466	0.300268	0.127033	0.530000
170	-0.609961	0.072042	-0.031351	0.530000
171	-0.574717	0.213166	0.049861	0.530000
172	-0.562276	-0.012371	-0.248832	0.530000
173	-0.612181	0.005816	0.058531	0.530000
174	-0.592248	0.034349	-0.162134	0.530000
175	-0.608765	0.058039	0.065285	0.530000
176	-0.607951	0.075025	0.054694	0.530000
177	-0.587767	0.144316	-0.109213	0.530000
178	-0.581234	0.114409	-0.165234	0.530000
179	-0.595167	-0.010082	-0.154594	0.530000
180	-0.561016	0.090421	0.235182	0.530000
181	-0.613117	-0.034985	-0.033003	0.530000
182	-0.541998	0.279528	-0.079547	0.530000
183	-0.545222	0.277562	-0.062584	0.530000
184	-0.612098	0.045448	-0.038674	0.530000
185	-0.605820	-0.061803	0.085952	0.530000
186	-0.579688	0.191949	-0.073089	0.530000
187	-0.558037	0.193759	-0.171107	0.530000
188	-0.549337	0.241173	-0.135240	0.530000
189	-0.600022	-0.015107	-0.134052	0.530000
190	-0.518536	0.318573	-0.088640	0.530000
191	-0.539333	0.295535	-0.001836	0.530000
192	-0.594089	0.151942	0.046871	0.530000
193	-0.594935	0.063040	0.142490	0.530000
194	-0.601077	0.129204	-0.015430	0.530000
195	-0.592729	0.155906	-0.050896	0.530000
196	-0.533046	0.242799	-0.187446	0.530000
197	-0.550522	0.270904	-0.041968	0.530000
198	-0.313379	0.515087	0.121258	0.530000
199	-0.484667	0.377667	0.026284	0.530000
200	-0.467098	0.346074	-0.200692	0.530000
201	-0.527664	0.284544	0.137225	0.530000
202	-0.607985	0.050852	0.077414	0.530000
203	-0.512628	0.339735	-0.004168	0.530000
204	-0.567451	0.205018	-0.119130	0.530000
205	-0.612738	0.003566	-0.052576	0.530000
206	-0.322972	0.523289	0.009095	0.530000
207	-0.385598	0.471429	0.085406	0.530000
208	-0.530921	0.310074	-0.014211	0.530000
209	-0.556333	0.250972	-0.075706	0.530000
210	-0.524601	0.236641	-0.216839	0.530000
211	-0.546843	0.241095	0.145125	0.530000
212	-0.526942	0.299562	-0.104017	0.530000
213	-0.571769	0.218439	0.059918	0.530000
214	-0.472928	0.326514	-0.218980	0.530000
215	-0.512946	0.269231	-0.206459	0.530000
216	-0.543516	0.285808	-0.033605	0.530000
217	-0.580749	0.169523	-0.110534	0.530000
218	-0.489083	0.370970	-0.037468	0.530000
219	-0.377451	0.485531	-0.003890	0.530000
220	-0.433474	0.434512	0.039044	0.530000
221	-0.459896	0.405969	-0.043700	0.530000
222	-0.507723	0.208610	0.277352	0.530000
223	-0.478285	0.146374	-0.357831	0.530000
224	-0.522133	0.290391	-0.145859	0.530000
225	-0.599989	0.116739	-0.067899	0.530000
226	-0.600315	0.128765	0.035594	0.530000
227	-0.584203	0.187737	0.041076	0.530000
228	-0.479121	0.373658	0.095122	0.530000
229	-0.470007	0.394453	-0.041532	0.530000
230	-0.461926	0.385344	0.127904	0.530000
231	-0.537908	0.258700	0.148171	0.530000
232	-0.567919	0.039935	-0.232590	0.530000
233	-0.589448	0.166785	-0.054393	0.530000
234	-0.605456	0.052648	0.094211	0.530000
235	-0.495695	0.362445	-0.033838	0.530000
236	-0.556580	0.239013	-0.106380	0.530000
237	-0.488844	0.368767	-0.057163	0.530000
238	-0.474440	0.360901	-0.151270	0.530000
239	-0.498673	0.357162	-0.044564	0.530000
240	-0.309515	0.505700	0.163378	0.530000
241	-0.611668	-0.036738	-0.052318	0.530000
242	-0.594733	-0.041169	-0.151073	0.530000
243	-0.607140	-0.027531	-0.094065	0.530000
244	-0.570759	0.195370	-0.119538	0.530000
245	-0.586201	0.181253	-0.041724	0.530000
246	-0.529782	0.305484	-0.065086	0.530000
247	-0.450366	0.389987	-0.152662	0.530000
248	-0.553462	0.266237	0.031982	0.530000
249	-0.605910	0.094904	0.045726	0.530000
250	-0.612298	-0.028556	-0.050001	0.530000
251	-0.586959	-0.057384	-0.174387	0.530000
252	-0.614328	-0.021202	0.019404	0.530000
253	-0.601509	0.124206	-0.031383	0.530000
254	-0.561230	0.212686	0.134201	0.530000
255	-0.460834	0.406375	-0.026767	0.530000
256	-0.512325	0.316300	0.125308	0.530000
257	-0.563274	0.219761	-0.112483	0.530000
258	-0.567484	0.218107	0.092825	0.530000
259	-0.600494	-0.132712	-0.004379	0.530000
260	-0.593528	0.161013	-0.004866	0.530000
261	-0.605645	0.020244	-0.104924	0.530000
262	-0.593051	0.153827	-0.053407	0.530000
263	-0.598579	0.121022	0.072676	0.530000
264	-0.606698	0.097681	0.024511	0.530000
265	-0.576842	0.203156	0.064855	0.530000
266	-0.561464	0.245278	-0.053119	0.530000
267	-0.550409	0.240494	-0.132051	0.530000
268	-0.568053	-0.147504	-0.183804	0.530000
269	-0.613647	-0.040653	-0.003129	0.530000
270	-0.558366	0.235700	-0.104391	0.530000
271	-0.612832	-0.033264	0.039443	0.530000
272	-0.599942	0.082352	-0.107296	0.530000
273	-0.559320	0.233506	0.104217	0.530000
274	-0.601040	0.008947	0.129983	0.530000
275	-0.550423	0.273181	-0.025129	0.530000
276	-0.608311	0.062049	-0.065821	0.530000
277	-0.551111	0.268618	-0.048436	0.530000
278	-0.560430	0.236201	-0.091389	0.530000
279	-0.593031	0.161484	0.021489	0.530000
280	-0.524500	0.296796	-0.122626	0.530000
281	-0.606806	0.099780	-0.007401	0.530000
282	-0.612571	0.053255	0.012044	0.530000
283	-0.611931	0.033851	0.051185	0.530000
284	-0.607518	0.093881	0.018263	0.530000
285	-0.592539	0.083761	-0.141796	0.530000
286	-0.557791	0.202809	-0.161130	0.530000
287	-0.552461	0.249498	-0.103744	0.530000
288	-0.604485	0.101672	-0.049856	0.530000
289	-0.613091	-0.038046	0.029944	0.530000
290	-0.529450	0.258395	-0.176465	0.530000
291	-0.574787	0.191487	0.105721	0.530000
292	-0.610650	0.072967	-0.002595	0.530000
293	-0.612537	-0.001845	-0.054959	0.530000
294	-0.601288	0.053543	-0.117517	0.530000
295	-0.464482	0.400921	0.041759	0.530000
296	-0.458530	0.374911	-0.165581	0.530000
297	-0.601365	-0.023845	0.126557	0.530000
298	-0.592051	0.094616	0.136923	0.530000
299	-0.609434	0.074919	0.034668	0.530000
300	-0.490318	0.347822	0.129742	0.530000
301	-0.519200	0.097896	-0.314758	0.530000
302	-0.601439	-0.106459	0.071853	0.530000
303	-0.565838	0.207742	-0.122049	0.530000
304	-0.396099	0.410051	0.230626	0.530000
305	-0.513925	0.337734	0.006450	0.530000
306	-0.541546	0.269007	-0.112198	0.530000
307	-0.483849	0.379041	-0.021051	0.530000
308	-0.466446	0.398059	0.046926	0.530000
309	-0.607560	0.094869	0.009766	0.530000
310	-0.536003	0.301536	0.001178	0.530000
311	-0.583773	-0.003549	-0.193446	0.530000
312	-0.570235	0.208948	-0.096941	0.530000
313	-0.431241	0.417976	-0.132487	0.530000
314	-0.513928	0.332881	-0.057389	0.530000
315	-0.427911	0.436547	-0.067411	0.530000
316	-0.489873	0.371817	0.001359	0.530000
317	-0.419997	0.435136	0.111729	0.530000
318	-0.505100	0.344233	0.067842	0.530000
319	-0.546687	0.275416	0.059198	0.530000
320	-0.553536	0.256285	0.078366	0.530000
321	-0.599152	0.042052	0.132186	0.530000
322	-0.479879	0.274071	-0.269863	0.530000
323	-0.363272	0.444505	-0.220622	0.530000
324	-0.468836	0.394119	-0.055568	0.530000
325	-0.553293	0.238171	0.123962	0.530000
326	-0.455361	0.365482	0.193119	0.530000
327	-0.387305	0.475440	-0.046653	0.530000
328	-0.427125	0.442204	0.015633	0.530000
329	-0.448423	0.385374	0.169200	0.530000
330	-0.344906	0.419499	-0.288592	0.530000
331	-0.536065	0.187570	-0.235959	0.530000
332	-0.505907	0.282183	-0.206534	0.530000
333	-0.573888	0.209511	0.070585	0.530000
334	-0.531651	0.276716	0.137844	0.530000
335	-0.531465	0.303201	-0.061956	0.530000
336	-0.461953	0.386057	0.125638	0.530000
337	-0.526535	0.311321	0.063756	0.530000
338	-0.575979	0.142763	-0.161528	0.530000
339	-0.591180	0.169454	0.004061	0.530000
340	-0.603641	0.091818	-0.073565	0.530000
341	-0.555209	0.254556	0.071895	0.530000
342	-0.477399	0.379578	0.078970	0.530000
343	-0.513812	0.322185	-0.102075	0.530000
344	-0.385592	0.462623	-0.124594	0.530000
345	-0.407926	0.455250	0.067587	0.530000
346	-0.597591	0.109907	-0.095031	0.530000
347	-0.590799	0.162618	-0.052322	0.530000
348	-0.553884	-0.034899	0.264990	0.530000
349	-0.490350	0.368020	-0.048409	0.530000
350	-0.587009	0.160218	-0.089309	0.530000
351	-0.501757	0.341543	0.099064	0.530000
352	-0.577697	0.205619	0.047032	0.530000
353	-0.487604	0.374789	0.000263	0.530000
354	-0.549078	0.231891	-0.151540	0.530000
355	-0.606121	-0.050947	-0.090812	0.530000
356	-0.602708	0.109479	-0.054611	0.530000
357	-0.608926	0.028548	0.081360	0.530000
358	-0.537368	0.234826	0.185250	0.530000
359	-0.529426	0.306984	-0.060780	0.530000
360	-0.552599	0.220527	0.155652	0.530000
361	-0.608519	0.045024	-0.076829	0.530000
362	-0.588420	-0.170614	-0.053646	0.530000
363	-0.599184	-0.017105	0.137517	0.530000
364	-0.582227	0.167964	0.104996	0.530000
365	-0.576717	0.196947	0.082670	0.530000
366	-0.563850	0.241590	-0.043963	0.530000
367	-0.578044	0.207622	0.031355	0.530000
368	-0.604223	0.113613	0.015236	0.530000
369	-0.523459	0.321876	-0.024739	0.530000
370	-0.607960	0.092787	-0.000715	0.530000
371	-0.569166	-0.026641	-0.231441	0.530000
372	-0.608923	0.083592	0.021208	0.530000
373	-0.608517	0.055444	-0.069696	0.530000
374	-0.585712	0.174960	-0.067489	0.530000
375	-0.535607	0.297088	0.055571	0.530000
376	-0.583262	0.185427	0.060389	0.530000
377	-0.593366	0.156031	0.042383	0.530000
378	-0.601485	-0.127091	-0.016991	0.530000
379	-0.580593	0.095205	-0.179087	0.530000
380	-0.576792	0.188658	0.099719	0.530000
381	-0.612148	0.023324	-0.054369	0.530000
382	-0.604116	0.029319	-0.111397	0.530000
383	-0.612500	-0.003798	0.055263	0.530000
384	-0.583487	0.193311	0.019971	0.530000
385	-0.579342	0.088771	0.186300	0.530000
386	-0.608674	0.066378	-0.057750	0.530000
387	-0.596953	0.147884	-0.001319	0.530000
388	-0.530804	0.303426	-0.066373	0.530000
389	-0.599065	-0.075906	-0.116551	0.530000
390	-0.614473	0.019917	-0.015862	0.530000
391	-0.605274	0.080048	-0.073899	0.530000
392	-0.599108	-0.102321	-0.093940	0.530000
393	-0.610654	0.064409	0.034318	0.530000
394	-0.532329	0.297147	-0.080959	0.530000
395	-0.516732	0.317924	-0.100685	0.530000
396	-0.581320	0.193000	-0.055162	0.530000
397	-0.610961	-0.068381	0.016613	0.530000
398	-0.602424	0.102879	0.068750	0.530000
399	-0.511718	0.340433	-0.021795	0.530000
400	-0.601206	0.018028	-0.128261	0.530000
401	-0.594867	0.089529	-0.127840	0.530000
402	-0.437894	0.421803	0.092500	0.530000
403	-0.579816	0.204596	0.013361	0.530000
404	-0.536773	0.286839	0.088445	0.530000
405	-0.545907	0.280311	-0.040457	0.530000
406	-0.602306	0.124191	0.005377	0.530000
407	-0.590732	0.159437	-0.061977	0.530000
408	-0.589736	0.143823	-0.098750	0.530000
409	-0.584158	0.170934	-0.088128	0.530000
410	-0.487729	0.315822	-0.201498	0.530000
411	-0.494159	0.365877	-0.012909	0.530000
412	-0.505764	0.348558	0.030585	0.530000
413	-0.519462	0.299578	0.136520	0.530000
414	-0.595961	0.140757	-0.056951	0.530000
415	-0.541129	0.290645	0.030488	0.530000
416	-0.608884	0.078884	0.035527	0.530000
417	-0.611504	0.055484	0.034777	0.530000
418	-0.285349	0.523964	0.149208	0.530000
419	-0.491347	0.363128	0.070295	0.530000
420	-0.375528	0.486915	0.010856	0.530000
421	-0.567235	0.225708	0.074335	0.530000
422	-0.526837	0.305948	-0.084045	0.530000
423	-0.562822	0.239383	-0.064439	0.530000
424	-0.468492	0.393764	0.060747	0.530000
425	-0.527003	0.213407	0.234416	0.530000
426	-0.371456	0.374683	-0.316003	0.530000
427	-0.449924	0.313942	-0.277911	0.530000
428	-0.481962	0.201828	-0.324350	0.530000
429	-0.551595	0.250395	-0.106162	0.530000
430	-0.433184	0.370666	0.230617	0.530000
431	-0.514526	0.332302	0.055348	0.530000
432	-0.326127	0.440886	0.278362	0.530000
433	-0.269889	0.543416	-0.100422	0.530000
434	-0.537563	0.298385	-0.014721	0.530000
435	-0.516554	0.331163	0.041575	0.530000
436	-0.568947	0.229601	-0.042520	0.530000
437	-0.552059	0.217846	-0.161242	0.530000
438	-0.585008	0.182737	0.050968	0.530000
439	-0.593201	0.161458	0.016405	0.530000
440	-0.468091	0.338331	0.211300	0.530000
441	-0.463951	0.398978	0.061576	0.530000
442	-0.493493	0.306215	0.202292	0.530000
443	-0.526315	0.217258	0.232415	0.530000
444	-0.495965	0.305166	-0.197780	0.530000
445	-0.509048	0.319384	-0.130725	0.530000
446	-0.586177	0.184306	0.025549	0.530000
447	-0.584909	0.177846	0.066915	0.530000
448	-0.468761	0.392056	0.069137	0.530000
449	-0.520903	0.312244	-0.096895	0.530000
450	-0.417216	0.450252	0.037795	0.530000
451	-0.494324	0.343897	0.124914	0.530000
452	-0.518854	0.328553	0.032691	0.530000
453	-0.562819	0.028479	-0.246269	0.530000
454	-0.606604	0.093822	0.038134	0.530000
455	-0.576910	0.212513	0.015428	0.530000
456	-0.586529	0.184390	-0.014459	0.530000
457	-0.487970	0.353549	-0.122936	0.530000
458	-0.440969	0.421158	-0.079984	0.530000
459	-0.565583	0.240888	0.017713	0.530000
460	-0.576286	0.214741	-0.002394	0.530000
461	-0.491326	0.354249	0.106449	0.530000
462	-0.602817	-0.121681	0.005492	0.530000
463	-0.550232	-0.089008	-0.259899	0.530000
464	-0.601513	-0.060880	-0.112696	0.530000
465	-0.572598	0.224119	-0.011273	0.530000
466	-0.528888	0.312658	0.027344	0.530000
467	-0.533757	0.295161	-0.078796	0.530000
468	-0.579830	0.204419	-0.015316	0.530000
469	-0.600679	0.131946	0.000270	0.530000
470	-0.463095	0.398214	0.072071	0.530000
471	-0.606059	-0.086671	0.058362	0.530000
472	-0.591890	-0.052954	-0.158391	0.530000
473	-0.611146	0.068428	0.006577	0.530000
474	-0.595954	0.141606	0.054873	0.530000
475	-0.598248	0.142291	-0.008824	0.530000
476	-0.578752	0.201526	0.051563	0.530000
477	-0.515809	0.298012	0.152823	0.530000
478	-0.610459	0.073383	0.013395	0.530000
479	-0.500269	0.357037	-0.021934	0.530000
480	-0.609300	-0.020714	0.080932	0.530000
481	-0.614535	-0.013400	-0.019791	0.530000
482	-0.581941	-0.011438	-0.198591	0.530000
483	-0.584432	0.177863	-0.070918	0.530000
484	-0.534615	0.227828	0.201262	0.530000
485	-0.596847	0.145773	0.027371	0.530000
486	-0.601655	-0.028588	0.124171	0.530000
487	-0.613767	0.038780	-0.003403	0.530000
488	-0.556716	0.208594	0.157420	0.530000
489	-0.614570	-0.010342	-0.020549	0.530000
490	-0.581125	0.165817	0.114118	0.530000
491	-0.590019	0.075175	-0.156367	0.530000
492	-0.555439	0.263885	-0.008807	0.530000
493	-0.614543	0.023667	0.001175	0.530000
494	-0.567005	0.232507	0.051686	0.530000
495	-0.568302	0.000168	0.235070	0.530000
496	-0.613374	0.041751	-0.015954	0.530000
497	-0.575762	0.091113	-0.196015	0.530000
498	-0.572138	0.204369	-0.095481	0.530000
499	-0.565369	0.239330	-0.036111	0.530000
500	-0.608569	0.088644	0.003360	0.530000
501	-0.606753	-0.083669	-0.055455	0.530000
502	-0.609819	0.075635	0.025011	0.530000
503	-0.605385	-0.011040	-0.107761	0.530000
504	-0.586756	-0.030546	-0.181685	0.530000
505	-0.581189	-0.080524	-0.184283	0.530000
506	-0.614131	-0.024524	-0.021609	0.530000
507	-0.570666	0.227530	-0.028193	0.530000
508	-0.562912	0.230571	-0.090510	0.530000
509	-0.612012	0.029989	-0.052599	0.530000
510	-0.586052	-0.006689	0.186341	0.530000
511	-0.606977	0.098987	0.002419	0.530000
512	-0.493920	0.357570	-0.080073	0.530000
513	-0.592173	0.079916	-0.145497	0.530000
514	-0.602374	-0.091253	-0.083923	0.530000
515	-0.602482	0.112792	0.050187	0.530000
516	-0.401204	0.418852	-0.204508	0.530000
517	-0.516190	0.297402	-0.152726	0.530000
518	-0.597688	0.144344	0.012596	0.530000
519	-0.529015	0.290049	0.119329	0.530000
520	-0.596622	0.130670	0.072059	0.530000
521	-0.552173	0.258892	-0.079402	0.530000
522	-0.606524	0.092789	0.041756	0.530000
523	-0.612933	-0.048740	-0.012755	0.530000
524	-0.586774	-0.036844	-0.180456	0.530000
525	-0.405520	0.461705	0.024631	0.530000
526	-0.454964	0.413125	-0.023661	0.530000
527	-0.384914	0.458615	0.140493	0.530000
528	-0.494461	0.364240	0.032596	0.530000
529	-0.485911	0.376468	0.019674	0.530000
530	-0.592655	0.163634	-0.014467	0.530000
531	-0.479375	0.382686	-0.044452	0.530000
532	-0.593795	0.157461	-0.028948	0.530000
533	-0.518353	-0.280268	0.176025	0.530000
534	-0.259786	0.544786	-0.118088	0.530000
535	-0.508267	0.344530	0.034485	0.530000
536	-0.462500	0.404664	0.023798	0.530000
537	-0.434491	0.435208	0.006011	0.530000
538	-0.511176	0.335983	-0.063560	0.530000
539	-0.537156	0.245748	-0.171161	0.530000
540	-0.580602	0.201046	-0.026593	0.530000
541	-0.555165	0.259565	-0.051411	0.530000
542	-0.380729	0.482970	-0.003208	0.530000
543	-0.463518	0.386196	-0.119284	0.530000
544	-0.415633	0.354607	-0.282363	0.530000
545	-0.570264	0.213029	-0.087426	0.530000
546	-0.552152	0.270811	0.003817	0.530000
547	-0.514142	0.264657	0.209381	0.530000
548	-0.515492	0.318728	0.104428	0.530000
549	-0.436548	0.429012	0.059998	0.530000
550	-0.504846	0.343079	0.075177	0.530000
551	-0.437608	0.427281	-0.064457	0.530000
552	-0.429376	0.440239	0.007133	0.530000
553	-0.551364	0.199647	-0.185373	0.530000
554	-0.602624	0.111210	0.051976	0.530000
555	-0.463511	0.327601	0.236771	0.530000
556	-0.401798	0.463416	0.045046	0.530000
557	-0.436586	0.352926	0.251118	0.530000
558	-0.521987	0.276833	0.170641	0.530000
559	-0.596405	0.119956	-0.090203	0.530000
560	-0.605255	0.108391	-0.011920	0.530000
561	-0.582165	0.191225	0.052368	0.530000
562	-0.598832	0.137661	-0.025975	0.530000
563	-0.428060	0.415744	-0.148817	0.530000
564	-0.478905	0.373191	-0.097996	0.530000
565	-0.505974	0.327035	-0.123547	0.530000
566	-0.514773	0.326285	0.082290	0.530000
567	-0.547759	0.007429	-0.279517	0.530000
568	-0.599240	-0.065450	-0.121874	0.530000
569	-0.588269	0.171277	-0.053186	0.530000
570	-0.578487	0.207235	0.025134	0.530000
571	-0.515129	0.309107	-0.131605	0.530000
572	-0.573519	0.217824	0.043059	0.530000
573	-0.543074	0.288513	0.007471	0.530000
574	-0.592443	0.165018	-0.002428	0.530000
575	-0.586498	0.026785	-0.183107	0.530000
576	-0.606844	0.014385	-0.098786	0.530000
577	-0.601758	0.126408	-0.011569	0.530000
578	-0.505474	0.333929	0.105888	0.530000
579	-0.521772	0.233323	0.227022	0.530000
580	-0.517023	0.331920	-0.027240	0.530000
581	-0.582333	0.126699	0.151858	0.530000
582	-0.513603	0.321831	-0.104219	0.530000
583	-0.602196	-0.003372	0.124796	0.530000
584	-0.591774	0.163883	0.034218	0.530000
585	-0.611368	-0.036299	0.056001	0.530000
586	-0.580390	0.112761	0.169285	0.530000
587	-0.610383	0.043461	0.061390	0.530000
588	-0.603858	0.056385	0.101986	0.530000
589	-0.598371	-0.086354	-0.112784	0.530000
590	-0.557136	0.252091	0.065382	0.530000
591	-0.614233	0.011143	0.028619	0.530000
592	-0.603794	-0.050038	-0.105612	0.530000
593	-0.601607	0.121568	-0.038920	0.530000
594	-0.589057	0.145158	0.100825	0.530000
595	-0.561732	0.231687	-0.094882	0.530000
596	-0.604231	0.112130	0.023588	0.530000
597	-0.611903	0.023531	-0.056971	0.530000
598	-0.597564	0.096773	0.108521	0.530000
599	-0.605523	0.101324	0.036064	0.530000
600	-0.480837	0.368234	-0.106884	0.530000
601	-0.599243	0.109915	-0.083971	0.530000
602	-0.614212	0.020486	-0.023422	0.530000
603	-0.605144	0.108789	0.013811	0.530000
604	-0.577885	0.140299	0.156812	0.530000
605	-0.613022	-0.032910	-0.036692	0.530000
606	-0.597103	0.023193	-0.145447	0.530000
607	-0.587348	0.124381	-0.133331	0.530000
608	-0.593635	0.138077	-0.082205	0.530000
609	-0.604502	0.112450	-0.012549	0.530000
610	-0.604308	-0.050297	0.102504	0.530000
611	-0.581285	0.196696	0.040546	0.530000
612	-0.599784	0.125282	-0.052805	0.530000
613	-0.578906	-0.114975	-0.172840	0.530000
614	-0.609127	0.080589	-0.026359	0.530000
615	-0.591754	0.166206	-0.020683	0.530000
616	-0.559340	0.181884	0.179671	0.530000
617	-0.582606	0.075073	0.182096	0.530000
618	-0.570636	0.184667	0.136005	0.530000
619	-0.547935	0.256422	-0.110635	0.530000
620	-0.576188	0.175822	0.123768	0.530000
621	-0.597918	0.141775	-0.024869	0.530000
622	-0.613909	-0.034440	-0.012457	0.530000
623	-0.439939	0.425596	-0.059556	0.530000
624	-0.384857	0.479089	-0.024161	0.530000
625	-0.455201	0.413505	0.005554	0.530000
626	-0.452638	0.416186	0.011549	0.530000
627	-0.597008	0.139079	-0.049638	0.530000
628	-0.591868	0.135275	0.098068	0.530000
629	-0.559263	0.047957	-0.251296	0.530000
630	-0.607614	0.041466	-0.085504	0.530000
631	-0.468696	0.397737	0.018814	0.530000
632	-0.491243	0.363966	-0.066586	0.530000
633	-0.448125	0.399611	0.133115	0.530000
634	-0.500623	0.311987	-0.173970	0.530000
635	-0.518576	0.302186	-0.134116	0.530000
636	-0.573070	0.214906	-0.060261	0.530000
637	-0.562621	0.239453	0.065920	0.530000
638	-0.577915	0.156054	0.141020	0.530000
639	-0.589720	0.157486	-0.075187	0.530000
640	-0.509989	0.216443	-0.266998	0.530000
641	-0.519405	0.328580	0.021872	0.530000
642	-0.509026	0.332435	0.092760	0.530000
643	-0.524586	0.046197	0.317648	0.530000
644	-0.435611	0.392282	0.185965	0.530000
645	-0.391058	0.473663	0.030684	0.530000
646	-0.358360	0.401940	0.297064	0.530000
647	-0.597554	0.133446	0.057845	0.530000
648	-0.433109	0.431491	0.066767	0.530000
649	-0.575576	0.206942	0.064130	0.530000
650	-0.547259	0.261404	-0.101985	0.530000
651	-0.592935	0.158716	0.038236	0.530000
652	-0.504063	0.349936	-0.041111	0.530000
653	-0.488131	0.373987	0.009316	0.530000
654	-0.506818	0.343108	0.060312	0.530000
655	-0.449754	0.405585	0.106991	0.530000
656	-0.447951	0.394707	-0.147550	0.530000
657	-0.535660	0.022751	-0.301291	0.530000
658	-0.585659	0.180727	-0.050654	0.530000
659	-0.595237	0.154259	-0.011034	0.530000
660	-0.553385	0.268069	0.011375	0.530000
661	-0.441340	0.410822	0.121117	0.530000
662	-0.435384	0.414989	-0.128259	0.530000
663	-0.511895	0.325672	-0.100631	0.530000
664	-0.544983	0.239376	0.154652	0.530000
665	-0.536934	0.299732	0.009372	0.530000
666	-0.552316	-0.144008	-0.228984	0.530000
667	-0.605094	-0.031538	0.105319	0.530000
668	-0.590005	0.101429	-0.140823	0.530000
669	-0.603096	0.120203	0.007214	0.530000
670	-0.558672	0.202282	-0.158721	0.530000
671	-0.553854	0.139331	-0.228162	0.530000
672	-0.498587	0.359672	0.016518	0.530000
673	-0.465061	0.365942	0.167421	0.530000
674	-0.526406	0.169167	0.269266	0.530000
675	-0.590326	0.167540	-0.040876	0.530000
676	-0.601296	-0.091059	-0.091523	0.530000
677	-0.552577	0.086179	-0.255845	0.530000
678	-0.599321	0.039837	-0.132109	0.530000
679	-0.471336	0.393968	0.029268	0.530000
680	-0.401267	0.463657	-0.047244	0.530000
681	-0.613209	0.001851	0.046869	0.530000
682	-0.546134	0.234098	-0.158621	0.530000
683	-0.389615	0.475047	-0.027479	0.530000
684	-0.593821	0.006183	-0.159884	0.530000
685	-0.599954	0.132045	-0.029060	0.530000
686	-0.599669	0.065909	0.119493	0.530000
687	-0.496925	0.334187	0.140032	0.530000
688	-0.541658	0.226826	0.182707	0.530000
689	-0.575413	0.081651	-0.201141	0.530000
690	-0.584082	0.093606	0.168259	0.530000
691	-0.596274	-0.125840	-0.082748	0.530000
692	-0.558897	0.256253	0.013921	0.530000
693	-0.607617	0.005829	0.094832	0.530000
694	-0.549080	-0.236589	-0.144089	0.530000
695	-0.601121	0.098182	-0.085081	0.530000
696	-0.577872	0.161676	-0.134724	0.530000
697	-0.565521	0.126638	0.205848	0.530000
698	-0.608183	-0.031739	0.085621	0.530000
699	-0.589114	0.122977	0.126674	0.530000
700	-0.599373	0.128849	-0.048729	0.530000
701	-0.613515	-0.003514	-0.042575	0.530000
702	-0.604491	0.113079	0.005376	0.530000
703	-0.497854	0.270304	0.239378	0.530000
704	-0.550107	0.272729	0.035020	0.530000
705	-0.541684	0.123475	0.263738	0.530000
706	-0.582033	0.196804	0.027040	0.530000
707	-0.609140	-0.070153	0.047450	0.530000
708	-0.603098	-0.117490	0.026334	0.530000
709	-0.614535	-0.023605	-0.003873	0.530000
710	-0.579740	-0.202830	-0.031406	0.530000
711	-0.576582	0.190075	-0.098234	0.530000
712	-0.584378	0.133183	0.137803	0.530000
713	-0.576922	-0.100454	0.187868	0.530000
714	-0.563734	0.217931	0.113729	0.530000
715	-0.547553	0.279978	-0.004791	0.530000
716	-0.580094	0.170613	-0.112283	0.530000
717	-0.612734	0.014163	0.050814	0.530000
718	-0.607633	0.008555	-0.094523	0.530000
719	-0.519258	-0.318990	0.082716	0.530000
720	-0.477466	0.387049	-0.021088	0.530000
721	-0.523801	0.320534	-0.033401	0.530000
722	-0.608189	0.069083	0.059650	0.530000
723	-0.613410	0.042486	0.012146	0.530000
724	-0.590482	0.169395	0.029340	0.530000
725	-0.525842	0.317951	-0.024956	0.530000
726	-0.581988	0.095076	-0.174573	0.530000
727	-0.570800	-0.121819	0.193837	0.530000
728	-0.611007	-0.049117	-0.049824	0.530000
729	-0.471144	0.393941	0.032544	0.530000
730	-0.483828	0.341488	-0.165895	0.530000
731	-0.537419	0.298619	-0.015251	0.530000
732	-0.562238	0.225015	0.107151	0.530000
733	-0.471484	0.370747	-0.135922	0.530000
734	-0.607049	-0.027789	-0.094573	0.530000
735	-0.599592	0.119194	-0.067133	0.530000
736	-0.516252	0.144122	-0.301559	0.530000
737	-0.548780	-0.198810	-0.193751	0.530000
738	-0.368267	0.487141	-0.072787	0.530000
739	-0.424982	0.436105	-0.086182	0.530000
740	-0.478494	0.361893	0.135283	0.530000
741	-0.371415	0.459672	0.170227	0.530000
742	-0.439684	0.407722	-0.136621	0.530000
743	-0.589347	0.138417	-0.108332	0.530000
744	-0.533904	0.305227	-0.002785	0.530000
745	-0.551037	0.272946	0.009170	0.530000
746	-0.579335	0.139039	-0.152524	0.530000
747	-0.592788	0.114346	-0.117270	0.530000
748	-0.320766	0.487175	-0.194922	0.530000
749	-0.577485	0.180733	-0.109869	0.530000
750	-0.485460	0.208693	0.314644	0.530000
751	-0.487482	0.360754	0.102190	0.530000
752	-0.384548	0.454360	0.154613	0.530000
753	-0.399221	0.453658	0.114199	0.530000
754	-0.412639	0.364863	0.273550	0.530000
755	-0.530997	0.309263	-0.024966	0.530000
756	-0.539831	0.290420	-0.049639	0.530000
757	-0.540839	0.281863	-0.079197	0.530000
758	-0.551727	0.208862	-0.173778	0.530000
759	-0.372148	0.451352	0.189768	0.530000
760	-0.434033	0.426936	0.086981	0.530000
761	-0.193744	0.574131	0.105177	0.530000
762	-0.254019	0.516821	0.215859	0.530000
763	-0.558119	0.258257	0.005617	0.530000
764	-0.560145	0.201171	0.154895	0.530000
765	-0.589512	0.124706	-0.123082	0.530000
766	-0.556121	0.262495	-0.007144	0.530000
767	-0.564750	0.218322	0.107789	0.530000
768	-0.422846	0.428995	0.124056	0.530000
769	-0.528614	0.313110	0.027459	0.530000
770	-0.578912	0.207382	-0.008877	0.530000
771	-0.577370	-0.019956	-0.210882	0.530000
772	-0.486603	0.341110	0.158389	0.530000
773	-0.613782	0.017412	-0.034538	0.530000
774	-0.369179	0.459844	-0.174572	0.530000
775	-0.491896	0.232518	-0.286702	0.530000
776	-0.572897	0.210635	-0.075143	0.530000
777	-0.411037	0.391063	0.237367	0.530000
778	-0.535891	0.257530	0.157240	0.530000
779	-0.605816	-0.076713	-0.072988	0.530000
780	-0.607759	-0.092070	0.019411	0.530000
781	-0.584215	0.190686	0.023583	0.530000
782	-0.464266	0.376704	0.144140	0.530000
783	-0.530319	0.204495	-0.234879	0.530000
784	-0.290289	0.540574	0.041674	0.530000
785	-0.576483	0.143013	0.159498	0.530000
786	-0.486628	0.366791	-0.082962	0.530000
787	-0.609603	-0.079285	0.017972	0.530000
788	-0.520436	0.293798	-0.145100	0.530000
789	-0.602279	0.124426	-0.001662	0.530000
790	-0.526572	0.215933	0.233065	0.530000
791	-0.541035	0.240110	0.166891	0.530000
792	-0.609623	0.057031	0.057724	0.530000
793	-0.568661	-0.227706	-0.054765	0.530000
794	-0.583598	0.096930	-0.168057	0.530000
795	-0.614153	-0.005539	-0.031793	0.530000
796	-0.586489	0.183921	0.020700	0.530000
797	-0.604662	0.111985	0.008231	0.530000
798	-0.518146	0.227488	0.240830	0.530000
799	-0.600230	0.117740	0.063927	0.530000
800	-0.603714	0.075836	-0.089461	0.530000
801	-0.571250	0.046006	-0.223117	0.530000
802	-0.593616	0.157658	0.031451	0.530000
803	-0.612560	-0.015277	0.052550	0.530000
804	-0.610823	-0.020940	-0.068422	0.530000
805	-0.608903	0.005062	0.086232	0.530000
806	-0.524274	0.149564	-0.284591	0.530000
807	-0.572687	-0.144383	-0.171488	0.530000
808	-0.614711	-0.017500	0.006986	0.530000
809	-0.599895	-0.066566	0.117984	0.530000
810	-0.580947	-0.091983	0.179623	0.530000
811	-0.586701	0.184375	-0.003537	0.530000
812	-0.499661	0.291226	0.209169	0.530000
813	-0.541535	-0.045787	0.287869	0.530000
814	-0.581301	0.169701	-0.107313	0.530000
815	-0.560534	0.148800	0.204658	0.530000
816	-0.598955	-0.139160	-0.010574	0.530000
817	-0.503517	-0.255631	-0.243617	0.530000
818	-0.586178	-0.185893	-0.008028	0.530000
819	-0.614745	0.013790	-0.011086	0.530000
820	-0.606099	0.100875	-0.026320	0.530000
821	-0.594196	-0.030649	0.155618	0.530000
822	-0.589614	0.003789	0.174830	0.530000
823	-0.556860	0.251026	-0.071539	0.530000
824	-0.597031	0.064460	-0.132754	0.530000
825	-0.578870	-0.194657	0.072406	0.530000
826	-0.603324	-0.110584	-0.044681	0.530000
827	-0.360676	0.491602	0.080404	0.530000
828	-0.607005	0.097096	-0.018493	0.530000
829	-0.467331	0.396145	0.053819	0.530000
830	-0.425289	0.396024	0.201295	0.530000
831	-0.600488	0.132777	0.003079	0.530000
832	-0.520182	0.306620	-0.116705	0.530000
833	-0.603447	0.089560	-0.077815	0.530000
834	-0.589405	0.174098	0.022717	0.530000
835	-0.295678	0.406841	-0.353949	0.530000
836	-0.311716	0.526042	-0.065865	0.530000
837	-0.442002	0.416024	0.098910	0.530000
838	-0.348910	0.470892	-0.186406	0.530000
839	-0.472828	0.377680	0.109619	0.530000
840	-0.609073	0.065331	0.054649	0.530000
841	-0.591763	0.158012	-0.055447	0.530000
842	-0.610476	-0.054657	-0.050565	0.530000
843	-0.484139	0.245085	-0.289427	0.530000
844	-0.562298	0.247550	-0.027646	0.530000
845	-0.355757	0.501432	-0.015115	0.530000
846	-0.497341	0.336849	-0.131946	0.530000
847	-0.482919	0.373331	-0.075086	0.530000
848	-0.579853	0.194144	0.065604	0.530000
849	-0.447567	0.377044	0.189070	0.530000
850	-0.531633	0.268738	-0.152876	0.530000
