1	0.506626	-0.052621	0.344654	2.840000
2	0.610007	-0.027134	0.073350	2.840000
3	0.601061	-0.066701	-0.111810	2.840000
4	0.598222	-0.028740	0.139748	2.840000
5	0.592494	0.002530	0.164833	2.840000
6	0.591769	-0.135046	0.098982	2.840000
7	0.568851	-0.224231	-0.065986	2.840000
8	0.598449	-0.090856	0.108763	2.840000
9	0.590065	-0.168720	0.039771	2.840000
10	0.578101	0.191960	0.084707	2.840000
11	0.603404	0.098755	-0.066153	2.840000
12	0.554993	0.085779	-0.250698	2.840000
13	0.555691	0.101864	-0.243015	2.840000
14	0.606713	0.003558	0.100559	2.840000
15	0.545192	-0.284464	-0.008453	2.840000
16	0.583298	-0.192520	0.030403	2.840000
17	0.578150	0.206732	0.035055	2.840000
18	0.552027	0.253448	0.096207	2.840000
19	0.612436	0.032481	-0.045738	2.840000
20	0.568922	-0.032255	-0.231327	2.840000
21	0.589248	-0.162113	0.068786	2.840000
22	0.568676	-0.140992	0.186960	2.840000
23	0.588114	-0.059646	0.169675	2.840000
24	0.600464	-0.125678	0.043276	2.840000
25	0.609499	-0.007095	-0.081767	2.840000
26	0.614113	-0.011891	-0.030806	2.840000
27	0.571701	-0.162901	0.157627	2.840000
28	0.586000	0.176970	-0.059246	2.840000
29	0.562519	0.245080	-0.041628	2.840000
30	0.611334	-0.034186	0.057677	2.840000
31	0.580273	-0.049872	0.197538	2.840000
32	0.613420	-0.039995	0.018467	2.840000
33	0.555839	-0.052988	-0.257798	2.840000
34	0.606948	-0.093660	0.032666	2.840000
35	0.598921	-0.138162	-0.020730	2.840000
36	0.497577	-0.138970	0.333660	2.840000
37	0.525717	0.153777	-0.279640	2.840000
38	0.584945	0.158269	-0.104955	2.840000
39	0.601688	-0.086296	0.093539	2.840000
40	0.541458	0.072962	0.282355	2.840000
41	0.606232	0.090423	0.050319	2.840000
42	0.599179	0.096487	0.099498	2.840000
43	0.547021	0.228614	0.163489	2.840000
44	0.512961	0.068169	0.332338	2.840000
45	0.566495	-0.089410	0.222068	2.840000
46	0.590018	0.120631	-0.124709	2.840000
47	0.584257	0.190704	0.022372	2.840000
48	0.608474	0.086702	0.021612	2.840000
49	0.584826	0.178808	-0.065053	2.840000
50	0.610214	0.062080	0.044834	2.840000
51	0.598863	0.070406	0.120961	2.840000
52	0.568858	0.221564	0.074395	2.840000
53	0.581330	0.154514	0.128087	2.840000
54	0.609347	-0.032790	0.076458	2.840000
55	0.557590	0.241935	-0.093733	2.840000
56	0.595596	0.059204	-0.141370	2.840000
57	0.600936	-0.039772	0.124577	2.840000
58	0.579686	0.169964	-0.115332	2.840000
59	0.591721	-0.122225	0.114684	2.840000
60	0.575774	0.138509	0.165903	2.840000
61	0.550716	0.258645	0.089667	2.840000
62	0.591414	0.079736	0.148651	2.840000
63	0.588120	-0.035156	0.176363	2.840000
64	0.614954	0.005110	0.005496	2.840000
65	0.593306	0.047176	0.154877	2.840000
66	0.612734	0.033015	-0.041136	2.840000
67	0.608755	-0.054772	0.068135	2.840000
68	0.600712	0.105958	0.078377	2.840000
69	0.591929	0.136349	0.096197	2.840000
70	0.600750	0.113299	-0.066994	2.840000
71	0.608650	0.070139	-0.053388	2.840000
72	0.601698	0.123800	0.029296	2.840000
73	0.581321	0.040879	0.196518	2.840000
74	0.583491	0.188442	-0.047464	2.840000
75	0.574227	-0.194131	-0.103933	2.840000
76	0.613044	0.007359	0.048459	2.840000
77	0.533532	0.258005	0.164324	2.840000
78	0.523796	0.228499	-0.227269	2.840000
79	0.588977	0.142213	-0.105387	2.840000
80	0.586305	0.176250	0.058369	2.840000
81	0.557551	0.049610	0.254755	2.840000
82	0.552296	-0.051139	0.265666	2.840000
83	0.574343	-0.108457	0.191292	2.840000
84	0.603176	-0.119868	-0.005954	2.840000
85	0.613933	-0.022377	-0.028468	2.840000
86	0.599658	0.039558	0.130652	2.840000
87	0.584606	-0.046511	-0.185195	2.840000
88	0.597418	-0.023586	0.144086	2.840000
89	0.610902	-0.005017	0.070704	2.840000
90	0.607666	0.092464	-0.020429	2.840000
91	0.445340	0.306286	0.293405	2.840000
92	0.609973	-0.036894	-0.069260	2.840000
93	0.565295	0.226148	-0.086740	2.840000
94	0.564874	0.094811	-0.223950	2.840000
95	0.609577	-0.028989	-0.076163	2.840000
96	0.581336	-0.087143	0.180773	2.840000
97	0.600405	0.127718	0.037769	2.840000
98	0.613908	0.013288	0.034131	2.840000
99	0.597600	0.075335	0.124194	2.840000
100	0.407640	0.135659	0.440059	2.840000
101	0.593821	-0.027863	0.157562	2.840000
102	0.595070	-0.017351	0.154325	2.840000
103	0.582270	0.079586	-0.181252	2.840000
104	0.577546	0.169754	-0.125896	2.840000
105	0.601287	-0.118710	-0.050866	2.840000
106	0.612495	-0.020570	-0.051497	2.840000
107	0.611888	0.060112	0.014301	2.840000
108	0.521671	0.248168	-0.210943	2.840000
109	0.553520	0.049140	-0.263488	2.840000
110	0.602571	-0.044020	0.114869	2.840000
111	0.599527	0.135272	0.022221	2.840000
112	0.605439	0.046326	0.097585	2.840000
113	0.574251	-0.121569	0.183526	2.840000
114	0.562759	-0.000033	-0.248046	2.840000
115	0.611029	0.056790	-0.040537	2.840000
116	0.546779	0.276447	-0.053244	2.840000
117	0.488306	0.341451	-0.152296	2.840000
118	0.609607	-0.035251	0.073221	2.840000
119	0.584250	-0.189773	0.029384	2.840000
120	0.607459	0.046134	-0.084202	2.840000
121	0.592979	-0.146846	0.070974	2.840000
122	0.593616	-0.053672	0.151541	2.840000
123	0.531507	-0.304969	-0.052143	2.840000
124	0.606254	-0.078760	0.066920	2.840000
125	0.607888	-0.020827	0.090903	2.840000
126	0.610572	0.003400	-0.073587	2.840000
127	0.594026	-0.067327	0.144309	2.840000
128	0.547304	0.234350	0.154153	2.840000
129	0.549074	0.196755	-0.195013	2.840000
130	0.613126	0.035019	0.032793	2.840000
131	0.601532	0.023382	0.125846	2.840000
132	0.614066	-0.014641	0.030552	2.840000
133	0.606684	0.075819	0.066413	2.840000
134	0.586729	0.002616	-0.184302	2.840000
135	0.572412	0.224470	0.013508	2.840000
136	0.568392	0.130633	0.195168	2.840000
137	0.463118	0.112176	0.388797	2.840000
138	0.612587	-0.040074	0.036831	2.840000
139	0.607331	-0.076542	-0.059292	2.840000
140	0.602273	-0.079120	0.096086	2.840000
141	0.613638	0.030367	0.027408	2.840000
142	0.471308	0.393313	-0.037400	2.840000
143	0.586965	0.155356	0.097783	2.840000
144	0.534649	0.054855	0.298942	2.840000
145	0.605261	0.107243	0.019577	2.840000
146	0.604869	-0.051345	0.098604	2.840000
147	0.612288	-0.039826	0.041735	2.840000
148	0.614193	-0.031481	-0.000798	2.840000
149	0.533045	-0.148715	0.268276	2.840000
150	0.609594	0.066316	-0.047146	2.840000
151	0.598033	0.137538	0.040796	2.840000
152	0.602401	0.088504	0.086629	2.840000
153	0.597470	0.097801	0.108117	2.840000
154	0.585932	0.155270	0.103923	2.840000
155	0.441249	0.357098	0.236653	2.840000
156	0.588000	-0.139521	-0.114081	2.840000
157	0.605890	0.010709	-0.104919	2.840000
158	0.548496	0.189418	-0.203711	2.840000
159	0.579177	0.181345	-0.099466	2.840000
160	0.589320	-0.047235	-0.169399	2.840000
161	0.612549	-0.025654	-0.048483	2.840000
162	0.591942	-0.045726	-0.160434	2.840000
163	0.598750	0.103251	0.095198	2.840000
164	0.612597	-0.045465	-0.029713	2.840000
165	0.597339	0.000078	0.146326	2.840000
166	0.587850	0.090256	0.156559	2.840000
167	0.598864	0.120915	0.070474	2.840000
168	0.532175	0.213196	-0.222626	2.840000
169	0.595266	0.146578	0.048968	2.840000
170	0.558920	0.188772	0.173777	2.840000
171	0.490566	0.192857	0.316822	2.840000
172	0.594323	0.073988	0.139753	2.840000
173	0.583148	-0.114204	0.158497	2.840000
174	0.608866	0.075373	0.042737	2.840000
175	0.611378	-0.016961	-0.064451	2.840000
176	0.564003	0.225115	-0.097205	2.840000
177	0.603036	0.100529	0.066830	2.840000
178	0.584101	0.042725	0.187684	2.840000
179	0.572963	0.192392	-0.113685	2.840000
180	0.574263	0.173171	-0.135864	2.840000
181	0.605403	0.076911	-0.076137	2.840000
182	0.603259	-0.087827	0.081176	2.840000
183	0.610838	0.066101	0.027077	2.840000
184	0.601033	0.049331	0.120627	2.840000
185	0.547682	0.249750	0.126072	2.840000
186	0.599442	0.111856	0.079890	2.840000
187	0.612968	-0.013383	-0.048132	2.840000
188	0.591819	0.139685	0.091995	2.840000
189	0.614495	0.002838	-0.024750	2.840000
190	0.585569	0.187374	-0.015006	2.840000
191	0.601063	0.081332	0.101654	2.840000
192	0.610773	0.025197	0.067429	2.840000
193	0.612679	-0.030985	-0.043466	2.840000
194	0.611377	-0.034030	0.057317	2.840000
195	0.606493	0.098697	-0.025489	2.840000
196	0.592813	-0.032998	-0.160339	2.840000
197	0.596988	0.048958	0.139405	2.840000
198	0.601805	0.074395	0.102574	2.840000
199	0.563908	-0.098299	-0.224877	2.840000
200	0.587998	0.162928	-0.077055	2.840000
201	0.613105	0.035517	-0.032652	2.840000
202	0.593066	0.159564	-0.032194	2.840000
203	0.610884	-0.011285	0.070134	2.840000
204	0.597489	0.131252	0.063286	2.840000
205	0.602462	-0.012603	0.122906	2.840000
206	0.605968	0.070684	-0.077660	2.840000
207	0.588132	0.147830	0.102334	2.840000
208	0.581609	0.144610	0.137998	2.840000
209	0.585461	0.184947	-0.035430	2.840000
210	0.607223	0.092015	0.032232	2.840000
211	0.545188	-0.280589	-0.047587	2.840000
212	0.568695	-0.014602	0.233663	2.840000
213	0.590186	0.032744	0.169804	2.840000
214	0.592895	0.088170	-0.137576	2.840000
215	0.569495	0.043030	-0.228141	2.840000
216	0.606828	-0.094403	0.032756	2.840000
217	0.582091	0.048242	-0.192528	2.840000
218	0.614547	0.004550	0.023169	2.840000
219	0.582132	-0.094786	0.174249	2.840000
220	0.562063	-0.218123	-0.121376	2.840000
221	0.609169	-0.082666	0.017465	2.840000
222	0.598294	-0.004878	-0.142287	2.840000
223	0.612086	0.031190	0.051019	2.840000
224	0.582135	0.132323	0.147766	2.840000
225	0.614678	0.006452	0.018826	2.840000
226	0.592100	-0.038101	-0.161838	2.840000
227	0.606484	0.061189	0.081596	2.840000
228	0.597910	0.069488	-0.126096	2.840000
229	0.603364	0.061127	0.102179	2.840000
230	0.602055	0.121328	-0.032159	2.840000
231	0.586836	-0.159133	-0.092334	2.840000
232	0.599250	-0.094619	-0.100855	2.840000
233	0.612088	0.059659	0.003776	2.840000
234	0.603603	-0.111010	0.039566	2.840000
235	0.612541	0.054546	0.006557	2.840000
236	0.606763	-0.099944	0.008637	2.840000
237	0.601203	0.128953	-0.012291	2.840000
238	0.614722	0.018006	0.004222	2.840000
239	0.553676	-0.262310	-0.053498	2.840000
240	0.598161	0.100896	-0.101234	2.840000
241	0.567437	0.217436	-0.094668	2.840000
242	0.600119	0.083890	0.105096	2.840000
243	0.613245	0.041886	-0.020024	2.840000
244	0.572352	-0.120083	0.190310	2.840000
245	0.609502	0.023613	-0.078576	2.840000
246	0.555933	-0.232984	0.121990	2.840000
247	0.611333	-0.065755	0.013170	2.840000
248	0.606863	0.095546	0.028513	2.840000
249	0.581670	-0.199712	-0.000662	2.840000
250	0.577322	-0.166475	-0.131187	2.840000
251	0.597336	0.114049	0.091694	2.840000
252	0.607068	0.043177	0.088482	2.840000
253	0.605204	0.033076	0.104209	2.840000
254	0.609108	0.067396	-0.051676	2.840000
255	0.574437	0.214757	-0.046115	2.840000
256	0.610487	-0.073404	-0.011921	2.840000
257	0.608394	-0.052504	0.072970	2.840000
258	0.606200	0.059991	-0.084544	2.840000
259	0.607842	0.090692	0.022988	2.840000
260	0.594564	0.132097	-0.085259	2.840000
261	0.614076	-0.007589	-0.032842	2.840000
262	0.584738	0.070071	-0.177191	2.840000
263	0.598287	0.107711	0.093145	2.840000
264	0.598906	0.090332	0.106661	2.840000
265	0.602856	0.114474	-0.041053	2.840000
266	0.596322	0.090827	-0.119900	2.840000
267	0.609977	0.067881	-0.039306	2.840000
268	0.573417	0.219407	0.035757	2.840000
269	0.579183	0.183839	0.094739	2.840000
270	0.614625	-0.012382	-0.017550	2.840000
271	0.570935	0.087300	-0.211273	2.840000
272	0.592142	0.133825	0.098403	2.840000
273	0.551165	0.135696	0.236703	2.840000
274	0.601580	0.125560	-0.023683	2.840000
275	0.613750	0.017481	0.035071	2.840000
276	0.597888	-0.139347	-0.036569	2.840000
277	0.604688	-0.049076	0.100839	2.840000
278	0.583658	0.185600	0.055864	2.840000
279	0.613845	-0.023579	-0.029391	2.840000
280	0.587920	0.041233	-0.175712	2.840000
281	0.608478	0.062956	0.063375	2.840000
282	0.587894	0.156077	0.090803	2.840000
283	0.600999	0.076856	-0.105444	2.840000
284	0.589155	0.068683	-0.162492	2.840000
285	0.614883	-0.005103	-0.010837	2.840000
286	0.614640	-0.021008	-0.000979	2.840000
287	0.598183	0.104967	0.096870	2.840000
288	0.600701	0.113047	-0.067847	2.840000
289	0.606237	-0.088084	0.054244	2.840000
290	0.590073	0.059746	0.162695	2.840000
291	0.606499	-0.101006	-0.013464	2.840000
292	0.610371	0.044013	0.061120	2.840000
293	0.610654	0.055950	0.046861	2.840000
294	0.608029	0.038836	-0.083773	2.840000
295	0.575936	-0.042148	0.211532	2.840000
296	0.564376	0.176962	0.168492	2.840000
297	0.559158	0.146480	0.210027	2.840000
298	0.597620	-0.075850	-0.123784	2.840000
299	0.573610	0.159511	0.154120	2.840000
300	0.607941	0.000869	0.092907	2.840000
301	0.535410	0.301275	0.028191	2.840000
302	0.577189	0.008844	0.212132	2.840000
303	0.592463	0.068317	-0.150149	2.840000
304	0.603868	0.023346	0.114120	2.840000
305	0.586659	0.107659	0.149888	2.840000
306	0.605034	0.081744	-0.074007	2.840000
307	0.598215	0.142170	-0.012307	2.840000
308	0.607731	0.058672	-0.073792	2.840000
309	0.607794	-0.090058	-0.026466	2.840000
310	0.612542	-0.045088	0.031380	2.840000
311	0.594338	0.142090	0.069267	2.840000
312	0.602861	-0.070812	0.098839	2.840000
313	0.600111	0.129784	0.035328	2.840000
314	0.598086	-0.133803	-0.051131	2.840000
315	0.612868	-0.036363	0.035994	2.840000
316	0.611889	0.061405	0.006838	2.840000
317	0.590021	0.086866	0.150180	2.840000
318	0.592753	0.076498	-0.144974	2.840000
319	0.596314	0.143808	0.044201	2.840000
320	0.593933	0.154835	0.038662	2.840000
321	0.569518	0.134635	0.189072	2.840000
322	0.551348	0.267175	-0.053465	2.840000
323	0.566223	0.097396	0.219388	2.840000
324	0.555994	-0.234795	0.118182	2.840000
325	0.588940	-0.160539	0.074847	2.840000
326	0.593340	0.068179	0.146711	2.840000
327	0.564356	-0.242959	-0.026419	2.840000
328	0.605692	-0.099865	0.037273	2.840000
329	0.596398	0.128025	0.078383	2.840000
330	0.562754	0.244513	-0.041784	2.840000
331	0.603604	0.007909	0.117578	2.840000
332	0.579672	0.098738	-0.180156	2.840000
333	0.585659	-0.075578	-0.171802	2.840000
334	0.598141	0.072826	0.123078	2.840000
335	0.591166	-0.165375	0.037393	2.840000
336	0.605842	-0.073211	-0.076292	2.840000
337	0.583562	0.193579	0.014410	2.840000
338	0.577106	-0.038145	-0.209090	2.840000
339	0.590276	-0.123248	0.120868	2.840000
340	0.614866	0.005330	0.011700	2.840000
341	0.610758	0.063062	0.034963	2.840000
342	0.603741	-0.048140	0.106790	2.840000
343	0.606275	0.101374	-0.019456	2.840000
344	0.612451	-0.055897	-0.002201	2.840000
345	0.578879	-0.177170	-0.108327	2.840000
346	0.602010	0.123501	-0.023583	2.840000
347	0.598227	0.092177	0.108870	2.840000
348	0.565218	0.078336	0.229384	2.840000
349	0.552132	0.219774	0.158349	2.840000
350	0.611696	-0.063495	0.004653	2.840000
351	0.612679	0.052719	-0.008338	2.840000
352	0.608071	-0.089176	0.022862	2.840000
353	0.579268	-0.173453	-0.112193	2.840000
354	0.556470	0.237045	-0.111248	2.840000
355	0.612624	0.052740	0.011654	2.840000
356	0.586131	0.093259	0.161178	2.840000
357	0.614388	0.010323	0.025419	2.840000
358	0.606426	0.085975	-0.055505	2.840000
359	0.605953	0.077234	-0.071283	2.840000
360	0.559850	0.146521	-0.208145	2.840000
361	0.607085	-0.098348	0.000484	2.840000
362	0.595178	-0.007393	-0.154703	2.840000
363	0.549740	0.192878	0.197000	2.840000
364	0.609384	0.047013	-0.068308	2.840000
365	0.592979	-0.093587	-0.133573	2.840000
366	0.588712	0.176403	-0.022911	2.840000
367	0.610039	0.077698	0.006371	2.840000
368	0.605671	0.028190	0.102924	2.840000
369	0.607251	0.001179	0.097314	2.840000
370	0.611322	-0.038350	0.055138	2.840000
371	0.587244	0.069418	0.168968	2.840000
372	0.588317	0.170753	0.054322	2.840000
373	0.588763	0.169741	0.052643	2.840000
374	0.600243	0.108168	0.078950	2.840000
375	0.593848	-0.023508	0.158168	2.840000
376	0.610194	-0.031415	-0.070010	2.840000
377	0.581614	0.123277	0.157329	2.840000
378	0.608623	0.026563	-0.084247	2.840000
379	0.600612	0.096072	-0.090887	2.840000
380	0.613448	-0.043111	0.006937	2.840000
381	0.606614	-0.014235	-0.100209	2.840000
382	0.609231	0.083974	-0.003279	2.840000
383	0.595904	0.135504	-0.069010	2.840000
384	0.597884	0.015846	-0.143207	2.840000
385	0.612253	-0.057926	0.004017	2.840000
386	0.589403	0.071191	0.160504	2.840000
387	0.582474	-0.153938	-0.123501	2.840000
388	0.572307	-0.192790	-0.116283	2.840000
389	0.605307	0.070222	0.083049	2.840000
390	0.592086	0.108340	0.126179	2.840000
391	0.570014	0.230549	0.012492	2.840000
392	0.611084	0.068880	0.007573	2.840000
393	0.583015	0.184158	0.066364	2.840000
394	0.583130	0.159235	0.113260	2.840000
395	0.597879	-0.048874	0.135561	2.840000
396	0.611469	-0.065689	0.003901	2.840000
397	0.599420	0.134745	0.027654	2.840000
398	0.606354	0.005717	-0.102601	2.840000
399	0.602065	0.121700	0.030532	2.840000
400	0.596973	0.139390	-0.049177	2.840000
401	0.601243	-0.126901	0.025069	2.840000
402	0.614276	0.008183	-0.028693	2.840000
403	0.601814	0.109548	-0.063598	2.840000
404	0.608323	-0.034095	0.083703	2.840000
405	0.609607	0.073636	-0.034388	2.840000
406	0.575242	-0.209406	-0.058913	2.840000
407	0.542303	0.258555	-0.131459	2.840000
408	0.601634	0.069224	0.107094	2.840000
409	0.549197	0.198541	0.192845	2.840000
410	0.584968	0.189679	-0.007692	2.840000
411	0.613063	0.047735	-0.009979	2.840000
412	0.610426	-0.015152	0.073320	2.840000
413	0.588453	0.170001	0.055201	2.840000
414	0.589728	0.031766	0.171571	2.840000
415	0.576514	0.026256	-0.212526	2.840000
416	0.614846	0.004214	0.013100	2.840000
417	0.589136	-0.029662	0.173965	2.840000
418	0.608484	-0.088930	0.007990	2.840000
419	0.598647	-0.093104	-0.105728	2.840000
420	0.523132	0.272532	0.174023	2.840000
421	0.583509	0.091612	0.171317	2.840000
422	0.613396	0.044368	0.001374	2.840000
423	0.609420	0.077746	-0.028074	2.840000
424	0.569429	0.195056	0.126208	2.840000
425	0.606712	0.012474	0.099851	2.840000
426	0.594138	0.144697	0.065486	2.840000
427	0.579642	0.199704	0.048564	2.840000
428	0.583796	0.184954	0.056560	2.840000
429	0.588797	-0.177456	-0.007215	2.840000
430	0.590057	-0.153992	0.079648	2.840000
431	0.474686	-0.362128	0.147518	2.840000
432	0.602207	-0.079504	-0.096178	2.840000
433	0.608561	-0.030162	-0.083482	2.840000
434	0.585528	-0.179353	-0.056702	2.840000
435	0.604801	-0.088311	-0.068131	2.840000
436	0.553741	0.113208	-0.242445	2.840000
437	0.605183	0.054348	-0.094998	2.840000
438	0.580989	0.022726	-0.200400	2.840000
439	0.586554	0.148985	-0.109469	2.840000
440	0.608364	-0.065532	0.061836	2.840000
441	0.597504	-0.067243	-0.129198	2.840000
442	0.609026	-0.082529	-0.022394	2.840000
443	0.601122	0.031278	-0.126091	2.840000
444	0.606699	-0.050162	-0.087320	2.840000
445	0.600483	-0.075233	-0.109475	2.840000
446	0.612197	0.057903	0.009312	2.840000
447	0.596468	-0.130948	0.072821	2.840000
448	0.590947	-0.046591	0.163817	2.840000
449	0.582103	0.011213	0.198131	2.840000
450	0.607133	0.095090	0.023928	2.840000
451	0.609672	0.064973	-0.047990	2.840000
452	0.475071	-0.207383	-0.330946	2.840000
453	0.519509	0.303270	-0.127916	2.840000
454	0.614524	0.020247	-0.013263	2.840000
455	0.610165	-0.073672	0.022277	2.840000
456	0.520234	0.255709	0.205413	2.840000
457	0.602550	0.062600	0.106019	2.840000
458	0.588302	0.162764	0.075054	2.840000
459	0.573487	-0.146946	0.166567	2.840000
460	0.595560	-0.151219	-0.025800	2.840000
461	0.522170	-0.322655	-0.038179	2.840000
462	0.555293	-0.183602	0.190171	2.840000
463	0.572582	-0.071914	0.212611	2.840000
464	0.580701	0.167866	-0.113279	2.840000
465	0.570595	0.130301	0.188859	2.840000
466	0.583566	0.190713	0.036120	2.840000
467	0.601876	0.120547	-0.037929	2.840000
468	0.591275	-0.077284	0.150486	2.840000
469	0.612408	-0.039321	-0.040432	2.840000
470	0.605888	-0.078819	0.070091	2.840000
471	0.593094	-0.159422	0.032397	2.840000
472	0.585523	0.117291	-0.147074	2.840000
473	0.613114	-0.047853	-0.005184	2.840000
474	0.614411	0.003392	-0.026703	2.840000
475	0.532533	0.291136	0.099366	2.840000
476	0.613535	0.040841	-0.011506	2.840000
477	0.613836	-0.020741	0.031625	2.840000
478	0.563419	0.239628	0.057986	2.840000
479	0.611560	-0.064884	0.003161	2.840000
480	0.607295	0.001437	-0.097034	2.840000
481	0.592834	0.058833	0.152682	2.840000
482	0.580516	0.202126	0.019271	2.840000
483	0.566166	0.233999	-0.054093	2.840000
484	0.556661	0.230637	0.123126	2.840000
485	0.556379	0.152617	0.213014	2.840000
486	0.612959	-0.023719	-0.044081	2.840000
487	0.601424	-0.061484	-0.112842	2.840000
488	0.585559	-0.149684	-0.113755	2.840000
489	0.592764	-0.125236	0.105696	2.840000
490	0.602662	-0.095132	0.077286	2.840000
491	0.582514	-0.077086	-0.181549	2.840000
492	0.491186	0.350092	-0.119987	2.840000
493	0.584941	0.108321	0.155997	2.840000
494	0.606750	0.094756	-0.033184	2.840000
495	0.603919	-0.000455	-0.116218	2.840000
496	0.607003	-0.052807	-0.083567	2.840000
497	0.586461	-0.041120	-0.180548	2.840000
498	0.601805	-0.105077	-0.070812	2.840000
499	0.593217	0.150165	0.061397	2.840000
500	0.499235	0.159804	-0.321640	2.840000
501	0.586439	0.177319	-0.053593	2.840000
502	0.605333	-0.093224	0.055736	2.840000
503	0.610735	-0.069903	-0.018487	2.840000
504	0.612617	0.053768	0.005856	2.840000
505	0.576562	0.177636	0.119360	2.840000
506	0.613947	0.035966	-0.000277	2.840000
507	0.609710	0.050356	-0.062792	2.840000
508	0.597043	0.052981	0.137687	2.840000
509	0.598344	0.140913	0.018783	2.840000
510	0.593155	0.045469	-0.155965	2.840000
511	0.613097	0.045386	-0.016654	2.840000
512	0.582269	-0.084349	-0.179091	2.840000
513	0.609065	0.054994	0.065121	2.840000
514	0.598293	-0.012646	0.141813	2.840000
515	0.603574	0.104069	-0.055614	2.840000
516	0.571331	0.211838	0.083250	2.840000
517	0.614381	-0.027180	0.004760	2.840000
518	0.580279	0.093207	0.181144	2.840000
519	0.589935	-0.053740	-0.165269	2.840000
520	0.600930	0.062840	0.114712	2.840000
521	0.604859	0.076266	-0.080957	2.840000
522	0.606783	0.058986	0.080992	2.840000
523	0.595605	0.034894	0.149203	2.840000
524	0.495652	0.109027	0.347372	2.840000
525	0.554468	0.190674	0.185564	2.840000
526	0.591422	-0.070499	-0.153214	2.840000
527	0.592452	0.164627	0.011121	2.840000
528	0.592653	0.164249	-0.003171	2.840000
529	0.602572	0.064661	0.104648	2.840000
530	0.606478	-0.036822	0.095153	2.840000
531	0.595171	0.127483	-0.088003	2.840000
532	0.608563	-0.026206	0.084789	2.840000
533	0.549442	0.144949	0.235221	2.840000
534	0.527322	-0.253152	0.189923	2.840000
535	0.601933	-0.039385	-0.119792	2.840000
536	0.614258	0.026242	0.014956	2.840000
537	0.501786	0.145757	0.324331	2.840000
538	0.549235	0.216041	0.172894	2.840000
539	0.614015	-0.001556	-0.034767	2.840000
540	0.612327	-0.016387	0.054877	2.840000
541	0.579587	0.150958	0.139699	2.840000
542	0.594189	-0.019365	0.157447	2.840000
543	0.593666	0.077939	-0.140397	2.840000
544	0.602341	0.124039	0.004994	2.840000
545	0.606639	-0.029249	-0.096741	2.840000
546	0.605277	-0.097385	0.048799	2.840000
547	0.585641	-0.141824	0.123028	2.840000
548	0.568007	-0.200526	-0.124027	2.840000
549	0.583455	0.109710	0.160529	2.840000
550	0.582183	0.137111	-0.143140	2.840000
551	0.612072	0.055062	-0.023696	2.840000
552	0.613563	0.041463	0.006778	2.840000
553	0.578697	-0.041409	-0.204010	2.840000
554	0.602425	0.100942	-0.071556	2.840000
555	0.613085	0.045215	-0.017542	2.840000
556	0.596788	0.028215	0.145855	2.840000
557	0.587764	0.069836	0.166979	2.840000
558	0.558004	-0.258446	0.007895	2.840000
559	0.580099	-0.147932	-0.140806	2.840000
560	0.593905	-0.152838	0.046285	2.840000
561	0.605589	-0.089657	-0.058729	2.840000
562	0.565115	0.242310	-0.012461	2.840000
563	0.573024	-0.032236	0.220972	2.840000
564	0.553551	0.173245	0.204432	2.840000
565	0.597470	-0.145045	0.014712	2.840000
566	0.596753	-0.085609	-0.121579	2.840000
567	0.606454	0.098208	0.028166	2.840000
568	0.612935	0.046133	-0.020198	2.840000
569	0.590776	0.169235	-0.023837	2.840000
570	0.486995	0.349353	0.137888	2.840000
571	0.559054	0.058395	0.249547	2.840000
572	0.593030	0.017012	0.162020	2.840000
573	0.611810	-0.047378	0.040853	2.840000
574	0.566696	-0.224031	-0.083014	2.840000
575	0.566853	-0.074885	-0.226485	2.840000
576	0.614858	0.011545	-0.006389	2.840000
577	0.601081	0.122823	-0.042914	2.840000
578	0.600896	0.090006	-0.095122	2.840000
579	0.599277	0.129356	0.048569	2.840000
580	0.602668	0.114390	-0.043941	2.840000
581	0.599642	0.017910	0.135402	2.840000
582	0.595474	0.153628	-0.005804	2.840000
583	0.592955	0.163074	0.006025	2.840000
584	0.600139	0.125770	0.047332	2.840000
585	0.610403	0.043699	0.061019	2.840000
586	0.564491	0.240661	-0.040706	2.840000
587	0.560028	0.115446	0.226420	2.840000
588	0.587390	0.156715	0.092942	2.840000
589	0.595773	-0.152359	-0.008145	2.840000
590	0.588955	0.176516	-0.014130	2.840000
591	0.614299	-0.009187	0.027879	2.840000
592	0.603754	0.082555	0.083008	2.840000
593	0.609452	0.068753	0.045456	2.840000
594	0.547014	0.199795	0.197693	2.840000
595	0.538516	0.278265	0.103896	2.840000
596	0.612058	0.009219	-0.059375	2.840000
597	0.572715	-0.198684	-0.103667	2.840000
598	0.596916	-0.079989	-0.124573	2.840000
599	0.611722	-0.009375	-0.062721	2.840000
600	0.596942	-0.020787	-0.146468	2.840000
601	0.604898	0.001423	-0.111003	2.840000
602	0.574919	0.086681	0.200448	2.840000
603	0.549065	0.141897	0.237945	2.840000
604	0.606018	0.092339	0.049407	2.840000
605	0.592196	0.132043	-0.100470	2.840000
606	0.606051	0.104372	-0.005750	2.840000
607	0.580384	-0.029088	0.201329	2.840000
608	0.595804	-0.072124	0.134317	2.840000
609	0.608963	0.079065	-0.033730	2.840000
610	0.601626	0.127558	0.000327	2.840000
611	0.601604	0.102558	-0.076024	2.840000
612	0.614280	-0.006866	-0.028954	2.840000
613	0.594099	0.110859	-0.113937	2.840000
614	0.607497	-0.008918	0.095356	2.840000
615	0.595456	-0.021379	0.152314	2.840000
616	0.599776	0.023678	0.133914	2.840000
617	0.613396	0.040002	0.019224	2.840000
618	0.614749	0.009363	-0.014876	2.840000
619	0.613808	-0.008220	0.037375	2.840000
620	0.572962	-0.093627	0.202913	2.840000
621	0.587663	0.181272	0.004218	2.840000
622	0.520417	0.081072	0.317520	2.840000
623	0.607764	0.089660	-0.028453	2.840000
624	0.590516	0.171726	0.005111	2.840000
625	0.603901	0.099428	0.060360	2.840000
626	0.582935	-0.011201	0.195670	2.840000
627	0.609708	-0.006700	0.080226	2.840000
628	0.599309	0.081121	-0.111681	2.840000
629	0.593495	0.133539	0.090310	2.840000
630	0.572081	-0.139906	0.177130	2.840000
631	0.613749	-0.028634	-0.026772	2.840000
632	0.604539	0.069808	-0.088795	2.840000
633	0.536998	0.279301	0.108852	2.840000
634	0.496279	0.222443	0.287144	2.840000
635	0.605968	0.035379	0.098876	2.840000
636	0.612147	0.050412	0.030985	2.840000
637	0.614337	0.013779	-0.024994	2.840000
638	0.596062	0.096903	0.116384	2.840000
639	0.565429	0.180092	-0.161500	2.840000
640	0.569834	0.182272	0.142446	2.840000
641	0.489649	0.207633	0.308800	2.840000
642	0.605824	-0.006988	-0.105611	2.840000
643	0.614781	0.016414	-0.000636	2.840000
644	0.601140	0.053089	-0.118477	2.840000
645	0.590032	0.027712	0.171229	2.840000
646	0.612388	-0.023825	0.051359	2.840000
647	0.535650	0.018289	-0.301612	2.840000
648	0.614352	-0.024832	-0.013416	2.840000
649	0.563555	-0.113088	-0.218729	2.840000
650	0.589545	0.029908	-0.172531	2.840000
651	0.609129	0.074882	-0.039747	2.840000
652	0.610074	-0.056926	-0.052862	2.840000
653	0.516008	-0.276856	0.187915	2.840000
654	0.602070	0.106978	-0.065514	2.840000
655	0.605433	0.065877	0.085648	2.840000
656	0.603425	0.082529	-0.085396	2.840000
657	0.545597	-0.276535	-0.063855	2.840000
658	0.608704	-0.016826	-0.086147	2.840000
659	0.599034	0.085797	-0.109644	2.840000
660	0.573050	-0.149742	0.165579	2.840000
661	0.608304	-0.086259	0.027406	2.840000
662	0.587272	0.033968	0.179396	2.840000
663	0.514297	-0.316207	-0.117203	2.840000
664	0.614482	0.009481	-0.023385	2.840000
665	0.588610	-0.066922	-0.165182	2.840000
666	0.518724	-0.323064	0.069135	2.840000
667	0.602177	0.049062	0.114896	2.840000
668	0.608096	-0.025060	0.088408	2.840000
669	0.509352	0.317939	0.133041	2.840000
670	0.553724	0.244042	0.109811	2.840000
671	0.562588	0.219025	0.117250	2.840000
672	0.607616	-0.093047	-0.019227	2.840000
673	0.577830	-0.064105	-0.200570	2.840000
674	0.472290	-0.393778	-0.010333	2.840000
675	0.446568	-0.261504	0.332292	2.840000
676	0.584357	0.116184	-0.152489	2.840000
677	0.602615	0.075665	-0.096722	2.840000
678	0.599115	-0.083963	-0.110619	2.840000
679	0.604497	-0.052597	0.100209	2.840000
680	0.569707	0.155494	-0.171699	2.840000
681	0.543739	-0.099333	0.269639	2.840000
682	0.501521	0.220178	0.279685	2.840000
683	0.614839	0.013684	-0.003190	2.840000
684	0.598903	-0.135565	0.034086	2.840000
685	0.614471	-0.009124	-0.023826	2.840000
686	0.588160	-0.138689	-0.114273	2.840000
687	0.557433	0.221985	-0.134966	2.840000
688	0.473623	0.242008	0.308770	2.840000
689	0.571128	0.206719	0.096461	2.840000
690	0.611502	-0.030811	0.057804	2.840000
691	0.563283	0.189583	-0.158099	2.840000
692	0.580913	0.179215	0.092989	2.840000
693	0.583960	0.158589	0.109841	2.840000
694	0.606976	0.096778	0.020950	2.840000
695	0.603112	-0.046804	0.110864	2.840000
696	0.608569	0.084685	0.026404	2.840000
697	0.566341	0.190780	0.145211	2.840000
698	0.611932	-0.051890	-0.032734	2.840000
699	0.582193	0.038814	-0.194345	2.840000
700	0.613503	0.030798	-0.029841	2.840000
701	0.589964	0.086944	-0.150359	2.840000
702	0.612270	0.014217	0.056110	2.840000
703	0.576296	-0.214591	-0.007620	2.840000
704	0.584677	-0.055130	-0.182587	2.840000
705	0.598388	0.141932	0.003450	2.840000
706	0.527891	-0.105892	0.297225	2.840000
707	0.516966	0.304798	0.134424	2.840000
708	0.612115	-0.019993	0.056040	2.840000
709	0.597086	0.044798	0.140379	2.840000
710	0.572666	0.168750	-0.147654	2.840000
711	0.610854	0.058219	0.041152	2.840000
712	0.614925	-0.000941	-0.009545	2.840000
713	0.582489	0.049193	-0.191080	2.840000
714	0.610078	-0.050401	-0.059067	2.840000
715	0.607528	0.053628	0.079112	2.840000
716	0.607713	-0.092824	-0.017150	2.840000
717	0.602283	0.001845	0.124406	2.840000
718	0.599284	-0.104951	0.089829	2.840000
719	0.604248	-0.000088	-0.114499	2.840000
720	0.570384	-0.101868	0.206180	2.840000
721	0.610997	0.064444	0.027476	2.840000
722	0.565884	0.093870	0.221786	2.840000
723	0.612580	0.053251	0.011623	2.840000
724	0.587705	-0.046721	0.175058	2.840000
725	0.602571	0.122522	0.011047	2.840000
726	0.552907	-0.214221	-0.163183	2.840000
727	0.548743	0.237674	0.143585	2.840000
728	0.559902	0.094650	0.236169	2.840000
729	0.609074	0.073359	0.043272	2.840000
730	0.592560	0.138075	-0.089625	2.840000
731	0.529390	0.271229	0.156225	2.840000
732	0.604614	-0.067060	-0.090385	2.840000
733	0.603714	-0.114970	-0.023152	2.840000
734	0.584213	-0.050846	-0.185296	2.840000
735	0.607621	0.077748	-0.054563	2.840000
736	0.610183	0.003608	0.076742	2.840000
737	0.572521	0.218248	0.053031	2.840000
738	0.592551	0.027886	0.162265	2.840000
739	0.604647	-0.065030	-0.091639	2.840000
740	0.603630	0.117598	0.005180	2.840000
741	0.533805	0.305328	-0.007200	2.840000
742	0.555066	0.131096	0.230088	2.840000
743	0.564014	-0.116011	0.215996	2.840000
744	0.611926	-0.060679	0.009482	2.840000
745	0.605873	0.030122	0.101174	2.840000
746	0.543861	-0.044587	0.283641	2.840000
747	0.603082	0.115525	0.034219	2.840000
748	0.535004	0.302669	-0.019685	2.840000
749	0.601004	-0.107692	-0.073631	2.840000
750	0.600669	0.033257	-0.127734	2.840000
751	0.591052	0.164994	0.040737	2.840000
752	0.608485	0.006012	-0.089077	2.840000
753	0.607273	-0.056207	-0.079282	2.840000
754	0.573290	-0.020431	-0.221689	2.840000
755	0.601132	0.099483	-0.083481	2.840000
756	0.549852	0.201055	-0.188321	2.840000
757	0.614723	0.018438	-0.000523	2.840000
758	0.598476	-0.108847	-0.090575	2.840000
759	0.590541	-0.125113	-0.117616	2.840000
760	0.513753	-0.246544	0.231299	2.840000
761	0.594406	0.089202	0.130191	2.840000
762	0.608884	-0.085748	-0.011523	2.840000
763	0.590535	0.160958	-0.059885	2.840000
764	0.578608	-0.194305	0.075392	2.840000
765	0.582922	-0.133597	-0.143452	2.840000
766	0.580902	0.184462	0.082168	2.840000
767	0.601161	-0.128699	-0.016344	2.840000
768	0.469664	-0.256077	0.303422	2.840000
769	0.596158	0.149294	-0.023068	2.840000
770	0.597083	-0.061362	0.133985	2.840000
771	0.580343	-0.121554	0.163254	2.840000
772	0.576302	-0.183333	-0.111760	2.840000
773	0.608521	0.063554	0.062359	2.840000
774	0.608006	-0.037729	0.084442	2.840000
775	0.586594	0.018655	0.183807	2.840000
776	0.574818	-0.152678	0.156522	2.840000
777	0.597934	-0.058046	0.131645	2.840000
778	0.587015	-0.128267	-0.131096	2.840000
779	0.527313	-0.004685	0.316456	2.840000
780	0.596933	0.124320	0.080252	2.840000
781	0.614382	0.027486	0.001933	2.840000
782	0.597537	0.120856	0.081042	2.840000
783	0.565471	-0.079067	-0.228507	2.840000
784	0.585335	-0.019249	0.187715	2.840000
785	0.606112	-0.102521	0.018515	2.840000
786	0.592845	0.029058	-0.160981	2.840000
787	0.604925	-0.105182	-0.035044	2.840000
788	0.606670	-0.081893	-0.058910	2.840000
789	0.599664	-0.133316	-0.029238	2.840000
790	0.608880	0.082170	-0.027177	2.840000
791	0.575996	0.137488	0.165985	2.840000
792	0.509920	0.326657	0.107247	2.840000
793	0.599383	0.126975	0.053312	2.840000
794	0.573369	0.202451	0.092124	2.840000
795	0.603746	0.011482	-0.116548	2.840000
796	0.594923	0.121775	0.097277	2.840000
797	0.596494	0.109041	0.102617	2.840000
798	0.370823	0.297729	0.389965	2.840000
799	0.559362	0.231826	0.107683	2.840000
800	0.613222	-0.022154	-0.041147	2.840000
801	0.542453	-0.227262	-0.179784	2.840000
802	0.592368	0.054984	-0.155889	2.840000
803	0.601831	0.039658	0.120217	2.840000
804	0.613585	-0.033631	-0.024655	2.840000
805	0.576140	0.015038	0.214619	2.840000
806	0.543544	0.060497	0.281292	2.840000
807	0.525241	-0.048677	0.316193	2.840000
808	0.608280	0.082226	0.038207	2.840000
809	0.589991	0.037574	-0.169481	2.840000
810	0.609707	-0.063791	-0.049121	2.840000
811	0.597297	-0.101697	-0.105447	2.840000
812	0.594393	-0.035211	-0.153891	2.840000
813	0.549766	0.138067	-0.238580	2.840000
814	0.598029	-0.111955	0.089735	2.840000
815	0.572744	-0.169741	-0.146211	2.840000
816	0.606955	0.074976	0.064877	2.840000
817	0.587334	0.161559	0.084630	2.840000
818	0.527366	0.299920	0.100785	2.840000
819	0.604045	-0.114823	0.013048	2.840000
820	0.549352	0.224075	-0.161951	2.840000
821	0.580376	0.150930	0.136414	2.840000
822	0.596190	0.144244	0.044453	2.840000
823	0.573621	-0.000927	0.221772	2.840000
824	0.595250	-0.139938	-0.065723	2.840000
825	0.597760	-0.037560	-0.139633	2.840000
826	0.574542	0.016836	0.218731	2.840000
827	0.602691	-0.118053	0.032440	2.840000
828	0.586742	0.183436	0.017619	2.840000
829	0.601604	0.065608	-0.109513	2.840000
830	0.579908	-0.040550	0.200717	2.840000
831	0.592176	-0.135706	-0.095585	2.840000
832	0.613389	-0.008994	-0.043569	2.840000
833	0.592203	0.127821	0.105747	2.840000
834	0.597662	0.064879	0.129676	2.840000
835	0.596418	0.131223	0.072739	2.840000
836	0.538389	0.271133	-0.121856	2.840000
837	0.592075	0.142599	-0.085659	2.840000
838	0.609269	0.009332	0.083239	2.840000
839	0.602652	0.055291	0.109447	2.840000
840	0.572158	0.201845	0.100594	2.840000
841	0.601549	0.123829	0.032102	2.840000
842	0.593730	0.041903	0.154769	2.840000
843	0.522905	-0.153660	0.284928	2.840000
844	0.612339	0.027452	-0.050119	2.840000
845	0.566106	0.068963	0.230203	2.840000
846	0.575963	0.201133	0.077697	2.840000
847	0.603510	0.111547	0.039468	2.840000
848	0.611049	0.063872	-0.027646	2.840000
849	0.609546	-0.041743	0.070255	2.840000
850	0.564377	0.065402	0.235428	2.840000
