1	-0.543983	-0.062501	-0.280002	-0.030000
2	-0.589843	-0.161779	-0.064325	-0.030000
3	-0.602816	0.103998	0.063424	-0.030000
4	-0.607464	0.095271	-0.011644	-0.030000
5	-0.571777	0.196341	-0.112897	-0.030000
6	-0.538820	0.109952	0.275334	-0.030000
7	-0.587412	0.178674	0.035317	-0.030000
8	-0.533970	0.241103	0.187004	-0.030000
9	-0.174964	0.358713	0.467908	-0.030000
10	-0.556160	0.147367	0.217242	-0.030000
11	-0.601621	0.014424	-0.126764	-0.030000
12	-0.595854	0.018343	0.151152	-0.030000
13	-0.593271	0.100707	-0.126934	-0.030000
14	-0.598583	0.130988	0.052586	-0.030000
15	-0.485732	0.264071	0.269363	-0.030000
16	-0.566792	0.238563	-0.007709	-0.030000
17	-0.510830	0.328632	-0.096323	-0.030000
18	-0.501844	0.270228	0.230985	-0.030000
19	-0.531837	-0.304133	-0.053645	-0.030000
20	-0.611254	0.040382	-0.054432	-0.030000
21	-0.584592	0.190598	0.012248	-0.030000
22	-0.611040	0.061433	0.032878	-0.030000
23	-0.614830	-0.013984	0.003669	-0.030000
24	-0.578531	0.203162	0.047455	-0.030000
25	-0.550261	0.265482	0.070406	-0.030000
26	-0.457715	0.409314	0.034413	-0.030000
27	-0.551261	0.083151	0.259657	-0.030000
28	-0.589043	0.095605	0.148706	-0.030000
29	-0.592205	0.116490	0.118106	-0.030000
30	-0.598255	0.139630	0.028628	-0.030000
31	-0.614059	0.019983	-0.027513	-0.030000
32	-0.579342	0.206183	-0.008714	-0.030000
33	-0.549043	0.275458	0.030004	-0.030000
34	-0.612660	0.022791	-0.048516	-0.030000
35	-0.592111	0.141988	0.086422	-0.030000
36	-0.597275	0.003578	0.146544	-0.030000
37	-0.588060	-0.141743	-0.110991	-0.030000
38	-0.597605	-0.091623	-0.112690	-0.030000
39	-0.592163	0.003538	-0.165999	-0.030000
40	-0.609323	-0.041498	-0.072306	-0.030000
41	-0.604191	0.035797	-0.109075	-0.030000
42	-0.595044	-0.152919	0.027637	-0.030000
43	-0.589006	0.106558	-0.141217	-0.030000
44	-0.612675	-0.048684	-0.021993	-0.030000
45	-0.574879	-0.218197	0.011361	-0.030000
46	-0.546371	0.278451	-0.046566	-0.030000
47	-0.607810	-0.093581	-0.005845	-0.030000
48	-0.595294	-0.132112	0.079982	-0.030000
49	-0.611796	-0.052993	0.033494	-0.030000
50	-0.602962	0.038043	0.114957	-0.030000
51	-0.577775	0.166481	-0.129173	-0.030000
52	-0.571099	-0.227583	-0.016624	-0.030000
53	-0.603655	-0.116978	0.011924	-0.030000
54	-0.544053	-0.255805	-0.129596	-0.030000
55	-0.585784	-0.110858	0.150973	-0.030000
56	-0.607382	-0.096393	0.004599	-0.030000
57	-0.574453	-0.215526	0.042159	-0.030000
58	-0.612910	-0.007079	0.050156	-0.030000
59	-0.571196	-0.026278	-0.226428	-0.030000
60	-0.594823	-0.069107	-0.140125	-0.030000
61	-0.591399	-0.162786	-0.044422	-0.030000
62	-0.530326	-0.221248	0.219154	-0.030000
63	-0.614506	-0.004579	0.024207	-0.030000
64	-0.594878	0.008837	-0.155779	-0.030000
65	-0.599124	0.098734	-0.097607	-0.030000
66	-0.605980	-0.104768	-0.006122	-0.030000
67	-0.597843	0.002443	-0.144230	-0.030000
68	-0.596010	0.149665	0.024449	-0.030000
69	-0.592289	-0.051997	0.157210	-0.030000
70	-0.586352	0.182493	-0.033362	-0.030000
71	-0.591525	-0.055786	-0.158782	-0.030000
72	-0.599847	0.010050	-0.135305	-0.030000
73	-0.554520	0.159169	0.213066	-0.030000
74	-0.612828	-0.035721	0.037293	-0.030000
75	-0.580921	0.200242	-0.025658	-0.030000
76	-0.611578	-0.058666	0.027498	-0.030000
77	-0.602614	-0.064862	-0.104278	-0.030000
78	-0.614463	0.012686	-0.022332	-0.030000
79	-0.589955	-0.173713	0.001181	-0.030000
80	-0.607734	-0.093592	-0.011159	-0.030000
81	-0.576826	0.204268	-0.061413	-0.030000
82	-0.552111	0.054233	0.265438	-0.030000
83	-0.518701	0.330109	0.014214	-0.030000
84	-0.550410	0.171649	-0.214034	-0.030000
85	-0.610082	0.039115	0.067042	-0.030000
86	-0.597879	0.137169	0.044164	-0.030000
87	-0.589778	-0.033604	-0.171050	-0.030000
88	-0.594968	-0.105527	0.114462	-0.030000
89	-0.582096	-0.189485	-0.059029	-0.030000
90	-0.579704	0.104256	-0.176916	-0.030000
91	-0.595893	-0.111822	-0.103113	-0.030000
92	-0.574013	0.199413	-0.094704	-0.030000
93	-0.597388	-0.014906	0.145362	-0.030000
94	-0.519973	-0.258471	0.202598	-0.030000
95	-0.600937	0.103781	-0.079557	-0.030000
96	-0.595712	-0.141867	0.056795	-0.030000
97	-0.523292	0.014795	0.322756	-0.030000
98	-0.610740	-0.057101	-0.044291	-0.030000
99	-0.608157	0.090301	-0.014710	-0.030000
100	-0.583469	-0.183750	0.063443	-0.030000
101	-0.583733	-0.037960	0.189842	-0.030000
102	-0.571025	-0.103140	0.203758	-0.030000
103	-0.614563	-0.016813	0.015962	-0.030000
104	-0.588244	0.176547	0.032013	-0.030000
105	-0.613334	0.028790	0.034891	-0.030000
106	-0.554823	-0.003139	-0.265305	-0.030000
107	-0.533003	-0.303084	-0.047681	-0.030000
108	-0.572268	-0.140654	0.175930	-0.030000
109	-0.610646	-0.055193	0.047861	-0.030000
110	-0.569381	0.226912	-0.050413	-0.030000
111	-0.521523	-0.296584	0.135193	-0.030000
112	-0.614972	-0.003109	-0.004977	-0.030000
113	-0.601063	-0.047625	0.121162	-0.030000
114	-0.583200	-0.148288	-0.126939	-0.030000
115	-0.586495	-0.177220	0.053310	-0.030000
116	-0.605578	-0.101563	-0.034421	-0.030000
117	-0.599512	-0.025959	-0.134672	-0.030000
118	-0.573845	0.182618	-0.124811	-0.030000
119	-0.611102	-0.059763	0.034745	-0.030000
120	-0.609661	0.080605	0.006419	-0.030000
121	-0.603569	0.116143	0.020978	-0.030000
122	-0.583283	0.157548	0.114824	-0.030000
123	-0.562187	0.215363	0.125657	-0.030000
124	-0.405301	0.420508	0.192690	-0.030000
125	-0.443820	0.419900	0.070239	-0.030000
126	-0.584628	-0.186154	0.042206	-0.030000
127	-0.586052	0.159184	0.097099	-0.030000
128	-0.595309	0.104084	0.114014	-0.030000
129	-0.598812	-0.102549	0.095567	-0.030000
130	-0.563685	0.245929	0.001656	-0.030000
131	-0.442816	0.414966	-0.099708	-0.030000
132	-0.515566	0.333789	-0.031643	-0.030000
133	-0.512321	0.307300	0.146009	-0.030000
134	-0.591649	-0.061560	0.156162	-0.030000
135	-0.558222	0.177327	-0.187533	-0.030000
136	-0.563803	0.181331	0.165740	-0.030000
137	-0.593542	0.160945	-0.005458	-0.030000
138	-0.599188	0.138027	-0.012133	-0.030000
139	-0.613340	0.031844	-0.032009	-0.030000
140	-0.593211	0.162170	0.005144	-0.030000
141	-0.563124	0.190079	0.158070	-0.030000
142	-0.602539	0.122451	-0.013340	-0.030000
143	-0.552386	0.142429	0.229801	-0.030000
144	-0.585913	0.162990	-0.091464	-0.030000
145	-0.594601	0.057344	0.146240	-0.030000
146	-0.599246	0.107706	-0.086768	-0.030000
147	-0.614882	0.010173	-0.006476	-0.030000
148	-0.585891	0.186752	0.008984	-0.030000
149	-0.531672	0.244855	0.188669	-0.030000
150	-0.607831	0.074034	0.057322	-0.030000
151	-0.589697	-0.156898	-0.076589	-0.030000
152	-0.600374	0.077510	0.108480	-0.030000
153	-0.584700	-0.089979	-0.168093	-0.030000
154	-0.610452	-0.017307	-0.072618	-0.030000
155	-0.568068	-0.112131	0.207244	-0.030000
156	-0.578888	-0.012170	-0.207283	-0.030000
157	-0.572414	-0.150757	-0.166853	-0.030000
158	-0.602300	0.110757	-0.056507	-0.030000
159	-0.590917	-0.020430	0.169188	-0.030000
160	-0.604225	-0.008161	0.114326	-0.030000
161	-0.579727	0.006157	0.205193	-0.030000
162	-0.594388	0.148278	-0.054241	-0.030000
163	-0.487243	-0.343971	-0.150011	-0.030000
164	-0.586368	-0.099151	-0.156739	-0.030000
165	-0.460740	-0.390815	0.114921	-0.030000
166	-0.599881	-0.132256	0.029595	-0.030000
167	-0.613051	-0.048874	-0.002298	-0.030000
168	-0.563453	-0.077172	-0.234073	-0.030000
169	-0.610763	-0.063855	-0.033409	-0.030000
170	-0.581637	0.087975	-0.179399	-0.030000
171	-0.595325	-0.011422	-0.153891	-0.030000
172	-0.613631	0.008987	0.040019	-0.030000
173	-0.592237	-0.163246	-0.028830	-0.030000
174	-0.603125	0.103410	-0.061417	-0.030000
175	-0.579229	-0.001830	-0.206678	-0.030000
176	-0.609884	0.056141	-0.055810	-0.030000
177	-0.591692	-0.093158	-0.139452	-0.030000
178	-0.591210	-0.158716	-0.059199	-0.030000
179	-0.577781	-0.160049	0.137036	-0.030000
180	-0.540033	0.164945	-0.243685	-0.030000
181	-0.553488	-0.046618	-0.264013	-0.030000
182	-0.503218	0.235562	0.263642	-0.030000
183	-0.592732	0.138234	0.088230	-0.030000
184	-0.583972	0.032196	0.190170	-0.030000
185	-0.592717	0.137352	-0.089698	-0.030000
186	-0.570631	-0.226149	0.038229	-0.030000
187	-0.614390	-0.017006	-0.021456	-0.030000
188	-0.505552	-0.320396	0.141382	-0.030000
189	-0.603920	-0.105249	-0.049281	-0.030000
190	-0.557915	0.213687	0.145922	-0.030000
191	-0.611817	-0.033331	0.052859	-0.030000
192	-0.597247	-0.124686	-0.077297	-0.030000
193	-0.564538	-0.181512	-0.163018	-0.030000
194	-0.598323	0.142040	0.007712	-0.030000
195	-0.613449	-0.022037	0.037683	-0.030000
196	-0.608843	0.079526	0.034792	-0.030000
197	-0.594426	-0.088004	0.130911	-0.030000
198	-0.614988	0.003844	0.000475	-0.030000
199	-0.557802	-0.111449	0.233797	-0.030000
200	-0.599536	-0.124779	-0.056669	-0.030000
201	-0.593903	-0.082396	0.136805	-0.030000
202	-0.577699	0.148751	0.149539	-0.030000
203	-0.607019	-0.051033	-0.084550	-0.030000
204	-0.599990	-0.048656	-0.125973	-0.030000
205	-0.614577	-0.016145	-0.016095	-0.030000
206	-0.603564	0.090894	0.075326	-0.030000
207	-0.614206	-0.030693	0.005779	-0.030000
208	-0.561477	-0.187338	0.166951	-0.030000
209	-0.573739	-0.208588	-0.074426	-0.030000
210	-0.612291	-0.050584	-0.027685	-0.030000
211	-0.573826	-0.097708	-0.198501	-0.030000
212	-0.609915	-0.054469	-0.057108	-0.030000
213	-0.510433	-0.174745	0.295208	-0.030000
214	-0.590533	-0.118619	-0.124200	-0.030000
215	-0.586559	0.184470	0.012034	-0.030000
216	-0.603547	0.026288	0.115171	-0.030000
217	-0.577322	0.194529	-0.084161	-0.030000
218	-0.606733	0.017853	0.098901	-0.030000
219	-0.590714	0.157436	-0.067049	-0.030000
220	-0.546744	0.281494	0.007586	-0.030000
221	-0.400217	0.442728	0.148472	-0.030000
222	-0.401850	0.465292	-0.015641	-0.030000
223	-0.611039	0.028347	-0.063659	-0.030000
224	-0.589049	0.174734	-0.026733	-0.030000
225	-0.503515	0.328503	0.129552	-0.030000
226	-0.606984	0.098794	-0.005930	-0.030000
227	-0.582740	0.194962	0.025077	-0.030000
228	-0.490401	0.371122	-0.000838	-0.030000
229	-0.541217	0.291165	0.023080	-0.030000
230	-0.570764	0.228057	0.021069	-0.030000
231	-0.519812	0.110999	0.309353	-0.030000
232	-0.575705	-0.040557	0.212472	-0.030000
233	-0.558977	-0.139918	0.214926	-0.030000
234	-0.572221	0.190248	0.120807	-0.030000
235	-0.607112	0.097647	-0.010245	-0.030000
236	-0.611961	0.060770	-0.005953	-0.030000
237	-0.594215	0.120500	0.103023	-0.030000
238	-0.578455	0.201252	-0.055785	-0.030000
239	-0.520608	0.142136	0.294941	-0.030000
240	-0.606875	0.063096	0.077116	-0.030000
241	-0.581858	-0.142667	0.138967	-0.030000
242	-0.596062	-0.025604	0.149265	-0.030000
243	-0.587828	0.173907	0.049398	-0.030000
244	-0.605538	0.106636	-0.013346	-0.030000
245	-0.558743	0.240643	-0.090127	-0.030000
246	-0.598340	0.084866	-0.114069	-0.030000
247	-0.607276	0.079373	0.056044	-0.030000
248	-0.533485	0.295900	0.077857	-0.030000
249	-0.417635	-0.190732	0.409178	-0.030000
250	-0.586651	-0.056208	-0.175803	-0.030000
251	-0.587314	-0.180572	-0.026092	-0.030000
252	-0.589052	-0.109804	-0.138511	-0.030000
253	-0.608053	-0.092044	-0.004964	-0.030000
254	-0.596643	-0.109796	0.100930	-0.030000
255	-0.610753	0.070005	0.017462	-0.030000
256	-0.609138	-0.051022	-0.067623	-0.030000
257	-0.608463	0.020132	-0.087134	-0.030000
258	-0.607887	-0.035900	-0.086079	-0.030000
259	-0.595318	0.142892	-0.058342	-0.030000
260	-0.604466	-0.033593	0.108247	-0.030000
261	-0.612372	0.054938	0.014404	-0.030000
262	-0.605261	-0.063881	-0.088338	-0.030000
263	-0.612487	0.046552	0.030285	-0.030000
264	-0.550272	-0.091316	-0.259012	-0.030000
265	-0.573139	-0.200588	-0.097471	-0.030000
266	-0.579122	-0.169408	-0.118925	-0.030000
267	-0.527161	-0.288866	0.129934	-0.030000
268	-0.575910	-0.204059	-0.070087	-0.030000
269	-0.599533	0.104333	-0.088884	-0.030000
270	-0.610679	0.072155	-0.009497	-0.030000
271	-0.575999	-0.145155	-0.159313	-0.030000
272	-0.610592	-0.058394	-0.044632	-0.030000
273	-0.610379	-0.027479	-0.070050	-0.030000
274	-0.600653	-0.131999	0.004185	-0.030000
275	-0.597979	-0.049929	-0.134733	-0.030000
276	-0.594860	-0.144886	-0.058090	-0.030000
277	-0.522223	-0.113704	0.304270	-0.030000
278	-0.595579	-0.014803	-0.152616	-0.030000
279	-0.614372	0.014127	0.023927	-0.030000
280	-0.581672	-0.082841	0.181714	-0.030000
281	-0.589012	0.174977	-0.025933	-0.030000
282	-0.604993	-0.075586	0.080592	-0.030000
283	-0.601704	0.004008	-0.127126	-0.030000
284	-0.602890	-0.022360	-0.119370	-0.030000
285	-0.610016	-0.023734	-0.074445	-0.030000
286	-0.504325	0.265798	0.230723	-0.030000
287	-0.601191	0.103485	0.078010	-0.030000
288	-0.597531	0.067395	0.128993	-0.030000
289	-0.607712	0.074466	0.058014	-0.030000
290	-0.611387	0.031260	-0.058765	-0.030000
291	-0.613330	-0.018740	-0.041232	-0.030000
292	-0.587368	-0.163675	-0.080213	-0.030000
293	-0.581653	-0.053317	-0.192515	-0.030000
294	-0.592698	-0.164058	-0.004322	-0.030000
295	-0.599531	0.012607	0.136487	-0.030000
296	-0.595304	0.153183	-0.019320	-0.030000
297	-0.608297	-0.055576	0.071489	-0.030000
298	-0.604676	-0.083220	0.075276	-0.030000
299	-0.613043	-0.045500	-0.018236	-0.030000
300	-0.588807	0.022057	0.176195	-0.030000
301	-0.591728	-0.162435	-0.041210	-0.030000
302	-0.598893	0.007058	-0.139649	-0.030000
303	-0.609066	0.015056	-0.083886	-0.030000
304	-0.570130	0.165713	0.160364	-0.030000
305	-0.596892	0.013602	0.147514	-0.030000
306	-0.572669	0.171928	0.143933	-0.030000
307	-0.610759	-0.069976	0.017361	-0.030000
308	-0.591682	0.057281	-0.157657	-0.030000
309	-0.571386	-0.027559	0.225795	-0.030000
310	-0.614803	0.015194	-0.003389	-0.030000
311	-0.554442	-0.245219	-0.103376	-0.030000
312	-0.573885	-0.175118	-0.134959	-0.030000
313	-0.574161	0.211983	-0.060229	-0.030000
314	-0.597729	0.119614	-0.081470	-0.030000
315	-0.606394	-0.062863	0.080994	-0.030000
316	-0.605147	-0.085564	-0.068565	-0.030000
317	-0.603853	-0.104826	-0.050972	-0.030000
318	-0.590379	-0.169203	-0.032371	-0.030000
319	-0.521822	-0.325249	-0.011827	-0.030000
320	-0.601207	-0.129512	-0.001332	-0.030000
321	-0.498193	-0.299710	0.200506	-0.030000
322	-0.569775	-0.221822	0.066151	-0.030000
323	-0.611389	-0.027464	0.060615	-0.030000
324	-0.539553	0.226803	-0.188860	-0.030000
325	-0.613636	0.040698	-0.004353	-0.030000
326	-0.605731	0.084883	0.064108	-0.030000
327	-0.533813	0.264118	0.153330	-0.030000
328	-0.301305	0.523387	0.116217	-0.030000
329	-0.454641	0.405102	0.086134	-0.030000
330	-0.578074	0.199620	-0.064866	-0.030000
331	-0.589900	0.158892	0.070685	-0.030000
332	-0.599803	0.135758	0.005558	-0.030000
333	-0.607096	0.090174	-0.039094	-0.030000
334	-0.581837	0.198902	0.011334	-0.030000
335	-0.507090	0.301948	-0.172951	-0.030000
336	-0.510729	0.335122	0.071230	-0.030000
337	-0.352432	0.491482	-0.111634	-0.030000
338	-0.590973	0.035887	0.166396	-0.030000
339	-0.601359	0.127350	-0.019365	-0.030000
340	-0.602200	-0.082225	-0.093908	-0.030000
341	-0.600995	-0.112839	0.065558	-0.030000
342	-0.605576	0.020714	-0.105233	-0.030000
343	-0.567170	0.227688	0.068562	-0.030000
344	-0.499847	0.354848	0.049602	-0.030000
345	-0.593215	0.022789	0.160627	-0.030000
346	-0.562330	-0.067529	0.239688	-0.030000
347	-0.613773	-0.010576	0.037363	-0.030000
348	-0.555825	0.181689	0.190454	-0.030000
349	-0.580034	0.202746	-0.026072	-0.030000
350	-0.609051	-0.021649	0.082539	-0.030000
351	-0.606600	0.101204	-0.004405	-0.030000
352	-0.597442	0.128932	0.068299	-0.030000
353	-0.579906	0.200777	0.040287	-0.030000
354	-0.614023	-0.003908	0.034432	-0.030000
355	-0.586860	-0.104667	-0.151212	-0.030000
356	-0.601902	-0.126047	-0.007129	-0.030000
357	-0.610620	-0.071472	0.016139	-0.030000
358	-0.611542	0.040983	-0.050614	-0.030000
359	-0.612790	0.001006	-0.052085	-0.030000
360	-0.590559	0.143528	-0.094151	-0.030000
361	-0.602363	-0.032432	0.119716	-0.030000
362	-0.575368	0.153817	0.153353	-0.030000
363	-0.588932	-0.073368	-0.161248	-0.030000
364	-0.611300	0.014773	-0.065723	-0.030000
365	-0.608212	0.089479	-0.017223	-0.030000
366	-0.587741	-0.011676	-0.180691	-0.030000
367	-0.597600	-0.030920	-0.141927	-0.030000
368	-0.529732	-0.252212	-0.184385	-0.030000
369	-0.597368	-0.136879	-0.051384	-0.030000
370	-0.594045	-0.153275	0.042926	-0.030000
371	-0.608410	0.086687	0.023398	-0.030000
372	-0.591677	-0.143122	0.087520	-0.030000
373	-0.611213	0.043708	0.052278	-0.030000
374	-0.597679	-0.139232	0.040238	-0.030000
375	-0.591141	-0.151400	-0.076518	-0.030000
376	-0.552683	-0.253615	-0.091902	-0.030000
377	-0.605390	-0.087288	-0.064096	-0.030000
378	-0.598200	0.080571	-0.117857	-0.030000
379	-0.600356	0.069497	0.113878	-0.030000
380	-0.586227	0.122415	-0.139921	-0.030000
381	-0.592758	0.153969	0.056184	-0.030000
382	-0.591488	-0.164508	0.036105	-0.030000
383	-0.614622	0.006446	0.020586	-0.030000
384	-0.607305	0.072559	-0.064347	-0.030000
385	-0.610167	0.076945	0.000478	-0.030000
386	-0.560986	0.195106	0.159542	-0.030000
387	-0.597094	0.121736	-0.082971	-0.030000
388	-0.587877	0.127161	0.128279	-0.030000
389	-0.563764	0.241655	0.044694	-0.030000
390	-0.593255	0.130051	0.096746	-0.030000
391	-0.604325	-0.104542	-0.045691	-0.030000
392	-0.588097	-0.102359	-0.147952	-0.030000
393	-0.608528	-0.087816	0.014378	-0.030000
394	-0.579219	0.192764	0.074645	-0.030000
395	-0.610119	-0.050815	-0.058287	-0.030000
396	-0.603861	-0.028090	0.113084	-0.030000
397	-0.611188	-0.024550	-0.063813	-0.030000
398	-0.573826	0.215462	0.050244	-0.030000
399	-0.612713	0.037074	-0.037860	-0.030000
400	-0.607772	-0.072076	0.060354	-0.030000
401	-0.586548	-0.107331	-0.150553	-0.030000
402	-0.612839	0.038782	0.033906	-0.030000
403	-0.574550	0.157646	0.152529	-0.030000
404	-0.603796	-0.105836	0.049533	-0.030000
405	-0.590146	-0.138999	0.103110	-0.030000
406	-0.607135	0.077602	-0.059916	-0.030000
407	-0.609116	0.084745	-0.004597	-0.030000
408	-0.588050	-0.178354	0.024732	-0.030000
409	-0.613215	-0.046733	-0.002876	-0.030000
410	-0.570890	-0.084566	0.212504	-0.030000
411	-0.611797	-0.017756	0.060117	-0.030000
412	-0.583174	-0.046292	0.189711	-0.030000
413	-0.596317	-0.149831	-0.013495	-0.030000
414	-0.566762	-0.144484	0.190079	-0.030000
415	-0.569243	-0.231133	0.027665	-0.030000
416	-0.598221	-0.130560	0.057544	-0.030000
417	-0.591951	-0.145135	0.082191	-0.030000
418	-0.593584	0.028608	0.158320	-0.030000
419	-0.613609	-0.038550	-0.014911	-0.030000
420	-0.592273	-0.108046	-0.125556	-0.030000
421	-0.613980	0.023004	0.026920	-0.030000
422	-0.579144	-0.145872	0.146760	-0.030000
423	-0.541422	-0.287252	0.050734	-0.030000
424	-0.555379	-0.188599	0.184958	-0.030000
425	-0.607927	-0.091277	-0.017825	-0.030000
426	-0.502250	0.102850	-0.339694	-0.030000
427	-0.611737	0.060153	0.019616	-0.030000
428	-0.606982	0.098273	0.011828	-0.030000
429	-0.612822	0.024269	0.045670	-0.030000
430	-0.609242	-0.047613	-0.069154	-0.030000
431	-0.584047	0.192642	0.001625	-0.030000
432	-0.334892	0.515064	-0.027947	-0.030000
433	-0.478497	0.365481	0.125258	-0.030000
434	-0.282122	0.506980	0.203969	-0.030000
435	-0.581593	0.070571	0.187068	-0.030000
436	-0.600978	0.130181	-0.010184	-0.030000
437	-0.565475	0.239496	-0.033239	-0.030000
438	-0.610840	0.050963	0.050026	-0.030000
439	-0.614229	0.030600	-0.003364	-0.030000
440	-0.582186	0.176563	0.090058	-0.030000
441	-0.597537	0.117972	0.085187	-0.030000
442	-0.535489	0.296715	-0.058621	-0.030000
443	-0.448643	0.413591	0.076727	-0.030000
444	-0.602291	-0.045129	0.115903	-0.030000
445	-0.606893	0.074278	0.066247	-0.030000
446	-0.591147	0.068762	-0.155055	-0.030000
447	-0.595940	-0.114262	0.100124	-0.030000
448	-0.609592	0.014571	-0.080067	-0.030000
449	-0.614410	-0.018409	-0.019645	-0.030000
450	-0.531764	0.306511	0.038774	-0.030000
451	-0.591784	0.157807	0.055800	-0.030000
452	-0.567834	0.224478	0.073476	-0.030000
453	-0.607898	0.050336	0.078428	-0.030000
454	-0.584308	0.066286	0.180043	-0.030000
455	-0.603629	0.117406	0.008522	-0.030000
456	-0.574562	0.215602	-0.040242	-0.030000
457	-0.611844	0.061248	0.010999	-0.030000
458	-0.594853	0.037856	-0.151466	-0.030000
459	-0.605655	-0.078490	0.072429	-0.030000
460	-0.614232	0.030487	-0.003865	-0.030000
461	-0.533213	0.019715	0.305811	-0.030000
462	-0.584045	0.190554	0.028376	-0.030000
463	-0.597436	-0.077822	-0.123447	-0.030000
464	-0.613938	-0.013886	-0.033354	-0.030000
465	-0.607855	-0.006850	-0.093221	-0.030000
466	-0.612615	-0.050147	-0.020312	-0.030000
467	-0.612716	0.036723	-0.038159	-0.030000
468	-0.559860	-0.107407	-0.230750	-0.030000
469	-0.612636	-0.053511	-0.006265	-0.030000
470	-0.472273	-0.059435	0.389424	-0.030000
471	-0.575589	0.185201	-0.112351	-0.030000
472	-0.596706	0.022794	0.147130	-0.030000
473	-0.585002	0.110541	-0.154204	-0.030000
474	-0.598522	-0.114498	-0.082986	-0.030000
475	-0.601337	-0.102982	0.077548	-0.030000
476	-0.608349	0.083852	-0.033253	-0.030000
477	-0.587215	-0.182018	-0.016529	-0.030000
478	-0.596350	-0.096951	-0.114859	-0.030000
479	-0.586658	-0.182012	-0.030474	-0.030000
480	-0.601481	-0.127803	0.010603	-0.030000
481	-0.577674	-0.205653	0.047169	-0.030000
482	-0.611342	0.042568	0.051704	-0.030000
483	-0.610232	-0.059258	0.048277	-0.030000
484	-0.608518	0.080752	-0.037548	-0.030000
485	-0.604114	0.067394	-0.093429	-0.030000
486	-0.576250	-0.173701	-0.126447	-0.030000
487	-0.601795	0.042928	-0.119267	-0.030000
488	-0.582306	-0.150620	0.128293	-0.030000
489	-0.605514	-0.107571	0.002481	-0.030000
490	-0.593943	-0.158666	-0.016803	-0.030000
491	-0.593780	0.108763	-0.117561	-0.030000
492	-0.604707	0.029279	0.108153	-0.030000
493	-0.600744	0.094120	-0.092051	-0.030000
494	-0.614094	-0.024411	-0.022763	-0.030000
495	-0.565797	0.175013	0.165737	-0.030000
496	-0.610489	-0.009244	-0.073774	-0.030000
497	-0.609232	-0.082559	0.015683	-0.030000
498	-0.563822	-0.024709	0.244375	-0.030000
499	-0.608134	-0.026000	0.087872	-0.030000
500	-0.583988	0.191572	-0.021972	-0.030000
501	-0.596196	0.144281	-0.044252	-0.030000
502	-0.597629	0.144540	0.013125	-0.030000
503	-0.593835	-0.156828	-0.031459	-0.030000
504	-0.606839	-0.029765	0.095316	-0.030000
505	-0.607668	-0.018035	-0.092950	-0.030000
506	-0.606578	-0.100781	-0.011451	-0.030000
507	-0.546553	0.228850	0.164718	-0.030000
508	-0.599748	0.100782	0.091486	-0.030000
509	-0.609764	-0.050366	0.062254	-0.030000
510	-0.613543	0.015952	0.039179	-0.030000
511	-0.608989	0.081626	0.026362	-0.030000
512	-0.614172	0.001298	0.031880	-0.030000
513	-0.596787	-0.135739	0.060381	-0.030000
514	-0.598754	-0.093112	-0.105114	-0.030000
515	-0.603731	-0.077015	0.088331	-0.030000
516	-0.594968	-0.082842	-0.131817	-0.030000
517	-0.602960	-0.114587	0.039171	-0.030000
518	-0.600994	0.043361	-0.123087	-0.030000
519	-0.606464	-0.079589	0.063972	-0.030000
520	-0.552831	0.035936	0.267042	-0.030000
521	-0.612512	0.028367	0.047423	-0.030000
522	-0.610860	-0.043574	0.056358	-0.030000
523	-0.612558	-0.035656	0.041556	-0.030000
524	-0.601480	-0.126932	0.018315	-0.030000
525	-0.594275	-0.032653	0.154908	-0.030000
526	-0.595926	0.118945	0.094600	-0.030000
527	-0.614556	-0.022545	-0.006116	-0.030000
528	-0.608327	-0.026919	0.086248	-0.030000
529	-0.608628	-0.021497	0.085647	-0.030000
530	-0.554054	-0.171630	0.204431	-0.030000
531	-0.570009	-0.177211	0.148023	-0.030000
532	-0.587054	-0.133444	0.125638	-0.030000
533	-0.601680	-0.111963	-0.060588	-0.030000
534	-0.568199	0.178052	0.153859	-0.030000
535	-0.536458	0.287464	0.088330	-0.030000
536	-0.614788	0.010502	0.012277	-0.030000
537	-0.600242	-0.109728	-0.076777	-0.030000
538	-0.613582	-0.041548	-0.003997	-0.030000
539	-0.529945	-0.245941	0.192084	-0.030000
540	-0.513072	-0.337628	-0.031457	-0.030000
541	-0.599999	-0.016018	-0.134052	-0.030000
542	-0.609483	0.013467	-0.081085	-0.030000
543	-0.605830	0.071797	-0.077722	-0.030000
544	-0.536613	0.252445	-0.162921	-0.030000
545	-0.602477	0.118874	0.033403	-0.030000
546	-0.596059	0.029797	0.148495	-0.030000
547	-0.576922	0.046289	-0.207950	-0.030000
548	-0.536287	0.276340	-0.119403	-0.030000
549	-0.414345	0.428476	0.151496	-0.030000
550	-0.396120	0.466088	-0.063841	-0.030000
551	-0.587464	0.064855	0.170016	-0.030000
552	-0.581482	0.199649	-0.015611	-0.030000
553	-0.612578	0.038486	0.038620	-0.030000
554	-0.597725	0.133081	-0.056912	-0.030000
555	-0.610687	0.069176	-0.022378	-0.030000
556	-0.594113	0.010143	-0.158593	-0.030000
557	-0.571455	0.146253	-0.173995	-0.030000
558	-0.556560	0.256731	0.050544	-0.030000
559	-0.565205	-0.229221	0.078905	-0.030000
560	-0.564720	0.243527	-0.003303	-0.030000
561	-0.607244	-0.060796	0.076047	-0.030000
562	-0.605914	0.079896	-0.068627	-0.030000
563	-0.608752	0.084364	0.022981	-0.030000
564	-0.601603	0.076708	-0.102050	-0.030000
565	-0.573620	0.221714	-0.005266	-0.030000
566	-0.580292	0.183017	-0.089395	-0.030000
567	-0.610890	0.001944	-0.070954	-0.030000
568	-0.612819	-0.045909	-0.023882	-0.030000
569	-0.605280	0.072586	-0.081190	-0.030000
570	-0.600085	0.134087	0.011984	-0.030000
571	-0.590818	0.155510	-0.070537	-0.030000
572	-0.599104	-0.024738	-0.136703	-0.030000
573	-0.609783	0.051368	0.061241	-0.030000
574	-0.563587	0.003461	0.246135	-0.030000
575	-0.545030	0.270980	-0.087961	-0.030000
576	-0.612459	-0.055782	-0.002754	-0.030000
577	-0.601557	-0.108902	0.067043	-0.030000
578	-0.595684	-0.152698	0.008312	-0.030000
579	-0.608656	0.000450	-0.088108	-0.030000
580	-0.610374	0.070543	-0.026310	-0.030000
581	-0.611945	-0.058374	0.018471	-0.030000
582	-0.565560	-0.198870	0.137178	-0.030000
583	-0.601859	-0.117016	-0.047938	-0.030000
584	-0.591338	0.163034	0.044327	-0.030000
585	-0.605208	0.059437	0.091738	-0.030000
586	-0.603108	-0.076977	-0.092523	-0.030000
587	-0.605588	-0.101410	-0.034706	-0.030000
588	-0.605813	-0.036210	-0.099518	-0.030000
589	-0.595559	-0.039953	-0.148116	-0.030000
590	-0.564894	-0.240768	-0.033918	-0.030000
591	-0.595341	-0.052756	-0.144951	-0.030000
592	-0.589273	0.117210	0.131319	-0.030000
593	-0.606396	0.011603	-0.101856	-0.030000
594	-0.612920	0.042654	-0.027113	-0.030000
595	-0.599877	-0.028831	-0.132445	-0.030000
596	-0.578112	0.123548	-0.169550	-0.030000
597	-0.599839	-0.077882	-0.111139	-0.030000
598	-0.584566	0.167941	-0.091120	-0.030000
599	-0.605062	-0.042932	0.101401	-0.030000
600	-0.599393	0.058784	-0.124489	-0.030000
601	-0.599993	0.042047	-0.128319	-0.030000
602	-0.588953	0.018292	-0.176138	-0.030000
603	-0.608250	0.090367	0.009501	-0.030000
604	-0.611493	0.002548	0.065537	-0.030000
605	-0.607105	-0.090702	0.037701	-0.030000
606	-0.607803	0.087606	0.033544	-0.030000
607	-0.612671	0.029039	0.044905	-0.030000
608	-0.606376	0.102048	0.010932	-0.030000
609	-0.558810	0.184054	0.179109	-0.030000
610	-0.590874	0.141499	0.095241	-0.030000
611	-0.611841	0.033889	0.052219	-0.030000
612	-0.613255	0.034187	-0.031217	-0.030000
613	-0.576647	-0.213741	0.004308	-0.030000
614	-0.609815	-0.059569	-0.052930	-0.030000
615	-0.587987	-0.046231	0.174239	-0.030000
616	-0.606337	-0.101886	-0.014151	-0.030000
617	-0.580967	-0.137015	0.148085	-0.030000
618	-0.560358	-0.076089	0.241732	-0.030000
619	-0.603562	0.108891	0.045616	-0.030000
620	-0.614871	-0.008153	-0.009614	-0.030000
621	-0.545673	-0.283616	0.005261	-0.030000
622	-0.613915	-0.005072	-0.036163	-0.030000
623	-0.604472	0.090411	0.068297	-0.030000
624	-0.593579	-0.132919	0.090673	-0.030000
625	-0.614032	-0.030418	-0.016274	-0.030000
626	-0.589701	-0.114733	-0.131583	-0.030000
627	-0.597015	0.135794	0.057947	-0.030000
628	-0.605383	-0.067159	0.085009	-0.030000
629	-0.562976	-0.080284	0.234175	-0.030000
630	-0.569341	-0.087736	-0.215356	-0.030000
631	-0.604728	0.109036	0.025293	-0.030000
632	-0.610028	0.055731	0.054633	-0.030000
633	-0.584904	0.073714	0.175153	-0.030000
634	-0.570282	-0.199940	0.114139	-0.030000
635	-0.606229	-0.100391	0.025150	-0.030000
636	-0.498546	-0.310460	0.182459	-0.030000
637	-0.565027	-0.242033	-0.019726	-0.030000
638	-0.611118	-0.012792	0.067795	-0.030000
639	-0.602317	0.039536	-0.117799	-0.030000
640	-0.586349	0.184749	-0.016953	-0.030000
641	-0.610191	0.061955	-0.045319	-0.030000
642	-0.572069	-0.150317	0.168424	-0.030000
643	-0.598665	-0.113619	-0.083160	-0.030000
644	-0.573553	0.209825	0.072359	-0.030000
645	-0.571566	0.211726	0.081909	-0.030000
646	-0.557600	0.204507	-0.159638	-0.030000
647	-0.542811	0.288749	-0.014338	-0.030000
648	-0.579409	-0.010255	0.205926	-0.030000
649	-0.551192	0.229553	0.147371	-0.030000
650	-0.599732	0.095707	-0.096886	-0.030000
651	-0.593699	-0.006009	0.160344	-0.030000
652	-0.610974	0.069375	-0.011075	-0.030000
653	-0.607904	0.092887	-0.007083	-0.030000
654	-0.597258	0.133835	-0.059966	-0.030000
655	-0.519431	0.329047	0.012017	-0.030000
656	-0.346407	0.475389	0.179533	-0.030000
657	-0.590001	0.049675	-0.166302	-0.030000
658	-0.594090	0.084395	-0.134756	-0.030000
659	-0.605894	0.105437	0.000317	-0.030000
660	-0.606399	0.001223	0.102490	-0.030000
661	-0.601729	0.100837	-0.077326	-0.030000
662	-0.564081	0.186573	-0.158835	-0.030000
663	-0.597565	0.131171	0.062732	-0.030000
664	-0.578847	0.151455	0.142205	-0.030000
665	-0.605494	-0.051672	-0.094510	-0.030000
666	-0.602360	0.084632	0.090694	-0.030000
667	-0.588758	0.019977	0.176607	-0.030000
668	-0.586210	0.105937	-0.152842	-0.030000
669	-0.587650	-0.175419	0.046050	-0.030000
670	-0.601049	0.116031	-0.059181	-0.030000
671	-0.607816	-0.049366	-0.079672	-0.030000
672	-0.612759	0.034047	-0.039907	-0.030000
673	-0.582519	0.195713	-0.024355	-0.030000
674	-0.561846	0.176021	0.177680	-0.030000
675	-0.566030	0.118570	-0.209227	-0.030000
676	-0.577384	-0.092641	0.190449	-0.030000
677	-0.608706	-0.027215	-0.083431	-0.030000
678	-0.605259	-0.061521	0.090008	-0.030000
679	-0.594720	0.134899	-0.079591	-0.030000
680	-0.607625	-0.087773	0.036226	-0.030000
681	-0.598050	-0.115883	0.084452	-0.030000
682	-0.580696	0.195749	-0.051955	-0.030000
683	-0.607302	-0.096907	-0.004317	-0.030000
684	-0.609562	0.072584	0.037283	-0.030000
685	-0.597998	0.110043	-0.092272	-0.030000
686	-0.596902	-0.041687	0.142110	-0.030000
687	-0.611788	0.022976	-0.058420	-0.030000
688	-0.568130	-0.020350	0.234605	-0.030000
689	-0.579750	-0.186755	0.085076	-0.030000
690	-0.583889	-0.135007	-0.138103	-0.030000
691	-0.607303	-0.014346	-0.095926	-0.030000
692	-0.487177	-0.375330	-0.003298	-0.030000
693	-0.579840	-0.188057	-0.081517	-0.030000
694	-0.570115	0.113680	-0.200676	-0.030000
695	-0.584542	-0.190771	0.011942	-0.030000
696	-0.588913	-0.132683	-0.117479	-0.030000
697	-0.539847	-0.130842	0.263952	-0.030000
698	-0.529667	-0.309503	-0.043425	-0.030000
699	-0.601880	0.009233	-0.126018	-0.030000
700	-0.565174	-0.230452	-0.075467	-0.030000
701	-0.562867	0.246155	-0.028519	-0.030000
702	-0.577482	-0.205788	0.048896	-0.030000
703	-0.576212	0.082571	0.198461	-0.030000
704	-0.605509	0.053665	0.093295	-0.030000
705	-0.610648	0.035483	0.063839	-0.030000
706	-0.574065	0.211616	-0.062397	-0.030000
707	-0.582246	0.143507	0.136454	-0.030000
708	-0.534563	-0.185414	0.241018	-0.030000
709	-0.591779	-0.123432	-0.113080	-0.030000
710	-0.536655	-0.237664	-0.183691	-0.030000
711	-0.529238	0.096316	0.298086	-0.030000
712	-0.584871	0.145312	0.122616	-0.030000
713	-0.590680	-0.031091	-0.168393	-0.030000
714	-0.588684	0.173118	-0.041312	-0.030000
715	-0.588046	0.094035	-0.153570	-0.030000
716	-0.609008	0.067757	0.052380	-0.030000
717	-0.571022	-0.217764	-0.068834	-0.030000
718	-0.528217	-0.068032	-0.307543	-0.030000
719	-0.524787	-0.208826	0.243341	-0.030000
720	-0.578595	0.147968	0.146828	-0.030000
721	-0.613312	-0.042609	0.016061	-0.030000
722	-0.604651	-0.089203	-0.068304	-0.030000
723	-0.610389	-0.071760	0.022367	-0.030000
724	-0.596639	0.082146	0.124495	-0.030000
725	-0.611927	-0.056836	0.023238	-0.030000
726	-0.593054	0.071429	0.146319	-0.030000
727	-0.563212	-0.195853	-0.150529	-0.030000
728	-0.552514	-0.200302	0.181198	-0.030000
729	-0.562280	-0.066163	0.240183	-0.030000
730	-0.578625	-0.208213	-0.008126	-0.030000
731	-0.611985	-0.058929	-0.015061	-0.030000
732	-0.592019	0.118750	-0.116780	-0.030000
733	-0.613286	-0.002245	0.045829	-0.030000
734	-0.614224	-0.028635	0.011576	-0.030000
735	-0.613813	0.016318	-0.034539	-0.030000
736	-0.539859	-0.267519	0.123330	-0.030000
737	-0.557888	0.201604	-0.162300	-0.030000
738	-0.601604	-0.050868	0.117089	-0.030000
739	-0.572515	0.066974	0.214397	-0.030000
740	-0.537718	-0.059810	0.292417	-0.030000
741	-0.587271	0.024820	-0.180893	-0.030000
742	-0.598051	-0.143298	-0.005035	-0.030000
743	-0.611172	0.000884	0.068508	-0.030000
744	-0.408076	-0.459653	-0.020461	-0.030000
745	-0.600345	-0.007167	0.133264	-0.030000
746	-0.612490	-0.054565	0.010189	-0.030000
747	-0.505003	-0.048266	-0.347660	-0.030000
748	-0.613435	0.004122	-0.043654	-0.030000
749	-0.559368	0.080368	0.242639	-0.030000
750	-0.506435	0.345826	0.046401	-0.030000
751	-0.604944	0.070691	-0.085265	-0.030000
752	-0.557597	0.257090	0.034864	-0.030000
753	-0.587671	0.143072	-0.111346	-0.030000
754	-0.569335	0.217742	-0.081674	-0.030000
755	-0.610744	0.064473	-0.032557	-0.030000
756	-0.589366	-0.070459	-0.160959	-0.030000
757	-0.576637	0.045353	0.208946	-0.030000
758	-0.596517	-0.128806	0.076164	-0.030000
759	-0.549629	0.151553	0.230574	-0.030000
760	-0.557583	0.230641	0.118874	-0.030000
761	-0.444675	0.351024	-0.239314	-0.030000
762	-0.493466	0.363622	0.049954	-0.030000
763	-0.610335	-0.036539	-0.066191	-0.030000
764	-0.549702	0.259818	-0.092453	-0.030000
765	-0.590876	0.015245	0.169877	-0.030000
766	-0.613808	0.032988	-0.019396	-0.030000
767	-0.550039	-0.094668	0.258303	-0.030000
768	-0.491880	-0.033536	-0.367634	-0.030000
769	-0.566533	0.238150	-0.023450	-0.030000
770	-0.581481	0.198400	-0.027246	-0.030000
771	-0.604653	-0.051170	0.100010	-0.030000
772	-0.595608	0.109264	0.107412	-0.030000
773	-0.562250	0.248891	-0.012371	-0.030000
774	-0.565318	0.197919	-0.139533	-0.030000
775	-0.594939	0.112858	-0.107406	-0.030000
776	-0.597699	-0.052378	-0.135048	-0.030000
777	-0.594513	-0.017544	-0.156436	-0.030000
778	-0.566339	0.141082	0.193859	-0.030000
779	-0.581362	0.178067	-0.092386	-0.030000
780	-0.596453	0.014165	0.149226	-0.030000
781	-0.614037	0.002927	0.034284	-0.030000
782	-0.575004	0.218016	-0.008042	-0.030000
783	-0.598398	0.135372	-0.042646	-0.030000
784	-0.612875	-0.001457	0.051063	-0.030000
785	-0.612255	-0.029859	0.049776	-0.030000
786	-0.592446	0.038680	0.160425	-0.030000
787	-0.613382	-0.028249	-0.034489	-0.030000
788	-0.577479	0.123097	0.172016	-0.030000
789	-0.560655	-0.192380	0.163956	-0.030000
790	-0.608379	-0.061604	-0.065611	-0.030000
791	-0.611118	0.065115	-0.022790	-0.030000
792	-0.570427	-0.047840	-0.224832	-0.030000
793	-0.556430	0.261664	0.011969	-0.030000
794	-0.555592	-0.258022	0.054474	-0.030000
795	-0.601082	0.085329	-0.098204	-0.030000
796	-0.614577	-0.014388	-0.017681	-0.030000
797	-0.614576	0.021412	-0.007959	-0.030000
798	-0.607588	0.094035	0.014821	-0.030000
799	-0.588814	-0.145327	-0.101995	-0.030000
800	-0.597840	-0.067498	-0.127500	-0.030000
801	-0.538157	-0.289046	0.071167	-0.030000
802	-0.600061	-0.119900	0.061446	-0.030000
803	-0.575704	-0.152016	-0.153886	-0.030000
804	-0.612580	0.001241	0.054488	-0.030000
805	-0.609255	0.083829	-0.002533	-0.030000
806	-0.543796	0.118322	-0.261746	-0.030000
807	-0.614961	0.002558	-0.006452	-0.030000
808	-0.602416	-0.116901	-0.040672	-0.030000
809	-0.606657	-0.070163	-0.072594	-0.030000
810	-0.570078	-0.230371	-0.012843	-0.030000
811	-0.552831	0.229504	0.141177	-0.030000
812	-0.612670	0.053064	-0.006720	-0.030000
813	-0.605979	0.051964	-0.091185	-0.030000
814	-0.548856	0.274716	0.038894	-0.030000
815	-0.607525	0.093004	0.022106	-0.030000
816	-0.600715	-0.130577	-0.017780	-0.030000
817	-0.576517	-0.192396	-0.094005	-0.030000
818	-0.571073	-0.169824	-0.152513	-0.030000
819	-0.609493	0.075782	0.031626	-0.030000
820	-0.588370	0.115121	-0.137088	-0.030000
821	-0.611378	0.035798	-0.056213	-0.030000
822	-0.590839	0.114595	0.126498	-0.030000
823	-0.608039	0.063245	0.067180	-0.030000
824	-0.606435	-0.100670	-0.018093	-0.030000
825	-0.477317	-0.387805	0.000681	-0.030000
826	-0.605899	0.021776	0.103139	-0.030000
827	-0.578102	-0.058024	0.201634	-0.030000
828	-0.607986	-0.086634	0.032746	-0.030000
829	-0.607299	0.094931	0.020016	-0.030000
830	-0.559186	-0.245586	-0.072270	-0.030000
831	-0.602080	0.046583	-0.116424	-0.030000
832	-0.549912	0.041957	0.272143	-0.030000
833	-0.581336	-0.098792	-0.174680	-0.030000
834	-0.595029	-0.150274	-0.039788	-0.030000
835	-0.614212	0.013863	0.027854	-0.030000
836	-0.612240	-0.005921	0.057894	-0.030000
837	-0.536185	0.161839	0.254045	-0.030000
838	-0.586444	-0.181839	0.035263	-0.030000
839	-0.563671	-0.245897	-0.005878	-0.030000
840	-0.586665	-0.154300	0.101198	-0.030000
841	-0.447805	-0.399475	0.134595	-0.030000
842	-0.608232	-0.049249	-0.076511	-0.030000
843	-0.614285	0.029298	-0.004498	-0.030000
844	-0.591756	0.145308	-0.083282	-0.030000
845	-0.572896	0.081549	0.208242	-0.030000
846	-0.516143	-0.323696	-0.083921	-0.030000
847	-0.569355	-0.175775	0.152192	-0.030000
848	-0.350311	-0.474699	-0.173691	-0.030000
849	-0.574849	-0.085906	-0.200981	-0.030000
850	-0.604645	-0.108285	0.030069	-0.030000
