1	-0.583780	-0.107669	0.160726	-2.040000
2	-0.533245	-0.197019	0.234646	-2.040000
3	-0.587021	0.134295	-0.124886	-2.040000
4	-0.575845	-0.160970	-0.143932	-2.040000
5	-0.600418	-0.043016	-0.125989	-2.040000
6	-0.508957	0.331140	0.097646	-2.040000
7	-0.605459	-0.051104	-0.095038	-2.040000
8	-0.562978	-0.013016	-0.247206	-2.040000
9	-0.574746	0.146611	-0.162473	-2.040000
10	-0.498980	-0.353062	-0.067757	-2.040000
11	-0.610879	0.027515	0.065538	-2.040000
12	-0.576144	-0.166582	-0.136138	-2.040000
13	-0.555165	-0.153072	-0.215838	-2.040000
14	-0.609485	-0.077110	-0.028404	-2.040000
15	-0.597970	-0.066717	0.127303	-2.040000
16	-0.603248	0.070484	0.096688	-2.040000
17	-0.614576	0.022316	0.004882	-2.040000
18	-0.528655	-0.086463	-0.302114	-2.040000
19	-0.570091	-0.049122	-0.225407	-2.040000
20	-0.524066	-0.319717	0.036891	-2.040000
21	-0.588872	-0.175540	-0.025319	-2.040000
22	-0.569950	-0.230132	0.020529	-2.040000
23	-0.611062	-0.012002	-0.068439	-2.040000
24	-0.588548	-0.024215	0.176776	-2.040000
25	-0.605991	0.005324	0.104747	-2.040000
26	-0.599017	-0.047296	-0.131022	-2.040000
27	-0.549288	0.194787	0.196380	-2.040000
28	-0.585039	-0.155027	0.109182	-2.040000
29	-0.586885	-0.174600	0.057492	-2.040000
30	-0.605508	-0.104716	0.024888	-2.040000
31	-0.603335	-0.006089	0.119058	-2.040000
32	-0.598023	0.077622	0.120700	-2.040000
33	-0.571166	0.225368	0.034694	-2.040000
34	-0.604331	-0.094857	0.063333	-2.040000
35	-0.588389	0.134139	0.118449	-2.040000
36	-0.588908	0.027235	0.175130	-2.040000
37	-0.595296	0.080675	-0.131678	-2.040000
38	-0.592031	-0.110380	-0.124661	-2.040000
39	-0.543405	-0.212181	0.194720	-2.040000
40	-0.577851	-0.163944	0.132045	-2.040000
41	-0.572779	-0.168108	0.147948	-2.040000
42	-0.593832	0.153983	0.043337	-2.040000
43	-0.555300	-0.159761	0.210578	-2.040000
44	-0.601127	0.089717	0.093926	-2.040000
45	-0.477622	0.377302	0.088005	-2.040000
46	-0.555014	0.166369	0.206170	-2.040000
47	-0.570080	0.113900	-0.200649	-2.040000
48	-0.611921	0.045339	0.041494	-2.040000
49	-0.608057	-0.076992	0.050632	-2.040000
50	-0.612641	0.029543	0.044985	-2.040000
51	-0.544792	-0.284706	-0.019217	-2.040000
52	-0.600805	-0.051210	0.120979	-2.040000
53	-0.561801	-0.052201	0.244703	-2.040000
54	-0.516496	-0.100256	0.318443	-2.040000
55	-0.592820	-0.065230	0.150115	-2.040000
56	-0.603292	-0.074015	-0.093734	-2.040000
57	-0.606471	0.096968	0.031869	-2.040000
58	-0.555988	0.261067	0.030767	-2.040000
59	-0.522917	-0.199322	0.255055	-2.040000
60	-0.600412	0.031091	0.129475	-2.040000
61	-0.579145	-0.035623	-0.203832	-2.040000
62	-0.610305	-0.071033	-0.026595	-2.040000
63	-0.586943	-0.082106	0.164260	-2.040000
64	-0.593690	-0.107219	-0.119421	-2.040000
65	-0.611480	0.002711	-0.065648	-2.040000
66	-0.601505	-0.055633	0.115418	-2.040000
67	-0.609320	-0.016094	-0.081824	-2.040000
68	-0.598062	-0.143306	-0.003236	-2.040000
69	-0.538235	-0.285334	0.084336	-2.040000
70	-0.591331	-0.165948	-0.031833	-2.040000
71	-0.604102	-0.041436	-0.107557	-2.040000
72	-0.495645	0.127977	0.340856	-2.040000
73	-0.496824	-0.218690	0.289076	-2.040000
74	-0.611308	0.032482	0.058925	-2.040000
75	-0.602136	-0.029059	0.121709	-2.040000
76	-0.598976	0.077361	0.116051	-2.040000
77	-0.605054	-0.029805	-0.106049	-2.040000
78	-0.579417	-0.088634	-0.186132	-2.040000
79	-0.586899	-0.183219	0.014321	-2.040000
80	-0.605260	-0.039741	-0.101521	-2.040000
81	-0.560698	-0.193301	-0.162720	-2.040000
82	-0.612017	-0.035571	-0.048936	-2.040000
83	-0.599408	0.127811	-0.050988	-2.040000
84	-0.612557	0.005434	-0.054491	-2.040000
85	-0.582410	-0.054682	-0.189826	-2.040000
86	-0.577148	-0.174484	-0.121164	-2.040000
87	-0.533208	-0.233951	0.197944	-2.040000
88	-0.598374	-0.081530	-0.116301	-2.040000
89	-0.614269	-0.017312	-0.024469	-2.040000
90	-0.574992	-0.154698	0.153876	-2.040000
91	-0.471429	0.393509	0.033622	-2.040000
92	-0.611479	0.059557	0.027783	-2.040000
93	-0.565828	-0.136317	-0.198699	-2.040000
94	-0.610622	-0.066938	-0.029741	-2.040000
95	-0.568124	-0.234779	0.018408	-2.040000
96	-0.528918	-0.180590	0.256629	-2.040000
97	-0.581981	-0.038005	0.195137	-2.040000
98	-0.599155	0.079928	0.113358	-2.040000
99	-0.565001	-0.209380	0.123123	-2.040000
100	-0.594598	-0.146907	0.055645	-2.040000
101	-0.581333	0.135992	-0.147590	-2.040000
102	-0.583977	-0.149290	0.122098	-2.040000
103	-0.537612	-0.291300	-0.065895	-2.040000
104	-0.528358	-0.264042	-0.171303	-2.040000
105	-0.542375	-0.195380	0.214198	-2.040000
106	-0.537296	0.060951	0.292955	-2.040000
107	-0.611180	0.029613	0.061700	-2.040000
108	-0.529558	-0.183378	0.253311	-2.040000
109	-0.592483	-0.164834	0.004310	-2.040000
110	-0.591692	-0.080879	-0.146915	-2.040000
111	-0.528962	-0.130572	0.285263	-2.040000
112	-0.534898	-0.135770	0.271433	-2.040000
113	-0.602436	0.027248	0.120639	-2.040000
114	-0.609484	0.028763	0.076987	-2.040000
115	-0.592659	0.148123	0.070994	-2.040000
116	-0.549809	-0.275558	0.001602	-2.040000
117	-0.302730	-0.358584	0.397489	-2.040000
118	-0.515257	-0.335752	0.002444	-2.040000
119	-0.579098	-0.017063	0.206346	-2.040000
120	-0.610118	0.055873	0.053472	-2.040000
121	-0.606250	-0.099812	-0.026892	-2.040000
122	-0.607565	0.007730	0.095028	-2.040000
123	-0.604796	0.109338	0.022187	-2.040000
124	-0.599262	-0.103729	-0.091382	-2.040000
125	-0.596528	0.044239	-0.142906	-2.040000
126	-0.595821	-0.148465	-0.034355	-2.040000
127	-0.570387	0.093211	0.210226	-2.040000
128	-0.601215	-0.118610	0.051940	-2.040000
129	-0.613085	-0.004687	-0.048273	-2.040000
130	-0.579583	0.108088	0.175003	-2.040000
131	-0.584132	-0.087509	0.171338	-2.040000
132	-0.567680	0.201397	0.124111	-2.040000
133	-0.545956	-0.225595	-0.171067	-2.040000
134	-0.485242	-0.377674	-0.011291	-2.040000
135	-0.569953	-0.230409	0.017053	-2.040000
136	-0.507851	-0.237816	0.252499	-2.040000
137	-0.586468	-0.148921	-0.110015	-2.040000
138	-0.586158	-0.182770	-0.035190	-2.040000
139	-0.612793	-0.050644	0.012041	-2.040000
140	-0.596742	-0.119188	-0.088982	-2.040000
141	-0.608705	-0.018296	0.085841	-2.040000
142	-0.552873	-0.142337	-0.228685	-2.040000
143	-0.609806	-0.058414	-0.054309	-2.040000
144	-0.594531	-0.093071	0.126868	-2.040000
145	-0.604536	-0.099615	0.053269	-2.040000
146	-0.585751	-0.057889	0.178242	-2.040000
147	-0.613320	0.025948	-0.037294	-2.040000
148	-0.578306	0.097790	0.184999	-2.040000
149	-0.599722	0.105011	-0.086781	-2.040000
150	-0.612256	0.056753	-0.012088	-2.040000
151	-0.605805	-0.104817	0.015451	-2.040000
152	-0.613756	-0.034097	-0.019114	-2.040000
153	-0.569355	-0.023825	-0.231284	-2.040000
154	-0.607341	-0.022377	0.094133	-2.040000
155	-0.597521	-0.036830	0.140845	-2.040000
156	-0.589243	-0.045934	0.170024	-2.040000
157	-0.577548	0.078643	0.196158	-2.040000
158	-0.598335	-0.070515	-0.123481	-2.040000
159	-0.607663	-0.081854	0.047653	-2.040000
160	-0.597509	0.084278	0.118763	-2.040000
161	-0.596580	0.097669	0.113041	-2.040000
162	-0.610384	-0.075102	-0.004065	-2.040000
163	-0.614340	-0.028360	0.002729	-2.040000
164	-0.594945	-0.139903	0.068502	-2.040000
165	-0.612010	-0.001955	0.060538	-2.040000
166	-0.605918	0.050147	0.092595	-2.040000
167	-0.610342	0.008986	-0.075013	-2.040000
168	-0.602154	0.097564	0.078209	-2.040000
169	-0.609247	0.022479	0.080856	-2.040000
170	-0.602556	-0.115265	0.043187	-2.040000
171	-0.566857	-0.203920	-0.123752	-2.040000
172	-0.560909	-0.061048	-0.244701	-2.040000
173	-0.605330	0.062146	0.089096	-2.040000
174	-0.590564	-0.113513	0.128739	-2.040000
175	-0.595179	-0.026447	0.152602	-2.040000
176	-0.605046	-0.073885	0.081766	-2.040000
177	-0.563794	-0.139961	0.201921	-2.040000
178	-0.607070	0.038593	-0.090562	-2.040000
179	-0.578677	-0.195997	0.070307	-2.040000
180	-0.595100	0.088051	0.127780	-2.040000
181	-0.600086	0.011725	0.134105	-2.040000
182	-0.597709	-0.014053	0.144125	-2.040000
183	-0.604200	-0.113759	0.015021	-2.040000
184	-0.580138	-0.164149	-0.121325	-2.040000
185	-0.576360	-0.090064	-0.194737	-2.040000
186	-0.563381	-0.086342	-0.231025	-2.040000
187	-0.574485	0.019699	-0.218642	-2.040000
188	-0.611852	-0.061482	-0.009042	-2.040000
189	-0.574975	-0.178509	0.125553	-2.040000
190	-0.595552	-0.034122	-0.149594	-2.040000
191	-0.589517	-0.111035	-0.135522	-2.040000
192	-0.581021	0.040845	-0.197411	-2.040000
193	-0.607186	0.090027	-0.038012	-2.040000
194	-0.520143	-0.269650	0.186991	-2.040000
195	-0.599331	-0.095007	0.100007	-2.040000
196	-0.591109	-0.126340	-0.113374	-2.040000
197	-0.573325	-0.028950	0.220649	-2.040000
198	-0.612030	0.060191	-0.004567	-2.040000
199	-0.601397	0.034336	0.123967	-2.040000
200	-0.599868	0.023420	-0.133549	-2.040000
201	-0.506464	-0.310781	-0.158538	-2.040000
202	-0.568787	-0.233821	0.005876	-2.040000
203	-0.510549	0.125964	0.318901	-2.040000
204	-0.612246	0.039026	0.043085	-2.040000
205	-0.608616	0.088370	-0.001592	-2.040000
206	-0.579788	0.000896	-0.205111	-2.040000
207	-0.611989	0.038548	0.046997	-2.040000
208	-0.573069	-0.223184	0.002450	-2.040000
209	-0.592124	-0.082219	0.144408	-2.040000
210	-0.605049	0.027921	-0.106588	-2.040000
211	-0.610769	-0.053837	0.047830	-2.040000
212	-0.583166	0.194751	-0.014645	-2.040000
213	-0.599922	-0.128823	0.041510	-2.040000
214	-0.550994	-0.268223	-0.051834	-2.040000
215	-0.589366	-0.175133	-0.014184	-2.040000
216	-0.606637	0.049302	-0.088235	-2.040000
217	-0.608131	0.001431	-0.091652	-2.040000
218	-0.612640	0.012022	-0.052468	-2.040000
219	-0.602718	0.036809	0.116626	-2.040000
220	-0.575393	0.117307	0.182723	-2.040000
221	-0.532705	0.172592	-0.254288	-2.040000
222	-0.574435	0.181566	-0.123624	-2.040000
223	-0.533963	-0.159767	-0.259967	-2.040000
224	-0.610814	-0.061197	-0.037240	-2.040000
225	-0.598645	-0.129439	-0.055635	-2.040000
226	-0.568572	-0.091126	-0.215979	-2.040000
227	-0.606987	-0.007591	-0.098661	-2.040000
228	-0.600341	-0.125886	0.044370	-2.040000
229	-0.588518	0.178058	-0.012915	-2.040000
230	-0.609915	0.046870	0.063499	-2.040000
231	-0.607816	0.026020	-0.090043	-2.040000
232	-0.515891	-0.328897	-0.062515	-2.040000
233	-0.573040	-0.216215	-0.055688	-2.040000
234	-0.579344	-0.064621	0.195985	-2.040000
235	-0.550428	-0.273077	-0.026134	-2.040000
236	-0.610875	0.009541	-0.070466	-2.040000
237	-0.612531	-0.024381	0.049354	-2.040000
238	-0.601525	0.042904	0.120630	-2.040000
239	-0.610279	-0.013173	0.074903	-2.040000
240	-0.612291	0.051831	-0.025260	-2.040000
241	-0.565668	0.140097	-0.196513	-2.040000
242	-0.594804	0.053958	-0.146703	-2.040000
243	-0.614463	-0.018538	-0.017796	-2.040000
244	-0.599329	-0.135970	-0.023278	-2.040000
245	-0.576991	-0.094197	0.190876	-2.040000
246	-0.547765	0.164557	0.226052	-2.040000
247	-0.609672	-0.078547	0.018837	-2.040000
248	-0.585582	0.182585	0.044513	-2.040000
249	-0.594336	0.156647	-0.021234	-2.040000
250	-0.553730	0.264374	0.041412	-2.040000
251	-0.613335	0.022098	-0.039462	-2.040000
252	-0.601790	-0.045913	0.118177	-2.040000
253	-0.597882	-0.139970	-0.034208	-2.040000
254	-0.606662	-0.087868	-0.049659	-2.040000
255	-0.549025	-0.259746	-0.096587	-2.040000
256	-0.558965	0.032299	-0.254440	-2.040000
257	-0.592474	0.063021	0.152407	-2.040000
258	-0.529264	0.262131	0.171440	-2.040000
259	-0.582982	0.124317	0.151335	-2.040000
260	-0.597900	0.143759	0.008581	-2.040000
261	-0.614094	0.033239	0.002946	-2.040000
262	-0.591623	0.160436	0.049671	-2.040000
263	-0.572622	-0.043042	0.220173	-2.040000
264	-0.611508	-0.024558	-0.060663	-2.040000
265	-0.609870	-0.076196	0.021859	-2.040000
266	-0.611649	0.046978	0.043624	-2.040000
267	-0.613163	0.005124	-0.047220	-2.040000
268	-0.605449	0.107287	-0.012087	-2.040000
269	-0.585221	-0.160692	0.099595	-2.040000
270	-0.606254	0.027247	0.099694	-2.040000
271	-0.600744	0.128076	0.030461	-2.040000
272	-0.601881	-0.123303	-0.027590	-2.040000
273	-0.605815	-0.080431	0.068878	-2.040000
274	-0.601827	-0.098617	-0.079401	-2.040000
275	-0.599805	-0.111287	-0.077940	-2.040000
276	-0.605715	-0.104173	-0.021951	-2.040000
277	-0.594664	0.068273	0.141202	-2.040000
278	-0.584656	-0.181075	-0.060117	-2.040000
279	-0.614606	0.005781	-0.021250	-2.040000
280	-0.544699	-0.030819	0.283863	-2.040000
281	-0.568408	0.193026	-0.133710	-2.040000
282	-0.591032	-0.168297	-0.024130	-2.040000
283	-0.583854	-0.153154	0.117830	-2.040000
284	-0.593390	0.089973	-0.134233	-2.040000
285	-0.542030	0.084671	0.277956	-2.040000
286	-0.530757	-0.302601	-0.070391	-2.040000
287	-0.611782	-0.055371	0.029686	-2.040000
288	-0.607187	-0.077285	0.059804	-2.040000
289	-0.612484	-0.050221	-0.023788	-2.040000
290	-0.596686	-0.021436	-0.147416	-2.040000
291	-0.614076	-0.033554	-0.003097	-2.040000
292	-0.604667	-0.112238	0.002437	-2.040000
293	-0.544243	-0.259156	0.121912	-2.040000
294	-0.494906	-0.345634	-0.117603	-2.040000
295	-0.607244	-0.095715	-0.017848	-2.040000
296	-0.599452	0.051927	-0.127225	-2.040000
297	-0.598215	-0.137843	-0.036922	-2.040000
298	-0.572966	-0.189631	-0.118218	-2.040000
299	-0.603595	-0.002754	0.117859	-2.040000
300	-0.506031	-0.320723	0.138906	-2.040000
301	-0.578897	-0.203992	0.038604	-2.040000
302	-0.605714	-0.101952	0.030677	-2.040000
303	-0.576708	0.031550	0.211276	-2.040000
304	-0.538033	0.297896	-0.002006	-2.040000
305	-0.605067	-0.109504	0.011294	-2.040000
306	-0.596566	-0.114901	-0.095564	-2.040000
307	-0.607983	0.033460	-0.086381	-2.040000
308	-0.513404	-0.014393	-0.338281	-2.040000
309	-0.612729	-0.018544	0.049436	-2.040000
310	-0.587127	0.140203	0.117686	-2.040000
311	-0.613944	-0.023248	0.027520	-2.040000
312	-0.609874	0.025228	-0.075113	-2.040000
313	-0.528491	-0.150903	0.275955	-2.040000
314	-0.543382	-0.141172	-0.251061	-2.040000
315	-0.600116	-0.131568	0.027854	-2.040000
316	-0.591479	0.003055	0.168428	-2.040000
317	-0.488131	-0.349290	-0.133977	-2.040000
318	-0.573253	-0.200545	-0.096889	-2.040000
319	-0.602753	-0.122121	-0.000563	-2.040000
320	-0.609294	-0.067881	-0.048767	-2.040000
321	-0.613041	-0.003561	0.048917	-2.040000
322	-0.589959	-0.172207	-0.022773	-2.040000
323	-0.536105	-0.200128	0.225310	-2.040000
324	-0.443184	-0.337531	-0.260550	-2.040000
325	-0.554121	0.249136	0.095428	-2.040000
326	-0.611058	-0.032328	0.061542	-2.040000
327	-0.601898	0.106960	-0.067109	-2.040000
328	-0.605381	0.034026	0.102864	-2.040000
329	-0.595708	0.046516	-0.145579	-2.040000
330	-0.598384	-0.131469	0.053647	-2.040000
331	-0.594311	-0.155621	-0.028320	-2.040000
332	-0.576535	-0.212314	-0.027483	-2.040000
333	-0.577991	-0.195629	-0.076685	-2.040000
334	-0.581145	-0.095142	0.177323	-2.040000
335	-0.563820	0.079689	0.232340	-2.040000
336	-0.581945	-0.108250	0.166875	-2.040000
337	-0.604373	-0.020940	-0.111892	-2.040000
338	-0.594356	-0.002520	-0.157985	-2.040000
339	-0.579665	-0.173695	-0.109746	-2.040000
340	-0.602467	-0.119979	-0.029383	-2.040000
341	-0.606734	-0.098278	0.020991	-2.040000
342	-0.610866	-0.046976	-0.053491	-2.040000
343	-0.609894	-0.028752	0.073675	-2.040000
344	-0.528105	0.174159	0.262676	-2.040000
345	-0.603387	-0.080310	-0.087749	-2.040000
346	-0.524385	-0.312536	0.074609	-2.040000
347	-0.613334	0.018837	0.041136	-2.040000
348	-0.607997	-0.085271	0.035971	-2.040000
349	-0.588211	0.145438	0.105263	-2.040000
350	-0.609329	0.081143	0.018939	-2.040000
351	-0.608914	-0.023812	-0.082958	-2.040000
352	-0.580745	0.202110	0.010578	-2.040000
353	-0.582654	0.191890	0.043788	-2.040000
354	-0.600485	0.001912	-0.132814	-2.040000
355	-0.608530	0.048327	0.074704	-2.040000
356	-0.588778	-0.156933	0.083291	-2.040000
357	-0.571455	-0.224696	0.034287	-2.040000
358	-0.591996	0.027212	0.164395	-2.040000
359	-0.586871	-0.053708	0.175848	-2.040000
360	-0.611627	0.045284	-0.045681	-2.040000
361	-0.614879	0.003823	-0.011560	-2.040000
362	-0.598020	0.090882	0.111076	-2.040000
363	-0.609703	-0.066052	0.046091	-2.040000
364	-0.611958	0.041468	-0.044866	-2.040000
365	-0.600548	0.019203	-0.131141	-2.040000
366	-0.613818	-0.007731	0.037311	-2.040000
367	-0.611390	0.022658	-0.062565	-2.040000
368	-0.552224	-0.239321	0.126488	-2.040000
369	-0.582342	-0.061787	0.187845	-2.040000
370	-0.606395	0.095905	-0.036224	-2.040000
371	-0.612171	-0.037749	0.045245	-2.040000
372	-0.603662	0.068306	0.095662	-2.040000
373	-0.601929	-0.107495	-0.065959	-2.040000
374	-0.598456	0.133798	0.046622	-2.040000
375	-0.581500	-0.104644	0.170682	-2.040000
376	-0.609455	0.039138	-0.072514	-2.040000
377	-0.601881	0.093675	0.084788	-2.040000
378	-0.595951	-0.149787	0.025120	-2.040000
379	-0.587999	-0.125552	0.129299	-2.040000
380	-0.599693	0.042514	-0.129561	-2.040000
381	-0.602863	-0.106309	0.058987	-2.040000
382	-0.594036	-0.044052	-0.152991	-2.040000
383	-0.593959	-0.147646	0.060316	-2.040000
384	-0.607932	0.014404	0.091846	-2.040000
385	-0.614780	0.010887	0.012318	-2.040000
386	-0.612055	-0.055482	-0.023138	-2.040000
387	-0.577217	-0.165714	0.132608	-2.040000
388	-0.590988	-0.008516	0.169957	-2.040000
389	-0.611446	0.025472	0.060912	-2.040000
390	-0.590253	0.050628	-0.165117	-2.040000
391	-0.605308	-0.107441	-0.016840	-2.040000
392	-0.609657	0.062458	0.051407	-2.040000
393	-0.592344	-0.161156	-0.037171	-2.040000
394	-0.595219	-0.129382	0.084848	-2.040000
395	-0.538982	-0.262593	-0.136995	-2.040000
396	-0.614162	0.023463	0.021894	-2.040000
397	-0.583982	-0.129438	-0.142953	-2.040000
398	-0.606270	-0.089768	0.051026	-2.040000
399	-0.588221	-0.179032	-0.012983	-2.040000
400	-0.593262	-0.153803	-0.051085	-2.040000
401	-0.577613	-0.208156	-0.035489	-2.040000
402	-0.573639	0.137484	-0.173958	-2.040000
403	-0.554520	-0.196236	-0.179510	-2.040000
404	-0.536465	-0.172041	-0.246642	-2.040000
405	-0.611144	-0.068024	-0.010034	-2.040000
406	-0.540595	-0.259484	0.136564	-2.040000
407	-0.597858	-0.136142	0.047499	-2.040000
408	-0.610950	-0.022392	-0.066812	-2.040000
409	-0.610545	-0.068703	0.027195	-2.040000
410	-0.607906	-0.066881	-0.064824	-2.040000
411	-0.602100	-0.123234	0.022669	-2.040000
412	-0.607287	-0.007942	0.096773	-2.040000
413	-0.596288	-0.079545	-0.127823	-2.040000
414	-0.605438	-0.059742	-0.090002	-2.040000
415	-0.564920	-0.202304	0.134772	-2.040000
416	-0.596672	0.057323	0.137556	-2.040000
417	-0.598056	-0.065617	-0.127469	-2.040000
418	-0.613988	-0.030508	0.017686	-2.040000
419	-0.586750	-0.140858	-0.118780	-2.040000
420	-0.608214	-0.090383	0.011457	-2.040000
421	-0.574937	-0.213791	0.044338	-2.040000
422	-0.613123	0.010963	-0.046747	-2.040000
423	-0.593941	0.068822	-0.143955	-2.040000
424	-0.566368	0.218800	-0.097870	-2.040000
425	-0.583801	-0.174024	0.084363	-2.040000
426	-0.548775	-0.263893	-0.086203	-2.040000
427	-0.582540	-0.142652	0.136097	-2.040000
428	-0.581629	-0.154022	0.127320	-2.040000
429	-0.542761	-0.287263	0.033403	-2.040000
430	-0.576892	0.211895	0.022837	-2.040000
431	-0.614245	-0.029621	0.007154	-2.040000
432	-0.606529	0.021578	-0.099410	-2.040000
433	-0.536692	0.085020	-0.288026	-2.040000
434	-0.604325	0.017418	-0.112752	-2.040000
435	-0.586925	-0.163332	-0.084064	-2.040000
436	-0.479964	-0.352511	0.153609	-2.040000
437	-0.562517	-0.233937	0.084104	-2.040000
438	-0.613472	-0.042572	0.008071	-2.040000
439	-0.593286	-0.142799	-0.076449	-2.040000
440	-0.602115	-0.040126	0.118626	-2.040000
441	-0.589313	0.088119	0.152219	-2.040000
442	-0.605318	-0.004046	0.108623	-2.040000
443	-0.571000	-0.082997	-0.212827	-2.040000
444	-0.593858	-0.141379	-0.074630	-2.040000
445	-0.592821	-0.162796	-0.016886	-2.040000
446	-0.590610	-0.151304	0.080698	-2.040000
447	-0.532650	-0.296564	-0.080984	-2.040000
448	-0.563619	-0.216727	-0.116566	-2.040000
449	-0.611167	-0.025498	-0.063637	-2.040000
450	-0.614076	0.029995	0.015346	-2.040000
451	-0.598715	0.135418	0.037785	-2.040000
452	-0.589629	-0.093985	0.147409	-2.040000
453	-0.609907	-0.027935	0.073879	-2.040000
454	-0.594407	-0.148999	-0.052004	-2.040000
455	-0.611387	-0.050102	0.043832	-2.040000
456	-0.595962	-0.127593	0.082308	-2.040000
457	-0.547173	-0.134061	0.246686	-2.040000
458	-0.600043	-0.116625	-0.067616	-2.040000
459	-0.614699	-0.002772	0.019037	-2.040000
460	-0.612445	0.025143	0.050042	-2.040000
461	-0.559308	-0.103908	-0.233673	-2.040000
462	-0.614239	0.014470	0.026949	-2.040000
463	-0.611482	-0.064649	-0.011621	-2.040000
464	-0.592518	0.133615	0.096406	-2.040000
465	-0.602254	-0.034167	-0.119781	-2.040000
466	-0.599576	-0.042532	0.130094	-2.040000
467	-0.590418	-0.141025	-0.098710	-2.040000
468	-0.609680	-0.015598	-0.079193	-2.040000
469	-0.602772	0.114598	0.041937	-2.040000
470	-0.614533	0.019874	0.013369	-2.040000
471	-0.599898	0.121081	-0.060718	-2.040000
472	-0.612431	0.054919	-0.011690	-2.040000
473	-0.593183	-0.145657	0.071713	-2.040000
474	-0.612341	0.020523	0.053316	-2.040000
475	-0.613456	0.015740	0.040611	-2.040000
476	-0.609853	-0.075887	-0.023365	-2.040000
477	-0.613360	0.034318	-0.028934	-2.040000
478	-0.609977	0.008464	-0.077985	-2.040000
479	-0.610405	0.008017	-0.074610	-2.040000
480	-0.607330	0.087370	-0.041731	-2.040000
481	-0.610020	-0.027878	0.072961	-2.040000
482	-0.569998	0.049148	0.225637	-2.040000
483	-0.579064	-0.045070	0.202185	-2.040000
484	-0.598509	-0.077409	-0.118406	-2.040000
485	-0.599310	0.137626	0.010569	-2.040000
486	-0.597419	-0.132506	-0.061304	-2.040000
487	-0.605361	0.099627	0.042861	-2.040000
488	-0.536459	0.259713	-0.151610	-2.040000
489	-0.608453	0.083195	-0.032989	-2.040000
490	-0.608853	-0.073215	-0.046498	-2.040000
491	-0.609773	0.078528	-0.015349	-2.040000
492	-0.601928	0.112515	-0.056994	-2.040000
493	-0.580999	-0.088331	-0.181282	-2.040000
494	-0.605798	0.076989	0.072844	-2.040000
495	-0.612005	-0.045854	0.039658	-2.040000
496	-0.567810	-0.232264	-0.043239	-2.040000
497	-0.610077	0.019827	0.075088	-2.040000
498	-0.590274	-0.159542	0.065941	-2.040000
499	-0.604254	-0.003377	-0.114416	-2.040000
500	-0.572076	-0.216547	0.063730	-2.040000
501	-0.603215	-0.117808	0.021862	-2.040000
502	-0.586594	0.134630	0.126518	-2.040000
503	-0.605918	0.026275	0.101968	-2.040000
504	-0.613872	0.000278	0.037229	-2.040000
505	-0.582138	0.194912	0.036743	-2.040000
506	-0.582816	-0.186683	-0.060830	-2.040000
507	-0.601565	-0.117139	0.051218	-2.040000
508	-0.600976	-0.089035	-0.095528	-2.040000
509	-0.577565	-0.137813	-0.160160	-2.040000
510	-0.559486	-0.137632	-0.215075	-2.040000
511	-0.587921	0.090027	-0.156426	-2.040000
512	-0.605578	0.023486	-0.104634	-2.040000
513	-0.586816	0.090243	0.160399	-2.040000
514	-0.583525	-0.157921	-0.113067	-2.040000
515	-0.578096	-0.209621	-0.009427	-2.040000
516	-0.583965	-0.042451	0.188171	-2.040000
517	-0.610291	-0.056732	-0.050515	-2.040000
518	-0.534532	-0.250667	-0.172238	-2.040000
519	-0.556090	-0.165113	-0.204272	-2.040000
520	-0.514752	-0.019754	-0.335954	-2.040000
521	-0.607285	-0.089175	0.038443	-2.040000
522	-0.613749	0.028895	0.026499	-2.040000
523	-0.585083	0.090819	0.166298	-2.040000
524	-0.607548	-0.091018	0.028733	-2.040000
525	-0.597527	-0.091441	-0.113249	-2.040000
526	-0.612860	0.050640	0.007983	-2.040000
527	-0.591476	0.032050	-0.165389	-2.040000
528	-0.600149	0.003974	-0.134278	-2.040000
529	-0.594479	0.046494	-0.150528	-2.040000
530	-0.610899	-0.070455	0.008000	-2.040000
531	-0.603970	0.098632	0.060965	-2.040000
532	-0.561081	0.161048	-0.193589	-2.040000
533	-0.570407	-0.072897	0.218053	-2.040000
534	-0.591059	-0.169653	-0.009629	-2.040000
535	-0.607386	-0.071159	0.065147	-2.040000
536	-0.548675	-0.271833	0.057334	-2.040000
537	-0.587966	-0.158084	0.086776	-2.040000
538	-0.588997	-0.151487	-0.091426	-2.040000
539	-0.600497	0.001947	-0.132755	-2.040000
540	-0.607150	0.013034	0.097077	-2.040000
541	-0.601009	0.130304	-0.005867	-2.040000
542	-0.442345	0.073067	-0.420972	-2.040000
543	-0.599873	-0.135313	-0.008200	-2.040000
544	-0.562428	-0.218073	0.119764	-2.040000
545	-0.576016	-0.203241	-0.071580	-2.040000
546	-0.586377	0.181802	-0.036543	-2.040000
547	-0.610859	0.051695	-0.049029	-2.040000
548	-0.607150	-0.049858	0.084309	-2.040000
549	-0.613240	0.019418	-0.042250	-2.040000
550	-0.609504	-0.048819	-0.065929	-2.040000
551	-0.570470	-0.157731	-0.167064	-2.040000
552	-0.559940	-0.251860	-0.035483	-2.040000
553	-0.587527	-0.175449	0.047478	-2.040000
554	-0.595980	-0.151023	0.014983	-2.040000
555	-0.535002	-0.147578	0.264988	-2.040000
556	-0.565741	0.099014	0.219904	-2.040000
557	-0.612900	0.007019	0.050298	-2.040000
558	-0.588700	0.153735	-0.089569	-2.040000
559	-0.580716	-0.198178	-0.041468	-2.040000
560	-0.609769	-0.072217	-0.034517	-2.040000
561	-0.602821	-0.121734	0.003636	-2.040000
562	-0.587771	-0.077360	0.163603	-2.040000
563	-0.595183	0.008834	-0.154610	-2.040000
564	-0.612103	-0.058629	0.010847	-2.040000
565	-0.601789	-0.117787	0.046923	-2.040000
566	-0.610085	0.069991	-0.033506	-2.040000
567	-0.594136	-0.083782	-0.134937	-2.040000
568	-0.605831	-0.105197	0.011275	-2.040000
569	-0.600800	-0.107926	0.074946	-2.040000
570	-0.607911	0.014452	0.091979	-2.040000
571	-0.611964	-0.058860	0.016145	-2.040000
572	-0.591448	0.032467	-0.165410	-2.040000
573	-0.609393	0.015757	-0.081347	-2.040000
574	-0.599427	0.135649	-0.022619	-2.040000
575	-0.611922	0.003182	-0.061372	-2.040000
576	-0.602095	-0.064554	0.107423	-2.040000
577	-0.599520	-0.071498	0.116997	-2.040000
578	-0.582816	0.196340	-0.000818	-2.040000
579	-0.594302	-0.145524	-0.062075	-2.040000
580	-0.604390	-0.111139	0.024203	-2.040000
581	-0.607290	0.094306	-0.023031	-2.040000
582	-0.614880	0.010151	-0.006678	-2.040000
583	-0.609584	0.023679	-0.077918	-2.040000
584	-0.607959	-0.002908	0.092751	-2.040000
585	-0.599711	-0.015531	0.135390	-2.040000
586	-0.570285	-0.111469	0.201432	-2.040000
587	-0.608369	-0.000191	0.090071	-2.040000
588	-0.572109	-0.114098	0.194674	-2.040000
589	-0.598342	0.128393	0.061053	-2.040000
590	-0.604067	-0.114919	0.011034	-2.040000
591	-0.579584	0.183511	-0.092902	-2.040000
592	-0.563766	-0.075782	0.233772	-2.040000
593	-0.604843	0.021898	0.109137	-2.040000
594	-0.599254	-0.108964	0.085123	-2.040000
595	-0.606485	-0.101839	-0.005514	-2.040000
596	-0.604554	-0.099410	0.053452	-2.040000
597	-0.547800	-0.204495	-0.190583	-2.040000
598	-0.583199	0.177650	-0.080895	-2.040000
599	-0.605881	-0.005324	0.105378	-2.040000
600	-0.567099	-0.181016	-0.154457	-2.040000
601	-0.611390	0.060453	-0.027803	-2.040000
602	-0.601874	-0.044130	0.118430	-2.040000
603	-0.611365	0.009546	0.066083	-2.040000
604	-0.603906	0.107996	0.043120	-2.040000
605	-0.556102	0.161670	0.206974	-2.040000
606	-0.596236	0.065189	0.135935	-2.040000
607	-0.586943	-0.103950	-0.151386	-2.040000
608	-0.584882	-0.189265	0.017806	-2.040000
609	-0.614194	0.019842	-0.024429	-2.040000
610	-0.587257	-0.173002	-0.058516	-2.040000
611	-0.599078	0.138938	-0.005171	-2.040000
612	-0.602932	-0.120769	-0.010641	-2.040000
613	-0.603112	-0.064419	-0.101642	-2.040000
614	-0.519808	-0.318827	-0.079836	-2.040000
615	-0.607406	-0.095998	-0.008188	-2.040000
616	-0.596662	-0.082106	-0.124409	-2.040000
617	-0.540908	0.152868	-0.249549	-2.040000
618	-0.557334	-0.197799	-0.168758	-2.040000
619	-0.605497	-0.087034	-0.063431	-2.040000
620	-0.580873	-0.195274	0.051766	-2.040000
621	-0.582254	-0.180844	-0.080630	-2.040000
622	-0.605833	-0.105117	0.011897	-2.040000
623	-0.567495	-0.197552	-0.130950	-2.040000
624	-0.585032	-0.120764	-0.146216	-2.040000
625	-0.585706	0.022234	-0.186224	-2.040000
626	-0.613906	-0.029431	-0.021874	-2.040000
627	-0.582275	-0.104801	-0.167922	-2.040000
628	-0.607064	-0.091345	0.036800	-2.040000
629	-0.598489	0.092371	-0.107253	-2.040000
630	-0.606331	-0.079171	-0.065727	-2.040000
631	-0.600620	-0.131911	0.008955	-2.040000
632	-0.607319	-0.078012	-0.057475	-2.040000
633	-0.580295	-0.186414	-0.082055	-2.040000
634	-0.602913	-0.038039	-0.115211	-2.040000
635	-0.576169	-0.150954	-0.153190	-2.040000
636	-0.598484	-0.018133	0.140403	-2.040000
637	-0.579981	0.186922	-0.083112	-2.040000
638	-0.575151	0.217774	-0.000467	-2.040000
639	-0.587846	-0.179260	-0.022969	-2.040000
640	-0.562599	-0.236697	0.075381	-2.040000
641	-0.493811	-0.365123	-0.032563	-2.040000
642	-0.596459	-0.033356	-0.146112	-2.040000
643	-0.552394	0.112390	0.245875	-2.040000
644	-0.577071	-0.081480	0.196404	-2.040000
645	-0.614874	0.008414	0.009198	-2.040000
646	-0.589937	-0.022494	-0.172317	-2.040000
647	-0.575197	0.074003	-0.204689	-2.040000
648	-0.519818	-0.248035	-0.215622	-2.040000
649	-0.501833	-0.137688	-0.327766	-2.040000
650	-0.551442	-0.259227	0.083292	-2.040000
651	-0.594824	-0.135768	-0.077305	-2.040000
652	-0.599994	-0.123061	0.055567	-2.040000
653	-0.571255	0.079647	0.213422	-2.040000
654	-0.546979	0.007028	0.281051	-2.040000
655	-0.557794	-0.026279	0.257683	-2.040000
656	-0.530779	0.274689	-0.145068	-2.040000
657	-0.574887	-0.208929	-0.063867	-2.040000
658	-0.572221	-0.219028	-0.053057	-2.040000
659	-0.498509	-0.342678	-0.110840	-2.040000
660	-0.530331	-0.230337	0.209569	-2.040000
661	-0.597028	-0.123851	0.080271	-2.040000
662	-0.607611	-0.029435	0.090374	-2.040000
663	-0.613844	0.028958	-0.024122	-2.040000
664	-0.611990	-0.060463	-0.006134	-2.040000
665	-0.565604	-0.083300	-0.226668	-2.040000
666	-0.505942	-0.309463	-0.162726	-2.040000
667	-0.591700	0.059249	-0.156862	-2.040000
668	-0.579061	-0.087242	0.187888	-2.040000
669	-0.585698	-0.186768	0.017341	-2.040000
670	-0.594131	0.034830	0.154987	-2.040000
671	-0.564176	-0.223738	-0.099356	-2.040000
672	-0.606790	-0.095366	-0.030596	-2.040000
673	-0.596065	0.134766	0.069063	-2.040000
674	-0.485903	0.234119	-0.295485	-2.040000
675	-0.596482	0.022818	-0.148033	-2.040000
676	-0.614820	-0.014770	-0.001811	-2.040000
677	-0.609280	-0.003562	0.083605	-2.040000
678	-0.594116	0.103845	-0.120281	-2.040000
679	-0.600969	0.050700	0.120378	-2.040000
680	-0.599198	0.035214	-0.133966	-2.040000
681	-0.572941	-0.189070	0.119233	-2.040000
682	-0.557913	-0.154042	-0.207915	-2.040000
683	-0.609575	-0.056136	0.059089	-2.040000
684	-0.590429	0.129460	-0.113398	-2.040000
685	-0.613676	-0.004160	0.040117	-2.040000
686	-0.601215	-0.092393	0.090716	-2.040000
687	-0.578711	-0.166625	0.124718	-2.040000
688	-0.598355	-0.103990	-0.096862	-2.040000
689	-0.604755	0.074019	0.083772	-2.040000
690	-0.610121	-0.025996	0.072816	-2.040000
691	-0.607290	0.081681	0.052458	-2.040000
692	-0.587711	-0.063805	0.169557	-2.040000
693	-0.386706	0.442155	-0.182162	-2.040000
694	-0.588204	-0.017531	0.178702	-2.040000
695	-0.570162	-0.180099	0.143893	-2.040000
696	-0.613025	-0.020619	0.044719	-2.040000
697	-0.610642	0.073067	-0.001554	-2.040000
698	-0.603269	-0.106211	-0.054871	-2.040000
699	-0.595289	-0.018639	0.153327	-2.040000
700	-0.586651	0.119224	0.140892	-2.040000
701	-0.606467	0.021165	-0.099874	-2.040000
702	-0.604569	-0.018747	-0.111218	-2.040000
703	-0.568390	0.234846	-0.002283	-2.040000
704	-0.578216	0.206728	-0.033975	-2.040000
705	-0.596073	0.040963	0.145753	-2.040000
706	-0.534080	0.288757	-0.097993	-2.040000
707	-0.569622	0.204868	0.108559	-2.040000
708	-0.581072	-0.008462	0.201268	-2.040000
709	-0.612665	0.053072	0.007110	-2.040000
710	-0.524298	-0.220696	0.233730	-2.040000
711	-0.571394	0.088772	-0.209413	-2.040000
712	-0.614666	-0.004156	-0.019827	-2.040000
713	-0.607585	0.033501	0.089123	-2.040000
714	-0.614551	0.015195	-0.017923	-2.040000
715	-0.592577	0.139018	0.088042	-2.040000
716	-0.525815	0.270174	0.169557	-2.040000
717	-0.603943	0.089111	-0.074412	-2.040000
718	-0.594653	0.029337	-0.154117	-2.040000
719	-0.392542	-0.452529	-0.139114	-2.040000
720	-0.603762	0.054097	0.103778	-2.040000
721	-0.538865	-0.275050	-0.110439	-2.040000
722	-0.541392	-0.068828	-0.283518	-2.040000
723	-0.599749	0.106998	0.084127	-2.040000
724	-0.494074	-0.060683	-0.361156	-2.040000
725	-0.609029	-0.035460	0.077787	-2.040000
726	-0.546203	-0.131790	0.250036	-2.040000
727	-0.602572	-0.061969	0.106262	-2.040000
728	-0.551479	-0.253233	0.099844	-2.040000
729	-0.580055	-0.173911	-0.107314	-2.040000
730	-0.578264	0.032891	-0.206769	-2.040000
731	-0.590774	-0.170588	-0.010540	-2.040000
732	-0.564255	-0.111964	-0.217499	-2.040000
733	-0.610637	-0.060382	-0.041243	-2.040000
734	-0.593301	-0.010816	-0.161561	-2.040000
735	-0.601496	-0.127681	-0.011178	-2.040000
736	-0.561105	0.102093	0.230138	-2.040000
737	-0.614376	-0.013237	0.024341	-2.040000
738	-0.595388	-0.100407	0.116863	-2.040000
739	-0.529840	-0.278601	-0.140982	-2.040000
740	-0.564547	0.074242	-0.232379	-2.040000
741	-0.595008	0.009572	-0.155240	-2.040000
742	-0.611437	-0.036785	0.054927	-2.040000
743	-0.590337	-0.167280	0.041768	-2.040000
744	-0.594021	0.158466	-0.015894	-2.040000
745	-0.566050	-0.222737	0.090556	-2.040000
746	-0.608479	-0.074646	-0.049054	-2.040000
747	-0.408275	-0.459930	0.000922	-2.040000
748	-0.505848	-0.349422	0.015709	-2.040000
749	-0.454889	-0.195755	0.364666	-2.040000
750	-0.580244	-0.181598	0.092541	-2.040000
751	-0.526223	0.317307	0.025099	-2.040000
752	-0.608344	-0.039478	0.081144	-2.040000
753	-0.585042	-0.155692	-0.108215	-2.040000
754	-0.531302	-0.156292	-0.267424	-2.040000
755	-0.580602	-0.150198	-0.136262	-2.040000
756	-0.569809	-0.193562	0.126795	-2.040000
757	-0.607794	-0.093857	0.001693	-2.040000
758	-0.613228	-0.046541	0.003245	-2.040000
759	-0.522108	0.146676	0.290025	-2.040000
760	-0.586638	0.172349	0.066154	-2.040000
761	-0.612995	0.043733	0.023442	-2.040000
762	-0.585889	0.122317	-0.141411	-2.040000
763	-0.591416	-0.163824	-0.040169	-2.040000
764	-0.599133	-0.129839	-0.049059	-2.040000
765	-0.553697	-0.264521	0.040905	-2.040000
766	-0.544355	-0.251273	-0.136982	-2.040000
767	-0.593432	-0.159844	-0.022666	-2.040000
768	-0.569278	0.126287	0.195445	-2.040000
769	-0.550057	0.269297	0.056045	-2.040000
770	-0.606194	0.063822	-0.081735	-2.040000
771	-0.570261	-0.228279	-0.030260	-2.040000
772	-0.610062	-0.044565	0.063746	-2.040000
773	-0.592252	-0.142807	-0.084077	-2.040000
774	-0.597306	-0.143075	0.031302	-2.040000
775	-0.590080	-0.100549	-0.141140	-2.040000
776	-0.592511	-0.003463	-0.164753	-2.040000
777	-0.568008	0.186110	-0.144760	-2.040000
778	-0.601924	0.087997	0.090385	-2.040000
779	-0.543029	0.245101	-0.152545	-2.040000
780	-0.591843	-0.092569	-0.139204	-2.040000
781	-0.609924	-0.063492	0.046755	-2.040000
782	-0.577379	0.010527	0.211538	-2.040000
783	-0.614899	-0.010377	0.004103	-2.040000
784	-0.594529	-0.153877	0.032890	-2.040000
785	-0.603376	-0.084124	0.084178	-2.040000
786	-0.614732	0.017992	0.002433	-2.040000
787	-0.517887	0.226044	-0.242739	-2.040000
788	-0.596664	-0.066438	-0.133429	-2.040000
789	-0.581973	-0.012363	0.198444	-2.040000
790	-0.610764	0.065626	-0.029766	-2.040000
791	-0.611745	-0.062864	0.006383	-2.040000
792	-0.608370	0.089954	0.004400	-2.040000
793	-0.550368	0.229988	0.149754	-2.040000
794	-0.612184	0.034839	0.047352	-2.040000
795	-0.606472	-0.046223	-0.090995	-2.040000
796	-0.590364	-0.085977	0.149341	-2.040000
797	-0.551612	-0.083964	0.258649	-2.040000
798	-0.606278	-0.102988	-0.006758	-2.040000
799	-0.558851	-0.064195	-0.248575	-2.040000
800	-0.598331	-0.060146	0.128868	-2.040000
801	-0.609049	-0.020334	0.082887	-2.040000
802	-0.580521	0.082683	-0.185429	-2.040000
803	-0.520950	0.308149	-0.108998	-2.040000
804	-0.598279	0.003864	-0.142380	-2.040000
805	-0.614756	-0.016211	-0.006057	-2.040000
806	-0.612201	0.025259	-0.052883	-2.040000
807	-0.586593	0.110079	0.148378	-2.040000
808	-0.613162	-0.045585	0.013402	-2.040000
809	-0.610373	0.051587	0.054852	-2.040000
810	-0.583510	0.183401	0.064077	-2.040000
811	-0.599188	-0.070889	-0.119053	-2.040000
812	-0.610812	-0.068691	0.020377	-2.040000
813	-0.582012	0.047216	-0.193022	-2.040000
814	-0.607757	0.065111	0.067946	-2.040000
815	-0.569850	0.128538	0.192287	-2.040000
816	-0.612636	0.053784	0.003163	-2.040000
817	-0.608723	0.030384	0.082204	-2.040000
818	-0.512066	-0.339170	0.031264	-2.040000
819	-0.609134	-0.053241	0.065922	-2.040000
820	-0.613526	-0.039961	-0.014648	-2.040000
821	-0.497055	0.120379	-0.341570	-2.040000
822	-0.493809	0.326095	-0.167452	-2.040000
823	-0.581650	-0.017290	0.199022	-2.040000
824	-0.612444	-0.055920	-0.003117	-2.040000
825	-0.606600	0.019986	-0.099309	-2.040000
826	-0.562170	-0.150016	-0.199212	-2.040000
827	-0.600751	-0.117730	-0.058847	-2.040000
828	-0.569567	-0.202656	-0.112912	-2.040000
829	-0.595780	-0.042908	-0.146390	-2.040000
830	-0.594202	0.030885	-0.155549	-2.040000
831	-0.597375	0.145727	0.011494	-2.040000
832	-0.569384	-0.032078	0.230214	-2.040000
833	-0.606734	0.075399	0.066439	-2.040000
834	-0.596638	-0.098370	-0.112122	-2.040000
835	-0.593769	-0.138813	-0.079966	-2.040000
836	-0.588244	-0.121477	-0.132052	-2.040000
837	-0.600488	-0.102651	-0.084276	-2.040000
838	-0.608041	0.000797	-0.092253	-2.040000
839	-0.608223	-0.084620	0.033595	-2.040000
840	-0.590339	0.075189	-0.155149	-2.040000
841	-0.590998	-0.136180	-0.101987	-2.040000
842	-0.607191	0.033207	0.091875	-2.040000
843	-0.581920	-0.095106	0.174783	-2.040000
844	-0.601702	0.126517	-0.013173	-2.040000
845	-0.506501	0.029852	-0.347549	-2.040000
846	-0.542956	0.034921	-0.286714	-2.040000
847	-0.612490	-0.049993	0.024118	-2.040000
848	-0.419295	0.447524	-0.046250	-2.040000
849	-0.607289	0.042353	-0.087355	-2.040000
850	-0.610882	-0.065612	-0.027262	-2.040000
