1	0.411522	-0.431584	0.150365	2.860000
2	0.537081	0.291030	0.071207	2.860000
3	0.552767	0.143091	0.228470	2.860000
4	0.544556	0.285745	0.005822	2.860000
5	0.606127	-0.077160	0.069864	2.860000
6	0.589047	-0.091669	-0.151147	2.860000
7	0.604699	-0.090087	-0.066699	2.860000
8	0.612977	0.049833	0.000725	2.860000
9	0.614274	0.029626	0.003791	2.860000
10	0.544409	-0.285672	-0.015356	2.860000
11	0.591944	-0.061322	-0.155133	2.860000
12	0.582427	-0.151668	-0.126492	2.860000
13	0.604462	-0.018516	-0.111837	2.860000
14	0.599561	-0.133438	0.030756	2.860000
15	0.578712	-0.202838	0.046629	2.860000
16	0.520730	-0.298184	-0.134729	2.860000
17	0.565810	0.036233	0.238268	2.860000
18	0.527253	-0.303296	0.090779	2.860000
19	0.594685	-0.062828	0.143621	2.860000
20	0.535480	-0.236772	0.188216	2.860000
21	0.604311	-0.093679	-0.065248	2.860000
22	0.593206	0.011212	-0.161882	2.860000
23	0.601195	-0.089055	0.094124	2.860000
24	0.577950	0.090733	-0.189647	2.860000
25	0.612031	0.001252	-0.060341	2.860000
26	0.567762	0.153782	0.179506	2.860000
27	0.491713	0.323883	-0.177604	2.860000
28	0.614392	-0.026646	0.006102	2.860000
29	0.579028	-0.058490	0.198823	2.860000
30	0.613812	-0.020870	-0.031999	2.860000
31	0.582232	-0.156127	-0.121883	2.860000
32	0.574432	0.192868	-0.105143	2.860000
33	0.598791	0.008488	-0.140007	2.860000
34	0.596860	-0.049697	0.139692	2.860000
35	0.568611	-0.226411	0.060366	2.860000
36	0.577934	-0.209350	-0.019760	2.860000
37	0.613878	0.007415	0.036381	2.860000
38	0.571527	-0.215621	0.071338	2.860000
39	0.581661	-0.137681	-0.144703	2.860000
40	0.614467	0.015218	-0.020594	2.860000
41	0.585364	-0.180549	-0.054557	2.860000
42	0.584350	-0.064966	0.180388	2.860000
43	0.611505	0.045406	0.047166	2.860000
44	0.609454	0.013495	-0.081293	2.860000
45	0.564839	-0.186418	0.156302	2.860000
46	0.603684	-0.073705	0.091424	2.860000
47	0.580872	-0.116883	0.164777	2.860000
48	0.580487	-0.106685	-0.172853	2.860000
49	0.609078	-0.058101	-0.062240	2.860000
50	0.597730	-0.134672	-0.052977	2.860000
51	0.596893	-0.137856	0.054217	2.860000
52	0.541280	-0.276648	-0.093310	2.860000
53	0.595348	-0.100588	0.116910	2.860000
54	0.598087	-0.142635	0.013128	2.860000
55	0.544701	0.266700	-0.101967	2.860000
56	0.587656	-0.093876	-0.155155	2.860000
57	0.593860	-0.036277	-0.155688	2.860000
58	0.613509	-0.005211	0.042483	2.860000
59	0.521485	-0.325829	-0.010673	2.860000
60	0.609260	0.050602	-0.066831	2.860000
61	0.599518	-0.021645	-0.135406	2.860000
62	0.600187	0.091860	0.097789	2.860000
63	0.586390	-0.118811	0.142323	2.860000
64	0.598600	-0.020823	0.139532	2.860000
65	0.595743	-0.095895	-0.118827	2.860000
66	0.612314	-0.038426	0.042663	2.860000
67	0.613558	0.041456	0.007284	2.860000
68	0.588383	0.159210	0.081746	2.860000
69	0.518061	-0.325488	0.062413	2.860000
70	0.606000	-0.066063	0.081388	2.860000
71	0.601381	-0.125452	0.028769	2.860000
72	0.597219	-0.057557	0.135063	2.860000
73	0.590321	-0.171929	-0.013670	2.860000
74	0.573071	-0.199277	-0.100515	2.860000
75	0.583914	-0.193052	0.000570	2.860000
76	0.523765	-0.212074	-0.242733	2.860000
77	0.493136	-0.365875	-0.034309	2.860000
78	0.482003	-0.327570	-0.196459	2.860000
79	0.602049	-0.124661	-0.014893	2.860000
80	0.596989	0.078117	-0.125407	2.860000
81	0.612793	-0.009388	0.051206	2.860000
82	0.587032	-0.181411	0.026618	2.860000
83	0.578531	-0.202633	0.049670	2.860000
84	0.613394	-0.006178	0.043985	2.860000
85	0.509373	-0.223403	-0.262404	2.860000
86	0.595750	-0.152590	-0.004820	2.860000
87	0.596276	0.134910	0.066930	2.860000
88	0.589486	0.128007	0.119775	2.860000
89	0.592807	0.136554	0.090321	2.860000
90	0.530455	0.310374	-0.022581	2.860000
91	0.511673	-0.212852	-0.266663	2.860000
92	0.601599	-0.112554	-0.060295	2.860000
93	0.521101	-0.318791	-0.071070	2.860000
94	0.580774	0.178372	0.095445	2.860000
95	0.610436	0.069165	-0.028444	2.860000
96	0.598317	0.133274	-0.049800	2.860000
97	0.599042	0.130385	-0.048713	2.860000
98	0.540334	0.291371	0.036974	2.860000
99	0.553370	0.155805	0.218475	2.860000
100	0.582157	-0.116611	-0.160374	2.860000
101	0.532787	0.026320	-0.306057	2.860000
102	0.595541	-0.092128	0.122752	2.860000
103	0.588302	0.110687	0.140974	2.860000
104	0.598659	0.135374	-0.038813	2.860000
105	0.566647	0.070704	-0.228336	2.860000
106	0.584339	0.153592	-0.114815	2.860000
107	0.555896	0.233557	0.121061	2.860000
108	0.532145	0.171727	-0.256039	2.860000
109	0.431609	-0.395099	-0.189301	2.860000
110	0.563132	-0.242589	0.047524	2.860000
111	0.604706	-0.111793	-0.007603	2.860000
112	0.571561	0.095254	0.206082	2.860000
113	0.600132	-0.132712	0.021325	2.860000
114	0.589305	-0.119868	0.128749	2.860000
115	0.609678	0.004758	-0.080590	2.860000
116	0.608216	-0.079687	0.044141	2.860000
117	0.510657	-0.097580	-0.328531	2.860000
118	0.595838	-0.076194	-0.131894	2.860000
119	0.574561	-0.048223	0.213962	2.860000
120	0.483151	0.031914	0.379172	2.860000
121	0.593748	-0.158968	0.020423	2.860000
122	0.571931	-0.174724	0.143499	2.860000
123	0.492958	-0.367602	-0.009316	2.860000
124	0.574944	0.063516	-0.208878	2.860000
125	0.611793	-0.061624	-0.011718	2.860000
126	0.598730	-0.056329	-0.128740	2.860000
127	0.596175	-0.096051	-0.116509	2.860000
128	0.608693	0.043834	-0.076130	2.860000
129	0.568925	-0.181399	-0.147120	2.860000
130	0.612492	-0.053013	-0.016381	2.860000
131	0.544600	-0.284149	-0.029921	2.860000
132	0.544753	-0.191724	0.211450	2.860000
133	0.512845	0.282805	0.187714	2.860000
134	0.603728	-0.109509	-0.041772	2.860000
135	0.599484	-0.136054	-0.018262	2.860000
136	0.599819	-0.089462	0.102169	2.860000
137	0.610716	0.057007	0.044733	2.860000
138	0.573582	-0.216232	-0.049728	2.860000
139	0.613807	-0.007292	0.037594	2.860000
140	0.508184	0.156246	0.309130	2.860000
141	0.577429	-0.067812	0.200504	2.860000
142	0.581331	-0.128616	0.154069	2.860000
143	0.573382	-0.181731	0.128185	2.860000
144	0.608061	0.006994	0.091855	2.860000
145	0.584005	-0.173003	-0.085051	2.860000
146	0.564214	-0.231690	0.078786	2.860000
147	0.570167	0.003416	0.230485	2.860000
148	0.570601	-0.119065	0.196119	2.860000
149	0.543619	-0.287401	0.010218	2.860000
150	0.586662	-0.179990	-0.040704	2.860000
151	0.610806	-0.043666	-0.056873	2.860000
152	0.595292	0.153424	-0.017719	2.860000
153	0.592898	-0.162940	-0.012128	2.860000
154	0.604047	-0.113663	-0.020804	2.860000
155	0.541773	-0.241118	0.163001	2.860000
156	0.605180	-0.108741	-0.012568	2.860000
157	0.575064	-0.001480	-0.218000	2.860000
158	0.592588	-0.149615	-0.068405	2.860000
159	0.539776	-0.216415	-0.200077	2.860000
160	0.580491	0.123493	-0.161260	2.860000
161	0.601636	-0.064850	-0.109786	2.860000
162	0.593939	-0.121493	0.103447	2.860000
163	0.613576	0.017833	-0.037840	2.860000
164	0.613465	-0.002910	0.043330	2.860000
165	0.573162	-0.165431	0.149475	2.860000
166	0.614147	-0.015454	-0.028446	2.860000
167	0.613651	-0.018868	-0.036082	2.860000
168	0.604896	0.022503	-0.108715	2.860000
169	0.597506	-0.091695	-0.113151	2.860000
170	0.602722	-0.122257	-0.002155	2.860000
171	0.594961	-0.153723	0.024812	2.860000
172	0.614994	-0.001541	0.002214	2.860000
173	0.603295	-0.118712	-0.012951	2.860000
174	0.608110	0.083492	-0.038166	2.860000
175	0.588722	-0.082046	0.157796	2.860000
176	0.580524	-0.198177	-0.044077	2.860000
177	0.605756	-0.068187	-0.081460	2.860000
178	0.579143	-0.123906	0.165728	2.860000
179	0.574105	-0.193278	-0.106172	2.860000
180	0.594050	-0.156413	0.029407	2.860000
181	0.580500	0.154999	-0.131227	2.860000
182	0.585749	-0.057473	0.178383	2.860000
183	0.586730	0.142616	0.116763	2.860000
184	0.592014	-0.165003	-0.022774	2.860000
185	0.601551	-0.101724	-0.077545	2.860000
186	0.584411	-0.176460	-0.074504	2.860000
187	0.602476	0.046221	-0.114504	2.860000
188	0.587973	0.011277	-0.179960	2.860000
189	0.582144	0.197468	-0.018444	2.860000
190	0.586582	-0.171072	-0.069864	2.860000
191	0.577961	0.146504	-0.150741	2.860000
192	0.562946	0.040293	-0.244321	2.860000
193	0.586926	-0.149548	-0.106672	2.860000
194	0.610167	-0.024049	-0.073095	2.860000
195	0.469151	0.303756	0.256620	2.860000
196	0.535095	0.223259	-0.205070	2.860000
197	0.614247	-0.000724	0.030414	2.860000
198	0.579055	-0.155236	-0.137194	2.860000
199	0.527749	-0.042188	-0.312931	2.860000
200	0.603418	-0.088683	-0.079041	2.860000
201	0.597067	-0.037464	-0.142592	2.860000
202	0.602636	-0.049024	-0.112478	2.860000
203	0.577795	0.113453	-0.177499	2.860000
204	0.608864	0.038042	-0.077860	2.860000
205	0.603291	0.103237	-0.060064	2.860000
206	0.605416	0.038802	-0.100951	2.860000
207	0.610796	-0.063905	-0.032692	2.860000
208	0.521995	-0.177307	0.272596	2.860000
209	0.612346	0.028376	0.049514	2.860000
210	0.591742	-0.010546	-0.167197	2.860000
211	0.565664	-0.131180	-0.202587	2.860000
212	0.541313	0.097787	-0.275033	2.860000
213	0.614110	0.000389	-0.033065	2.860000
214	0.592564	-0.083324	0.141952	2.860000
215	0.576771	-0.034355	0.210665	2.860000
216	0.600022	-0.106989	0.082171	2.860000
217	0.599725	0.058444	-0.123041	2.860000
218	0.613757	0.031257	0.023463	2.860000
219	0.575840	-0.186781	-0.108381	2.860000
220	0.543205	-0.280420	0.067215	2.860000
221	0.607875	-0.091598	0.017973	2.860000
222	0.612813	-0.035090	-0.038125	2.860000
223	0.598189	-0.130246	-0.058570	2.860000
224	0.583231	-0.075895	-0.179739	2.860000
225	0.611549	0.058726	-0.028010	2.860000
226	0.581844	-0.190637	-0.057794	2.860000
227	0.606144	-0.037001	-0.097184	2.860000
228	0.589817	-0.039634	0.169618	2.860000
229	0.592506	-0.146190	0.076091	2.860000
230	0.598615	0.073336	0.120444	2.860000
231	0.525652	0.304405	0.096192	2.860000
232	0.610184	-0.071240	-0.028720	2.860000
233	0.614232	-0.007771	-0.029720	2.860000
234	0.597312	-0.116212	-0.089097	2.860000
235	0.598543	-0.114450	0.082899	2.860000
236	0.610701	0.065913	0.030402	2.860000
237	0.578115	-0.138666	0.157415	2.860000
238	0.585552	-0.164421	0.091215	2.860000
239	0.611118	-0.014537	0.067440	2.860000
240	0.570608	0.194918	-0.120991	2.860000
241	0.610603	-0.071782	-0.015380	2.860000
242	0.613059	0.048227	0.007590	2.860000
243	0.610450	-0.032498	0.067227	2.860000
244	0.596921	-0.078481	0.125502	2.860000
245	0.614184	-0.025800	0.018357	2.860000
246	0.598917	-0.029308	0.136619	2.860000
247	0.583730	-0.193574	-0.003630	2.860000
248	0.603338	-0.115588	-0.029118	2.860000
249	0.595710	0.030262	0.149795	2.860000
250	0.610778	0.069419	0.018857	2.860000
251	0.613956	0.035809	0.000683	2.860000
252	0.570318	0.175340	-0.149057	2.860000
253	0.595462	0.083530	-0.129123	2.860000
254	0.611089	-0.061936	0.030967	2.860000
255	0.610365	-0.016748	-0.073476	2.860000
256	0.598398	0.096959	-0.103650	2.860000
257	0.578296	-0.205210	-0.041073	2.860000
258	0.569711	-0.198390	0.119564	2.860000
259	0.587073	0.147874	-0.108181	2.860000
260	0.614699	-0.018277	-0.005977	2.860000
261	0.612625	-0.040178	-0.036080	2.860000
262	0.609712	-0.007640	-0.080114	2.860000
263	0.605355	-0.056444	0.092650	2.860000
264	0.605592	-0.100540	-0.037090	2.860000
265	0.606279	-0.100565	0.023174	2.860000
266	0.583802	-0.124182	0.148252	2.860000
267	0.559642	-0.048970	0.250256	2.860000
268	0.594452	-0.100575	0.121395	2.860000
269	0.560070	-0.176400	-0.182838	2.860000
270	0.608477	0.079448	0.040844	2.860000
271	0.613122	0.031655	0.036113	2.860000
272	0.613088	-0.024743	0.041667	2.860000
273	0.587186	-0.181155	0.024912	2.860000
274	0.610828	-0.071248	-0.006187	2.860000
275	0.580057	0.002532	0.204334	2.860000
276	0.609359	-0.062222	0.055093	2.860000
277	0.614194	0.031479	0.000183	2.860000
278	0.598468	-0.005450	-0.141533	2.860000
279	0.600922	-0.014116	-0.130073	2.860000
280	0.487407	-0.374752	-0.014842	2.860000
281	0.582451	-0.164387	-0.109330	2.860000
282	0.587225	-0.124588	0.133677	2.860000
283	0.601109	-0.109900	0.069393	2.860000
284	0.612968	0.029230	0.040512	2.860000
285	0.600870	0.018631	0.129744	2.860000
286	0.605305	0.108749	0.002107	2.860000
287	0.613971	-0.035473	-0.002378	2.860000
288	0.592483	-0.160798	-0.036506	2.860000
289	0.496546	-0.322540	-0.166240	2.860000
290	0.515296	-0.332598	0.045534	2.860000
291	0.601029	0.002673	0.130315	2.860000
292	0.611066	-0.046964	-0.051169	2.860000
293	0.602719	0.093204	-0.079168	2.860000
294	0.601602	-0.037244	-0.122117	2.860000
295	0.607674	-0.068959	0.064821	2.860000
296	0.580527	-0.138547	-0.148386	2.860000
297	0.591548	-0.140538	-0.092436	2.860000
298	0.614577	0.022811	0.000203	2.860000
299	0.606016	-0.043256	-0.095388	2.860000
300	0.544509	-0.126225	0.256520	2.860000
301	0.600417	0.053826	-0.121765	2.860000
302	0.593326	0.125935	-0.101635	2.860000
303	0.593758	0.123045	0.102644	2.860000
304	0.529744	-0.206337	-0.234567	2.860000
305	0.564636	-0.068429	-0.233942	2.860000
306	0.609809	-0.078494	0.014021	2.860000
307	0.565151	-0.242504	0.004578	2.860000
308	0.606018	-0.011859	-0.104053	2.860000
309	0.594128	0.107966	-0.116536	2.860000
310	0.583764	0.144717	-0.128458	2.860000
311	0.598857	0.129597	0.052918	2.860000
312	0.592728	0.103513	0.127217	2.860000
313	0.446751	-0.422529	-0.010412	2.860000
314	0.612706	0.046286	0.025962	2.860000
315	0.609095	-0.084065	0.012714	2.860000
316	0.603989	0.051151	0.103951	2.860000
317	0.610034	0.077754	0.006110	2.860000
318	0.582586	0.174794	-0.090912	2.860000
319	0.523677	0.207350	-0.246968	2.860000
320	0.612875	0.045714	-0.022801	2.860000
321	0.601638	-0.035139	-0.122563	2.860000
322	0.609359	0.032380	0.076535	2.860000
323	0.598949	0.085362	0.110445	2.860000
324	0.539153	0.249002	0.159804	2.860000
325	0.611466	-0.013205	-0.064500	2.860000
326	0.582168	-0.041629	0.193836	2.860000
327	0.501333	-0.328892	0.136821	2.860000
328	0.500861	-0.042777	-0.354307	2.860000
329	0.553157	-0.151177	-0.222233	2.860000
330	0.596472	-0.149816	0.001198	2.860000
331	0.605610	-0.057200	0.090494	2.860000
332	0.602215	-0.108446	0.061656	2.860000
333	0.589425	-0.161436	-0.068861	2.860000
334	0.606982	0.071570	-0.068383	2.860000
335	0.557698	-0.230577	0.118460	2.860000
336	0.583561	-0.148223	0.125345	2.860000
337	0.614206	-0.024134	-0.019823	2.860000
338	0.599570	-0.135566	0.019041	2.860000
339	0.604335	-0.107202	-0.038877	2.860000
340	0.603052	0.111850	0.045193	2.860000
341	0.612270	0.037725	0.043908	2.860000
342	0.554035	-0.214421	0.159041	2.860000
343	0.589330	-0.175360	0.012794	2.860000
344	0.601804	0.092910	-0.086168	2.860000
345	0.599912	0.081988	0.107744	2.860000
346	0.586848	-0.063395	-0.172673	2.860000
347	0.611452	-0.065900	-0.002898	2.860000
348	0.606399	0.102327	-0.005817	2.860000
349	0.610563	0.065483	0.033909	2.860000
350	0.603734	0.015678	0.116122	2.860000
351	0.608183	0.039255	0.082445	2.860000
352	0.584810	-0.188053	0.029294	2.860000
353	0.594954	-0.155548	0.007704	2.860000
354	0.601407	0.041046	0.121861	2.860000
355	0.601360	0.126275	-0.025401	2.860000
356	0.608663	0.003927	0.087969	2.860000
357	0.591316	-0.155775	-0.065612	2.860000
358	0.591539	-0.138682	-0.095255	2.860000
359	0.609442	-0.082073	-0.008300	2.860000
360	0.601313	0.108580	-0.069697	2.860000
361	0.572621	-0.010397	-0.224102	2.860000
362	0.612636	-0.044417	-0.030475	2.860000
363	0.565782	-0.078386	-0.227973	2.860000
364	0.607212	0.065007	0.072751	2.860000
365	0.611189	0.046441	-0.050166	2.860000
366	0.597534	-0.052126	-0.135870	2.860000
367	0.601106	-0.031069	0.126222	2.860000
368	0.606325	-0.071876	-0.073679	2.860000
369	0.507214	-0.343829	-0.052346	2.860000
370	0.591395	0.109670	-0.128254	2.860000
371	0.581527	-0.067405	-0.188434	2.860000
372	0.609176	0.056523	0.062729	2.860000
373	0.613954	-0.032002	-0.016150	2.860000
374	0.513624	-0.085774	0.327198	2.860000
375	0.592033	0.090180	0.139962	2.860000
376	0.552642	-0.068633	0.260962	2.860000
377	0.598711	-0.095023	0.103639	2.860000
378	0.594907	-0.154137	-0.023506	2.860000
379	0.595592	-0.107482	-0.109283	2.860000
380	0.530561	-0.010927	-0.310823	2.860000
381	0.603834	0.052131	-0.104362	2.860000
382	0.510476	-0.294457	-0.175881	2.860000
383	0.595736	-0.152687	-0.003161	2.860000
384	0.597045	-0.147364	0.006793	2.860000
385	0.607438	-0.088646	0.037223	2.860000
386	0.599933	-0.132200	-0.028791	2.860000
387	0.596592	-0.106903	-0.104279	2.860000
388	0.481543	-0.356034	-0.139932	2.860000
389	0.558087	-0.213896	-0.144955	2.860000
390	0.608148	-0.056157	-0.072301	2.860000
391	0.594382	0.127967	0.092515	2.860000
392	0.577879	-0.136097	0.160494	2.860000
393	0.599805	0.002573	0.135840	2.860000
394	0.602521	-0.085072	0.089199	2.860000
395	0.609685	0.077076	0.023837	2.860000
396	0.587643	-0.017995	0.180492	2.860000
397	0.601750	-0.126605	-0.009649	2.860000
398	0.594485	0.140317	0.071579	2.860000
399	0.597252	-0.007427	0.146491	2.860000
400	0.549412	0.187636	-0.202889	2.860000
401	0.578472	0.123453	-0.168387	2.860000
402	0.603263	-0.048506	-0.109296	2.860000
403	0.564050	0.016554	-0.244538	2.860000
404	0.614504	-0.009712	-0.022699	2.860000
405	0.605277	0.105142	-0.028466	2.860000
406	0.608847	0.055353	-0.066829	2.860000
407	0.592700	-0.160689	-0.033320	2.860000
408	0.588273	-0.061180	0.168572	2.860000
409	0.592982	0.160368	0.029656	2.860000
410	0.596937	-0.073102	-0.128635	2.860000
411	0.612844	0.026212	0.044279	2.860000
412	0.612834	-0.022895	0.046205	2.860000
413	0.596536	-0.089870	-0.119552	2.860000
414	0.613712	-0.039390	-0.005566	2.860000
415	0.606245	0.073900	-0.072321	2.860000
416	0.606415	0.087034	-0.053954	2.860000
417	0.590592	0.135543	-0.105139	2.860000
418	0.544622	-0.278075	0.065468	2.860000
419	0.614764	0.000482	0.017023	2.860000
420	0.589340	-0.019226	0.174738	2.860000
421	0.609119	0.056032	0.063714	2.860000
422	0.594614	-0.039661	-0.151943	2.860000
423	0.600263	0.119334	-0.060565	2.860000
424	0.605292	-0.081514	-0.072121	2.860000
425	0.594116	-0.143798	-0.067627	2.860000
426	0.591575	0.156639	0.061062	2.860000
427	0.594441	-0.048507	0.150040	2.860000
428	0.574591	0.151417	0.158567	2.860000
429	0.567432	-0.107544	0.211377	2.860000
430	0.546831	-0.102158	-0.262229	2.860000
431	0.555530	-0.107828	0.240800	2.860000
432	0.575252	-0.215812	-0.027114	2.860000
433	0.598022	-0.140342	-0.029976	2.860000
434	0.558018	-0.182687	-0.182938	2.860000
435	0.607740	-0.083433	-0.043767	2.860000
436	0.467908	-0.366474	0.158063	2.860000
437	0.611789	-0.057167	-0.025912	2.860000
438	0.599783	-0.093742	0.098477	2.860000
439	0.611899	-0.059693	0.015543	2.860000
440	0.611921	-0.058474	0.018943	2.860000
441	0.602188	-0.124447	0.010363	2.860000
442	0.611127	0.014323	-0.067407	2.860000
443	0.604023	0.039330	-0.108788	2.860000
444	0.614025	0.000301	0.034621	2.860000
445	0.528625	-0.276438	-0.149541	2.860000
446	0.597334	-0.112404	-0.093717	2.860000
447	0.566652	-0.054614	-0.232697	2.860000
448	0.614132	-0.026023	-0.019751	2.860000
449	0.606478	-0.058502	-0.083591	2.860000
450	0.610880	0.064263	-0.030354	2.860000
451	0.583686	0.112584	0.157671	2.860000
452	0.596013	-0.070063	0.134482	2.860000
453	0.511900	-0.187139	-0.284890	2.860000
454	0.609337	0.080270	-0.022130	2.860000
455	0.584229	0.188728	0.035818	2.860000
456	0.547546	-0.141288	0.241778	2.860000
457	0.587585	0.146477	0.107303	2.860000
458	0.612321	-0.056941	0.006756	2.860000
459	0.599159	-0.125770	0.058439	2.860000
460	0.611201	-0.062384	0.027694	2.860000
461	0.601129	-0.116858	0.056684	2.860000
462	0.582908	-0.095767	0.171090	2.860000
463	0.588168	-0.103932	0.146568	2.860000
464	0.609648	-0.053231	0.061003	2.860000
465	0.609426	0.078242	-0.026510	2.860000
466	0.611606	-0.064188	-0.006583	2.860000
467	0.604033	-0.108094	-0.041041	2.860000
468	0.582152	-0.040877	-0.194043	2.860000
469	0.594063	0.029347	-0.156372	2.860000
470	0.580057	-0.174900	0.105682	2.860000
471	0.606785	-0.094682	0.032740	2.860000
472	0.581864	0.199045	-0.006340	2.860000
473	0.608182	0.089550	-0.017883	2.860000
474	0.588370	0.171394	-0.051675	2.860000
475	0.572897	-0.160564	-0.155669	2.860000
476	0.612392	-0.028414	0.048927	2.860000
477	0.589142	0.097411	-0.147132	2.860000
478	0.606375	-0.052490	0.088201	2.860000
479	0.614012	0.020943	-0.027854	2.860000
480	0.612895	0.048628	-0.014816	2.860000
481	0.599061	0.020543	0.137581	2.860000
482	0.591728	-0.165342	-0.027300	2.860000
483	0.594964	0.148579	0.046549	2.860000
484	0.564376	-0.238146	0.054690	2.860000
485	0.608726	-0.076690	0.042383	2.860000
486	0.568909	-0.120911	0.199871	2.860000
487	0.556371	-0.211606	0.154593	2.860000
488	0.579019	-0.140674	-0.152227	2.860000
489	0.613941	0.005234	-0.035694	2.860000
490	0.595920	0.115826	-0.098430	2.860000
491	0.608592	-0.088148	-0.008421	2.860000
492	0.609297	0.028296	0.078623	2.860000
493	0.601938	-0.071621	-0.103759	2.860000
494	0.599414	-0.058502	0.124520	2.860000
495	0.608292	-0.081540	-0.039459	2.860000
496	0.595365	0.104285	0.113534	2.860000
497	0.582253	-0.190046	0.055574	2.860000
498	0.614429	0.018364	0.019110	2.860000
499	0.611775	0.026411	-0.057082	2.860000
500	0.598195	-0.106901	-0.094654	2.860000
501	0.554835	-0.234862	-0.123381	2.860000
502	0.588431	-0.178795	-0.002506	2.860000
503	0.603580	-0.078967	0.087641	2.860000
504	0.562313	-0.085605	0.233883	2.860000
505	0.610181	0.004475	0.076707	2.860000
506	0.575375	-0.179899	0.121675	2.860000
507	0.599137	-0.124323	0.061668	2.860000
508	0.600682	-0.057276	0.118853	2.860000
509	0.592876	-0.102194	0.127592	2.860000
510	0.573215	-0.100230	-0.199007	2.860000
511	0.562586	-0.182810	0.168233	2.860000
512	0.602144	0.090774	-0.086072	2.860000
513	0.579487	0.166988	0.120562	2.860000
514	0.614511	-0.018706	0.015843	2.860000
515	0.575923	-0.212260	-0.038510	2.860000
516	0.605226	-0.078902	0.075503	2.860000
517	0.613003	0.048355	0.010684	2.860000
518	0.597775	-0.087755	-0.114842	2.860000
519	0.614057	0.022201	0.025813	2.860000
520	0.613387	0.022244	-0.038559	2.860000
521	0.612023	-0.017286	-0.057913	2.860000
522	0.567732	-0.211165	0.106369	2.860000
523	0.606678	0.073387	-0.069148	2.860000
524	0.594818	0.150609	0.041637	2.860000
525	0.611082	-0.046892	-0.051044	2.860000
526	0.603783	-0.022302	-0.114775	2.860000
527	0.597288	-0.143175	0.031196	2.860000
528	0.605460	-0.074176	0.078367	2.860000
529	0.598068	0.101710	0.100969	2.860000
530	0.607419	-0.064131	-0.071798	2.860000
531	0.607345	-0.083156	0.049421	2.860000
532	0.614388	0.012458	0.024426	2.860000
533	0.599916	-0.134291	-0.017078	2.860000
534	0.533104	-0.286394	0.109561	2.860000
535	0.598814	-0.139463	0.014023	2.860000
536	0.565541	-0.021802	0.240650	2.860000
537	0.609465	0.055627	0.060690	2.860000
538	0.603505	-0.063538	0.099847	2.860000
539	0.585746	-0.038922	0.183335	2.860000
540	0.607698	-0.078757	0.052207	2.860000
541	0.611640	-0.047349	0.043353	2.860000
542	0.582439	-0.126348	0.151744	2.860000
543	0.578601	-0.053798	0.201374	2.860000
544	0.612018	0.004418	-0.060324	2.860000
545	0.528998	-0.004081	0.313639	2.860000
546	0.611642	-0.017432	-0.061765	2.860000
547	0.606403	0.053261	-0.087546	2.860000
548	0.561144	-0.251305	-0.013701	2.860000
549	0.577253	-0.212137	-0.001308	2.860000
550	0.605373	-0.100674	-0.040159	2.860000
551	0.601144	-0.103123	0.078848	2.860000
552	0.528879	-0.304889	0.074528	2.860000
553	0.598669	0.135543	-0.038063	2.860000
554	0.590555	-0.145416	0.091233	2.860000
555	0.611344	0.025988	0.061712	2.860000
556	0.612464	-0.048674	0.027276	2.860000
557	0.608335	0.041982	0.079944	2.860000
558	0.581395	0.157409	0.124205	2.860000
559	0.601762	-0.123885	-0.027578	2.860000
560	0.605610	0.085889	-0.063915	2.860000
561	0.602661	0.034846	0.117519	2.860000
562	0.603032	0.003671	0.120682	2.860000
563	0.612089	-0.011603	-0.058628	2.860000
564	0.563879	-0.232061	0.080084	2.860000
565	0.598197	-0.125261	-0.068522	2.860000
566	0.567519	0.236783	0.009003	2.860000
567	0.598206	-0.013568	0.142091	2.860000
568	0.605542	0.029949	0.103185	2.860000
569	0.599035	0.024440	0.137058	2.860000
570	0.609543	-0.079347	0.019661	2.860000
571	0.607770	-0.093735	0.007378	2.860000
572	0.607519	-0.069339	0.065862	2.860000
573	0.596503	-0.073327	-0.130508	2.860000
574	0.612153	-0.055909	0.019193	2.860000
575	0.613019	-0.020535	-0.044846	2.860000
576	0.610253	0.057804	-0.049746	2.860000
577	0.614705	-0.011009	0.015536	2.860000
578	0.604294	0.098160	-0.058463	2.860000
579	0.610985	-0.041056	-0.056888	2.860000
580	0.575065	0.217595	0.013339	2.860000
581	0.611333	-0.063238	-0.022305	2.860000
582	0.520561	-0.287548	0.156709	2.860000
583	0.585148	0.123345	0.143572	2.860000
584	0.604349	0.111145	0.025184	2.860000
585	0.607630	-0.053046	-0.078721	2.860000
586	0.579205	0.156175	-0.135483	2.860000
587	0.529508	-0.304352	0.072226	2.860000
588	0.601944	-0.122151	-0.031103	2.860000
589	0.598666	-0.122584	0.069260	2.860000
590	0.542338	-0.139116	0.254444	2.860000
591	0.584262	0.147451	-0.122967	2.860000
592	0.614101	0.022619	0.024361	2.860000
593	0.600204	0.127952	-0.040102	2.860000
594	0.605814	-0.031714	0.101041	2.860000
595	0.548715	-0.275636	0.034073	2.860000
596	0.610032	-0.078016	0.000021	2.860000
597	0.560223	-0.061202	0.246230	2.860000
598	0.591398	-0.159025	0.056428	2.860000
599	0.591614	0.087102	-0.143638	2.860000
600	0.595924	-0.095341	-0.118365	2.860000
601	0.580630	-0.202232	-0.013978	2.860000
602	0.577927	-0.192904	-0.083745	2.860000
603	0.558288	-0.250973	0.059602	2.860000
604	0.600445	-0.113427	0.069463	2.860000
605	0.588947	-0.175751	0.021867	2.860000
606	0.612901	-0.034916	0.036852	2.860000
607	0.605381	0.078921	0.074234	2.860000
608	0.612147	-0.046033	0.037169	2.860000
609	0.569959	-0.210952	-0.094186	2.860000
610	0.527305	-0.299032	-0.103703	2.860000
611	0.592107	-0.145045	-0.081218	2.860000
612	0.572651	-0.222038	-0.031536	2.860000
613	0.590596	0.170108	-0.022020	2.860000
614	0.614944	-0.007074	0.004370	2.860000
615	0.590945	-0.021535	-0.168954	2.860000
616	0.606296	0.080943	-0.063864	2.860000
617	0.593855	0.031814	-0.156683	2.860000
618	0.591923	-0.090741	-0.140065	2.860000
619	0.614183	-0.013932	0.028454	2.860000
620	0.594140	0.109675	0.114864	2.860000
621	0.556117	0.261678	-0.021981	2.860000
622	0.597139	-0.026417	-0.144750	2.860000
623	0.603775	-0.094465	-0.068967	2.860000
624	0.582379	-0.130735	-0.148217	2.860000
625	0.575436	-0.171563	0.132908	2.860000
626	0.614074	0.031834	-0.011172	2.860000
627	0.603147	0.096463	-0.071651	2.860000
628	0.602813	-0.011417	-0.121292	2.860000
629	0.583522	0.182076	0.067639	2.860000
630	0.590915	0.169716	-0.015504	2.860000
631	0.605417	-0.047379	-0.097213	2.860000
632	0.602329	-0.092657	-0.082702	2.860000
633	0.567622	0.017407	0.236067	2.860000
634	0.613748	0.036496	-0.014360	2.860000
635	0.614795	0.008783	-0.013246	2.860000
636	0.549444	0.258183	-0.098374	2.860000
637	0.599074	-0.129768	-0.049959	2.860000
638	0.552551	-0.034573	-0.267800	2.860000
639	0.607958	-0.036930	0.085134	2.860000
640	0.539699	-0.283837	0.079918	2.860000
641	0.601708	0.006775	0.126991	2.860000
642	0.614383	0.025697	-0.009938	2.860000
643	0.605355	-0.108334	0.005819	2.860000
644	0.557244	0.166514	-0.199942	2.860000
645	0.614882	-0.012025	0.000005	2.860000
646	0.604905	0.035846	0.105022	2.860000
647	0.588654	-0.152887	-0.091309	2.860000
648	0.612582	0.054441	-0.002098	2.860000
649	0.585120	-0.188514	0.017956	2.860000
650	0.611575	-0.059748	0.025129	2.860000
651	0.614149	0.020626	-0.024923	2.860000
652	0.605408	-0.076026	0.076979	2.860000
653	0.606536	0.005008	0.101557	2.860000
654	0.612884	-0.014069	0.048987	2.860000
655	0.613145	-0.013276	0.045846	2.860000
656	0.573931	-0.178939	0.129650	2.860000
657	0.494932	-0.202267	-0.303901	2.860000
658	0.588583	-0.162211	-0.074049	2.860000
659	0.614443	0.014601	0.021725	2.860000
660	0.573836	0.054920	-0.214291	2.860000
661	0.595871	0.129138	-0.080536	2.860000
662	0.539969	-0.290174	0.049571	2.860000
663	0.609460	0.010025	0.081748	2.860000
664	0.600890	0.111357	0.068961	2.860000
665	0.573741	0.174504	0.136362	2.860000
666	0.571319	-0.225611	0.030324	2.860000
667	0.581672	-0.179063	-0.088429	2.860000
668	0.604317	-0.113277	-0.013954	2.860000
669	0.613573	-0.040317	0.011282	2.860000
670	0.579993	-0.193970	-0.064879	2.860000
671	0.611020	-0.060012	0.035755	2.860000
672	0.576570	-0.109566	-0.183812	2.860000
673	0.598603	-0.134113	-0.043735	2.860000
674	0.599428	-0.061758	0.122868	2.860000
675	0.582219	0.058309	0.189330	2.860000
676	0.606093	0.022197	0.101899	2.860000
677	0.614201	0.026480	-0.016770	2.860000
678	0.536366	0.284125	0.099045	2.860000
679	0.594432	-0.068936	-0.141857	2.860000
680	0.612464	0.013611	0.054106	2.860000
681	0.552649	0.009708	-0.269648	2.860000
682	0.541302	-0.206202	0.206635	2.860000
683	0.570976	-0.216887	0.071913	2.860000
684	0.614947	-0.007739	0.002203	2.860000
685	0.605505	-0.000255	-0.107651	2.860000
686	0.611555	0.029703	0.057823	2.860000
687	0.612192	0.057786	-0.010311	2.860000
688	0.568155	-0.194377	-0.132827	2.860000
689	0.613070	-0.042230	0.024224	2.860000
690	0.544836	-0.276722	0.069307	2.860000
691	0.495508	-0.090431	0.352872	2.860000
692	0.554778	-0.263304	0.033424	2.860000
693	0.563994	0.245197	0.003779	2.860000
694	0.611546	-0.042407	0.049373	2.860000
695	0.598719	-0.046160	-0.132777	2.860000
696	0.608388	0.087667	-0.020084	2.860000
697	0.594365	-0.146040	0.060231	2.860000
698	0.558066	-0.045467	-0.254401	2.860000
699	0.605956	0.104720	-0.008756	2.860000
700	0.611113	0.065712	-0.021157	2.860000
701	0.540495	-0.260547	-0.134926	2.860000
702	0.557084	0.147066	0.215067	2.860000
703	0.529973	0.062032	-0.305787	2.860000
704	0.605233	-0.098837	-0.046357	2.860000
705	0.594677	-0.133409	-0.082379	2.860000
706	0.570158	-0.140053	-0.183111	2.860000
707	0.586719	-0.036441	-0.180715	2.860000
708	0.614030	-0.032344	-0.012073	2.860000
709	0.594072	0.139081	-0.077200	2.860000
710	0.598920	-0.007553	0.139510	2.860000
711	0.489017	-0.301337	-0.219733	2.860000
712	0.606862	-0.084870	0.052354	2.860000
713	0.591915	0.123113	-0.112717	2.860000
714	0.451172	-0.404946	-0.103380	2.860000
715	0.531415	-0.309538	-0.002968	2.860000
716	0.551642	0.116224	0.245780	2.860000
717	0.611809	-0.015642	-0.060585	2.860000
718	0.598764	-0.127322	0.059120	2.860000
719	0.614802	-0.013184	0.008320	2.860000
720	0.601378	-0.119335	-0.048253	2.860000
721	0.613358	-0.039551	-0.021265	2.860000
722	0.606760	0.006523	0.100121	2.860000
723	0.519594	-0.109185	-0.310365	2.860000
724	0.568713	0.005583	-0.234007	2.860000
725	0.568215	-0.160582	0.171961	2.860000
726	0.612964	0.027365	-0.041847	2.860000
727	0.540394	0.151147	-0.251702	2.860000
728	0.572675	0.221715	0.033330	2.860000
729	0.543621	0.246136	0.148721	2.860000
730	0.560222	0.148522	-0.205713	2.860000
731	0.541185	-0.132661	-0.260278	2.860000
732	0.614124	-0.024574	-0.021747	2.860000
733	0.612807	0.034859	0.038433	2.860000
734	0.574567	-0.219296	-0.002678	2.860000
735	0.600715	0.029801	-0.128367	2.860000
736	0.561465	-0.012285	-0.250661	2.860000
737	0.558757	-0.187586	-0.175577	2.860000
738	0.613519	-0.002805	0.042565	2.860000
739	0.611231	-0.064503	0.021484	2.860000
740	0.613335	0.045184	0.001777	2.860000
741	0.569907	-0.061595	0.222794	2.860000
742	0.604794	-0.096670	-0.055712	2.860000
743	0.610278	0.072150	-0.024079	2.860000
744	0.581806	-0.119278	0.159684	2.860000
745	0.612667	0.037549	0.038131	2.860000
746	0.582150	-0.188380	0.061963	2.860000
747	0.585226	-0.076521	0.172860	2.860000
748	0.565373	-0.072547	0.230902	2.860000
749	0.535639	-0.132391	0.271640	2.860000
750	0.600144	-0.132105	-0.024515	2.860000
751	0.470385	0.051489	-0.392826	2.860000
752	0.567761	-0.233491	-0.036806	2.860000
753	0.597780	0.000250	0.144513	2.860000
754	0.606353	0.050710	0.089386	2.860000
755	0.529164	-0.172404	0.261701	2.860000
756	0.519999	-0.240628	0.223437	2.860000
757	0.610673	0.011886	-0.071848	2.860000
758	0.594219	-0.141800	0.070860	2.860000
759	0.609662	-0.054256	-0.059943	2.860000
760	0.599369	0.052469	-0.127391	2.860000
761	0.574855	-0.209949	-0.060729	2.860000
762	0.610468	0.017414	-0.072464	2.860000
763	0.596225	-0.150535	0.008920	2.860000
764	0.553231	-0.264299	-0.048028	2.860000
765	0.588511	0.177757	-0.016789	2.860000
766	0.598046	0.133776	0.051669	2.860000
767	0.614934	-0.008762	0.002125	2.860000
768	0.601342	-0.064710	-0.111467	2.860000
769	0.534133	0.072927	0.295987	2.860000
770	0.609517	0.064083	0.051066	2.860000
771	0.532234	-0.291370	0.100276	2.860000
772	0.602433	0.018832	-0.122247	2.860000
773	0.611801	0.062643	0.000428	2.860000
774	0.592777	-0.163410	0.011720	2.860000
775	0.609670	-0.072907	-0.034811	2.860000
776	0.595848	-0.102557	0.112572	2.860000
777	0.581557	-0.189537	0.063975	2.860000
778	0.611531	-0.021543	0.061572	2.860000
779	0.563007	0.091673	0.229878	2.860000
780	0.614952	0.001135	0.007562	2.860000
781	0.542503	0.271533	-0.100920	2.860000
782	0.612791	-0.050072	0.014306	2.860000
783	0.595196	-0.122549	-0.094595	2.860000
784	0.598052	0.131967	-0.056064	2.860000
785	0.490502	0.098462	-0.357684	2.860000
786	0.506307	-0.318577	-0.142782	2.860000
787	0.609222	-0.070546	0.045795	2.860000
788	0.596514	0.089218	-0.120149	2.860000
789	0.605398	0.099207	-0.043321	2.860000
790	0.610817	-0.034170	-0.062924	2.860000
791	0.529932	-0.309897	0.036897	2.860000
792	0.607255	-0.047930	-0.084670	2.860000
793	0.583766	0.193201	-0.010733	2.860000
794	0.555895	-0.182021	0.189930	2.860000
795	0.603365	-0.043188	0.110953	2.860000
796	0.566904	0.216511	0.099838	2.860000
797	0.611941	-0.054966	-0.027049	2.860000
798	0.584769	0.022644	0.189098	2.860000
799	0.484021	-0.322898	0.199212	2.860000
800	0.528000	-0.291752	0.119674	2.860000
801	0.611272	-0.066626	-0.011514	2.860000
802	0.547203	-0.271485	-0.071346	2.860000
803	0.608819	0.084311	-0.021366	2.860000
804	0.576408	-0.208516	-0.050004	2.860000
805	0.611965	-0.022769	-0.056616	2.860000
806	0.503273	0.122895	0.331419	2.860000
807	0.582375	0.178108	-0.085685	2.860000
808	0.588958	-0.170782	-0.046766	2.860000
809	0.558484	0.217793	0.137428	2.860000
810	0.610500	0.074031	-0.005858	2.860000
811	0.603421	0.022926	0.116545	2.860000
812	0.610853	-0.071243	0.002724	2.860000
813	0.505922	-0.346702	-0.045452	2.860000
814	0.558062	-0.256292	0.033266	2.860000
815	0.554952	0.083577	0.251531	2.860000
816	0.611863	0.038224	-0.048869	2.860000
817	0.602872	-0.117792	-0.029929	2.860000
818	0.595348	-0.028746	-0.151524	2.860000
819	0.607053	-0.065618	0.073523	2.860000
820	0.602501	0.011672	0.122806	2.860000
821	0.588248	-0.099514	-0.149286	2.860000
822	0.507273	-0.322675	-0.129536	2.860000
823	0.557090	-0.228367	-0.125397	2.860000
824	0.547973	-0.116249	0.253844	2.860000
825	0.614110	0.020754	0.025753	2.860000
826	0.610620	0.010287	-0.072546	2.860000
827	0.611877	0.060607	0.012588	2.860000
828	0.589689	-0.143991	-0.098782	2.860000
829	0.576551	-0.029958	-0.211936	2.860000
830	0.608781	-0.059908	-0.063421	2.860000
831	0.559615	0.163534	0.195736	2.860000
832	0.604457	-0.106116	-0.039958	2.860000
833	0.597025	0.142162	0.039707	2.860000
834	0.608651	0.085133	-0.022840	2.860000
835	0.606345	0.022382	-0.100346	2.860000
836	0.597929	-0.014503	-0.143164	2.860000
837	0.613969	-0.035222	-0.005124	2.860000
838	0.552761	-0.037418	-0.266983	2.860000
839	0.579695	-0.077516	-0.190184	2.860000
840	0.612357	-0.004395	0.056781	2.860000
841	0.558450	-0.079562	0.245007	2.860000
842	0.612657	-0.009547	-0.052776	2.860000
843	0.574879	-0.212205	0.052036	2.860000
844	0.598882	-0.136698	0.029642	2.860000
845	0.569880	0.132417	0.189545	2.860000
846	0.602574	-0.120844	0.022951	2.860000
847	0.612844	-0.029020	0.042480	2.860000
848	0.592834	0.003366	0.163589	2.860000
849	0.602338	-0.108399	0.060528	2.860000
850	0.581380	0.032577	-0.197892	2.860000
