1	0.444503	0.261563	0.335003	-0.720000
2	0.489087	0.276570	0.250055	-0.720000
3	0.558859	0.226792	0.120280	-0.720000
4	0.574982	0.218216	-0.001370	-0.720000
5	0.518844	0.302772	-0.131740	-0.720000
6	0.606486	0.086480	0.054042	-0.720000
7	0.612097	0.059196	-0.007604	-0.720000
8	0.568441	0.191818	0.135298	-0.720000
9	0.409452	0.213259	-0.406319	-0.720000
10	0.592305	0.135459	-0.095134	-0.720000
11	0.561030	0.234736	0.091487	-0.720000
12	0.482176	0.332605	0.187364	-0.720000
13	0.515541	0.316402	0.111049	-0.720000
14	0.577851	0.168813	-0.125759	-0.720000
15	0.602767	0.061565	-0.105391	-0.720000
16	0.578568	-0.206182	0.031198	-0.720000
17	0.568496	0.020492	-0.233705	-0.720000
18	0.533560	-0.171914	-0.252951	-0.720000
19	0.610035	0.044559	0.064004	-0.720000
20	0.568969	0.233373	-0.006001	-0.720000
21	0.594601	-0.017593	0.156094	-0.720000
22	0.557089	0.258367	-0.033520	-0.720000
23	0.581849	0.026112	-0.197472	-0.720000
24	0.560690	-0.243227	-0.068496	-0.720000
25	0.611423	-0.064636	-0.014461	-0.720000
26	0.601377	0.005379	-0.128614	-0.720000
27	0.547150	-0.144538	-0.240751	-0.720000
28	0.321480	0.496291	0.169030	-0.720000
29	0.552188	0.269889	-0.021755	-0.720000
30	0.589267	0.167185	-0.055123	-0.720000
31	0.520668	0.326423	0.024035	-0.720000
32	0.568958	-0.033588	-0.231048	-0.720000
33	0.613607	-0.040776	0.006994	-0.720000
34	0.542895	0.092357	0.273789	-0.720000
35	0.454607	0.320672	0.262158	-0.720000
36	0.560423	0.237893	0.086937	-0.720000
37	0.246195	0.561566	-0.047507	-0.720000
38	0.421764	0.444199	0.055020	-0.720000
39	0.401226	0.457735	-0.087873	-0.720000
40	0.570494	0.166008	-0.158754	-0.720000
41	0.567231	0.118875	-0.205772	-0.720000
42	0.462067	0.405683	0.011848	-0.720000
43	0.574172	0.220005	-0.012206	-0.720000
44	0.573312	0.216602	-0.051204	-0.720000
45	0.517944	0.326326	0.058908	-0.720000
46	0.399177	0.373889	0.281229	-0.720000
47	0.533995	0.269760	0.142492	-0.720000
48	0.605493	0.079849	0.072303	-0.720000
49	0.483469	0.361592	-0.117192	-0.720000
50	0.600309	0.094817	0.094150	-0.720000
51	0.558640	0.116435	-0.229323	-0.720000
52	0.611668	-0.007466	0.063493	-0.720000
53	0.595176	0.123758	0.093140	-0.720000
54	0.574136	0.220268	-0.008628	-0.720000
55	0.468432	-0.266060	-0.296663	-0.720000
56	0.586121	0.087338	-0.164497	-0.720000
57	0.613762	0.038991	-0.000962	-0.720000
58	0.577216	0.202518	-0.063506	-0.720000
59	0.608292	0.066314	0.061713	-0.720000
60	0.591365	-0.072278	-0.152606	-0.720000
61	0.599899	0.126540	0.048304	-0.720000
62	0.556863	0.260754	0.011673	-0.720000
63	0.546812	0.060195	0.274952	-0.720000
64	0.510055	-0.343004	0.020418	-0.720000
65	0.586529	-0.184209	0.016617	-0.720000
66	0.575741	-0.054955	-0.209112	-0.720000
67	0.603025	0.085559	0.085236	-0.720000
68	0.596832	0.057959	-0.136594	-0.720000
69	0.584814	0.174423	-0.076124	-0.720000
70	0.511678	0.317419	0.125124	-0.720000
71	0.477811	0.323230	0.213177	-0.720000
72	0.559167	0.232553	0.107127	-0.720000
73	0.584527	0.159912	0.104794	-0.720000
74	0.594673	-0.149200	-0.048255	-0.720000
75	0.613803	0.019701	-0.032908	-0.720000
76	0.601979	-0.124852	-0.016051	-0.720000
77	0.603930	0.060826	-0.098963	-0.720000
78	0.440738	0.426791	-0.042722	-0.720000
79	0.604602	0.088765	-0.069301	-0.720000
80	0.578803	0.116458	0.172189	-0.720000
81	0.608037	0.028964	0.087618	-0.720000
82	0.583010	0.097897	0.169530	-0.720000
83	0.607079	0.081229	-0.055518	-0.720000
84	0.593489	-0.154738	-0.045303	-0.720000
85	0.563913	-0.238837	0.056424	-0.720000
86	0.596279	0.089480	0.121116	-0.720000
87	0.606411	-0.015351	0.101270	-0.720000
88	0.476603	0.100685	0.375417	-0.720000
89	0.472249	0.376717	-0.115283	-0.720000
90	0.603300	0.069844	0.096827	-0.720000
91	0.549633	-0.053410	0.270695	-0.720000
92	0.542603	0.273807	0.094004	-0.720000
93	0.584749	-0.111618	-0.154387	-0.720000
94	0.572148	0.053645	-0.219074	-0.720000
95	0.548242	0.272825	-0.056766	-0.720000
96	0.595583	0.068773	0.137026	-0.720000
97	0.586215	0.155153	-0.102492	-0.720000
98	0.577776	0.193160	0.084200	-0.720000
99	0.592715	0.122431	0.109202	-0.720000
100	0.601913	-0.104244	0.071130	-0.720000
101	0.606143	-0.099581	-0.029980	-0.720000
102	0.519848	-0.045218	-0.325482	-0.720000
103	0.614809	-0.005276	-0.014410	-0.720000
104	0.588744	0.132159	0.118910	-0.720000
105	0.590894	0.169176	-0.021189	-0.720000
106	0.548199	0.272286	-0.059693	-0.720000
107	0.552244	0.169153	-0.211278	-0.720000
108	0.606396	0.091551	0.046120	-0.720000
109	0.550954	-0.273257	0.002338	-0.720000
110	0.520508	0.078856	-0.317928	-0.720000
111	0.568491	-0.195458	-0.129766	-0.720000
112	0.601768	0.118499	0.045365	-0.720000
113	0.581505	0.181667	-0.084106	-0.720000
114	0.341409	0.436557	0.266613	-0.720000
115	0.513197	0.326491	-0.090873	-0.720000
116	0.583243	0.148397	-0.126614	-0.720000
117	0.564813	0.230462	-0.078093	-0.720000
118	0.517606	0.293173	0.156072	-0.720000
119	0.510922	0.319400	0.123156	-0.720000
120	0.542533	0.279209	0.076974	-0.720000
121	0.570994	0.214498	-0.078622	-0.720000
122	0.497971	0.354890	0.065596	-0.720000
123	0.593181	-0.128134	0.099712	-0.720000
124	0.588440	-0.091027	-0.153876	-0.720000
125	0.601900	0.096836	-0.081018	-0.720000
126	0.571764	0.223051	0.039490	-0.720000
127	0.581790	0.195973	0.036606	-0.720000
128	0.451398	0.397747	0.127526	-0.720000
129	0.581046	0.169275	-0.109349	-0.720000
130	0.593374	-0.154609	0.047203	-0.720000
131	0.614277	0.000797	-0.029804	-0.720000
132	0.467585	-0.114824	-0.382629	-0.720000
133	0.503474	-0.286067	-0.207135	-0.720000
134	0.479591	0.366837	-0.116827	-0.720000
135	0.584454	0.184963	0.049271	-0.720000
136	0.584693	0.140976	-0.128393	-0.720000
137	0.613472	0.022455	-0.037051	-0.720000
138	0.576340	-0.214303	0.011446	-0.720000
139	0.599561	0.092610	-0.100871	-0.720000
140	0.575965	0.061476	0.206664	-0.720000
141	0.595306	0.142057	0.060460	-0.720000
142	0.331019	0.510284	0.090894	-0.720000
143	0.586413	0.184591	-0.016450	-0.720000
144	0.500276	0.348162	-0.082050	-0.720000
145	0.517147	0.014692	-0.332517	-0.720000
146	0.518161	0.143886	-0.298381	-0.720000
147	0.593991	0.151706	-0.048842	-0.720000
148	0.573263	0.189456	-0.117050	-0.720000
149	0.568988	0.217152	0.085574	-0.720000
150	0.520840	0.326635	0.016129	-0.720000
151	0.614976	-0.000430	-0.005403	-0.720000
152	0.594172	0.045816	0.151939	-0.720000
153	0.580938	0.082504	-0.184197	-0.720000
154	0.611178	-0.057448	0.037235	-0.720000
155	0.610986	0.066571	-0.022120	-0.720000
156	0.541384	0.291669	0.007544	-0.720000
157	0.510515	0.335696	0.070058	-0.720000
158	0.570249	0.179651	-0.144105	-0.720000
159	0.609016	-0.071198	-0.047495	-0.720000
160	0.547424	0.150705	0.236306	-0.720000
161	0.595519	0.152197	0.020449	-0.720000
162	0.607421	0.031278	-0.091033	-0.720000
163	0.577137	0.061609	-0.203328	-0.720000
164	0.576309	0.200148	-0.077677	-0.720000
165	0.585478	0.177499	0.062726	-0.720000
166	0.596217	-0.138803	0.059022	-0.720000
167	0.566543	-0.166552	-0.171798	-0.720000
168	0.614636	-0.018925	-0.009471	-0.720000
169	0.602758	-0.064484	-0.103682	-0.720000
170	0.526476	0.186771	-0.257224	-0.720000
171	0.565074	0.184311	0.157943	-0.720000
172	0.524348	0.319521	0.034501	-0.720000
173	0.608576	0.064726	0.060592	-0.720000
174	0.601570	-0.123355	0.033505	-0.720000
175	0.555197	-0.264000	-0.016887	-0.720000
176	0.587608	0.180750	-0.016480	-0.720000
177	0.601508	0.111649	0.062828	-0.720000
178	0.573623	0.219208	-0.033617	-0.720000
179	0.587098	0.118027	-0.140038	-0.720000
180	0.562731	0.137075	0.206808	-0.720000
181	0.543000	0.285220	-0.045004	-0.720000
182	0.581767	-0.194550	-0.043838	-0.720000
183	0.563962	0.174805	-0.172091	-0.720000
184	0.579777	-0.088803	-0.184926	-0.720000
185	0.543771	-0.281353	0.058121	-0.720000
186	0.544207	0.282982	0.044554	-0.720000
187	0.611354	0.019142	0.064072	-0.720000
188	0.587783	0.170545	0.060415	-0.720000
189	0.592289	-0.026951	0.163378	-0.720000
190	0.614791	-0.005206	-0.015149	-0.720000
191	0.602265	-0.022318	-0.122491	-0.720000
192	0.608283	-0.076376	-0.048815	-0.720000
193	0.597173	0.126709	-0.074525	-0.720000
194	0.533567	0.284342	-0.112607	-0.720000
195	0.572450	0.194634	0.112444	-0.720000
196	0.548138	0.262343	0.094581	-0.720000
197	0.569205	0.232825	-0.004851	-0.720000
198	0.578533	0.087395	0.189438	-0.720000
199	0.491073	0.060317	-0.365286	-0.720000
200	0.462739	-0.099515	-0.392676	-0.720000
201	0.603765	0.029395	-0.113263	-0.720000
202	0.599020	0.033228	0.135261	-0.720000
203	0.590604	0.020196	-0.170304	-0.720000
204	0.593637	0.138048	-0.082235	-0.720000
205	0.536985	0.288037	-0.083111	-0.720000
206	0.537828	0.012263	-0.298019	-0.720000
207	0.485818	-0.274119	-0.258968	-0.720000
208	0.596434	-0.001700	-0.149964	-0.720000
209	0.575851	0.196445	0.089610	-0.720000
210	0.600105	0.119846	0.061121	-0.720000
211	0.563122	0.241101	-0.054672	-0.720000
212	0.572905	0.221961	-0.027169	-0.720000
213	0.609962	0.070088	-0.035480	-0.720000
214	0.507869	0.324429	0.122639	-0.720000
215	0.505577	0.273312	0.218899	-0.720000
216	0.454828	0.412615	0.033249	-0.720000
217	0.527211	0.312818	0.049172	-0.720000
218	0.477012	0.303189	-0.242407	-0.720000
219	0.594042	0.086892	-0.133373	-0.720000
220	0.605065	-0.097546	0.051053	-0.720000
221	0.584360	-0.008438	-0.191512	-0.720000
222	0.588208	0.134340	-0.119118	-0.720000
223	0.558313	0.257882	0.002980	-0.720000
224	0.539041	0.282546	0.088471	-0.720000
225	0.559385	0.241263	-0.084294	-0.720000
226	0.531231	0.286931	-0.117000	-0.720000
227	0.599403	0.132816	-0.036064	-0.720000
228	0.613276	-0.012948	0.044152	-0.720000
229	0.558364	-0.074188	-0.246882	-0.720000
230	0.600555	-0.124050	-0.046589	-0.720000
231	0.541066	-0.178717	-0.231371	-0.720000
232	0.517356	0.318050	0.097015	-0.720000
233	0.593560	0.139669	0.080027	-0.720000
234	0.572539	0.174528	-0.141293	-0.720000
235	0.516857	0.308949	-0.125036	-0.720000
236	0.582960	0.168949	-0.099190	-0.720000
237	0.597116	-0.097943	-0.109932	-0.720000
238	0.598101	0.127530	0.065090	-0.720000
239	0.566384	-0.080073	0.225880	-0.720000
240	0.454419	0.342243	0.233663	-0.720000
241	0.403059	0.458788	-0.072679	-0.720000
242	0.577531	0.182446	0.106754	-0.720000
243	0.445130	0.417235	-0.077456	-0.720000
244	0.574592	0.192098	0.105676	-0.720000
245	0.513777	0.275679	-0.195600	-0.720000
246	0.598951	0.138052	-0.020614	-0.720000
247	0.604265	-0.072240	-0.088714	-0.720000
248	0.612281	0.028955	-0.049984	-0.720000
249	0.552449	0.229319	0.142963	-0.720000
250	0.570784	0.226780	-0.031646	-0.720000
251	0.605256	0.076540	0.077666	-0.720000
252	0.614984	-0.000878	-0.004325	-0.720000
253	0.593123	0.154960	-0.049166	-0.720000
254	0.607318	0.094051	0.023335	-0.720000
255	0.539829	0.289032	-0.057182	-0.720000
256	0.562725	0.248120	-0.001423	-0.720000
257	0.570607	0.229032	-0.013312	-0.720000
258	0.586647	0.105503	0.151457	-0.720000
259	0.602284	-0.029066	0.120973	-0.720000
260	0.604760	0.110333	0.017801	-0.720000
261	0.522499	0.148585	0.288345	-0.720000
262	0.594141	0.154680	-0.035988	-0.720000
263	0.601130	0.114300	0.061671	-0.720000
264	0.600080	0.086305	-0.103348	-0.720000
265	0.528956	0.313480	0.012697	-0.720000
266	0.533165	0.233753	-0.198291	-0.720000
267	0.581093	0.020088	0.200380	-0.720000
268	0.494729	-0.365069	0.013899	-0.720000
269	0.592147	-0.164762	-0.020980	-0.720000
270	0.610701	0.054436	-0.048018	-0.720000
271	0.592394	0.138219	0.090496	-0.720000
272	0.599760	0.101628	-0.090468	-0.720000
273	0.569386	0.226381	0.052697	-0.720000
274	0.494500	0.299639	0.209550	-0.720000
275	0.605138	0.108913	0.013079	-0.720000
276	0.496360	0.328178	0.155406	-0.720000
277	0.602320	0.055372	0.111217	-0.720000
278	0.572993	-0.160398	0.155487	-0.720000
279	0.596593	-0.146187	0.030522	-0.720000
280	0.612921	0.050494	0.001611	-0.720000
281	0.597167	-0.075836	-0.125959	-0.720000
282	0.594921	0.155305	-0.013220	-0.720000
283	0.600944	0.123886	0.041756	-0.720000
284	0.539459	0.202075	0.215348	-0.720000
285	0.596943	-0.104842	-0.104365	-0.720000
286	0.614401	-0.025407	0.009560	-0.720000
287	0.569636	-0.192544	-0.129100	-0.720000
288	0.572208	-0.219708	0.050310	-0.720000
289	0.597915	-0.108587	0.094507	-0.720000
290	0.554714	0.235266	0.123153	-0.720000
291	0.563335	0.243908	-0.037253	-0.720000
292	0.578264	0.206150	0.036587	-0.720000
293	0.597789	0.123936	0.074247	-0.720000
294	0.605501	0.106360	-0.016745	-0.720000
295	0.581482	-0.200043	-0.009302	-0.720000
296	0.594827	-0.054782	-0.146303	-0.720000
297	0.609196	-0.081575	0.021226	-0.720000
298	0.607324	-0.022160	-0.094294	-0.720000
299	0.600427	0.085864	-0.101682	-0.720000
300	0.550472	0.272110	-0.034088	-0.720000
301	0.577784	0.208327	0.031466	-0.720000
302	0.471479	0.394532	-0.016644	-0.720000
303	0.567063	0.235610	-0.033950	-0.720000
304	0.600931	-0.124620	-0.039704	-0.720000
305	0.599441	0.116739	-0.072576	-0.720000
306	0.540347	0.156712	-0.248379	-0.720000
307	0.560519	-0.102982	-0.231168	-0.720000
308	0.610698	0.040906	0.059997	-0.720000
309	0.603268	0.067522	0.098657	-0.720000
310	0.591824	0.164060	0.032455	-0.720000
311	0.602548	0.010914	0.122646	-0.720000
312	0.588846	0.177307	-0.006908	-0.720000
313	0.598536	-0.136934	-0.035052	-0.720000
314	0.580123	0.142586	-0.146122	-0.720000
315	0.605738	0.105839	-0.010232	-0.720000
316	0.601940	0.118940	0.041786	-0.720000
317	0.538462	0.132797	0.265798	-0.720000
318	0.597290	0.144812	0.022345	-0.720000
319	0.581750	0.160319	0.118703	-0.720000
320	0.595228	0.145016	-0.053838	-0.720000
321	0.614780	-0.014003	0.008647	-0.720000
322	0.385913	0.472752	0.076173	-0.720000
323	0.433093	0.432244	0.061812	-0.720000
324	0.567707	0.236104	0.013757	-0.720000
325	0.520370	0.327485	-0.013905	-0.720000
326	0.501111	0.356489	-0.005335	-0.720000
327	0.610167	-0.076792	-0.004971	-0.720000
328	0.612680	-0.002101	-0.053324	-0.720000
329	0.543070	0.258257	-0.128855	-0.720000
330	0.543997	0.156728	-0.240268	-0.720000
331	0.501707	0.284155	0.213943	-0.720000
332	0.531081	0.230040	-0.207990	-0.720000
333	0.560999	0.244624	-0.060537	-0.720000
334	0.528276	0.241930	-0.201541	-0.720000
335	0.608753	0.071551	-0.050255	-0.720000
336	0.578786	-0.203024	-0.044869	-0.720000
337	0.566532	0.082606	-0.224596	-0.720000
338	0.579874	0.131566	0.157041	-0.720000
339	0.544169	0.286425	0.008113	-0.720000
340	0.556313	0.248524	-0.083524	-0.720000
341	0.542773	0.144548	-0.250457	-0.720000
342	0.614740	-0.015458	-0.009006	-0.720000
343	0.612848	-0.021542	-0.046666	-0.720000
344	0.584693	0.003651	-0.190645	-0.720000
345	0.601626	-0.043081	-0.120065	-0.720000
346	0.550046	0.263275	-0.079751	-0.720000
347	0.576268	0.212023	0.034446	-0.720000
348	0.562726	0.229475	-0.094370	-0.720000
349	0.560486	0.250540	-0.036194	-0.720000
350	0.568855	0.227365	0.054168	-0.720000
351	0.576044	0.183212	-0.113280	-0.720000
352	0.584868	-0.022503	0.188807	-0.720000
353	0.613123	-0.003801	0.047862	-0.720000
354	0.564816	0.243326	0.000327	-0.720000
355	0.605783	0.106067	0.001373	-0.720000
356	0.571104	0.224491	-0.040852	-0.720000
357	0.575137	0.019025	-0.216980	-0.720000
358	0.610712	0.071352	0.012841	-0.720000
359	0.524889	0.311566	-0.075122	-0.720000
360	0.593181	0.054345	0.152997	-0.720000
361	0.545227	0.279414	0.053664	-0.720000
362	0.562216	0.187578	0.164173	-0.720000
363	0.563611	0.239977	0.054582	-0.720000
364	0.577630	0.210039	-0.021261	-0.720000
365	0.583173	0.152011	0.122582	-0.720000
366	0.612578	0.049087	-0.023735	-0.720000
367	0.521407	0.317712	-0.073612	-0.720000
368	0.562442	0.225340	0.105386	-0.720000
369	0.607404	0.096127	0.006730	-0.720000
370	0.592248	0.072696	0.148939	-0.720000
371	0.600173	-0.026818	0.131523	-0.720000
372	0.606297	-0.065669	0.079474	-0.720000
373	0.609739	0.015022	-0.078854	-0.720000
374	0.607561	-0.035627	0.088460	-0.720000
375	0.566223	0.189880	0.146840	-0.720000
376	0.545086	0.276846	0.066801	-0.720000
377	0.605108	0.007981	0.109572	-0.720000
378	0.598425	-0.140202	-0.021341	-0.720000
379	0.599631	-0.126731	-0.051062	-0.720000
380	0.564347	0.147064	0.195216	-0.720000
381	0.547142	0.160103	0.230712	-0.720000
382	0.609931	0.073385	-0.028708	-0.720000
383	0.558681	0.243402	0.082803	-0.720000
384	0.512063	0.081016	0.330836	-0.720000
385	0.599554	0.077506	0.112926	-0.720000
386	0.568236	-0.227696	-0.059057	-0.720000
387	0.581290	-0.179422	0.090194	-0.720000
388	0.613273	0.030134	-0.034829	-0.720000
389	0.545331	0.267994	-0.094963	-0.720000
390	0.596143	0.003809	-0.151078	-0.720000
391	0.591183	0.114276	-0.125172	-0.720000
392	0.605048	0.049450	0.098473	-0.720000
393	0.574826	0.218570	0.005205	-0.720000
394	0.591327	-0.102376	0.134447	-0.720000
395	0.587186	-0.067808	-0.169821	-0.720000
396	0.592845	0.015929	-0.162808	-0.720000
397	0.612721	0.043672	-0.029849	-0.720000
398	0.609585	0.063389	-0.051115	-0.720000
399	0.582948	0.173224	0.091594	-0.720000
400	0.521878	0.318436	-0.066832	-0.720000
401	0.587750	0.175777	-0.043325	-0.720000
402	0.593829	-0.059995	0.148300	-0.720000
403	0.553465	0.103599	-0.247323	-0.720000
404	0.567669	0.046016	-0.232076	-0.720000
405	0.612250	0.045818	0.035714	-0.720000
406	0.604982	-0.072373	0.083572	-0.720000
407	0.573118	0.220846	0.031438	-0.720000
408	0.566399	0.232536	-0.057827	-0.720000
409	0.556209	0.255143	0.061306	-0.720000
410	0.559854	-0.092047	-0.237310	-0.720000
411	0.607731	-0.036028	-0.087123	-0.720000
412	0.542772	0.128009	-0.259301	-0.720000
413	0.601913	-0.054732	-0.113711	-0.720000
414	0.604551	0.039929	0.105589	-0.720000
415	0.552899	0.269225	0.006781	-0.720000
416	0.590064	0.153010	0.081470	-0.720000
417	0.597219	-0.146548	0.008816	-0.720000
418	0.580218	-0.023422	-0.202542	-0.720000
419	0.561585	-0.002237	-0.250685	-0.720000
420	0.607782	-0.088182	-0.032398	-0.720000
421	0.598484	0.113281	-0.084909	-0.720000
422	0.584605	0.170301	-0.086368	-0.720000
423	0.555189	0.263501	-0.023609	-0.720000
424	0.551783	0.270668	0.022346	-0.720000
425	0.524978	0.196893	0.252698	-0.720000
426	0.181603	0.544743	0.220228	-0.720000
427	0.472867	0.390392	-0.047073	-0.720000
428	0.451206	0.386831	-0.158111	-0.720000
429	0.529939	0.310484	0.031455	-0.720000
430	0.520995	0.245357	-0.215845	-0.720000
431	0.566975	0.207977	-0.116233	-0.720000
432	0.586375	-0.183173	0.028922	-0.720000
433	0.596008	-0.125128	-0.085690	-0.720000
434	0.479478	0.016844	-0.384763	-0.720000
435	0.572366	0.218148	0.055084	-0.720000
436	0.411793	0.451888	0.066701	-0.720000
437	0.400126	0.466215	0.027717	-0.720000
438	0.570717	0.166153	-0.157798	-0.720000
439	0.503350	0.248740	-0.250983	-0.720000
440	0.590760	0.118812	-0.122927	-0.720000
441	0.613731	0.011441	0.037796	-0.720000
442	0.520708	0.038280	-0.324997	-0.720000
443	0.564206	0.207582	-0.129641	-0.720000
444	0.551474	0.238007	0.132112	-0.720000
445	0.528031	0.307670	-0.068902	-0.720000
446	0.528709	0.312412	0.033030	-0.720000
447	0.567597	0.236767	0.000308	-0.720000
448	0.564662	0.201962	-0.136356	-0.720000
449	0.614783	0.016239	-0.001851	-0.720000
450	0.604487	0.113115	0.005010	-0.720000
451	0.612926	-0.046130	0.020476	-0.720000
452	0.568668	0.121784	0.200027	-0.720000
453	0.357225	0.486118	-0.119603	-0.720000
454	0.606169	0.102928	0.013783	-0.720000
455	0.567769	0.233168	0.038683	-0.720000
456	0.595645	0.143043	0.054499	-0.720000
457	0.609050	0.070682	0.047817	-0.720000
458	0.611582	0.064322	-0.007438	-0.720000
459	0.614471	-0.025185	0.003991	-0.720000
460	0.610384	0.068336	-0.031412	-0.720000
461	0.556522	0.197277	0.172017	-0.720000
462	0.574531	0.188619	-0.112079	-0.720000
463	0.572508	0.190992	0.118244	-0.720000
464	0.592758	0.102754	-0.127688	-0.720000
465	0.512214	0.210164	-0.267755	-0.720000
466	0.593555	0.155987	0.039817	-0.720000
467	0.591435	0.049952	0.161044	-0.720000
468	0.592423	0.148640	-0.071874	-0.720000
469	0.609213	0.038469	0.074861	-0.720000
470	0.566045	0.077136	0.227744	-0.720000
471	0.582157	0.193684	0.042485	-0.720000
472	0.606567	0.059016	0.082577	-0.720000
473	0.575542	0.199682	-0.084282	-0.720000
474	0.559029	0.219131	-0.133018	-0.720000
475	0.596209	0.126612	-0.082035	-0.720000
476	0.597846	0.142659	-0.021304	-0.720000
477	0.606053	0.024910	-0.101510	-0.720000
478	0.598721	0.083949	0.112740	-0.720000
479	0.517121	0.225776	0.244615	-0.720000
480	0.591260	0.042068	0.163912	-0.720000
481	0.610467	-0.052458	0.052948	-0.720000
482	0.614911	0.005468	-0.008940	-0.720000
483	0.596111	0.009820	-0.150933	-0.720000
484	0.614528	-0.001354	-0.024045	-0.720000
485	0.550978	0.186880	-0.199309	-0.720000
486	0.536557	0.257487	0.155022	-0.720000
487	0.599487	0.086282	0.106752	-0.720000
488	0.553755	0.119940	0.239154	-0.720000
489	0.596746	0.089893	-0.118485	-0.720000
490	0.608999	-0.083731	-0.018302	-0.720000
491	0.611523	-0.040399	0.051303	-0.720000
492	0.571181	0.162526	0.159884	-0.720000
493	0.587093	0.120606	0.137842	-0.720000
494	0.602915	0.003176	0.121279	-0.720000
495	0.538191	-0.038848	0.295070	-0.720000
496	0.604771	0.044740	0.102347	-0.720000
497	0.604058	0.077579	-0.085558	-0.720000
498	0.608148	-0.029721	0.086586	-0.720000
499	0.583966	-0.190380	0.031052	-0.720000
500	0.599114	-0.015564	-0.138004	-0.720000
501	0.588314	0.179193	0.000999	-0.720000
502	0.559883	0.059997	-0.247299	-0.720000
503	0.608705	0.079665	-0.036833	-0.720000
504	0.609660	0.030710	-0.074809	-0.720000
505	0.577445	0.207997	0.038981	-0.720000
506	0.601704	0.118546	-0.046088	-0.720000
507	0.596838	-0.027092	-0.145863	-0.720000
508	0.566967	-0.219439	-0.092842	-0.720000
509	0.613956	-0.032634	0.014784	-0.720000
510	0.582441	0.090481	-0.175501	-0.720000
511	0.610709	-0.071726	-0.010721	-0.720000
512	0.597359	0.084759	-0.119176	-0.720000
513	0.560960	0.151939	-0.201155	-0.720000
514	0.523570	0.288508	0.144439	-0.720000
515	0.562478	0.245469	0.039850	-0.720000
516	0.614302	-0.023478	-0.017520	-0.720000
517	0.614457	0.010523	-0.023587	-0.720000
518	0.570475	-0.086385	-0.212888	-0.720000
519	0.508969	-0.116140	-0.325095	-0.720000
520	0.595746	-0.147647	0.038883	-0.720000
521	0.518640	0.149451	-0.294791	-0.720000
522	0.552610	0.184617	0.196884	-0.720000
523	0.465338	0.376811	-0.140353	-0.720000
524	0.473531	0.219588	0.325230	-0.720000
525	0.610797	-0.030330	-0.065054	-0.720000
526	0.613731	-0.024041	-0.031335	-0.720000
527	0.558685	-0.163291	-0.198575	-0.720000
528	0.612715	-0.039357	0.035450	-0.720000
529	0.601828	0.089469	-0.089572	-0.720000
530	0.490957	0.341890	0.142470	-0.720000
531	0.589747	0.166214	0.052886	-0.720000
532	0.611331	0.006469	-0.066767	-0.720000
533	0.608270	0.089176	0.016739	-0.720000
534	0.581597	-0.151150	-0.130857	-0.720000
535	0.524466	-0.225784	-0.228435	-0.720000
536	0.601762	-0.125383	-0.019655	-0.720000
537	0.610095	-0.055879	0.053725	-0.720000
538	0.581293	0.200802	0.001261	-0.720000
539	0.445888	0.381356	0.184327	-0.720000
540	0.605857	0.105444	-0.006655	-0.720000
541	0.559620	0.254730	0.012760	-0.720000
542	0.498835	0.267567	0.240409	-0.720000
543	0.538134	0.262869	-0.139774	-0.720000
544	0.449177	0.390637	-0.154491	-0.720000
545	0.574175	0.218712	-0.026717	-0.720000
546	0.592264	0.090921	-0.138500	-0.720000
547	0.520195	0.232331	-0.231612	-0.720000
548	0.587805	0.170232	0.061086	-0.720000
549	0.503628	-0.339308	-0.097232	-0.720000
550	0.613078	-0.000355	-0.048584	-0.720000
551	0.485232	0.377807	0.006094	-0.720000
552	0.532612	0.291765	0.097071	-0.720000
553	0.582958	0.183585	-0.068423	-0.720000
554	0.565045	0.079955	-0.229252	-0.720000
555	0.588078	0.088451	-0.156734	-0.720000
556	0.590082	0.065531	-0.160419	-0.720000
557	0.562608	-0.032055	-0.246312	-0.720000
558	0.609971	-0.016832	-0.076658	-0.720000
559	0.599537	0.029891	-0.133741	-0.720000
560	0.490738	0.370625	-0.006238	-0.720000
561	0.529010	0.312662	-0.024821	-0.720000
562	0.536034	0.301462	0.003619	-0.720000
563	0.613245	0.028960	0.036281	-0.720000
564	0.612276	0.055150	-0.017356	-0.720000
565	0.603789	0.114818	0.021922	-0.720000
566	0.606312	0.066755	-0.078454	-0.720000
567	0.559587	0.244384	-0.073242	-0.720000
568	0.559647	0.247565	0.061087	-0.720000
569	0.560595	0.200194	-0.154536	-0.720000
570	0.605499	0.048664	-0.096062	-0.720000
571	0.521629	0.306538	-0.110286	-0.720000
572	0.594585	0.156342	-0.015832	-0.720000
573	0.609416	0.028439	0.077640	-0.720000
574	0.536211	0.097123	0.285078	-0.720000
575	0.608530	0.009301	-0.088487	-0.720000
576	0.564571	0.236575	-0.059305	-0.720000
577	0.538580	0.222476	-0.196624	-0.720000
578	0.598181	0.142596	0.008387	-0.720000
579	0.606029	0.104134	0.010473	-0.720000
580	0.483220	0.366112	-0.103374	-0.720000
581	0.598269	0.080771	-0.117370	-0.720000
582	0.544791	0.185627	0.216726	-0.720000
583	0.573140	-0.038896	0.219595	-0.720000
584	0.582410	0.000964	0.197541	-0.720000
585	0.577843	0.204579	0.049700	-0.720000
586	0.559760	0.217250	-0.133025	-0.720000
587	0.591353	0.160939	0.051243	-0.720000
588	0.530853	0.286222	0.120403	-0.720000
589	0.612026	0.045483	-0.039748	-0.720000
590	0.585762	0.046636	-0.181475	-0.720000
591	0.582818	-0.027717	-0.194372	-0.720000
592	0.580241	-0.123627	-0.162056	-0.720000
593	0.549208	0.205946	0.184884	-0.720000
594	0.599860	0.123565	0.055895	-0.720000
595	0.609653	-0.064912	0.048316	-0.720000
596	0.604634	0.081683	-0.077269	-0.720000
597	0.589960	0.084716	0.151643	-0.720000
598	0.603541	0.105036	0.054141	-0.720000
599	0.608422	-0.081374	-0.037758	-0.720000
600	0.603824	0.116659	0.003527	-0.720000
601	0.594758	0.147562	0.052086	-0.720000
602	0.560600	0.251201	0.029156	-0.720000
603	0.589158	-0.042957	0.171092	-0.720000
604	0.596362	-0.113627	-0.098317	-0.720000
605	0.585163	0.166535	0.089862	-0.720000
606	0.600057	0.127408	0.043861	-0.720000
607	0.613797	0.037173	-0.009843	-0.720000
608	0.607291	-0.096718	-0.008257	-0.720000
609	0.611287	0.015156	-0.065750	-0.720000
610	0.577446	0.184059	-0.104419	-0.720000
611	0.591671	0.067616	-0.153551	-0.720000
612	0.614069	0.028565	0.018135	-0.720000
613	0.597375	0.144403	0.022699	-0.720000
614	0.581229	0.152467	0.130966	-0.720000
615	0.585676	-0.014237	-0.187097	-0.720000
616	0.590181	0.143901	-0.095937	-0.720000
617	0.582082	0.060771	-0.188979	-0.720000
618	0.598465	-0.004388	-0.141581	-0.720000
619	0.608951	-0.082303	-0.025095	-0.720000
620	0.514899	0.308177	-0.134653	-0.720000
621	0.516448	0.330216	0.049640	-0.720000
622	0.582733	0.186508	-0.062148	-0.720000
623	0.609267	-0.080792	-0.022154	-0.720000
624	0.584474	-0.157900	-0.108087	-0.720000
625	0.590318	-0.118118	-0.125690	-0.720000
626	0.599163	0.118000	-0.072833	-0.720000
627	0.609997	-0.014671	-0.076902	-0.720000
628	0.595272	0.145807	-0.051151	-0.720000
629	0.601118	0.057712	0.116410	-0.720000
630	0.597556	0.085649	0.117544	-0.720000
631	0.586718	-0.161047	-0.089729	-0.720000
632	0.603762	0.083386	-0.082113	-0.720000
633	0.604108	-0.099823	-0.057565	-0.720000
634	0.611072	0.068707	-0.009759	-0.720000
635	0.398544	0.456517	0.104784	-0.720000
636	0.462732	0.290828	0.281999	-0.720000
637	0.611538	-0.038714	-0.052413	-0.720000
638	0.576954	0.198934	-0.075988	-0.720000
639	0.360841	0.481387	0.127613	-0.720000
640	0.487057	0.344236	-0.150008	-0.720000
641	0.510884	0.302940	-0.159531	-0.720000
642	0.594972	0.001351	-0.155666	-0.720000
643	0.596632	0.121184	-0.087003	-0.720000
644	0.562884	0.117132	-0.218328	-0.720000
645	0.609463	-0.074417	-0.035250	-0.720000
646	0.518474	-0.185630	-0.273773	-0.720000
647	0.569026	-0.232692	-0.017004	-0.720000
648	0.535841	0.295653	-0.060739	-0.720000
649	0.410247	0.454918	0.054513	-0.720000
650	0.406106	0.326681	0.326470	-0.720000
651	0.585193	0.188937	0.008782	-0.720000
652	0.539659	0.079817	-0.283941	-0.720000
653	0.571612	0.220015	-0.055483	-0.720000
654	0.572960	0.218323	-0.047713	-0.720000
655	0.546646	-0.239580	-0.148339	-0.720000
656	0.613853	0.036516	0.008704	-0.720000
657	0.593513	0.150952	0.056400	-0.720000
658	0.544212	0.186390	-0.217526	-0.720000
659	0.602563	0.017357	0.121824	-0.720000
660	0.583646	0.191976	0.026984	-0.720000
661	0.608000	0.091421	-0.014276	-0.720000
662	0.564415	0.242591	-0.028472	-0.720000
663	0.558441	0.173402	-0.190526	-0.720000
664	0.576304	-0.036367	0.211604	-0.720000
665	0.582061	0.187150	0.066371	-0.720000
666	0.513841	0.292720	-0.168841	-0.720000
667	0.543113	0.268175	-0.106469	-0.720000
668	0.538364	0.223399	0.196168	-0.720000
669	0.605266	-0.023596	-0.106403	-0.720000
670	0.578604	0.117690	-0.172022	-0.720000
671	0.607568	0.085581	-0.041971	-0.720000
672	0.563281	-0.013285	0.246502	-0.720000
673	0.579939	0.006548	0.204579	-0.720000
674	0.427241	0.233085	0.375980	-0.720000
675	0.603991	0.115654	-0.006635	-0.720000
676	0.560770	0.243001	-0.068651	-0.720000
677	0.557972	0.256586	-0.032487	-0.720000
678	0.568507	0.222561	-0.074103	-0.720000
679	0.595591	0.151251	0.024887	-0.720000
680	0.554885	0.247618	0.094936	-0.720000
681	0.604380	0.112575	0.016629	-0.720000
682	0.549639	0.155863	0.227659	-0.720000
683	0.503943	0.266275	0.231007	-0.720000
684	0.606469	-0.046355	0.090950	-0.720000
685	0.600538	-0.009150	-0.132271	-0.720000
686	0.575779	0.212238	-0.040733	-0.720000
687	0.614270	0.014653	0.026116	-0.720000
688	0.587748	0.175601	-0.044067	-0.720000
689	0.601108	0.028706	-0.126766	-0.720000
690	0.486950	0.358088	0.113481	-0.720000
691	0.603101	0.078324	0.091428	-0.720000
692	0.518168	0.106364	0.313709	-0.720000
693	0.594683	0.004305	-0.156711	-0.720000
694	0.567339	-0.236347	-0.022164	-0.720000
695	0.595787	-0.117365	0.097410	-0.720000
696	0.566199	0.239159	0.021135	-0.720000
697	0.613563	0.035949	-0.021749	-0.720000
698	0.607776	-0.002370	0.093954	-0.720000
699	0.607069	0.064384	0.074477	-0.720000
700	0.607196	0.097643	-0.002055	-0.720000
701	0.578757	-0.190133	0.084350	-0.720000
702	0.605999	-0.102438	-0.022283	-0.720000
703	0.574986	-0.178581	0.125399	-0.720000
704	0.608949	0.083730	-0.019893	-0.720000
705	0.594704	0.107997	-0.113530	-0.720000
706	0.602535	0.092643	0.081205	-0.720000
707	0.612410	0.007928	0.055818	-0.720000
708	0.612610	-0.049196	0.022675	-0.720000
709	0.577226	0.160619	0.138698	-0.720000
710	0.586410	0.145686	0.114562	-0.720000
711	0.606902	-0.020491	-0.097341	-0.720000
712	0.585567	-0.086417	0.166939	-0.720000
713	0.538311	-0.273661	-0.116428	-0.720000
714	0.563621	0.056972	-0.239396	-0.720000
715	0.578340	0.179397	-0.107542	-0.720000
716	0.613317	-0.045449	-0.001055	-0.720000
717	0.592113	0.142719	-0.085194	-0.720000
718	0.612177	0.051062	0.029276	-0.720000
719	0.573671	0.221133	0.015077	-0.720000
720	0.598447	0.115606	0.081983	-0.720000
721	0.605869	0.099237	-0.036057	-0.720000
722	0.591516	0.142604	0.089428	-0.720000
723	0.577555	-0.107248	-0.182080	-0.720000
724	0.586876	0.039311	-0.179600	-0.720000
725	0.485356	0.330342	-0.183108	-0.720000
726	0.600360	0.005456	0.133277	-0.720000
727	0.527403	0.315930	0.016112	-0.720000
728	0.475427	0.344032	0.183947	-0.720000
729	0.598390	-0.022514	-0.140170	-0.720000
730	0.521112	-0.272028	-0.180744	-0.720000
731	0.602169	-0.062014	-0.108497	-0.720000
732	0.611646	0.060026	-0.022609	-0.720000
733	0.561560	-0.108029	-0.226285	-0.720000
734	0.586770	0.176551	-0.052497	-0.720000
735	0.540455	0.246478	0.159315	-0.720000
736	0.480911	0.293627	0.246440	-0.720000
737	0.553676	0.163558	0.211934	-0.720000
738	0.523198	-0.284990	-0.152545	-0.720000
739	0.561404	-0.236171	0.085285	-0.720000
740	0.596804	-0.084536	-0.122079	-0.720000
741	0.533002	-0.110331	0.286287	-0.720000
742	0.514765	0.324767	-0.088138	-0.720000
743	0.444890	0.408654	0.115327	-0.720000
744	0.597447	0.057739	0.133969	-0.720000
745	0.603356	0.084382	0.084058	-0.720000
746	0.573527	0.040321	0.218325	-0.720000
747	0.244888	0.564137	-0.002092	-0.720000
748	0.443961	0.393688	0.161656	-0.720000
749	0.193927	0.502552	-0.296748	-0.720000
750	0.605417	0.027102	-0.104693	-0.720000
751	0.542776	0.172573	-0.232030	-0.720000
752	0.500650	0.255917	-0.249160	-0.720000
753	0.366605	-0.459849	-0.179901	-0.720000
754	0.522819	-0.313556	-0.081045	-0.720000
755	0.428435	0.407471	-0.169220	-0.720000
756	0.542481	0.288472	-0.026903	-0.720000
757	0.325051	0.496182	-0.162390	-0.720000
758	0.548988	0.225514	-0.161183	-0.720000
759	0.602331	-0.003703	-0.124133	-0.720000
760	0.604740	-0.106966	0.032753	-0.720000
761	0.610065	-0.036569	-0.068622	-0.720000
762	0.514159	0.205959	-0.267296	-0.720000
763	0.540392	0.282959	-0.078332	-0.720000
764	0.476201	0.356368	0.156394	-0.720000
765	0.606463	0.084806	0.056880	-0.720000
766	0.548697	0.268183	-0.072350	-0.720000
767	0.566738	0.235487	0.039744	-0.720000
768	0.583592	0.135793	-0.138584	-0.720000
769	0.566746	-0.043241	-0.234849	-0.720000
770	0.544670	-0.182055	-0.220035	-0.720000
771	0.496559	0.149901	-0.330430	-0.720000
772	0.613945	0.035687	-0.004778	-0.720000
773	0.600483	0.124412	0.046546	-0.720000
774	0.614695	0.012649	-0.014674	-0.720000
775	0.548518	0.267634	-0.075662	-0.720000
776	0.606676	0.043204	0.091116	-0.720000
777	0.550849	-0.015601	0.273033	-0.720000
778	0.580357	0.171331	0.109802	-0.720000
779	0.613867	0.008182	0.036407	-0.720000
780	0.570483	0.203888	0.105847	-0.720000
781	0.563382	0.153507	-0.193033	-0.720000
782	0.522619	0.092785	-0.310620	-0.720000
783	0.588591	0.145163	0.103507	-0.720000
784	0.587657	0.174747	0.048460	-0.720000
785	0.603459	0.110986	0.041771	-0.720000
786	0.483550	0.119663	0.360673	-0.720000
787	0.591505	-0.164501	0.035863	-0.720000
788	0.576482	0.177733	0.119602	-0.720000
789	0.568145	0.207019	-0.112157	-0.720000
790	0.542942	0.254667	0.136322	-0.720000
791	0.572006	0.171556	0.146981	-0.720000
792	0.490643	0.343728	-0.139089	-0.720000
793	0.556854	0.011667	-0.260773	-0.720000
794	0.545624	0.265342	0.100566	-0.720000
795	0.614481	-0.009898	-0.023238	-0.720000
796	0.574424	0.135168	-0.173182	-0.720000
797	0.577890	0.181886	0.105766	-0.720000
798	0.601465	0.036804	-0.122925	-0.720000
799	0.580370	-0.161928	-0.123188	-0.720000
800	0.540291	0.285472	0.069397	-0.720000
801	0.576007	0.147612	0.157007	-0.720000
802	0.595167	0.136419	0.073422	-0.720000
803	0.536421	-0.171320	0.247238	-0.720000
804	0.597084	-0.035672	0.142981	-0.720000
805	0.613870	-0.037192	-0.002319	-0.720000
806	0.574652	-0.113979	0.187108	-0.720000
807	0.603893	0.097167	0.064003	-0.720000
808	0.586664	0.037606	0.180656	-0.720000
809	0.613993	-0.011989	0.033071	-0.720000
810	0.603459	0.118306	-0.008082	-0.720000
811	0.611453	-0.036092	0.055202	-0.720000
812	0.592259	0.026285	-0.163596	-0.720000
813	0.608353	-0.009990	-0.089620	-0.720000
814	0.577834	0.210426	-0.007376	-0.720000
815	0.614150	0.029125	-0.014029	-0.720000
816	0.607916	0.088185	0.029770	-0.720000
817	0.582467	0.131531	0.147164	-0.720000
818	0.457780	0.373929	0.169823	-0.720000
819	0.609910	0.068335	0.039560	-0.720000
820	0.580487	-0.182835	-0.088492	-0.720000
821	0.512840	-0.209640	-0.266967	-0.720000
822	0.610364	0.066690	0.035112	-0.720000
823	0.604001	0.022421	-0.113601	-0.720000
824	0.601291	-0.122896	0.039635	-0.720000
825	0.469767	0.325357	-0.227347	-0.720000
826	0.537089	0.233617	0.187571	-0.720000
827	0.595033	-0.141056	-0.065298	-0.720000
828	0.613033	0.038834	-0.030116	-0.720000
829	0.614657	0.002633	-0.020358	-0.720000
830	0.545396	-0.188947	-0.212291	-0.720000
831	0.550392	-0.227501	-0.153418	-0.720000
832	0.601316	-0.031715	0.125054	-0.720000
833	0.577710	0.113468	0.177765	-0.720000
834	0.478008	0.386820	0.010172	-0.720000
835	0.539747	-0.253848	-0.149865	-0.720000
836	0.588004	-0.172763	0.051279	-0.720000
837	0.597348	-0.142710	0.032158	-0.720000
838	0.591269	0.119049	0.120222	-0.720000
839	0.544250	0.266606	-0.104587	-0.720000
840	0.565213	0.215820	0.110367	-0.720000
841	0.485332	0.343800	0.156459	-0.720000
842	0.588891	0.009606	0.177033	-0.720000
843	0.558839	-0.254751	-0.032033	-0.720000
844	0.526440	-0.267068	0.172514	-0.720000
845	0.604657	0.009447	-0.111920	-0.720000
846	0.539899	0.041586	0.291555	-0.720000
847	0.606610	-0.048354	0.088943	-0.720000
848	0.549218	0.171962	0.216827	-0.720000
849	0.535739	0.101264	0.284526	-0.720000
850	0.593914	0.143719	-0.069538	-0.720000
