1	0.501803	0.352315	-0.047887	-1.180000
2	0.588444	0.162025	0.075543	-1.180000
3	0.090861	0.473570	-0.381707	-1.180000
4	0.215276	0.464128	0.341272	-1.180000
5	0.352745	0.386618	-0.322991	-1.180000
6	0.522003	0.264608	-0.188998	-1.180000
7	0.464544	0.381586	-0.129677	-1.180000
8	0.338927	0.433734	-0.274278	-1.180000
9	0.221455	0.571189	-0.054090	-1.180000
10	0.428934	0.432320	-0.085676	-1.180000
11	0.499363	0.355547	-0.049481	-1.180000
12	0.263948	0.546786	-0.097883	-1.180000
13	0.407431	0.429387	-0.166888	-1.180000
14	0.516051	0.313864	-0.115783	-1.180000
15	0.413651	0.339670	-0.302889	-1.180000
16	0.496834	0.358709	-0.052044	-1.180000
17	0.450120	0.418645	-0.018801	-1.180000
18	0.357187	0.500637	0.002122	-1.180000
19	0.466628	0.390927	0.087522	-1.180000
20	0.294444	0.539148	0.029097	-1.180000
21	0.511029	0.342161	-0.000192	-1.180000
22	0.302627	0.470144	-0.256137	-1.180000
23	0.274087	0.550543	-0.001965	-1.180000
24	0.517012	0.325506	0.070494	-1.180000
25	0.479392	0.383431	0.037262	-1.180000
26	0.508113	0.312098	-0.150470	-1.180000
27	0.521180	0.189208	-0.266076	-1.180000
28	0.406673	0.439003	0.141840	-1.180000
29	0.516945	0.322960	0.081792	-1.180000
30	0.459033	0.400071	-0.086355	-1.180000
31	0.260268	0.555974	0.037137	-1.180000
32	0.492385	0.308033	-0.202233	-1.180000
33	0.519173	0.300559	0.135455	-1.180000
34	0.422663	0.431926	0.114106	-1.180000
35	0.522460	0.298727	0.126579	-1.180000
36	0.548386	0.139680	-0.240805	-1.180000
37	0.541759	0.282268	-0.071042	-1.180000
38	0.456198	0.404274	-0.081678	-1.180000
39	0.588452	0.106824	-0.143312	-1.180000
40	0.579404	0.167208	-0.120657	-1.180000
41	0.563777	0.245481	-0.010917	-1.180000
42	0.509934	0.340555	-0.047062	-1.180000
43	0.406538	0.446376	-0.117048	-1.180000
44	0.534721	0.294860	0.073181	-1.180000
45	0.569725	-0.098551	0.209585	-1.180000
46	0.577556	0.210727	-0.015757	-1.180000
47	0.587059	0.152168	0.102137	-1.180000
48	0.590399	0.112442	0.130424	-1.180000
49	0.507384	0.199868	-0.284323	-1.180000
50	0.487050	0.368601	0.071695	-1.180000
51	0.507093	0.327268	0.118226	-1.180000
52	0.563054	0.212670	0.126358	-1.180000
53	0.587927	0.177982	-0.029826	-1.180000
54	0.379442	0.136138	0.464451	-1.180000
55	0.608662	0.066649	0.057559	-1.180000
56	0.577407	0.209064	-0.033442	-1.180000
57	0.606052	0.075694	0.072082	-1.180000
58	0.596085	0.119232	0.093231	-1.180000
59	0.598706	-0.007100	-0.140446	-1.180000
60	0.589760	-0.172930	0.022427	-1.180000
61	0.574554	0.219153	-0.009204	-1.180000
62	0.477326	0.321637	0.216644	-1.180000
63	0.555359	0.193465	0.179925	-1.180000
64	0.525972	-0.291465	-0.128944	-1.180000
65	0.610265	-0.075738	-0.008053	-1.180000
66	0.592453	-0.156962	0.050867	-1.180000
67	0.609951	-0.070160	-0.035527	-1.180000
68	0.601109	0.090259	0.093522	-1.180000
69	0.474701	0.386162	0.061343	-1.180000
70	0.587974	0.148331	-0.102515	-1.180000
71	0.599915	0.135315	-0.004133	-1.180000
72	0.561685	0.250290	-0.009466	-1.180000
73	0.570010	-0.164035	0.162500	-1.180000
74	0.588072	-0.172925	0.049936	-1.180000
75	0.557364	-0.026191	0.258620	-1.180000
76	0.580471	-0.046075	0.197878	-1.180000
77	0.576331	0.118420	0.179010	-1.180000
78	0.517908	0.278346	0.180334	-1.180000
79	0.555253	0.261507	0.039161	-1.180000
80	0.474280	0.387356	0.056912	-1.180000
81	0.529078	-0.007746	0.313435	-1.180000
82	0.437583	0.086601	0.423374	-1.180000
83	0.589954	0.166098	-0.050904	-1.180000
84	0.599658	0.029138	-0.133364	-1.180000
85	0.514389	0.304833	-0.143895	-1.180000
86	0.604320	0.111776	0.022983	-1.180000
87	0.588064	-0.027021	-0.177978	-1.180000
88	0.519616	0.278439	0.175201	-1.180000
89	0.607400	-0.094904	-0.016845	-1.180000
90	0.582675	0.191134	0.046723	-1.180000
91	0.592100	0.139737	-0.090088	-1.180000
92	0.570404	-0.197136	0.118327	-1.180000
93	0.599430	-0.120036	0.067081	-1.180000
94	0.609580	0.019912	-0.079000	-1.180000
95	0.511840	0.121317	-0.318633	-1.180000
96	0.575361	0.158762	-0.148253	-1.180000
97	0.559661	-0.012797	-0.254639	-1.180000
98	0.603471	-0.009181	0.118165	-1.180000
99	0.599409	-0.122625	-0.062421	-1.180000
100	0.511357	0.047601	0.338339	-1.180000
101	0.613939	-0.023245	0.027626	-1.180000
102	0.609329	0.039081	0.073597	-1.180000
103	0.500865	0.239186	-0.264858	-1.180000
104	0.559893	-0.086591	-0.239263	-1.180000
105	0.547062	0.114135	-0.256751	-1.180000
106	0.581549	0.115487	-0.163367	-1.180000
107	0.565497	0.068959	-0.231696	-1.180000
108	0.572476	0.143957	-0.172547	-1.180000
109	0.601770	-0.092742	-0.086583	-1.180000
110	0.575260	-0.024162	0.216141	-1.180000
111	0.596239	0.076240	-0.130045	-1.180000
112	0.508659	0.345648	-0.004299	-1.180000
113	0.377891	-0.002740	-0.485197	-1.180000
114	0.523170	0.024477	-0.322364	-1.180000
115	0.465128	0.113700	-0.385944	-1.180000
116	0.600977	0.084417	0.099626	-1.180000
117	0.473833	0.146425	-0.363686	-1.180000
118	0.412470	0.453765	-0.046803	-1.180000
119	0.353698	0.477122	0.159618	-1.180000
120	0.221121	0.569248	0.072713	-1.180000
121	0.475492	0.383246	-0.072487	-1.180000
122	0.508990	0.292292	-0.183628	-1.180000
123	0.541485	0.237360	-0.169349	-1.180000
124	0.411588	0.453678	0.054735	-1.180000
125	0.251878	0.531133	-0.180777	-1.180000
126	0.381762	0.476057	0.076500	-1.180000
127	0.308338	0.530130	-0.045990	-1.180000
128	0.214836	0.571211	0.076082	-1.180000
129	0.424853	0.439624	-0.066750	-1.180000
130	0.411087	0.432770	-0.148130	-1.180000
131	0.528931	0.304204	-0.076926	-1.180000
132	0.531373	0.308330	0.028289	-1.180000
133	0.487578	0.315159	-0.202897	-1.180000
134	0.484061	0.377480	-0.037663	-1.180000
135	0.426018	0.434089	0.091106	-1.180000
136	0.432771	0.339483	-0.275111	-1.180000
137	0.413039	0.412237	-0.194125	-1.180000
138	0.458501	0.344902	-0.221460	-1.180000
139	0.495109	0.364807	-0.002845	-1.180000
140	0.414322	0.453912	-0.022947	-1.180000
141	0.518518	0.319362	-0.085859	-1.180000
142	0.516578	0.293264	0.159276	-1.180000
143	0.567062	0.188530	-0.145333	-1.180000
144	0.575765	0.177187	-0.123794	-1.180000
145	0.486467	0.316067	-0.204148	-1.180000
146	0.479608	0.381564	-0.051084	-1.180000
147	0.376919	0.484210	-0.041198	-1.180000
148	0.533860	0.294469	-0.080662	-1.180000
149	0.606924	0.034498	-0.093158	-1.180000
150	0.587059	0.134059	-0.124958	-1.180000
151	0.580288	0.168418	-0.114568	-1.180000
152	0.530535	0.310446	0.019508	-1.180000
153	0.574361	0.187570	-0.114679	-1.180000
154	0.354448	0.487955	-0.120381	-1.180000
155	0.427437	0.439999	-0.043857	-1.180000
156	0.566215	0.216921	0.102812	-1.180000
157	0.557905	0.140545	0.217288	-1.180000
158	0.605972	0.098836	-0.035421	-1.180000
159	0.608823	0.037226	-0.078571	-1.180000
160	0.566091	0.115390	-0.210833	-1.180000
161	0.564901	0.112705	0.215429	-1.180000
162	0.582744	-0.005879	-0.196467	-1.180000
163	0.596231	0.078077	0.128986	-1.180000
164	0.551203	0.255240	-0.096189	-1.180000
165	0.516774	0.190302	0.273779	-1.180000
166	0.582360	0.116797	0.159500	-1.180000
167	0.555534	0.238718	0.112343	-1.180000
168	0.496073	-0.002921	0.363494	-1.180000
169	0.600885	0.121421	0.049188	-1.180000
170	0.614870	-0.012054	0.003757	-1.180000
171	0.565456	0.240879	0.021484	-1.180000
172	0.582923	0.193643	0.030458	-1.180000
173	0.575076	0.216227	0.027547	-1.180000
174	0.570818	-0.228893	0.000281	-1.180000
175	0.604973	-0.091672	-0.061882	-1.180000
176	0.578620	0.003495	0.208354	-1.180000
177	0.614365	0.027457	-0.005178	-1.180000
178	0.609690	0.016802	-0.078875	-1.180000
179	0.573465	0.211031	0.069493	-1.180000
180	0.572973	0.222890	-0.015722	-1.180000
181	0.545363	-0.055938	0.278702	-1.180000
182	0.586289	-0.149911	0.109623	-1.180000
183	0.568058	0.053180	0.229580	-1.180000
184	0.584791	0.184867	0.045481	-1.180000
185	0.599473	0.091558	0.102343	-1.180000
186	0.606740	0.098493	0.019776	-1.180000
187	0.599679	0.048130	0.127644	-1.180000
188	0.577683	0.205516	0.047646	-1.180000
189	0.541542	0.264072	0.123385	-1.180000
190	0.530213	0.172503	0.259503	-1.180000
191	0.593491	-0.125806	-0.100830	-1.180000
192	0.612030	-0.054157	-0.026678	-1.180000
193	0.603181	-0.014881	-0.119061	-1.180000
194	0.578959	0.148316	-0.145032	-1.180000
195	0.604064	0.058929	-0.099294	-1.180000
196	0.586755	0.007373	0.184091	-1.180000
197	0.592450	0.004677	-0.164944	-1.180000
198	0.579558	-0.205565	0.008947	-1.180000
199	0.579390	0.060543	0.197148	-1.180000
200	0.599340	0.109888	-0.083312	-1.180000
201	0.583331	0.156408	-0.116132	-1.180000
202	0.576005	0.144309	-0.160058	-1.180000
203	0.582145	0.111709	-0.163868	-1.180000
204	0.589595	0.174264	0.015315	-1.180000
205	0.593319	0.155797	0.043879	-1.180000
206	0.572472	-0.032038	0.222428	-1.180000
207	0.590914	-0.024669	0.168633	-1.180000
208	0.574143	0.215202	0.047673	-1.180000
209	0.568714	0.127881	-0.196050	-1.180000
210	0.572564	0.201462	-0.099040	-1.180000
211	0.562756	0.246704	-0.025850	-1.180000
212	0.570527	-0.036723	-0.226662	-1.180000
213	0.536575	-0.010916	-0.300321	-1.180000
214	0.481343	0.382524	-0.014461	-1.180000
215	0.286405	0.543946	-0.017876	-1.180000
216	0.199805	0.572253	-0.104064	-1.180000
217	0.349610	0.482431	-0.152506	-1.180000
218	0.450175	0.351724	-0.227724	-1.180000
219	0.452414	0.395300	-0.131470	-1.180000
220	0.456186	0.376082	-0.169358	-1.180000
221	0.413436	0.390295	-0.234449	-1.180000
222	0.369240	0.491023	0.027982	-1.180000
223	0.385212	0.473589	-0.074499	-1.180000
224	0.524370	0.313860	0.068943	-1.180000
225	0.468247	0.398651	0.006850	-1.180000
226	0.286368	0.540196	0.066383	-1.180000
227	0.446510	0.297708	-0.300373	-1.180000
228	0.396329	0.447169	-0.145564	-1.180000
229	0.539110	0.295612	-0.014108	-1.180000
230	0.426421	0.417736	-0.147942	-1.180000
231	0.253606	0.458173	-0.322470	-1.180000
232	0.375690	0.486898	-0.003577	-1.180000
233	0.440351	0.410506	0.125701	-1.180000
234	0.451853	0.417123	-0.007900	-1.180000
235	0.343109	0.485252	-0.158214	-1.180000
236	0.348094	0.462641	-0.207410	-1.180000
237	0.456742	0.358459	-0.202779	-1.180000
238	0.429303	0.439770	0.022945	-1.180000
239	0.531513	0.308767	0.019557	-1.180000
240	0.601810	0.080994	0.097415	-1.180000
241	0.459600	0.406423	-0.042580	-1.180000
242	0.484585	0.376003	-0.044983	-1.180000
243	0.507479	0.288747	-0.193172	-1.180000
244	0.421230	0.438980	-0.089926	-1.180000
245	0.502475	0.347949	-0.068374	-1.180000
246	0.514181	0.333669	0.050079	-1.180000
247	0.505838	0.348574	0.029141	-1.180000
248	0.550250	0.273919	-0.020460	-1.180000
249	0.614376	0.005966	0.027053	-1.180000
250	0.430747	0.410972	-0.154223	-1.180000
251	0.534442	0.300927	0.045164	-1.180000
252	0.593787	0.150847	0.053729	-1.180000
253	0.535500	0.202483	-0.224644	-1.180000
254	0.535647	0.287055	-0.094373	-1.180000
255	0.511844	0.339858	0.027149	-1.180000
256	0.514204	0.306069	0.141919	-1.180000
257	0.593838	0.159363	0.013609	-1.180000
258	0.494698	0.153683	0.331482	-1.180000
259	0.606402	0.070601	-0.074279	-1.180000
260	0.608071	0.079964	0.045613	-1.180000
261	0.608711	0.072927	0.048756	-1.180000
262	0.579215	0.202042	0.043755	-1.180000
263	0.588940	0.171389	0.044728	-1.180000
264	0.586390	0.181760	-0.036537	-1.180000
265	0.507698	0.332427	-0.099798	-1.180000
266	0.531113	0.296312	-0.091339	-1.180000
267	0.538835	0.225453	0.192492	-1.180000
268	0.594252	-0.021355	-0.156952	-1.180000
269	0.564330	-0.094075	-0.225624	-1.180000
270	0.589894	0.148779	0.090084	-1.180000
271	0.594607	0.129298	0.089163	-1.180000
272	0.612278	0.017378	0.055129	-1.180000
273	0.607773	0.054303	0.076734	-1.180000
274	0.576504	0.208855	-0.047411	-1.180000
275	0.556260	0.172129	0.197917	-1.180000
276	0.576427	0.183804	0.110330	-1.180000
277	0.590538	-0.157042	0.069481	-1.180000
278	0.598588	-0.136664	-0.035216	-1.180000
279	0.592780	0.047646	0.156737	-1.180000
280	0.597711	-0.038871	0.139481	-1.180000
281	0.583303	0.154020	-0.119419	-1.180000
282	0.565547	0.237064	0.046715	-1.180000
283	0.540525	0.251133	0.151626	-1.180000
284	0.578311	0.088684	0.189515	-1.180000
285	0.584578	0.085464	0.170848	-1.180000
286	0.577224	-0.058156	0.204097	-1.180000
287	0.578185	-0.173772	-0.117178	-1.180000
288	0.611155	-0.066900	-0.015451	-1.180000
289	0.519733	0.182756	0.273317	-1.180000
290	0.611672	0.059399	-0.023540	-1.180000
291	0.560305	0.232201	-0.101814	-1.180000
292	0.600939	0.115559	-0.061184	-1.180000
293	0.554187	0.228076	0.138142	-1.180000
294	0.568207	0.211180	-0.103772	-1.180000
295	0.506979	0.298310	0.179466	-1.180000
296	0.582512	0.064222	0.186495	-1.180000
297	0.576690	-0.085821	0.195674	-1.180000
298	0.602455	0.107243	-0.061419	-1.180000
299	0.561113	0.087532	0.236041	-1.180000
300	0.536102	0.289751	-0.082849	-1.180000
301	0.579688	0.001609	-0.205389	-1.180000
302	0.572613	0.178108	0.136442	-1.180000
303	0.579142	0.200566	0.050916	-1.180000
304	0.614179	0.023815	0.021038	-1.180000
305	0.609237	0.064369	0.053966	-1.180000
306	0.601675	0.091243	0.088807	-1.180000
307	0.586449	-0.099512	0.156204	-1.180000
308	0.602819	-0.056673	-0.107808	-1.180000
309	0.612730	0.042555	0.031241	-1.180000
310	0.565738	0.199776	-0.135112	-1.180000
311	0.607991	0.068986	-0.061748	-1.180000
312	0.492232	0.301813	-0.211758	-1.180000
313	0.552461	-0.221742	-0.154409	-1.180000
314	0.603608	-0.036641	0.111980	-1.180000
315	0.613329	-0.022560	-0.039295	-1.180000
316	0.594294	0.115533	-0.108131	-1.180000
317	0.494980	0.309207	-0.193934	-1.180000
318	0.577182	0.124179	-0.172236	-1.180000
319	0.560675	0.147342	-0.205326	-1.180000
320	0.578968	-0.050738	-0.201114	-1.180000
321	0.554368	0.166412	-0.207865	-1.180000
322	0.475621	0.386261	0.053033	-1.180000
323	0.443466	0.275205	0.325308	-1.180000
324	0.289687	0.533064	-0.100743	-1.180000
325	0.448860	0.399345	-0.131429	-1.180000
326	0.492918	0.362575	-0.061607	-1.180000
327	0.533601	0.298972	-0.064111	-1.180000
328	0.299606	0.525028	-0.113168	-1.180000
329	0.285342	0.544592	-0.014966	-1.180000
330	0.318254	0.519127	-0.086292	-1.180000
331	0.241451	0.549377	-0.134577	-1.180000
332	0.337305	0.482281	0.178482	-1.180000
333	0.453649	0.298091	-0.289083	-1.180000
334	0.492140	0.253782	-0.267616	-1.180000
335	0.520700	0.298058	-0.135120	-1.180000
336	0.484305	0.367279	0.093701	-1.180000
337	0.356401	0.478606	-0.148795	-1.180000
338	0.328421	0.519155	0.029038	-1.180000
339	0.406333	0.431924	0.162973	-1.180000
340	0.430340	0.437400	-0.041404	-1.180000
341	0.378912	0.431831	-0.219481	-1.180000
342	0.445577	0.417468	-0.073525	-1.180000
343	0.453127	0.404392	-0.096785	-1.180000
344	0.430770	0.417548	-0.135336	-1.180000
345	0.400616	0.367383	-0.287683	-1.180000
346	0.313392	0.524254	0.071891	-1.180000
347	0.525429	0.318682	-0.024303	-1.180000
348	0.487539	0.357025	-0.114297	-1.180000
349	0.308593	0.443917	-0.293143	-1.180000
350	0.494583	0.362893	0.043827	-1.180000
351	0.515913	0.309517	0.127506	-1.180000
352	0.501935	0.352920	-0.041642	-1.180000
353	0.592085	0.043310	0.160577	-1.180000
354	0.539908	0.291590	0.041221	-1.180000
355	0.501947	0.342502	0.094692	-1.180000
356	0.428837	0.301635	-0.321466	-1.180000
357	0.506636	0.337916	-0.085777	-1.180000
358	0.536855	0.295770	0.050321	-1.180000
359	0.555714	0.255180	-0.065499	-1.180000
360	0.478876	0.385216	0.022619	-1.180000
361	0.591341	0.155787	-0.065357	-1.180000
362	0.564078	0.233944	-0.072879	-1.180000
363	0.580208	0.194569	0.061047	-1.180000
364	0.538172	0.294669	-0.042021	-1.180000
365	0.556930	0.260365	-0.016259	-1.180000
366	0.460814	0.401632	0.067579	-1.180000
367	0.594214	0.107352	0.116662	-1.180000
368	0.572286	0.026181	0.223670	-1.180000
369	0.543077	0.226143	0.179309	-1.180000
370	0.576462	0.068035	-0.203194	-1.180000
371	0.604516	0.079398	0.080505	-1.180000
372	0.550826	0.102547	0.253573	-1.180000
373	0.611611	0.064476	-0.000485	-1.180000
374	0.608150	0.090810	-0.011511	-1.180000
375	0.502163	0.199251	-0.293864	-1.180000
376	0.525292	0.313324	0.064203	-1.180000
377	0.560533	0.238396	0.084822	-1.180000
378	0.601327	-0.063783	0.112081	-1.180000
379	0.607106	0.001692	-0.098203	-1.180000
380	0.587757	0.053844	-0.172821	-1.180000
381	0.586825	0.162466	0.086408	-1.180000
382	0.585023	0.181795	-0.054077	-1.180000
383	0.464382	0.400319	-0.048159	-1.180000
384	0.545526	0.283843	-0.007710	-1.180000
385	0.558522	0.257369	0.006313	-1.180000
386	0.597405	-0.118762	0.085016	-1.180000
387	0.581472	-0.172757	0.101343	-1.180000
388	0.594128	-0.128707	0.093119	-1.180000
389	0.612702	0.005923	0.052784	-1.180000
390	0.612521	-0.054559	0.008160	-1.180000
391	0.610913	0.048338	0.051710	-1.180000
392	0.596567	0.146012	0.031835	-1.180000
393	0.476389	0.314478	0.228872	-1.180000
394	0.604517	0.111316	-0.019823	-1.180000
395	0.581948	-0.158901	0.119632	-1.180000
396	0.614705	-0.016574	-0.009378	-1.180000
397	0.587482	0.107629	0.146648	-1.180000
398	0.551156	0.183491	-0.201948	-1.180000
399	0.581218	0.194274	0.051660	-1.180000
400	0.597212	0.069654	0.129269	-1.180000
401	0.605056	0.108618	-0.018300	-1.180000
402	0.606224	0.102634	0.013539	-1.180000
403	0.597358	0.011404	0.145801	-1.180000
404	0.594775	-0.115758	0.105202	-1.180000
405	0.610389	0.073400	0.016221	-1.180000
406	0.573530	0.218572	0.038919	-1.180000
407	0.558651	0.029707	-0.255445	-1.180000
408	0.595572	0.150721	0.028315	-1.180000
409	0.598376	0.134674	0.045103	-1.180000
410	0.612708	-0.034349	0.040417	-1.180000
411	0.606430	0.082893	-0.059969	-1.180000
412	0.594849	0.083672	0.131831	-1.180000
413	0.613355	0.006366	-0.044498	-1.180000
414	0.587964	0.145343	-0.106765	-1.180000
415	0.530866	0.238697	-0.198569	-1.180000
416	0.521800	0.224114	-0.236056	-1.180000
417	0.581002	0.113846	-0.166436	-1.180000
418	0.545377	0.050678	0.279679	-1.180000
419	0.527913	0.180421	0.258806	-1.180000
420	0.569298	0.201912	0.115570	-1.180000
421	0.218946	0.574556	-0.013154	-1.180000
422	0.374664	0.355962	-0.333381	-1.180000
423	0.593189	0.151948	-0.057133	-1.180000
424	0.601282	0.007950	-0.128924	-1.180000
425	0.560353	-0.046335	-0.249165	-1.180000
426	0.230397	0.500469	0.273263	-1.180000
427	0.242925	0.563744	-0.037482	-1.180000
428	0.324317	0.502377	-0.143738	-1.180000
429	0.446872	0.307126	-0.290180	-1.180000
430	0.325290	0.473140	-0.220339	-1.180000
431	0.563318	0.210077	-0.129482	-1.180000
432	0.530116	0.267536	-0.160082	-1.180000
433	0.423604	0.295074	-0.334240	-1.180000
434	-0.022072	0.567589	0.235756	-1.180000
435	0.305196	0.533649	-0.017286	-1.180000
436	0.499019	0.359042	-0.017135	-1.180000
437	0.272865	0.511786	-0.204560	-1.180000
438	0.480398	0.274248	-0.268759	-1.180000
439	0.442723	0.394581	-0.162873	-1.180000
440	0.529917	0.273225	-0.150867	-1.180000
441	0.485274	0.295553	-0.235334	-1.180000
442	0.424100	0.435582	-0.092915	-1.180000
443	0.339476	0.473388	0.197194	-1.180000
444	0.309649	0.483670	-0.220013	-1.180000
445	0.255615	0.522911	0.198622	-1.180000
446	0.410872	0.445530	-0.104460	-1.180000
447	0.190730	0.538706	-0.227252	-1.180000
448	0.434302	0.427735	-0.081547	-1.180000
449	0.497558	0.360748	0.022860	-1.180000
450	0.271269	0.522172	-0.178815	-1.180000
451	0.375417	0.455787	-0.171887	-1.180000
452	0.497608	0.343114	0.113509	-1.180000
453	0.364401	0.455576	-0.194647	-1.180000
454	0.360765	0.489821	0.090268	-1.180000
455	0.475297	0.343170	-0.185882	-1.180000
456	0.402959	0.445034	-0.133394	-1.180000
457	0.522609	0.297886	-0.127941	-1.180000
458	0.499529	0.351775	0.070353	-1.180000
459	0.475300	0.388300	-0.039215	-1.180000
460	0.514207	0.336660	-0.021816	-1.180000
461	0.593073	0.110581	-0.119418	-1.180000
462	0.571020	0.194620	0.119517	-1.180000
463	0.517432	0.327576	-0.056421	-1.180000
464	0.561207	0.249744	0.029993	-1.180000
465	0.363588	0.370713	-0.329547	-1.180000
466	0.467204	0.377298	-0.132633	-1.180000
467	0.575174	0.186157	0.112897	-1.180000
468	0.476914	0.356815	0.153169	-1.180000
469	0.560214	0.252895	0.020740	-1.180000
470	0.599663	0.057535	0.123770	-1.180000
471	0.559225	-0.008316	-0.255780	-1.180000
472	0.610611	0.040777	0.060961	-1.180000
473	0.566808	0.206203	0.120143	-1.180000
474	0.469009	0.358949	-0.171497	-1.180000
475	0.531111	0.306134	0.049272	-1.180000
476	0.437779	0.398764	-0.166018	-1.180000
477	0.592167	0.098808	-0.133420	-1.180000
478	0.605902	0.097175	-0.040803	-1.180000
479	0.436320	0.401206	0.163960	-1.180000
480	0.558022	-0.063262	-0.250667	-1.180000
481	0.608987	0.037247	-0.077280	-1.180000
482	0.566976	0.186130	0.148725	-1.180000
483	0.575068	0.204598	-0.075240	-1.180000
484	0.565383	0.235726	-0.054774	-1.180000
485	0.540251	0.275173	-0.103119	-1.180000
486	0.585884	0.119027	0.144214	-1.180000
487	0.572857	0.223685	-0.004959	-1.180000
488	0.589663	0.065036	0.162150	-1.180000
489	0.582136	-0.129910	0.149888	-1.180000
490	0.610509	0.048282	-0.056327	-1.180000
491	0.579223	0.206065	0.016209	-1.180000
492	0.581808	0.187620	0.067251	-1.180000
493	0.589322	0.162677	-0.066791	-1.180000
494	0.502337	0.343204	0.089965	-1.180000
495	0.588682	0.147136	0.100145	-1.180000
496	0.596563	0.123953	0.083505	-1.180000
497	0.543458	0.278320	0.073595	-1.180000
498	0.563359	-0.176299	0.172542	-1.180000
499	0.572977	-0.193066	-0.112462	-1.180000
500	0.609111	0.046142	0.071268	-1.180000
501	0.592500	0.059413	0.153749	-1.180000
502	0.595054	0.152201	0.031158	-1.180000
503	0.589913	-0.009363	0.173609	-1.180000
504	0.499691	0.155456	0.323060	-1.180000
505	0.485758	0.376317	0.025479	-1.180000
506	0.502460	0.297448	0.193091	-1.180000
507	0.596689	0.033809	0.145067	-1.180000
508	0.614005	0.034299	0.006788	-1.180000
509	0.611081	-0.043375	-0.054073	-1.180000
510	0.595325	-0.113492	-0.104558	-1.180000
511	0.597266	0.135832	0.055211	-1.180000
512	0.597889	0.104908	0.098731	-1.180000
513	0.611926	-0.047334	0.039131	-1.180000
514	0.495143	0.264621	0.251067	-1.180000
515	0.601471	0.107539	0.069954	-1.180000
516	0.394241	0.313259	0.353084	-1.180000
517	0.614956	0.004941	0.005498	-1.180000
518	0.577275	-0.001056	0.212079	-1.180000
519	0.591202	0.167103	-0.027966	-1.180000
520	0.611125	0.068849	-0.003249	-1.180000
521	0.611198	0.051167	0.045204	-1.180000
522	0.560476	0.172841	-0.184980	-1.180000
523	0.609163	0.037268	-0.075872	-1.180000
524	0.558412	0.252073	0.053486	-1.180000
525	0.531339	-0.077716	0.299773	-1.180000
526	0.580178	0.187774	0.079749	-1.180000
527	0.604498	-0.011252	-0.112610	-1.180000
528	0.612483	0.052991	0.016798	-1.180000
529	0.590835	0.093840	-0.142594	-1.180000
530	0.591101	0.168216	-0.022987	-1.180000
531	0.531997	0.203898	-0.231582	-1.180000
532	0.555621	0.198530	-0.173482	-1.180000
533	0.360905	0.362992	-0.340894	-1.180000
534	0.604931	-0.054336	0.096599	-1.180000
535	0.504177	0.114791	0.332947	-1.180000
536	0.589512	0.174813	0.011885	-1.180000
537	0.567425	0.237154	0.003434	-1.180000
538	0.509569	0.341439	0.044536	-1.180000
539	0.574804	0.128578	-0.176899	-1.180000
540	0.553953	0.252894	-0.086057	-1.180000
541	0.555633	0.128769	-0.230034	-1.180000
542	0.527689	0.194845	-0.248606	-1.180000
543	0.417774	0.418317	-0.169412	-1.180000
544	0.355014	0.502124	-0.007851	-1.180000
545	0.263179	0.553113	-0.055031	-1.180000
546	0.435671	0.422327	-0.100276	-1.180000
547	0.363991	0.414223	-0.272314	-1.180000
548	0.454821	0.411330	-0.046589	-1.180000
549	0.518597	0.330092	-0.017929	-1.180000
550	0.314299	0.499744	-0.172328	-1.180000
551	0.526579	0.305608	-0.086853	-1.180000
552	0.328205	0.507167	0.115274	-1.180000
553	0.381897	0.398732	-0.270910	-1.180000
554	0.382082	0.444221	-0.186831	-1.180000
555	0.551049	0.187889	-0.198159	-1.180000
556	0.334688	0.462329	-0.229043	-1.180000
557	0.390165	0.459869	-0.120488	-1.180000
558	0.310892	0.516177	-0.123013	-1.180000
559	0.405897	0.450438	0.102849	-1.180000
560	0.412582	0.408037	0.203732	-1.180000
561	0.423231	0.379858	-0.234111	-1.180000
562	0.405338	0.404062	-0.225079	-1.180000
563	0.543938	0.286363	0.018772	-1.180000
564	0.514958	0.309756	-0.130744	-1.180000
565	0.428367	0.440758	0.021420	-1.180000
566	0.528307	0.313458	-0.029342	-1.180000
567	0.469680	0.395266	0.037294	-1.180000
568	0.448827	0.418869	0.036432	-1.180000
569	0.452883	0.384623	-0.158704	-1.180000
570	0.544568	0.226210	-0.174643	-1.180000
571	0.387178	0.424077	-0.220175	-1.180000
572	0.516066	0.313367	0.117056	-1.180000
573	0.509968	0.330819	-0.093363	-1.180000
574	0.558407	0.232871	-0.110356	-1.180000
575	0.519574	0.325029	-0.051231	-1.180000
576	0.603175	0.108727	0.050831	-1.180000
577	0.484567	0.339176	-0.168462	-1.180000
578	0.534218	0.263760	-0.152534	-1.180000
579	0.407569	0.457006	0.057072	-1.180000
580	0.434958	0.433475	0.033704	-1.180000
581	0.596054	0.095062	0.117934	-1.180000
582	0.495558	0.295463	0.212954	-1.180000
583	0.568562	0.224997	-0.065868	-1.180000
584	0.553727	0.129623	0.234114	-1.180000
585	0.592344	0.162888	-0.028653	-1.180000
586	0.552503	0.262664	-0.063031	-1.180000
587	0.418858	0.450295	-0.004147	-1.180000
588	0.517016	0.182678	-0.278475	-1.180000
589	0.555008	0.259323	-0.054244	-1.180000
590	0.578941	0.143695	0.149682	-1.180000
591	0.609049	0.030540	-0.079697	-1.180000
592	0.578375	0.125761	0.167009	-1.180000
593	0.600239	0.133113	-0.014788	-1.180000
594	0.606675	-0.009796	-0.100371	-1.180000
595	0.570218	0.203380	0.108225	-1.180000
596	0.541353	0.246486	-0.156228	-1.180000
597	0.576919	0.207128	-0.049870	-1.180000
598	0.613587	0.008675	0.040760	-1.180000
599	0.592251	-0.129008	0.104023	-1.180000
600	0.608256	-0.061281	-0.067035	-1.180000
601	0.523305	0.314049	0.075826	-1.180000
602	0.575023	0.218021	0.006363	-1.180000
603	0.563933	0.213853	0.120296	-1.180000
604	0.537813	0.297694	0.018998	-1.180000
605	0.529544	0.272109	0.154159	-1.180000
606	0.565520	0.117185	0.211375	-1.180000
607	0.604638	0.073159	-0.085354	-1.180000
608	0.584453	-0.191084	0.011237	-1.180000
609	0.614033	-0.011371	-0.032551	-1.180000
610	0.598956	0.066114	0.122903	-1.180000
611	0.604357	0.101574	-0.051575	-1.180000
612	0.600612	0.092596	-0.094426	-1.180000
613	0.588764	0.075811	-0.160733	-1.180000
614	0.499239	0.346122	0.095837	-1.180000
615	0.559072	0.021808	0.255319	-1.180000
616	0.601568	0.052763	-0.116435	-1.180000
617	0.612527	-0.032811	-0.044264	-1.180000
618	0.607487	0.074809	0.059898	-1.180000
619	0.603043	0.119794	-0.014593	-1.180000
620	0.539593	0.121668	-0.268814	-1.180000
621	0.613753	0.038896	-0.004381	-1.180000
622	0.578921	0.162925	0.128575	-1.180000
623	0.564118	0.171870	0.174519	-1.180000
624	0.605377	0.066115	-0.085865	-1.180000
625	0.573800	0.208443	0.074362	-1.180000
626	0.574592	0.212185	0.055196	-1.180000
627	0.580564	0.066265	-0.191779	-1.180000
628	0.579350	0.197130	0.060974	-1.180000
629	0.536303	0.251727	-0.165037	-1.180000
630	0.539094	0.139526	-0.261027	-1.180000
631	0.554228	0.122713	0.236639	-1.180000
632	0.564853	0.142057	0.197449	-1.180000
633	0.605409	-0.080685	0.072078	-1.180000
634	0.601516	0.070933	0.106641	-1.180000
635	0.493715	0.277365	-0.239875	-1.180000
636	0.577074	0.162335	-0.137324	-1.180000
637	0.546499	0.217411	-0.179713	-1.180000
638	0.486503	0.275177	-0.256550	-1.180000
639	0.200483	0.543233	-0.207193	-1.180000
640	0.407596	0.449850	-0.098616	-1.180000
641	0.116747	0.526560	-0.295516	-1.180000
642	0.483495	0.359100	-0.124516	-1.180000
643	0.264542	0.421119	-0.361803	-1.180000
644	0.263404	0.450673	-0.325172	-1.180000
645	0.441021	0.296324	-0.309706	-1.180000
646	0.481365	0.375864	-0.072376	-1.180000
647	0.205222	0.577888	-0.046412	-1.180000
648	0.397805	0.370559	-0.287512	-1.180000
649	0.269264	0.552705	0.015456	-1.180000
650	0.359608	0.448589	-0.218348	-1.180000
651	0.390013	0.429336	-0.204415	-1.180000
652	0.222920	0.554609	-0.144707	-1.180000
653	0.479255	0.384322	-0.028915	-1.180000
654	0.333635	0.509181	0.087450	-1.180000
655	0.452784	0.407127	-0.086367	-1.180000
656	0.400350	0.439582	0.157200	-1.180000
657	0.496936	0.315861	-0.177514	-1.180000
658	0.390336	0.360342	0.309866	-1.180000
659	0.527226	0.311559	0.056472	-1.180000
660	0.484227	0.378268	-0.025728	-1.180000
661	0.563393	0.220117	-0.111181	-1.180000
662	0.413078	0.350289	-0.291359	-1.180000
663	0.330881	0.518402	0.001386	-1.180000
664	0.406694	0.447460	0.112271	-1.180000
665	0.578922	0.205752	-0.027203	-1.180000
666	0.516773	0.328447	0.057388	-1.180000
667	0.368584	0.459265	-0.177333	-1.180000
668	0.596638	0.141506	0.047165	-1.180000
669	0.389351	0.364420	-0.306316	-1.180000
670	0.408289	0.384820	-0.251871	-1.180000
671	0.491232	0.361569	0.078642	-1.180000
672	0.521934	0.313356	0.087282	-1.180000
673	0.554585	0.256294	-0.070526	-1.180000
674	0.596437	0.139500	0.055026	-1.180000
675	0.535599	0.294868	-0.066419	-1.180000
676	0.606472	-0.093045	-0.041951	-1.180000
677	0.425262	0.429926	0.111983	-1.180000
678	0.525423	0.319130	-0.017664	-1.180000
679	0.479803	0.361667	-0.131191	-1.180000
680	0.464359	0.332291	0.228426	-1.180000
681	0.443823	0.417081	-0.085382	-1.180000
682	0.590077	0.021738	0.171935	-1.180000
683	0.544618	0.259697	0.119051	-1.180000
684	0.431079	0.212253	-0.383855	-1.180000
685	0.610085	0.073154	0.025874	-1.180000
686	0.558715	0.185271	0.178149	-1.180000
687	0.534297	0.304490	-0.006117	-1.180000
688	0.546199	0.217260	0.180802	-1.180000
689	0.429211	0.439420	0.030213	-1.180000
690	0.593942	0.155763	-0.034574	-1.180000
691	0.554709	0.097786	0.246902	-1.180000
692	0.412328	0.453417	-0.051219	-1.180000
693	0.564119	-0.025096	0.243648	-1.180000
694	0.578944	0.185057	-0.093826	-1.180000
695	0.546432	0.272795	0.072253	-1.180000
696	0.542165	0.287229	0.042215	-1.180000
697	0.583165	0.194876	-0.012930	-1.180000
698	0.573711	0.209475	-0.072117	-1.180000
699	0.424474	0.395881	-0.203285	-1.180000
700	0.589908	0.126608	-0.119182	-1.180000
701	0.464782	0.286990	0.282558	-1.180000
702	0.605681	-0.047442	0.095525	-1.180000
703	0.601414	-0.124564	0.031771	-1.180000
704	0.614609	-0.018916	-0.011090	-1.180000
705	0.569573	0.231894	0.006011	-1.180000
706	0.587450	0.178107	0.037487	-1.180000
707	0.479256	0.354289	0.151718	-1.180000
708	0.580723	0.183338	0.085867	-1.180000
709	0.394660	0.470030	0.039239	-1.180000
710	0.594592	0.148554	0.051160	-1.180000
711	0.508050	-0.057300	0.341800	-1.180000
712	0.577748	-0.164549	0.131740	-1.180000
713	0.614488	-0.021491	-0.012969	-1.180000
714	0.598767	-0.134557	-0.039965	-1.180000
715	0.581323	0.090856	-0.178979	-1.180000
716	0.553727	0.215503	0.158651	-1.180000
717	0.588391	0.146899	-0.102181	-1.180000
718	0.556515	0.261587	-0.009405	-1.180000
719	0.594656	0.038178	0.152156	-1.180000
720	0.546048	0.058474	0.276834	-1.180000
721	0.590527	0.168576	0.032938	-1.180000
722	0.570241	-0.166487	0.159160	-1.180000
723	0.523035	0.319857	0.048487	-1.180000
724	0.555901	0.250018	-0.081795	-1.180000
725	0.494738	0.339309	-0.135386	-1.180000
726	0.598860	0.137236	-0.027528	-1.180000
727	0.577246	0.022140	0.211001	-1.180000
728	0.578508	-0.001309	0.208692	-1.180000
729	0.512525	0.070527	0.332519	-1.180000
730	0.562444	0.248162	-0.017265	-1.180000
731	0.610506	-0.007643	0.073817	-1.180000
732	0.612410	0.051883	-0.022065	-1.180000
733	0.574416	0.216675	-0.036382	-1.180000
734	0.555231	0.244914	0.099802	-1.180000
735	0.605481	-0.097510	0.045929	-1.180000
736	0.574545	0.066777	-0.208958	-1.180000
737	0.592985	0.109282	-0.121044	-1.180000
738	0.609508	0.023423	0.078593	-1.180000
739	0.549005	0.040085	0.274247	-1.180000
740	0.610893	0.070432	0.008617	-1.180000
741	0.512028	0.336669	0.052022	-1.180000
742	0.584832	-0.044371	-0.185009	-1.180000
743	0.597380	0.142340	0.033190	-1.180000
744	0.581090	0.183133	0.083799	-1.180000
745	0.491866	0.304131	-0.209278	-1.180000
746	0.467259	0.143772	-0.373127	-1.180000
747	0.257747	0.554665	0.064332	-1.180000
748	0.290204	0.494113	-0.223292	-1.180000
749	0.332661	0.480501	-0.191522	-1.180000
750	0.435018	0.379803	-0.211504	-1.180000
751	0.554619	0.263979	-0.030630	-1.180000
752	0.611591	0.030700	-0.056909	-1.180000
753	0.567674	0.235467	0.022945	-1.180000
754	0.267243	0.294401	-0.469185	-1.180000
755	0.383211	0.479400	-0.039363	-1.180000
756	0.376886	0.469108	-0.126965	-1.180000
757	0.380435	0.385041	-0.291955	-1.180000
758	0.474425	0.192556	-0.340687	-1.180000
759	0.299077	0.303949	-0.443163	-1.180000
760	0.393739	0.440725	-0.170163	-1.180000
761	0.462815	0.386885	-0.119780	-1.180000
762	0.389285	0.461069	0.118733	-1.180000
763	0.262206	0.537606	-0.143015	-1.180000
764	0.304125	0.459754	0.272689	-1.180000
765	0.408886	0.452246	-0.080689	-1.180000
766	0.286809	0.533244	-0.107778	-1.180000
767	0.479696	0.384344	0.019920	-1.180000
768	0.386328	0.469673	-0.091561	-1.180000
769	0.386682	0.440909	-0.185208	-1.180000
770	0.275759	0.539616	-0.104863	-1.180000
771	0.427967	0.428616	0.106574	-1.180000
772	0.538180	0.297608	0.004123	-1.180000
773	0.333339	0.457609	-0.240217	-1.180000
774	0.469593	0.387075	0.088772	-1.180000
775	0.406740	0.295018	-0.354615	-1.180000
776	0.477280	0.386529	-0.032003	-1.180000
777	0.441315	0.426014	-0.044473	-1.180000
778	0.594695	0.056309	0.146260	-1.180000
779	0.511166	0.325384	-0.105164	-1.180000
780	0.583186	0.195124	0.006729	-1.180000
781	0.548152	0.265957	-0.083791	-1.180000
782	0.382441	0.390307	-0.282177	-1.180000
783	0.497588	0.342576	-0.115208	-1.180000
784	0.536403	0.273384	0.125533	-1.180000
785	0.559498	0.228709	0.113489	-1.180000
786	0.439541	0.422070	0.082981	-1.180000
787	0.537720	0.193632	-0.227131	-1.180000
788	0.579477	0.087220	0.186612	-1.180000
789	0.509412	0.320325	-0.126948	-1.180000
790	0.476471	0.388837	0.002456	-1.180000
791	0.529440	0.310925	0.035272	-1.180000
792	0.516863	0.323298	0.080966	-1.180000
793	0.581456	0.174960	-0.097588	-1.180000
794	0.527736	0.226520	0.220020	-1.180000
795	0.532814	-0.043540	-0.304037	-1.180000
796	0.497862	0.283497	0.223579	-1.180000
797	0.586994	0.183467	0.001643	-1.180000
798	0.601585	0.025036	-0.125274	-1.180000
799	0.424497	0.432966	-0.102800	-1.180000
800	0.552530	0.236273	0.130809	-1.180000
801	0.606447	0.059526	-0.083090	-1.180000
802	0.546138	0.280376	0.036705	-1.180000
803	0.490032	-0.048446	0.368438	-1.180000
804	0.589537	-0.005141	-0.175056	-1.180000
805	0.571359	0.224807	-0.035151	-1.180000
806	0.595437	0.151697	-0.025834	-1.180000
807	0.496121	0.278488	0.233524	-1.180000
808	0.500786	0.198537	0.296684	-1.180000
809	0.496800	0.330167	0.149680	-1.180000
810	0.559596	0.184949	0.175703	-1.180000
811	0.471778	-0.211994	0.332730	-1.180000
812	0.587937	-0.122865	-0.132136	-1.180000
813	0.608333	0.006585	-0.090069	-1.180000
814	0.540500	0.293279	-0.008485	-1.180000
815	0.554150	0.228413	0.137730	-1.180000
816	0.565092	0.234132	-0.063863	-1.180000
817	0.412325	0.334116	0.310772	-1.180000
818	0.553977	0.239253	0.118711	-1.180000
819	0.591782	0.041048	0.162279	-1.180000
820	0.579655	0.097167	0.181062	-1.180000
821	0.522426	-0.092591	0.311003	-1.180000
822	0.526439	0.316312	0.032157	-1.180000
823	0.512251	0.339442	-0.024560	-1.180000
824	0.607854	0.034460	-0.086896	-1.180000
825	0.614595	-0.021115	0.007217	-1.180000
826	0.506167	0.245876	0.248123	-1.180000
827	0.593834	-0.026123	0.157810	-1.180000
828	0.604227	-0.039228	-0.107682	-1.180000
829	0.592951	0.159144	-0.036149	-1.180000
830	0.606131	0.087938	-0.055647	-1.180000
831	0.589235	0.116028	0.132529	-1.180000
832	0.605368	0.022211	-0.106117	-1.180000
833	0.584237	-0.143518	-0.127652	-1.180000
834	0.609752	0.017741	-0.078182	-1.180000
835	0.559656	0.183203	0.177333	-1.180000
836	0.576058	0.131164	0.170818	-1.180000
837	0.598129	0.125499	0.068680	-1.180000
838	0.496462	0.035069	0.361277	-1.180000
839	0.594300	-0.000819	-0.158215	-1.180000
840	0.572899	0.171576	0.143432	-1.180000
841	0.583290	-0.004503	-0.194879	-1.180000
842	0.383425	0.306892	-0.370172	-1.180000
843	0.599953	0.050870	0.125276	-1.180000
844	0.541876	0.178422	-0.229697	-1.180000
845	0.458411	0.400811	-0.086229	-1.180000
846	0.588418	0.139731	0.111645	-1.180000
847	0.429601	0.388350	-0.207008	-1.180000
848	0.487644	0.274821	0.254759	-1.180000
849	0.431185	0.236265	-0.369436	-1.180000
850	0.481678	0.263176	-0.277398	-1.180000
