1	-0.581383	0.082148	0.182949	0.450000
2	-0.493127	0.337666	0.145027	0.450000
3	-0.613911	0.015074	0.033337	0.450000
4	-0.415296	0.153289	0.426916	0.450000
5	-0.496357	0.347458	0.105488	0.450000
6	-0.599676	0.115907	0.071969	0.450000
7	-0.470644	0.395016	-0.026104	0.450000
8	-0.429323	0.426866	-0.108132	0.450000
9	-0.089892	0.594644	-0.128620	0.450000
10	-0.599885	0.130571	0.036252	0.450000
11	-0.564330	0.243683	-0.019377	0.450000
12	-0.503712	0.343997	0.078523	0.450000
13	-0.482005	0.358107	0.132876	0.450000
14	-0.461265	0.362448	0.184638	0.450000
15	-0.353229	0.471532	-0.176385	0.450000
16	-0.490943	0.318310	-0.189418	0.450000
17	-0.436363	0.397218	-0.173293	0.450000
18	-0.516209	0.322675	-0.087370	0.450000
19	-0.579124	0.116354	-0.171179	0.450000
20	-0.584810	0.160669	-0.102020	0.450000
21	-0.530712	0.296215	-0.093950	0.450000
22	-0.513349	0.306930	0.143149	0.450000
23	-0.537936	0.293234	-0.053510	0.450000
24	-0.507570	0.344041	0.047260	0.450000
25	-0.550502	0.235701	-0.140063	0.450000
26	-0.600244	0.120660	-0.058077	0.450000
27	-0.490199	0.358730	-0.096136	0.450000
28	-0.550402	-0.114613	-0.249292	0.450000
29	-0.586587	0.054618	-0.176516	0.450000
30	-0.588823	0.133228	0.117314	0.450000
31	-0.609507	0.071570	-0.040049	0.450000
32	-0.552472	0.100694	0.250720	0.450000
33	-0.517661	0.328707	-0.046949	0.450000
34	-0.589973	0.170366	0.033646	0.450000
35	-0.561515	0.241557	0.067648	0.450000
36	-0.561936	0.232465	0.091726	0.450000
37	-0.579419	0.204501	-0.026046	0.450000
38	-0.592517	0.134977	0.094498	0.450000
39	-0.545112	0.268773	-0.094015	0.450000
40	-0.589334	0.107315	-0.139264	0.450000
41	-0.464876	0.370620	-0.157340	0.450000
42	-0.566547	0.154453	-0.182742	0.450000
43	-0.542832	0.264019	-0.117699	0.450000
44	-0.551938	0.230015	0.143813	0.450000
45	-0.599833	-0.032409	-0.131814	0.450000
46	-0.602203	-0.064264	0.106990	0.450000
47	-0.612916	0.049479	0.010532	0.450000
48	-0.599484	0.129987	-0.044135	0.450000
49	-0.577956	0.210136	-0.005852	0.450000
50	-0.570732	0.226128	-0.036828	0.450000
51	-0.534749	0.098782	-0.287247	0.450000
52	-0.555566	0.230655	0.127944	0.450000
53	-0.614800	-0.013294	-0.008323	0.450000
54	-0.507165	-0.037401	0.345847	0.450000
55	-0.608691	-0.086101	-0.017521	0.450000
56	-0.609668	-0.069464	-0.041286	0.450000
57	-0.438881	0.426483	-0.060998	0.450000
58	-0.587219	0.107034	-0.148132	0.450000
59	-0.605410	0.010371	-0.107685	0.450000
60	-0.603222	-0.051296	-0.108247	0.450000
61	-0.557252	0.252701	0.061949	0.450000
62	-0.583946	0.077421	0.176743	0.450000
63	-0.555917	0.122670	0.232665	0.450000
64	-0.562185	0.169394	0.182972	0.450000
65	-0.600981	0.093976	0.090637	0.450000
66	-0.585417	0.092176	-0.164365	0.450000
67	-0.595492	0.134492	0.074337	0.450000
68	-0.585402	0.080687	0.170349	0.450000
69	-0.604356	-0.063790	0.094388	0.450000
70	-0.602123	0.073635	0.101243	0.450000
71	-0.565257	-0.140494	-0.197410	0.450000
72	-0.588722	0.157788	0.082064	0.450000
73	-0.493083	0.243960	0.274914	0.450000
74	-0.545882	0.225022	-0.172055	0.450000
75	-0.608124	0.063794	-0.065886	0.450000
76	-0.560185	0.215334	0.134349	0.450000
77	-0.577808	0.206775	0.040091	0.450000
78	-0.598882	-0.094856	-0.102798	0.450000
79	-0.536356	0.017865	-0.300380	0.450000
80	-0.579983	0.022069	-0.203366	0.450000
81	-0.589463	-0.070930	0.160398	0.450000
82	-0.418882	0.449469	-0.027205	0.450000
83	-0.521910	0.322868	-0.039893	0.450000
84	-0.581086	0.190644	-0.064950	0.450000
85	-0.575541	0.078290	0.202111	0.450000
86	-0.551179	0.272812	-0.000823	0.450000
87	-0.604135	0.108180	-0.039287	0.450000
88	-0.588499	0.007087	0.178447	0.450000
89	-0.593392	0.135411	0.088174	0.450000
90	-0.612997	-0.040837	-0.028141	0.450000
91	-0.438922	0.355254	0.243654	0.450000
92	-0.517355	0.332425	-0.007879	0.450000
93	-0.586473	0.180870	0.039506	0.450000
94	-0.504368	0.340912	0.087275	0.450000
95	-0.607577	0.076917	0.056210	0.450000
96	-0.507836	0.337192	-0.081423	0.450000
97	-0.464971	0.390564	0.097400	0.450000
98	-0.598385	0.141396	-0.012964	0.450000
99	-0.613141	-0.017863	-0.044314	0.450000
100	-0.500546	0.263624	0.241208	0.450000
101	-0.489773	0.359057	0.097082	0.450000
102	-0.401947	0.424541	0.190863	0.450000
103	-0.567045	0.236489	-0.027532	0.450000
104	-0.503728	0.305592	0.176342	0.450000
105	-0.374735	0.481094	0.079672	0.450000
106	-0.446431	0.415632	-0.078580	0.450000
107	-0.552033	0.253225	-0.096753	0.450000
108	-0.585481	0.031514	0.185592	0.450000
109	-0.565989	0.008560	0.240433	0.450000
110	-0.516540	0.333332	0.017348	0.450000
111	-0.343254	0.171388	0.480653	0.450000
112	-0.458789	0.401092	0.082843	0.450000
113	-0.132255	0.543507	0.255604	0.450000
114	-0.598246	0.102458	-0.099142	0.450000
115	-0.573370	0.221248	-0.022820	0.450000
116	-0.576948	0.171854	0.125788	0.450000
117	-0.494844	0.262094	-0.254285	0.450000
118	-0.556878	0.260676	0.012667	0.450000
119	-0.425585	0.413574	-0.161427	0.450000
120	-0.463243	0.274525	0.297098	0.450000
121	-0.445250	0.272017	0.325552	0.450000
122	-0.464722	0.358757	0.183171	0.450000
123	-0.568838	0.223531	0.068428	0.450000
124	-0.520440	0.321875	-0.061348	0.450000
125	-0.303989	0.533101	-0.040242	0.450000
126	-0.612373	0.056355	-0.006987	0.450000
127	-0.465864	0.392204	-0.085858	0.450000
128	-0.447379	0.404874	0.118969	0.450000
129	-0.419734	0.447554	0.041761	0.450000
130	-0.370771	0.462195	-0.164709	0.450000
131	-0.377260	0.484652	-0.031817	0.450000
132	-0.570040	0.206438	-0.103260	0.450000
133	-0.497614	0.358950	-0.041959	0.450000
134	-0.570186	-0.135277	-0.186583	0.450000
135	-0.463298	0.389688	-0.108272	0.450000
136	-0.573179	0.219107	0.041024	0.450000
137	-0.511795	0.295900	-0.169512	0.450000
138	-0.492422	0.337423	-0.147957	0.450000
139	-0.532836	0.294500	-0.087062	0.450000
140	-0.592862	0.029972	0.160751	0.450000
141	-0.449952	0.416384	0.048914	0.450000
142	-0.609655	0.080508	0.008046	0.450000
143	-0.549476	0.246985	-0.123692	0.450000
144	-0.535326	0.273936	0.128882	0.450000
145	-0.490438	0.263640	-0.261132	0.450000
146	-0.428033	0.341710	-0.279727	0.450000
147	-0.599370	0.101905	-0.092716	0.450000
148	-0.557779	0.259039	-0.002497	0.450000
149	-0.569285	0.225900	0.055762	0.450000
150	-0.609768	-0.077080	-0.021597	0.450000
151	-0.559161	0.255014	-0.023067	0.450000
152	-0.578392	0.190080	-0.086933	0.450000
153	-0.583516	0.193066	-0.021445	0.450000
154	-0.587431	0.108773	-0.146010	0.450000
155	-0.551367	0.232740	-0.141604	0.450000
156	-0.562117	0.191487	0.159945	0.450000
157	-0.603221	0.096946	-0.070359	0.450000
158	-0.576776	0.213085	0.012218	0.450000
159	-0.569998	0.203759	0.108669	0.450000
160	-0.588728	0.148576	0.097720	0.450000
161	-0.583049	-0.101002	-0.167561	0.450000
162	-0.598057	0.138375	0.037487	0.450000
163	-0.574277	0.210719	-0.063471	0.450000
164	-0.614692	-0.003035	0.019229	0.450000
165	-0.611889	0.039830	0.047225	0.450000
166	-0.601078	0.101787	0.081051	0.450000
167	-0.575727	0.047903	-0.210877	0.450000
168	-0.589348	0.175050	0.015849	0.450000
169	-0.606261	0.102612	0.011959	0.450000
170	-0.605925	0.103643	0.018395	0.450000
171	-0.604606	-0.017102	0.111286	0.450000
172	-0.576909	-0.125669	0.172069	0.450000
173	-0.549803	-0.051001	0.270814	0.450000
174	-0.552111	0.219736	-0.158477	0.450000
175	-0.576696	0.192781	-0.092099	0.450000
176	-0.549091	0.273657	-0.042846	0.450000
177	-0.551353	0.272426	0.004416	0.450000
178	-0.602430	-0.123412	-0.008553	0.450000
179	-0.605737	-0.104982	0.016931	0.450000
180	-0.602023	-0.009834	-0.125286	0.450000
181	-0.585556	-0.011736	-0.187647	0.450000
182	-0.591025	0.163223	0.047672	0.450000
183	-0.590759	0.155896	-0.070177	0.450000
184	-0.536638	0.292755	0.067369	0.450000
185	-0.528336	0.272879	0.156918	0.450000
186	-0.535183	0.281536	-0.111991	0.450000
187	-0.593857	0.048453	-0.152354	0.450000
188	-0.604210	-0.114592	-0.004898	0.450000
189	-0.606307	-0.101484	-0.017829	0.450000
190	-0.441232	0.365570	0.223378	0.450000
191	-0.612518	-0.029297	0.046774	0.450000
192	-0.592430	0.162862	-0.026971	0.450000
193	-0.580703	0.141542	0.144828	0.450000
194	-0.601784	0.020498	0.125144	0.450000
195	-0.517726	0.320912	0.084858	0.450000
196	-0.606122	0.083390	0.062351	0.450000
197	-0.576533	0.210592	0.038545	0.450000
198	-0.458602	0.388143	0.131353	0.450000
199	-0.525614	0.295287	0.121494	0.450000
200	-0.460208	0.404770	0.050936	0.450000
201	-0.584162	0.163617	0.101039	0.450000
202	-0.557542	0.258309	-0.025459	0.450000
203	-0.571711	0.222371	-0.043843	0.450000
204	-0.557909	0.235642	0.106937	0.450000
205	-0.612073	0.050251	-0.032653	0.450000
206	-0.492218	0.360111	-0.079160	0.450000
207	-0.522324	0.316597	0.071895	0.450000
208	-0.487172	0.370240	0.061732	0.450000
209	-0.468590	0.396213	0.040789	0.450000
210	-0.528394	0.290420	0.121164	0.450000
211	-0.520779	0.254258	0.205834	0.450000
212	-0.578614	0.119588	-0.170674	0.450000
213	-0.483368	0.377553	-0.045093	0.450000
214	-0.528787	0.309589	0.052570	0.450000
215	-0.456443	0.411427	-0.024750	0.450000
216	-0.431107	0.432974	-0.070043	0.450000
217	-0.411906	0.391109	0.235780	0.450000
218	-0.477869	0.260770	0.286121	0.450000
219	-0.576020	0.154507	0.150178	0.450000
220	-0.464335	0.395344	-0.079506	0.450000
221	-0.391653	0.432845	-0.193592	0.450000
222	-0.394421	0.470219	0.039382	0.450000
223	-0.575865	0.215419	0.014108	0.450000
224	-0.590281	0.140764	-0.099893	0.450000
225	-0.575495	0.204795	-0.071340	0.450000
226	-0.460478	0.336129	0.230656	0.450000
227	-0.558416	0.253216	0.047726	0.450000
228	-0.535740	0.246798	0.174064	0.450000
229	-0.445505	0.423801	-0.011971	0.450000
230	-0.555455	0.257986	-0.056014	0.450000
231	-0.379704	0.475283	-0.090309	0.450000
232	-0.612318	0.009494	0.056577	0.450000
233	-0.566122	0.171084	-0.168706	0.450000
234	-0.506428	0.333666	0.102091	0.450000
235	-0.578374	0.192389	-0.081821	0.450000
236	-0.593718	0.155424	0.039590	0.450000
237	-0.541018	0.262822	-0.128255	0.450000
238	-0.603851	0.103191	-0.054225	0.450000
239	-0.578594	0.158624	0.135249	0.450000
240	-0.476392	0.354100	-0.160900	0.450000
241	-0.605904	-0.078729	-0.070047	0.450000
242	-0.576669	0.213721	0.001044	0.450000
243	-0.543132	0.287212	0.027243	0.450000
244	-0.560664	0.233960	0.095623	0.450000
245	-0.541083	0.187074	-0.224628	0.450000
246	-0.540851	0.250114	-0.152147	0.450000
247	-0.580969	0.152517	0.132056	0.450000
248	-0.582876	0.196151	0.002399	0.450000
249	-0.606270	0.076357	0.069504	0.450000
250	-0.585186	0.189117	0.004148	0.450000
251	-0.586524	0.184763	0.008792	0.450000
252	-0.604545	0.090506	-0.067517	0.450000
253	-0.573456	0.147043	-0.166590	0.450000
254	-0.572978	0.183433	-0.127566	0.450000
255	-0.568492	0.198282	-0.125404	0.450000
256	-0.529805	0.292912	0.108322	0.450000
257	-0.597788	0.144053	-0.011121	0.450000
258	-0.594888	0.147850	0.049741	0.450000
259	-0.593509	-0.057079	0.150711	0.450000
260	-0.593518	0.143756	-0.072769	0.450000
261	-0.578568	0.208393	-0.007472	0.450000
262	-0.532037	0.290198	-0.104627	0.450000
263	-0.614805	-0.015367	-0.001788	0.450000
264	-0.590695	0.103169	0.136605	0.450000
265	-0.583350	0.028755	0.192617	0.450000
266	-0.597847	0.037747	0.139210	0.450000
267	-0.606934	-0.094578	0.030187	0.450000
268	-0.457991	0.055176	0.406724	0.450000
269	-0.591891	0.084366	-0.144128	0.450000
270	-0.596951	-0.040379	0.142281	0.450000
271	-0.574396	0.165808	-0.144227	0.450000
272	-0.613154	0.013936	0.045536	0.450000
273	-0.606599	0.096709	0.030168	0.450000
274	-0.604112	0.100102	0.057033	0.450000
275	-0.612216	-0.039985	0.042633	0.450000
276	-0.585310	-0.115670	0.149189	0.450000
277	-0.600597	0.132301	-0.002229	0.450000
278	-0.564204	0.089888	-0.227638	0.450000
279	-0.531877	0.284338	0.120347	0.450000
280	-0.576561	0.193459	0.091521	0.450000
281	-0.608080	0.091990	0.001403	0.450000
282	-0.592109	-0.101368	0.131745	0.450000
283	-0.581066	-0.011134	-0.201154	0.450000
284	-0.510232	0.008907	-0.343233	0.450000
285	-0.603585	-0.113777	-0.031059	0.450000
286	-0.523881	0.307942	-0.094579	0.450000
287	-0.589859	0.165855	-0.052754	0.450000
288	-0.524667	0.267257	0.177547	0.450000
289	-0.525885	0.244950	0.204131	0.450000
290	-0.560295	0.246739	-0.058437	0.450000
291	-0.559390	0.217642	0.133941	0.450000
292	-0.606781	0.098752	0.017023	0.450000
293	-0.612254	-0.004932	0.057839	0.450000
294	-0.600462	0.096707	0.091206	0.450000
295	-0.551627	0.247188	0.113274	0.450000
296	-0.596778	0.147473	0.018258	0.450000
297	-0.596994	0.146300	0.020474	0.450000
298	-0.614189	-0.019620	0.024729	0.450000
299	-0.601389	0.123340	-0.036652	0.450000
300	-0.573985	0.219157	0.027141	0.450000
301	-0.595425	0.150520	0.032220	0.450000
302	-0.568526	0.234527	-0.000486	0.450000
303	-0.593571	0.034166	-0.157260	0.450000
304	-0.418216	0.376783	0.247698	0.450000
305	-0.538382	0.292936	0.050585	0.450000
306	-0.466077	0.391962	-0.085805	0.450000
307	-0.503009	0.320367	0.150239	0.450000
308	-0.598175	0.136694	0.041554	0.450000
309	-0.480423	0.362550	0.126396	0.450000
310	-0.560801	0.252119	-0.012759	0.450000
311	-0.586461	0.177086	-0.054126	0.450000
312	-0.574866	0.140171	0.167650	0.450000
313	-0.455437	0.381324	0.159354	0.450000
314	-0.487968	0.372168	0.040037	0.450000
315	-0.495898	0.233442	0.278954	0.450000
316	-0.479959	0.367476	0.113250	0.450000
317	-0.460973	0.397622	0.087326	0.450000
318	-0.497008	0.319399	0.170857	0.450000
319	-0.601623	0.125409	0.023407	0.450000
320	-0.554390	0.250700	-0.089588	0.450000
321	-0.576682	0.175289	-0.122216	0.450000
322	-0.566981	0.238079	0.008731	0.450000
323	-0.520610	0.284057	0.162794	0.450000
324	-0.572391	0.223072	0.028851	0.450000
325	-0.368957	0.323117	0.371068	0.450000
326	-0.607643	0.091998	0.023040	0.450000
327	-0.576478	0.191483	-0.096088	0.450000
328	-0.502701	0.340248	-0.098731	0.450000
329	-0.225824	0.545394	-0.172550	0.450000
330	-0.537260	0.293650	-0.057854	0.450000
331	-0.427011	0.441332	-0.033351	0.450000
332	-0.526228	0.318274	0.003202	0.450000
333	-0.521571	0.304352	0.116442	0.450000
334	-0.543314	0.266722	0.109063	0.450000
335	-0.519722	0.266698	0.192317	0.450000
336	-0.457252	0.406327	-0.063594	0.450000
337	-0.432844	0.436849	-0.005851	0.450000
338	-0.601778	-0.084513	0.094585	0.450000
339	-0.545242	0.283215	0.026930	0.450000
340	-0.517266	0.323218	0.078684	0.450000
341	-0.507361	0.337467	-0.083223	0.450000
342	-0.568454	0.213725	-0.096986	0.450000
343	-0.508430	0.337925	0.074369	0.450000
344	-0.531316	0.304158	-0.058448	0.450000
345	-0.480909	0.383009	-0.016002	0.450000
346	-0.611169	0.014004	-0.067096	0.450000
347	-0.511398	0.333549	-0.073769	0.450000
348	-0.581689	0.199455	-0.008985	0.450000
349	-0.546575	0.168462	-0.226055	0.450000
350	-0.573652	0.183744	-0.124041	0.450000
351	-0.608391	0.046401	0.077020	0.450000
352	-0.571778	0.129224	0.186000	0.450000
353	-0.568803	0.209754	0.103400	0.450000
354	-0.562525	0.209315	0.134080	0.450000
355	-0.587143	0.167719	-0.073201	0.450000
356	-0.608087	0.008729	0.091534	0.450000
357	-0.511793	0.339750	-0.029362	0.450000
358	-0.569715	0.231439	-0.009299	0.450000
359	-0.574523	0.151351	-0.158873	0.450000
360	-0.608759	0.077905	0.039606	0.450000
361	-0.603126	-0.037992	0.114108	0.450000
362	-0.591132	0.007622	0.169499	0.450000
363	-0.549978	0.268780	-0.059219	0.450000
364	-0.612735	0.051022	-0.013313	0.450000
365	-0.592584	0.086150	-0.140167	0.450000
366	-0.597139	0.139687	0.046237	0.450000
367	-0.547508	0.260223	-0.103651	0.450000
368	-0.589091	0.163324	-0.067243	0.450000
369	-0.590758	-0.126089	0.115463	0.450000
370	-0.585434	0.002674	0.188373	0.450000
371	-0.610722	-0.071977	0.007975	0.450000
372	-0.583871	0.190658	-0.031142	0.450000
373	-0.599080	0.101572	-0.094927	0.450000
374	-0.612185	0.028053	-0.051646	0.450000
375	-0.565667	0.105074	0.217269	0.450000
376	-0.607832	0.002838	0.093581	0.450000
377	-0.596098	0.083067	0.126460	0.450000
378	-0.586938	0.100695	0.153588	0.450000
379	-0.593878	0.097601	-0.126524	0.450000
380	-0.609270	0.071683	0.043323	0.450000
381	-0.611042	0.037831	0.058488	0.450000
382	-0.589843	0.173799	-0.010196	0.450000
383	-0.609383	-0.005082	-0.082772	0.450000
384	-0.544889	-0.228534	-0.170566	0.450000
385	-0.580462	0.197983	-0.045732	0.450000
386	-0.572684	0.091761	-0.204545	0.450000
387	-0.566836	0.235975	-0.035188	0.450000
388	-0.558573	0.112296	0.231540	0.450000
389	-0.587095	0.182156	0.019077	0.450000
390	-0.571331	0.224151	0.039524	0.450000
391	-0.611129	-0.068549	-0.006912	0.450000
392	-0.603600	0.070934	-0.094131	0.450000
393	-0.589635	-0.172633	0.027439	0.450000
394	-0.575929	0.201783	0.076254	0.450000
395	-0.571683	0.226006	0.018023	0.450000
396	-0.547535	0.265135	0.090186	0.450000
397	-0.561934	0.135468	0.210010	0.450000
398	-0.549823	0.274886	-0.018899	0.450000
399	-0.595736	0.139184	0.062861	0.450000
400	-0.589871	-0.054067	-0.165392	0.450000
401	-0.559000	0.250344	-0.055426	0.450000
402	-0.527168	0.293220	0.119754	0.450000
403	-0.513280	0.317824	0.117290	0.450000
404	-0.586156	0.153048	0.105939	0.450000
405	-0.611152	0.013251	-0.067398	0.450000
406	-0.597747	0.120026	-0.080730	0.450000
407	-0.546918	0.238569	0.148965	0.450000
408	-0.609521	0.046440	0.067472	0.450000
409	-0.597215	0.146783	0.003678	0.450000
410	-0.538591	0.296283	0.018997	0.450000
411	-0.444665	0.411154	0.107008	0.450000
412	-0.459138	0.289416	0.289233	0.450000
413	-0.449595	0.375261	0.187799	0.450000
414	-0.543777	0.279946	-0.064509	0.450000
415	-0.364457	0.488217	0.083904	0.450000
416	-0.538776	0.188222	-0.229168	0.450000
417	-0.588031	0.134593	-0.119707	0.450000
418	-0.567470	0.227920	-0.065236	0.450000
419	-0.491537	0.257183	0.265468	0.450000
420	-0.477092	0.359742	0.145582	0.450000
421	-0.552987	0.268522	0.018079	0.450000
422	-0.485142	0.348655	0.145951	0.450000
423	-0.540673	0.187779	0.225027	0.450000
424	-0.506326	0.176078	0.301423	0.450000
425	-0.577486	0.198543	-0.072913	0.450000
426	-0.498093	0.316224	0.173583	0.450000
427	-0.489007	0.315639	0.198668	0.450000
428	-0.497026	0.287657	0.220099	0.450000
429	-0.555561	0.194805	-0.177843	0.450000
430	-0.529146	0.288628	0.122161	0.450000
431	-0.573345	0.160862	0.153702	0.450000
432	-0.536590	0.299980	-0.017565	0.450000
433	-0.328351	0.483329	-0.191843	0.450000
434	-0.388517	0.412241	-0.239451	0.450000
435	-0.563680	0.201049	-0.141665	0.450000
436	-0.400796	0.449981	0.122902	0.450000
437	-0.538281	0.290220	0.065193	0.450000
438	-0.587615	0.180302	-0.020618	0.450000
439	-0.549296	0.275662	-0.022564	0.450000
440	-0.581698	0.140025	0.142284	0.450000
441	-0.573940	0.150571	0.161699	0.450000
442	-0.459172	0.406879	-0.042852	0.450000
443	-0.512271	0.338057	0.039004	0.450000
444	-0.611839	0.028089	0.055580	0.450000
445	-0.610185	-0.000030	-0.076807	0.450000
446	-0.494150	0.322119	0.174012	0.450000
447	-0.520015	0.324981	0.046862	0.450000
448	-0.523671	0.305728	-0.102590	0.450000
449	-0.569427	0.089095	0.214569	0.450000
450	-0.562259	0.241914	0.059733	0.450000
451	-0.530331	0.301783	-0.076821	0.450000
452	-0.335093	0.506379	-0.097562	0.450000
453	-0.602396	-0.063927	0.106103	0.450000
454	-0.610407	0.062875	-0.040924	0.450000
455	-0.579975	0.059690	-0.195680	0.450000
456	-0.565186	0.216825	-0.108522	0.450000
457	-0.541036	0.209219	-0.204286	0.450000
458	-0.606424	0.102236	-0.004718	0.450000
459	-0.595076	0.118954	-0.099795	0.450000
460	-0.557700	0.230592	0.118419	0.450000
461	-0.426938	0.428570	-0.110804	0.450000
462	-0.579797	0.130147	-0.158499	0.450000
463	-0.538923	0.243602	-0.168655	0.450000
464	-0.606965	0.033451	-0.093274	0.450000
465	-0.506161	0.335389	-0.097676	0.450000
466	-0.539503	0.259161	-0.141410	0.450000
467	-0.580191	0.080107	-0.187580	0.450000
468	-0.563743	0.227826	-0.092274	0.450000
469	-0.584380	0.174719	-0.078725	0.450000
470	-0.612049	0.050998	-0.031931	0.450000
471	-0.540099	0.294095	0.005173	0.450000
472	-0.603531	0.117594	0.012135	0.450000
473	-0.609706	0.066813	0.044946	0.450000
474	-0.463385	0.400214	-0.057694	0.450000
475	-0.585128	0.188132	0.021360	0.450000
476	-0.556401	0.248356	-0.083440	0.450000
477	-0.560877	0.241748	0.072110	0.450000
478	-0.564140	0.221267	-0.104941	0.450000
479	-0.578105	0.148412	0.148303	0.450000
480	-0.601107	-0.110808	0.067951	0.450000
481	-0.590032	0.171543	0.025684	0.450000
482	-0.593035	0.139419	-0.084242	0.450000
483	-0.601505	0.124259	0.031240	0.450000
484	-0.613958	-0.034877	-0.007992	0.450000
485	-0.610788	-0.071025	0.010877	0.450000
486	-0.612799	-0.023897	-0.046160	0.450000
487	-0.608407	-0.089158	0.010819	0.450000
488	-0.570345	-0.210802	0.092163	0.450000
489	-0.589519	-0.034184	-0.171826	0.450000
490	-0.604035	0.011388	0.115051	0.450000
491	-0.545541	0.178686	0.220639	0.450000
492	-0.554489	0.223615	-0.144096	0.450000
493	-0.591389	0.046204	-0.162325	0.450000
494	-0.559744	0.244224	-0.072565	0.450000
495	-0.594684	0.090023	-0.128344	0.450000
496	-0.608430	0.082207	-0.035773	0.450000
497	-0.613172	0.028073	-0.038168	0.450000
498	-0.426921	0.426217	-0.119590	0.450000
499	-0.590528	0.136428	-0.104351	0.450000
500	-0.602849	0.037728	0.115649	0.450000
501	-0.600523	0.110307	0.073682	0.450000
502	-0.598935	0.074641	-0.118028	0.450000
503	-0.608716	0.080577	0.034604	0.450000
504	-0.605572	0.034555	-0.101557	0.450000
505	-0.611592	-0.031364	-0.056541	0.450000
506	-0.592686	-0.063509	-0.151375	0.450000
507	-0.596267	0.139462	-0.056936	0.450000
508	-0.547686	0.279420	-0.013794	0.450000
509	-0.541096	0.279070	0.086950	0.450000
510	-0.532556	0.305428	-0.036378	0.450000
511	-0.601006	0.041872	0.123547	0.450000
512	-0.563564	0.245764	0.014849	0.450000
513	-0.542665	0.265471	-0.115172	0.450000
514	-0.577191	0.195792	-0.082101	0.450000
515	-0.539018	0.199533	-0.218794	0.450000
516	-0.507143	0.325572	0.122612	0.450000
517	-0.550338	0.273087	0.027869	0.450000
518	-0.456011	0.376824	0.168173	0.450000
519	-0.564719	0.232865	-0.071356	0.450000
520	-0.595127	0.116216	0.102677	0.450000
521	-0.563485	0.206518	0.134387	0.450000
522	-0.609412	0.075255	0.034336	0.450000
523	-0.597164	0.128182	0.072040	0.450000
524	-0.565357	0.237252	-0.048037	0.450000
525	-0.509762	0.331766	0.091098	0.450000
526	-0.433324	0.400540	0.173272	0.450000
527	-0.426674	0.425756	0.122088	0.450000
528	-0.492015	0.296932	0.219038	0.450000
529	-0.586592	0.184361	-0.012105	0.450000
530	-0.492275	0.367209	0.032374	0.450000
531	-0.556844	0.259440	-0.028993	0.450000
532	-0.558905	0.226021	-0.121511	0.450000
533	-0.612028	-0.059988	-0.006972	0.450000
534	-0.566210	0.110625	0.213058	0.450000
535	-0.550719	0.229206	0.149663	0.450000
536	-0.362092	0.437990	0.235115	0.450000
537	-0.479098	0.383008	0.044660	0.450000
538	-0.496200	0.362203	-0.028631	0.450000
539	-0.472262	0.391479	0.044025	0.450000
540	-0.579414	0.194631	-0.067993	0.450000
541	-0.575471	0.210582	-0.052086	0.450000
542	-0.600150	-0.049962	0.124694	0.450000
543	-0.546299	0.281164	-0.027015	0.450000
544	-0.457668	0.401346	0.087670	0.450000
545	-0.477925	0.365815	-0.126460	0.450000
546	-0.496497	0.359950	0.046392	0.450000
547	-0.578458	0.147255	0.148077	0.450000
548	-0.533367	0.149577	0.267154	0.450000
549	-0.483561	0.378425	-0.034473	0.450000
550	-0.530285	0.292283	-0.107673	0.450000
551	-0.606917	0.098295	-0.014649	0.450000
552	-0.595674	0.152809	-0.006809	0.450000
553	-0.490233	0.297184	-0.222662	0.450000
554	-0.573982	0.215214	-0.049523	0.450000
555	-0.607503	0.093138	-0.022150	0.450000
556	-0.506553	0.183431	0.296619	0.450000
557	-0.557776	0.226288	0.126112	0.450000
558	-0.427511	0.439594	0.047081	0.450000
559	-0.612230	0.052025	-0.026331	0.450000
560	-0.597947	0.126303	0.068784	0.450000
561	-0.549571	0.178630	0.210447	0.450000
562	-0.566769	0.094520	-0.219236	0.450000
563	-0.540501	0.291618	-0.032289	0.450000
564	-0.589527	0.167901	0.049917	0.450000
565	-0.570762	0.117475	0.196610	0.450000
566	-0.492376	0.312864	-0.194698	0.450000
567	-0.612287	0.056375	0.012303	0.450000
568	-0.603244	0.086700	-0.082494	0.450000
569	-0.603666	0.115669	-0.020818	0.450000
570	-0.546672	0.263050	-0.100895	0.450000
571	-0.579725	0.190110	-0.077475	0.450000
572	-0.609132	0.021723	0.081922	0.450000
573	-0.558580	-0.023253	0.256266	0.450000
574	-0.596328	0.139875	-0.055253	0.450000
575	-0.516123	0.308906	-0.128136	0.450000
576	-0.524780	0.313214	0.068762	0.450000
577	-0.605637	0.104979	0.020212	0.450000
578	-0.582491	0.184972	-0.068666	0.450000
579	-0.602772	0.121651	0.009563	0.450000
580	-0.587786	0.102337	-0.149195	0.450000
581	-0.598337	0.072710	-0.122194	0.450000
582	-0.586603	0.167671	-0.077510	0.450000
583	-0.608265	-0.090645	0.004638	0.450000
584	-0.553060	0.258995	-0.072607	0.450000
585	-0.583668	0.187548	0.048812	0.450000
586	-0.577884	-0.001598	0.210411	0.450000
587	-0.539578	0.281269	-0.089267	0.450000
588	-0.611665	0.039984	0.049922	0.450000
589	-0.604624	-0.035622	0.106704	0.450000
590	-0.576086	-0.199800	0.080189	0.450000
591	-0.610318	-0.074128	-0.015543	0.450000
592	-0.601983	0.032836	-0.121505	0.450000
593	-0.602926	-0.062512	-0.103910	0.450000
594	-0.592584	0.139359	0.087451	0.450000
595	-0.543240	0.286047	-0.035953	0.450000
596	-0.603398	0.033039	0.114210	0.450000
597	-0.613927	0.027465	0.023755	0.450000
598	-0.588096	0.165638	-0.070230	0.450000
599	-0.577215	0.177596	-0.116223	0.450000
600	-0.601285	0.103758	-0.076914	0.450000
601	-0.489533	0.335509	0.161297	0.450000
602	-0.611949	0.045551	0.040852	0.450000
603	-0.595642	0.143965	-0.052054	0.450000
604	-0.605163	-0.052697	0.096052	0.450000
605	-0.562050	-0.043714	-0.245793	0.450000
606	-0.563565	0.134902	-0.205964	0.450000
607	-0.527073	0.316888	-0.000855	0.450000
608	-0.593166	0.122069	-0.107137	0.450000
609	-0.529529	0.277062	0.145121	0.450000
610	-0.609365	0.083051	-0.001475	0.450000
611	-0.529864	0.298644	-0.090999	0.450000
612	-0.595980	0.151630	-0.006404	0.450000
613	-0.614142	0.012227	-0.030077	0.450000
614	-0.577687	0.124721	-0.170141	0.450000
615	-0.588392	0.108285	0.142459	0.450000
616	-0.548631	0.258567	0.101843	0.450000
617	-0.544215	0.253479	0.133431	0.450000
618	-0.560627	0.251770	-0.023122	0.450000
619	-0.582498	0.165528	0.107336	0.450000
620	-0.438345	0.412019	0.127744	0.450000
621	-0.590556	0.143185	-0.094691	0.450000
622	-0.613632	0.010409	-0.039660	0.450000
623	-0.553124	0.251829	-0.094132	0.450000
624	-0.512493	0.328588	-0.087209	0.450000
625	-0.543902	0.271332	0.093669	0.450000
626	-0.567885	0.236024	-0.004960	0.450000
627	-0.585936	0.164240	0.089043	0.450000
628	-0.556960	0.228666	0.125428	0.450000
629	-0.607859	0.074337	0.056625	0.450000
630	-0.567466	0.023843	0.235878	0.450000
631	-0.582997	0.195418	-0.012290	0.450000
632	-0.432094	0.411045	0.150206	0.450000
633	-0.430002	0.280976	0.338195	0.450000
634	-0.565184	0.228823	0.080197	0.450000
635	-0.386148	0.476080	0.049625	0.450000
636	-0.444461	0.331409	0.266172	0.450000
637	-0.569018	0.233142	-0.009400	0.450000
638	-0.582130	-0.036695	-0.194943	0.450000
639	-0.545280	0.262407	0.109715	0.450000
640	-0.508239	0.304163	0.165539	0.450000
641	-0.535133	0.238423	0.187115	0.450000
642	-0.588633	0.178138	0.001759	0.450000
643	-0.599751	0.131438	0.035327	0.450000
644	-0.582222	0.179398	0.084019	0.450000
645	-0.556897	0.215806	0.146691	0.450000
646	-0.518139	0.316158	-0.099000	0.450000
647	-0.355933	0.434010	-0.251340	0.450000
648	-0.579430	0.134389	-0.156289	0.450000
649	-0.590217	0.169944	0.031432	0.450000
650	-0.496613	0.349364	0.097701	0.450000
651	-0.574665	0.180410	-0.124245	0.450000
652	-0.548653	0.244797	-0.131449	0.450000
653	-0.572321	0.190557	0.119841	0.450000
654	-0.535161	0.292333	0.079806	0.450000
655	-0.508169	0.327866	0.111773	0.450000
656	-0.549911	0.271066	0.048436	0.450000
657	-0.610041	0.024886	-0.073865	0.450000
658	-0.602302	-0.095622	0.079460	0.450000
659	-0.593512	0.135985	0.086467	0.450000
660	-0.529671	0.219171	-0.222796	0.450000
661	-0.574412	0.182968	-0.121651	0.450000
662	-0.574980	0.145238	-0.162877	0.450000
663	-0.545905	0.098368	0.265588	0.450000
664	-0.498441	0.344488	0.105403	0.450000
665	-0.452789	0.189567	-0.370502	0.450000
666	-0.500727	0.321357	0.155650	0.450000
667	-0.565488	0.207065	-0.124791	0.450000
668	-0.590051	-0.088714	-0.148979	0.450000
669	-0.602423	0.079019	-0.095227	0.450000
670	-0.599493	0.136131	0.017370	0.450000
671	-0.605296	-0.064187	0.087875	0.450000
672	-0.545573	0.281565	0.036005	0.450000
673	-0.592702	-0.150181	0.066141	0.450000
674	-0.578962	-0.016733	-0.206755	0.450000
675	-0.611706	-0.035187	0.052942	0.450000
676	-0.530150	0.280292	0.136390	0.450000
677	-0.522844	0.318356	0.059232	0.450000
678	-0.575800	0.199558	-0.082805	0.450000
679	-0.573862	0.110020	-0.191840	0.450000
680	-0.609335	0.043772	-0.070853	0.450000
681	-0.610088	0.075250	-0.018834	0.450000
682	-0.567175	0.193033	-0.138838	0.450000
683	-0.573968	0.220059	0.018960	0.450000
684	-0.606597	0.081992	-0.059514	0.450000
685	-0.610772	0.048973	0.052763	0.450000
686	-0.558352	-0.024863	-0.256612	0.450000
687	-0.562508	0.238104	0.071530	0.450000
688	-0.606577	-0.101358	-0.003977	0.450000
689	-0.520080	0.313989	-0.095672	0.450000
690	-0.601089	-0.127376	-0.026318	0.450000
691	-0.590110	0.018696	0.172180	0.450000
692	-0.593647	-0.044694	-0.154308	0.450000
693	-0.568721	-0.200535	0.120695	0.450000
694	-0.543812	0.154907	0.241863	0.450000
695	-0.612758	0.024384	0.046453	0.450000
696	-0.580171	0.201403	0.032606	0.450000
697	-0.611617	0.018174	0.061802	0.450000
698	-0.583514	0.192869	0.023203	0.450000
699	-0.574157	0.196846	0.099099	0.450000
700	-0.606809	-0.006465	0.099832	0.450000
701	-0.602778	-0.120376	0.019841	0.450000
702	-0.594796	0.145684	-0.056730	0.450000
703	-0.608311	0.079218	0.043667	0.450000
704	-0.555289	0.255677	-0.067140	0.450000
705	-0.496190	0.351151	-0.093349	0.450000
706	-0.567682	0.205430	0.117308	0.450000
707	-0.548999	0.249753	-0.120201	0.450000
708	-0.589615	0.100725	-0.142948	0.450000
709	-0.600555	0.092457	0.094923	0.450000
710	-0.570397	0.184171	-0.137671	0.450000
711	-0.540909	0.081273	-0.281136	0.450000
712	-0.592950	0.089775	-0.136294	0.450000
713	-0.500842	0.301593	-0.190851	0.450000
714	-0.413358	0.455220	0.011607	0.450000
715	-0.604113	0.114294	0.014468	0.450000
716	-0.611900	-0.026526	0.055680	0.450000
717	-0.580497	0.039853	-0.199148	0.450000
718	-0.524764	0.318843	0.034441	0.450000
719	-0.550578	-0.052576	-0.268932	0.450000
720	-0.479794	0.250239	0.292238	0.450000
721	-0.568192	0.148303	0.182727	0.450000
722	-0.542448	0.271344	0.101721	0.450000
723	-0.577412	0.178998	0.113049	0.450000
724	-0.584406	0.143898	-0.126443	0.450000
725	-0.549491	0.221529	0.164952	0.450000
726	-0.595539	0.152700	0.015534	0.450000
727	-0.605119	0.018101	-0.108298	0.450000
728	-0.610774	0.053283	-0.048384	0.450000
729	-0.462745	0.391270	-0.104877	0.450000
730	-0.488063	0.318453	0.196487	0.450000
731	-0.513058	0.332276	0.067747	0.450000
732	-0.560384	0.202901	0.151742	0.450000
733	-0.573096	0.206984	0.083330	0.450000
734	-0.565330	0.241846	-0.011693	0.450000
735	-0.594699	0.139290	0.071809	0.450000
736	-0.611323	0.001619	-0.067129	0.450000
737	-0.583524	0.051645	0.187236	0.450000
738	-0.532999	0.304605	-0.036774	0.450000
739	-0.458302	0.377711	0.159744	0.450000
740	-0.347086	0.447671	0.239472	0.450000
741	-0.553001	0.268992	-0.007672	0.450000
742	-0.606738	0.099406	0.014596	0.450000
743	-0.462183	0.197068	0.354649	0.450000
744	-0.554796	0.244284	-0.103691	0.450000
745	-0.582568	0.196495	0.015143	0.450000
746	-0.439565	-0.107097	-0.416578	0.450000
747	-0.528229	0.145626	0.279270	0.450000
748	-0.508112	0.276709	0.208516	0.450000
749	-0.598659	0.137250	-0.031539	0.450000
750	-0.535906	0.057607	-0.296161	0.450000
751	-0.523299	0.304837	-0.107041	0.450000
752	-0.556101	0.175047	0.195793	0.450000
753	-0.397112	0.356318	-0.305883	0.450000
754	-0.468345	0.317120	-0.241480	0.450000
755	-0.461272	0.406638	0.009947	0.450000
756	-0.585273	0.188882	-0.002108	0.450000
757	-0.579696	0.204489	0.019038	0.450000
758	-0.589117	0.174879	0.024153	0.450000
759	-0.586241	0.168278	0.078923	0.450000
760	-0.550239	0.187418	0.200839	0.450000
761	-0.505523	0.338141	0.091281	0.450000
762	-0.589457	0.103364	0.141707	0.450000
763	-0.612041	0.050294	-0.033192	0.450000
764	-0.543750	0.104131	0.267802	0.450000
765	-0.574109	0.220032	0.014464	0.450000
766	-0.483415	0.359820	-0.122738	0.450000
767	-0.578069	0.196737	-0.073184	0.450000
768	-0.601625	0.109142	-0.066034	0.450000
769	-0.534444	0.302921	-0.028868	0.450000
770	-0.314213	0.505969	-0.153267	0.450000
771	-0.600286	-0.115761	-0.066940	0.450000
772	-0.554228	0.151371	-0.219415	0.450000
773	-0.606462	0.100758	-0.016632	0.450000
774	-0.465390	0.290858	-0.277560	0.450000
775	-0.610990	0.069691	-0.007705	0.450000
776	-0.609685	0.075045	0.029616	0.450000
777	-0.602194	0.050452	0.114201	0.450000
778	-0.518823	0.325021	-0.058387	0.450000
779	-0.571224	0.204829	0.099867	0.450000
780	-0.572834	0.219979	-0.041175	0.450000
781	-0.595572	0.152035	-0.020095	0.450000
782	-0.551165	0.259888	-0.083067	0.450000
783	-0.591722	0.072471	-0.151123	0.450000
784	-0.603602	0.104076	0.055293	0.450000
785	-0.614689	-0.018544	0.006254	0.450000
786	-0.587886	0.150663	-0.099578	0.450000
787	-0.520971	0.318372	0.073851	0.450000
788	-0.590523	-0.146596	0.089539	0.450000
789	-0.502795	0.351973	-0.039209	0.450000
790	-0.571608	0.219993	-0.055606	0.450000
791	-0.600369	0.083485	-0.103984	0.450000
792	-0.588030	0.179485	0.015209	0.450000
793	-0.583650	0.192595	-0.022032	0.450000
794	-0.585440	0.000912	-0.188371	0.450000
795	-0.604239	-0.088261	-0.073007	0.450000
796	-0.560405	0.248540	0.048978	0.450000
797	-0.568377	0.217256	-0.089289	0.450000
798	-0.613670	0.035634	-0.019077	0.450000
799	-0.566880	0.237318	-0.023504	0.450000
800	-0.604954	0.109299	-0.017602	0.450000
801	-0.603454	0.097854	0.067026	0.450000
802	-0.588437	-0.162750	0.074024	0.450000
803	-0.575771	0.003014	0.216109	0.450000
804	-0.599455	0.028497	0.134411	0.450000
805	-0.574687	0.172487	-0.134939	0.450000
806	-0.516726	0.322593	-0.084575	0.450000
807	-0.592909	0.161316	0.025718	0.450000
808	-0.538935	0.296204	-0.006045	0.450000
809	-0.579267	0.206554	-0.003178	0.450000
810	-0.575500	0.096640	0.194127	0.450000
811	-0.527945	0.275345	-0.153898	0.450000
812	-0.493751	0.283465	-0.232557	0.450000
813	-0.565866	0.197854	-0.137382	0.450000
814	-0.611993	0.060405	-0.006388	0.450000
815	-0.611296	-0.021025	0.064036	0.450000
816	-0.563096	0.188803	0.159693	0.450000
817	-0.597116	0.033880	-0.143280	0.450000
818	-0.448849	0.305349	-0.289001	0.450000
819	-0.596265	-0.149468	0.018765	0.450000
820	-0.445345	0.424093	-0.006203	0.450000
821	-0.417939	0.430782	0.134087	0.450000
822	-0.539607	0.288247	0.062951	0.450000
823	-0.608290	0.076525	-0.048503	0.450000
824	-0.516310	0.318954	-0.099585	0.450000
825	-0.602373	0.122283	-0.020463	0.450000
826	-0.581954	0.130885	-0.149744	0.450000
827	-0.466169	0.295957	0.270779	0.450000
828	-0.526251	0.299308	0.108165	0.450000
829	-0.584960	0.137273	0.131162	0.450000
830	-0.598411	0.064525	0.126358	0.450000
831	-0.438253	0.428155	0.053317	0.450000
832	-0.547472	0.274911	0.054065	0.450000
833	-0.560246	0.249907	0.043541	0.450000
834	-0.535493	0.278306	0.118399	0.450000
835	-0.523568	0.314806	-0.070697	0.450000
836	-0.413660	0.446587	0.087582	0.450000
837	-0.178330	0.506329	0.300091	0.450000
838	-0.541955	0.197580	0.213241	0.450000
839	-0.547092	0.276187	0.051348	0.450000
840	-0.532388	0.238032	0.195266	0.450000
841	-0.599337	0.112771	0.079392	0.450000
842	-0.610345	0.068297	0.032247	0.450000
843	-0.397166	0.466568	0.052906	0.450000
844	-0.214617	0.548212	0.177842	0.450000
845	-0.295646	0.497758	0.207499	0.450000
846	-0.461571	0.259968	-0.312401	0.450000
847	-0.460238	0.370055	0.171654	0.450000
848	-0.377787	0.462275	-0.147660	0.450000
849	-0.557583	0.220551	0.136688	0.450000
850	-0.458384	-0.126981	-0.389853	0.450000
