1	0.468846	0.389621	-0.081265	-0.240000
2	0.553713	0.180929	-0.197209	-0.240000
3	0.580529	0.049261	0.196937	-0.240000
4	0.587670	0.172560	-0.055603	-0.240000
5	0.607412	-0.007888	0.095985	-0.240000
6	0.488951	-0.188870	0.321683	-0.240000
7	0.531188	-0.012992	0.309670	-0.240000
8	0.528685	-0.305093	0.075066	-0.240000
9	0.604218	-0.077467	-0.084522	-0.240000
10	0.384563	0.240660	-0.415233	-0.240000
11	0.597005	0.098929	-0.109650	-0.240000
12	0.606189	0.070312	0.076262	-0.240000
13	0.576514	0.048703	-0.208530	-0.240000
14	0.575537	-0.189360	0.105477	-0.240000
15	0.547558	0.269523	0.075911	-0.240000
16	0.559293	-0.076621	0.244020	-0.240000
17	0.549529	-0.079868	0.264318	-0.240000
18	0.496431	-0.347584	0.104722	-0.240000
19	0.604992	0.026060	0.107378	-0.240000
20	0.608539	-0.041756	-0.078494	-0.240000
21	0.532850	0.244458	0.185840	-0.240000
22	0.611155	-0.018479	-0.066133	-0.240000
23	0.578204	-0.091408	-0.188546	-0.240000
24	0.607262	-0.086283	-0.044867	-0.240000
25	0.613676	0.027635	-0.029369	-0.240000
26	0.576170	-0.205304	0.064061	-0.240000
27	0.600022	0.094922	-0.095856	-0.240000
28	0.580143	0.010306	0.203846	-0.240000
29	0.600317	0.129595	-0.032405	-0.240000
30	0.590388	0.147779	0.088480	-0.240000
31	0.602792	-0.096172	-0.074949	-0.240000
32	0.606131	-0.104060	-0.001308	-0.240000
33	0.613251	-0.043304	0.016521	-0.240000
34	0.614934	-0.006139	0.006562	-0.240000
35	0.586032	0.160904	0.094350	-0.240000
36	0.611022	-0.069228	0.009199	-0.240000
37	0.548470	-0.182885	0.209662	-0.240000
38	0.610430	0.006713	-0.074533	-0.240000
39	0.602055	-0.082114	-0.094930	-0.240000
40	0.610478	0.061322	0.042201	-0.240000
41	0.497840	0.194781	0.304040	-0.240000
42	0.607994	0.077016	0.051344	-0.240000
43	0.559939	0.154774	0.201836	-0.240000
44	0.595760	0.151710	-0.016718	-0.240000
45	0.611068	0.069425	0.000962	-0.240000
46	0.584962	0.067293	-0.177527	-0.240000
47	0.595928	-0.049174	-0.143794	-0.240000
48	0.555376	-0.099199	-0.244830	-0.240000
49	0.534487	0.284640	0.107373	-0.240000
50	0.606420	-0.092299	0.044277	-0.240000
51	0.601229	0.124235	0.036253	-0.240000
52	0.605407	-0.015817	0.107038	-0.240000
53	0.614238	0.029753	0.007170	-0.240000
54	0.590976	-0.169794	0.011946	-0.240000
55	0.605473	-0.053689	-0.093516	-0.240000
56	0.584241	-0.167402	-0.094151	-0.240000
57	0.590712	0.170781	-0.010881	-0.240000
58	0.572975	0.183770	0.127094	-0.240000
59	0.610007	0.035193	0.069841	-0.240000
60	0.516877	0.333003	0.013109	-0.240000
61	0.596805	0.125841	0.078821	-0.240000
62	0.536262	-0.045007	0.297694	-0.240000
63	0.554529	0.030858	0.264141	-0.240000
64	0.582941	0.150435	0.125593	-0.240000
65	0.614910	-0.007895	-0.006972	-0.240000
66	0.510426	0.255093	0.229386	-0.240000
67	0.545681	0.222267	0.176222	-0.240000
68	0.605961	-0.003549	0.104992	-0.240000
69	0.610323	0.038899	-0.064940	-0.240000
70	0.577823	0.136355	-0.160477	-0.240000
71	0.606231	0.084350	-0.059948	-0.240000
72	0.611536	0.016310	0.063105	-0.240000
73	0.481270	-0.274105	0.267341	-0.240000
74	0.601237	0.079583	0.102010	-0.240000
75	0.598260	-0.127243	-0.064185	-0.240000
76	0.538735	-0.030601	0.295049	-0.240000
77	0.608044	0.074356	-0.054579	-0.240000
78	0.610487	0.069834	0.025572	-0.240000
79	0.574183	0.164670	-0.146367	-0.240000
80	0.489005	0.369983	0.047030	-0.240000
81	0.437039	0.241544	0.358997	-0.240000
82	0.555459	0.034037	0.261785	-0.240000
83	0.601429	0.103038	-0.076759	-0.240000
84	0.613011	0.048389	-0.010062	-0.240000
85	0.600567	0.099916	-0.086953	-0.240000
86	0.596241	0.141364	0.052325	-0.240000
87	0.423306	0.428026	-0.125820	-0.240000
88	0.486694	0.249824	0.280967	-0.240000
89	0.553640	0.232589	0.132704	-0.240000
90	0.507885	-0.003536	0.346793	-0.240000
91	0.559790	0.150800	0.205231	-0.240000
92	0.610499	0.035554	0.065208	-0.240000
93	0.594744	0.090150	-0.127975	-0.240000
94	0.589754	0.099675	-0.143110	-0.240000
95	0.554088	0.239997	-0.116672	-0.240000
96	0.569793	0.199903	0.116618	-0.240000
97	0.489814	0.324993	0.180795	-0.240000
98	0.483500	0.367072	0.098543	-0.240000
99	0.595141	0.152507	-0.027813	-0.240000
100	0.614965	-0.003134	0.005776	-0.240000
101	0.612951	-0.045428	-0.021271	-0.240000
102	0.578204	0.206488	-0.035610	-0.240000
103	0.557196	0.016141	-0.259801	-0.240000
104	0.597875	-0.008826	-0.143849	-0.240000
105	0.589709	0.167411	-0.049411	-0.240000
106	0.557106	0.260494	0.000837	-0.240000
107	0.594073	0.157019	0.025447	-0.240000
108	0.608565	0.058066	-0.067093	-0.240000
109	0.590556	0.032786	0.168503	-0.240000
110	0.601513	-0.122439	0.037634	-0.240000
111	0.595978	-0.112652	-0.101710	-0.240000
112	0.613578	-0.009639	-0.040669	-0.240000
113	0.592592	0.146738	-0.074351	-0.240000
114	0.559207	0.161658	-0.198440	-0.240000
115	0.352410	0.353922	-0.358848	-0.240000
116	0.599076	-0.132688	-0.041554	-0.240000
117	0.598972	0.103972	-0.092988	-0.240000
118	0.474819	0.139089	-0.365275	-0.240000
119	0.586533	0.184327	0.015093	-0.240000
120	0.559191	0.215789	0.137716	-0.240000
121	0.610555	-0.034533	0.065232	-0.240000
122	0.566740	-0.111432	0.211218	-0.240000
123	0.566416	0.048825	0.234550	-0.240000
124	0.557555	-0.228493	0.123079	-0.240000
125	0.568526	-0.218346	0.085606	-0.240000
126	0.555812	0.132872	-0.227251	-0.240000
127	0.596008	0.151588	-0.004494	-0.240000
128	0.567155	0.194385	-0.137021	-0.240000
129	0.610115	-0.071349	-0.029908	-0.240000
130	0.588825	-0.110283	0.139095	-0.240000
131	0.601205	0.104419	0.076642	-0.240000
132	0.561178	-0.243417	-0.063655	-0.240000
133	0.588131	-0.179585	0.008724	-0.240000
134	0.608308	-0.035906	0.083051	-0.240000
135	0.579898	0.111993	-0.171466	-0.240000
136	0.601551	0.115201	0.055587	-0.240000
137	0.586483	-0.132233	0.129525	-0.240000
138	0.612246	-0.009268	-0.057389	-0.240000
139	0.593980	-0.012585	-0.158917	-0.240000
140	0.613827	0.037648	0.004899	-0.240000
141	0.582000	-0.122360	0.156619	-0.240000
142	0.605611	-0.027287	0.103517	-0.240000
143	0.593763	0.121885	0.103995	-0.240000
144	0.561987	0.001936	0.249784	-0.240000
145	0.477000	0.316609	-0.224622	-0.240000
146	0.613195	-0.033290	-0.033291	-0.240000
147	0.607102	-0.012311	-0.097472	-0.240000
148	0.598844	0.133512	0.042261	-0.240000
149	0.548535	0.220520	-0.169425	-0.240000
150	0.609276	0.039764	0.073669	-0.240000
151	0.570478	-0.216413	-0.077106	-0.240000
152	0.593097	0.059534	-0.151382	-0.240000
153	0.595030	0.111245	-0.108576	-0.240000
154	0.549196	0.260295	-0.094104	-0.240000
155	0.584183	0.189706	0.031092	-0.240000
156	0.613813	0.014922	0.035164	-0.240000
157	0.591468	0.035391	-0.164738	-0.240000
158	0.564040	-0.196914	-0.145974	-0.240000
159	0.577874	0.173352	0.119316	-0.240000
160	0.522263	0.066694	-0.317833	-0.240000
161	0.578088	0.134691	0.160926	-0.240000
162	0.560019	0.252274	0.031006	-0.240000
163	0.573962	0.122171	0.184030	-0.240000
164	0.585962	-0.096141	0.160095	-0.240000
165	0.588782	-0.105649	0.142826	-0.240000
166	0.553785	0.216130	0.157593	-0.240000
167	0.536107	0.300046	-0.028057	-0.240000
168	0.592732	0.129773	0.100264	-0.240000
169	0.579318	-0.054736	0.199048	-0.240000
170	0.590917	0.162276	0.052041	-0.240000
171	0.557542	0.244468	-0.087220	-0.240000
172	0.598647	0.069960	0.122279	-0.240000
173	0.597714	0.132042	0.059395	-0.240000
174	0.532257	-0.015640	0.307706	-0.240000
175	0.605353	-0.007190	0.108267	-0.240000
176	0.591113	0.167008	0.030309	-0.240000
177	0.602657	0.073923	0.097798	-0.240000
178	0.557090	0.152745	-0.211055	-0.240000
179	0.588856	0.088100	-0.153987	-0.240000
180	0.594908	0.153121	0.029384	-0.240000
181	0.554027	0.135199	0.230217	-0.240000
182	0.569363	-0.135844	0.188671	-0.240000
183	0.613873	-0.034228	0.014605	-0.240000
184	0.507441	0.141214	0.317470	-0.240000
185	0.526945	0.314795	0.038182	-0.240000
186	0.602171	0.105648	-0.066735	-0.240000
187	0.564773	0.232676	0.071544	-0.240000
188	0.596353	0.142446	-0.047929	-0.240000
189	0.496745	0.357917	0.058002	-0.240000
190	0.614686	-0.019623	0.000797	-0.240000
191	0.608166	-0.026704	-0.087438	-0.240000
192	0.489211	0.357035	-0.106882	-0.240000
193	0.591966	-0.080660	-0.145930	-0.240000
194	0.579031	0.170112	0.118366	-0.240000
195	0.572272	0.100993	0.201321	-0.240000
196	0.450643	0.307153	0.284258	-0.240000
197	0.507461	0.346757	0.021643	-0.240000
198	0.597060	0.103756	-0.104779	-0.240000
199	0.613613	0.028967	-0.029421	-0.240000
200	0.611017	0.059080	-0.037322	-0.240000
201	0.527451	-0.190097	-0.252753	-0.240000
202	0.531017	0.167788	-0.260947	-0.240000
203	0.526457	0.317182	0.021526	-0.240000
204	0.524078	0.321787	0.004543	-0.240000
205	0.563796	0.244593	-0.023082	-0.240000
206	0.602803	-0.083510	0.088767	-0.240000
207	0.601505	0.008373	0.127854	-0.240000
208	0.520032	0.031240	-0.326827	-0.240000
209	0.603289	0.114615	0.033635	-0.240000
210	0.594101	0.130541	-0.090712	-0.240000
211	0.417508	0.358383	-0.274725	-0.240000
212	0.542912	0.258011	0.130007	-0.240000
213	0.546259	0.281897	-0.018982	-0.240000
214	0.610147	-0.003269	-0.077036	-0.240000
215	0.529682	0.284583	-0.129130	-0.240000
216	0.537951	0.273362	-0.118770	-0.240000
217	0.574774	0.218238	-0.015239	-0.240000
218	0.612932	0.046160	0.020228	-0.240000
219	0.492320	0.070069	0.361851	-0.240000
220	0.584452	-0.045935	0.185824	-0.240000
221	0.593768	0.053156	0.151127	-0.240000
222	0.574403	-0.215624	0.042336	-0.240000
223	0.576710	0.211504	-0.029944	-0.240000
224	0.491041	0.242139	-0.280128	-0.240000
225	0.566974	0.208420	-0.115440	-0.240000
226	0.593230	0.142225	-0.077941	-0.240000
227	0.611042	-0.018779	-0.067082	-0.240000
228	0.609905	0.042420	-0.066645	-0.240000
229	0.596193	0.009282	0.150641	-0.240000
230	0.612345	-0.022366	0.052516	-0.240000
231	0.556549	-0.261553	-0.008263	-0.240000
232	0.609337	0.082808	-0.008755	-0.240000
233	0.610964	0.062171	-0.032912	-0.240000
234	0.592939	0.161417	0.024343	-0.240000
235	0.606293	-0.089343	0.051499	-0.240000
236	0.612195	0.037381	-0.045219	-0.240000
237	0.599789	0.103062	-0.088635	-0.240000
238	0.601846	-0.033206	-0.122081	-0.240000
239	0.596415	0.148279	0.022975	-0.240000
240	0.603213	-0.066783	0.099495	-0.240000
241	0.591103	0.064757	0.156934	-0.240000
242	0.613051	0.018350	0.045358	-0.240000
243	0.595764	0.049822	-0.144249	-0.240000
244	0.539170	-0.221632	0.195960	-0.240000
245	0.592314	-0.020943	0.164165	-0.240000
246	0.591836	-0.136461	0.096613	-0.240000
247	0.588400	0.177531	-0.022192	-0.240000
248	0.593862	0.146203	-0.064635	-0.240000
249	0.607990	0.064841	0.066096	-0.240000
250	0.607104	0.013667	-0.097279	-0.240000
251	0.614613	-0.020926	0.006161	-0.240000
252	0.614745	-0.008674	-0.015437	-0.240000
253	0.568765	0.190081	0.136383	-0.240000
254	0.557551	0.220459	0.136964	-0.240000
255	0.605554	0.096291	0.047508	-0.240000
256	0.592263	0.041823	0.160315	-0.240000
257	0.612408	0.043214	0.036253	-0.240000
258	0.591961	-0.088248	0.141491	-0.240000
259	0.587331	-0.075142	-0.166197	-0.240000
260	0.610604	0.056676	0.046637	-0.240000
261	0.609305	0.081812	-0.016719	-0.240000
262	0.590726	0.136439	0.103211	-0.240000
263	0.571418	0.227293	0.006644	-0.240000
264	0.517497	0.277886	0.182212	-0.240000
265	0.577688	0.191966	0.087472	-0.240000
266	0.611278	-0.052900	0.042019	-0.240000
267	0.611728	0.002956	0.063291	-0.240000
268	0.603374	0.115863	0.027223	-0.240000
269	0.574029	0.219206	-0.025774	-0.240000
270	0.596758	0.117530	-0.091058	-0.240000
271	0.574083	0.218226	0.032118	-0.240000
272	0.584497	0.029410	0.189007	-0.240000
273	0.533189	0.304165	0.037650	-0.240000
274	0.612724	0.042812	-0.031014	-0.240000
275	0.575259	0.215686	0.027948	-0.240000
276	0.600441	0.124754	0.046177	-0.240000
277	0.590100	0.115935	0.128711	-0.240000
278	0.608149	0.080909	0.042819	-0.240000
279	0.608729	-0.049789	0.072073	-0.240000
280	0.584548	0.179864	0.064631	-0.240000
281	0.593631	0.104078	-0.122454	-0.240000
282	0.583363	0.194663	0.004379	-0.240000
283	0.561132	0.249191	-0.035497	-0.240000
284	0.584642	0.171485	-0.083733	-0.240000
285	0.606422	0.017664	-0.100824	-0.240000
286	0.613182	0.045421	0.013048	-0.240000
287	0.531952	0.135888	0.277104	-0.240000
288	0.566458	0.134226	0.198328	-0.240000
289	0.566637	0.230182	0.064527	-0.240000
290	0.602289	0.117977	0.039419	-0.240000
291	0.525067	0.317798	0.039159	-0.240000
292	0.588082	0.138804	0.114535	-0.240000
293	0.574345	0.174694	0.133547	-0.240000
294	0.585072	0.188708	0.017474	-0.240000
295	0.609715	0.064952	-0.047479	-0.240000
296	0.614447	0.009151	-0.024415	-0.240000
297	0.601138	-0.079246	0.102850	-0.240000
298	0.571373	0.136215	-0.182217	-0.240000
299	0.613264	0.032174	-0.033129	-0.240000
300	0.580876	0.180526	0.090653	-0.240000
301	0.595885	0.152103	-0.003347	-0.240000
302	0.540653	0.232956	0.177906	-0.240000
303	0.585579	0.165634	0.088814	-0.240000
304	0.598172	-0.016422	-0.141936	-0.240000
305	0.555455	0.191785	-0.181421	-0.240000
306	0.606775	0.027681	0.096345	-0.240000
307	0.584420	-0.024284	-0.189969	-0.240000
308	0.551647	0.244578	-0.118710	-0.240000
309	0.544141	0.238847	0.158391	-0.240000
310	0.530598	0.310846	0.008064	-0.240000
311	0.507037	0.332909	-0.101537	-0.240000
312	0.603897	0.112315	-0.030322	-0.240000
313	0.605301	0.108205	0.011302	-0.240000
314	0.599618	0.005777	0.136564	-0.240000
315	0.597582	0.144891	0.011310	-0.240000
316	0.577497	-0.021837	-0.210346	-0.240000
317	0.578056	0.172037	-0.120333	-0.240000
318	0.539343	0.294654	0.022668	-0.240000
319	0.527272	0.312986	-0.047423	-0.240000
320	0.587611	0.181305	0.008138	-0.240000
321	0.592708	-0.144532	0.077673	-0.240000
322	0.607141	-0.004985	-0.097879	-0.240000
323	0.609506	0.037572	0.072911	-0.240000
324	0.588719	0.173452	-0.039362	-0.240000
325	0.610278	0.040448	0.064420	-0.240000
326	0.581091	0.061104	0.191896	-0.240000
327	0.575724	0.118723	0.180752	-0.240000
328	0.553267	-0.044919	0.264770	-0.240000
329	0.586806	-0.132108	0.128185	-0.240000
330	0.562487	0.217655	-0.120249	-0.240000
331	0.576799	0.175510	-0.121342	-0.240000
332	0.602420	0.104594	-0.066142	-0.240000
333	0.612735	0.007731	0.052167	-0.240000
334	0.589711	-0.054055	-0.165962	-0.240000
335	0.598514	-0.012963	0.140848	-0.240000
336	0.611957	-0.010229	0.060238	-0.240000
337	0.604654	-0.072577	0.085736	-0.240000
338	0.593101	0.122881	-0.106565	-0.240000
339	0.599485	0.129061	-0.046749	-0.240000
340	0.607563	0.089036	-0.034128	-0.240000
341	0.610119	-0.069116	0.034674	-0.240000
342	0.614808	0.015362	0.000419	-0.240000
343	0.595570	0.071635	0.135608	-0.240000
344	0.607744	-0.023741	-0.091152	-0.240000
345	0.608447	0.085309	-0.027195	-0.240000
346	0.579969	0.200250	-0.041967	-0.240000
347	0.581816	0.108363	0.167249	-0.240000
348	0.611622	0.061574	-0.018762	-0.240000
349	0.592673	-0.126410	-0.104804	-0.240000
350	0.606143	-0.103317	-0.011884	-0.240000
351	0.605883	-0.074566	-0.074639	-0.240000
352	0.605153	0.105330	0.030328	-0.240000
353	0.575601	-0.199591	0.084095	-0.240000
354	0.602688	-0.019026	-0.120955	-0.240000
355	0.610965	0.062394	0.032463	-0.240000
356	0.614725	-0.012178	0.013800	-0.240000
357	0.614259	-0.017456	0.024616	-0.240000
358	0.611098	0.047758	0.050030	-0.240000
359	0.603125	0.116949	-0.028078	-0.240000
360	0.611391	0.041515	0.051982	-0.240000
361	0.605306	0.015542	0.107645	-0.240000
362	0.610779	0.066344	-0.027790	-0.240000
363	0.609692	-0.042975	-0.068223	-0.240000
364	0.596356	0.126576	0.081011	-0.240000
365	0.585202	0.169252	-0.084364	-0.240000
366	0.525976	0.317993	-0.021319	-0.240000
367	0.579830	0.195988	0.060087	-0.240000
368	0.576551	-0.013092	0.213640	-0.240000
369	0.576899	-0.183040	0.109129	-0.240000
370	0.593453	0.111181	-0.116949	-0.240000
371	0.603425	-0.034436	0.113655	-0.240000
372	0.578469	0.208317	0.014240	-0.240000
373	0.559598	0.133660	0.217280	-0.240000
374	0.558757	0.154237	0.205491	-0.240000
375	0.584151	0.190305	-0.027860	-0.240000
376	0.577662	0.084095	0.193543	-0.240000
377	0.582990	-0.014464	0.195291	-0.240000
378	0.598627	0.071655	0.121393	-0.240000
379	0.541695	0.233387	0.174132	-0.240000
380	0.569179	0.122030	0.198415	-0.240000
381	0.558579	0.250851	0.057344	-0.240000
382	0.603512	0.099921	-0.063361	-0.240000
383	0.528544	0.247201	-0.194313	-0.240000
384	0.599735	0.114952	-0.072998	-0.240000
385	0.570898	-0.142609	-0.178783	-0.240000
386	0.606232	-0.041346	0.094861	-0.240000
387	0.614614	-0.011678	-0.018385	-0.240000
388	0.552799	0.220438	0.155066	-0.240000
389	0.594599	0.054085	0.147486	-0.240000
390	0.611770	0.043998	-0.045023	-0.240000
391	0.607839	0.092894	-0.011274	-0.240000
392	0.540580	0.291356	-0.033313	-0.240000
393	0.547639	0.265694	0.087882	-0.240000
394	0.608817	-0.037602	0.078443	-0.240000
395	0.598843	0.122778	0.067366	-0.240000
396	0.612672	0.052810	-0.008277	-0.240000
397	0.580434	0.136503	-0.150627	-0.240000
398	0.585087	-0.074385	-0.174255	-0.240000
399	0.601591	0.062642	0.111306	-0.240000
400	0.395024	0.286709	0.374138	-0.240000
401	0.561762	0.177122	0.176851	-0.240000
402	0.569092	-0.136209	0.189226	-0.240000
403	0.606144	-0.089490	0.052968	-0.240000
404	0.609768	0.051894	-0.060953	-0.240000
405	0.583300	0.159715	-0.111703	-0.240000
406	0.536891	0.275761	-0.118022	-0.240000
407	0.528254	0.314453	0.017076	-0.240000
408	0.534023	0.302784	-0.036966	-0.240000
409	0.592839	0.157665	-0.043685	-0.240000
410	0.614578	0.010724	0.020085	-0.240000
411	0.605136	0.073296	0.081630	-0.240000
412	0.610119	-0.048126	0.060532	-0.240000
413	0.579450	0.147346	-0.144055	-0.240000
414	0.552062	0.188981	-0.194264	-0.240000
415	0.565955	0.238898	0.029112	-0.240000
416	0.534407	0.251317	-0.171680	-0.240000
417	0.588012	0.166040	-0.069982	-0.240000
418	0.574498	-0.204425	-0.079924	-0.240000
419	0.538431	-0.222988	-0.196453	-0.240000
420	0.595030	-0.127669	-0.088684	-0.240000
421	0.594275	0.157133	-0.019280	-0.240000
422	0.610205	0.016934	0.074751	-0.240000
423	0.532039	0.297232	0.082542	-0.240000
424	0.410661	0.440901	-0.123243	-0.240000
425	0.610853	0.061656	-0.035806	-0.240000
426	0.491446	0.267333	-0.255419	-0.240000
427	0.522328	0.323533	-0.026928	-0.240000
428	0.608060	0.084450	0.036830	-0.240000
429	0.569654	0.231017	0.018734	-0.240000
430	0.613354	-0.003365	0.044833	-0.240000
431	0.542146	0.046334	0.286629	-0.240000
432	0.509710	-0.083149	0.333926	-0.240000
433	0.579684	0.059496	0.196599	-0.240000
434	0.554270	-0.252974	-0.083750	-0.240000
435	0.548621	0.249550	-0.122329	-0.240000
436	0.576300	0.213456	-0.023231	-0.240000
437	0.569616	0.231465	-0.013667	-0.240000
438	0.609347	0.061754	0.055749	-0.240000
439	0.614585	0.018759	-0.012562	-0.240000
440	0.595427	0.152732	-0.019105	-0.240000
441	0.612612	-0.029449	0.045435	-0.240000
442	0.588712	-0.149629	0.096202	-0.240000
443	0.577916	-0.118161	0.173999	-0.240000
444	0.492106	0.362502	0.068185	-0.240000
445	0.552123	0.159142	-0.219224	-0.240000
446	0.598867	0.053033	0.129503	-0.240000
447	0.602570	0.034802	0.117999	-0.240000
448	0.588224	0.012529	-0.179056	-0.240000
449	0.595465	0.028884	-0.151037	-0.240000
450	0.613028	-0.016719	0.046288	-0.240000
451	0.607626	-0.001890	0.094935	-0.240000
452	0.562793	-0.247969	0.000184	-0.240000
453	0.603913	0.021881	0.114172	-0.240000
454	0.613236	0.040108	-0.023632	-0.240000
455	0.610945	0.030543	-0.063552	-0.240000
456	0.603953	0.108359	0.041517	-0.240000
457	0.596354	0.144609	0.040931	-0.240000
458	0.583417	-0.094465	0.170076	-0.240000
459	0.598876	0.119665	-0.072475	-0.240000
460	0.554329	0.190554	0.186100	-0.240000
461	0.610949	-0.066046	0.024571	-0.240000
462	0.597605	-0.077573	-0.122783	-0.240000
463	0.580115	0.028735	0.202152	-0.240000
464	0.558286	0.165635	-0.197753	-0.240000
465	0.600314	0.111396	-0.073747	-0.240000
466	0.605843	0.096928	0.042238	-0.240000
467	0.614632	-0.018511	0.010490	-0.240000
468	0.576636	0.201130	-0.072547	-0.240000
469	0.608974	0.083446	-0.020296	-0.240000
470	0.593627	-0.148737	0.060903	-0.240000
471	0.578769	-0.151805	-0.142151	-0.240000
472	0.606199	0.001796	-0.103656	-0.240000
473	0.613793	-0.003726	0.038335	-0.240000
474	0.595508	0.130478	0.081063	-0.240000
475	0.601099	-0.005867	0.129889	-0.240000
476	0.600122	0.128788	0.038630	-0.240000
477	0.583989	0.170643	0.089796	-0.240000
478	0.614170	-0.004557	0.031613	-0.240000
479	0.606275	0.058555	-0.085013	-0.240000
480	0.603540	-0.010504	-0.117701	-0.240000
481	0.483701	0.361549	0.116364	-0.240000
482	0.582806	0.176828	0.085408	-0.240000
483	0.599351	0.137618	-0.008041	-0.240000
484	0.603834	0.039953	0.109603	-0.240000
485	0.608686	0.003802	0.087815	-0.240000
486	0.585367	0.185737	-0.032743	-0.240000
487	0.605764	0.104881	0.016598	-0.240000
488	0.591810	0.165628	-0.023526	-0.240000
489	0.590157	0.010852	0.172691	-0.240000
490	0.590705	-0.158924	0.063530	-0.240000
491	0.610396	-0.038311	0.064604	-0.240000
492	0.513614	0.286177	0.180355	-0.240000
493	0.542548	0.254792	0.137650	-0.240000
494	0.569028	0.233274	0.003948	-0.240000
495	0.551401	0.268769	-0.044103	-0.240000
496	0.614672	0.014703	-0.013665	-0.240000
497	0.596912	-0.131882	-0.067294	-0.240000
498	0.540514	0.130791	0.262609	-0.240000
499	0.607692	0.074777	0.057830	-0.240000
500	0.599626	0.010273	0.136265	-0.240000
501	0.591804	-0.066975	0.153320	-0.240000
502	0.583214	0.173284	0.089774	-0.240000
503	0.601049	0.121098	-0.047957	-0.240000
504	0.587359	0.135081	-0.122426	-0.240000
505	0.588522	0.157893	-0.083288	-0.240000
506	0.500208	-0.001377	0.357792	-0.240000
507	0.594073	0.148322	0.057472	-0.240000
508	0.504254	0.347129	0.058777	-0.240000
509	0.612194	0.000527	-0.058684	-0.240000
510	0.604750	0.065414	0.090682	-0.240000
511	0.586143	0.185777	-0.012172	-0.240000
512	0.602662	0.122316	-0.007918	-0.240000
513	0.542149	0.280878	0.073534	-0.240000
514	0.557484	0.185158	0.182081	-0.240000
515	0.386684	0.448105	0.167040	-0.240000
516	0.581809	-0.012941	-0.198887	-0.240000
517	0.591855	0.136045	0.097079	-0.240000
518	0.545162	-0.046419	-0.280835	-0.240000
519	0.608314	0.089400	-0.013683	-0.240000
520	0.582158	0.197237	0.020369	-0.240000
521	0.585902	0.181707	-0.043889	-0.240000
522	0.522178	0.279409	-0.165789	-0.240000
523	0.526322	0.312217	0.061075	-0.240000
524	0.533971	0.237725	0.191277	-0.240000
525	0.614534	0.020411	0.012517	-0.240000
526	0.574668	0.140498	-0.168054	-0.240000
527	0.604689	0.009744	0.111719	-0.240000
528	0.569124	0.112322	-0.204222	-0.240000
529	0.515513	0.271988	-0.196200	-0.240000
530	0.517783	0.260294	0.205846	-0.240000
531	0.595738	0.139995	-0.061016	-0.240000
532	0.495067	0.351003	0.099653	-0.240000
533	0.577176	0.189025	0.096762	-0.240000
534	0.565840	0.038783	0.237793	-0.240000
535	0.582490	-0.081586	-0.179650	-0.240000
536	0.597684	-0.119831	-0.081485	-0.240000
537	0.576282	0.117261	-0.179927	-0.240000
538	0.501312	0.353376	-0.045127	-0.240000
539	0.580466	0.185940	-0.081915	-0.240000
540	0.492598	0.318943	-0.183975	-0.240000
541	0.524609	0.308763	-0.087614	-0.240000
542	0.570456	0.182114	0.140138	-0.240000
543	0.411203	0.456067	-0.033762	-0.240000
544	0.565598	0.240790	0.018552	-0.240000
545	0.511639	0.319483	-0.119924	-0.240000
546	0.614311	0.001512	-0.029072	-0.240000
547	0.608363	0.076377	0.047818	-0.240000
548	0.525944	0.093731	0.304667	-0.240000
549	0.599741	-0.075615	0.113218	-0.240000
550	0.557656	-0.109038	0.235278	-0.240000
551	0.434854	0.384582	-0.203037	-0.240000
552	0.562230	0.196277	-0.153615	-0.240000
553	0.575562	0.216293	-0.013076	-0.240000
554	0.607106	0.086418	-0.046683	-0.240000
555	0.561853	0.247613	-0.035120	-0.240000
556	0.607821	0.081336	0.046507	-0.240000
557	0.557374	-0.060374	0.252813	-0.240000
558	0.610324	-0.074940	0.010633	-0.240000
559	0.608555	0.024886	-0.085245	-0.240000
560	0.610739	0.022576	0.068650	-0.240000
561	0.585780	-0.157024	0.102132	-0.240000
562	0.592599	0.154389	0.056703	-0.240000
563	0.573443	0.168561	0.144830	-0.240000
564	0.587548	-0.072558	-0.166577	-0.240000
565	0.594131	0.141175	-0.072821	-0.240000
566	0.564809	0.019836	0.242533	-0.240000
567	0.613532	0.030049	-0.030012	-0.240000
568	0.606449	0.102174	-0.002286	-0.240000
569	0.614921	-0.009170	-0.003603	-0.240000
570	0.595806	0.119286	0.094929	-0.240000
571	0.591101	0.049280	0.162467	-0.240000
572	0.614420	0.020723	0.016826	-0.240000
573	0.599210	0.125412	-0.058690	-0.240000
574	0.601476	0.042535	-0.121007	-0.240000
575	0.609513	-0.071679	-0.039765	-0.240000
576	0.581590	-0.199517	0.013062	-0.240000
577	0.611156	0.024456	0.064149	-0.240000
578	0.579482	0.203749	-0.030204	-0.240000
579	0.610946	0.044669	0.054536	-0.240000
580	0.595428	0.134776	0.074336	-0.240000
581	0.611024	0.068867	0.011478	-0.240000
582	0.605246	0.109091	0.001143	-0.240000
583	0.599391	0.041728	-0.131205	-0.240000
584	0.602104	0.046062	-0.116510	-0.240000
585	0.561830	0.206780	0.140764	-0.240000
586	0.550293	0.243553	0.126826	-0.240000
587	0.488294	0.363312	0.088311	-0.240000
588	0.551672	0.271265	-0.017264	-0.240000
589	0.589303	0.175612	-0.010358	-0.240000
590	0.599849	-0.135664	-0.001185	-0.240000
591	0.613316	0.034942	-0.029114	-0.240000
592	0.556830	0.254935	0.056336	-0.240000
593	0.567910	0.208337	-0.110899	-0.240000
594	0.572374	0.150414	0.167298	-0.240000
595	0.584655	0.120977	0.147538	-0.240000
596	0.605592	0.092160	-0.054678	-0.240000
597	0.581851	0.187234	0.067958	-0.240000
598	0.609578	-0.077133	-0.026262	-0.240000
599	0.576164	-0.143053	0.160612	-0.240000
600	0.604202	0.006193	-0.114570	-0.240000
601	0.610871	-0.024684	0.066723	-0.240000
602	0.598186	0.115080	0.084589	-0.240000
603	0.583462	0.181543	0.069561	-0.240000
604	0.613583	0.023392	0.034555	-0.240000
605	0.582405	0.162450	-0.112427	-0.240000
606	0.610058	0.077167	-0.009982	-0.240000
607	0.602426	-0.100580	0.072053	-0.240000
608	0.583411	-0.010012	0.194311	-0.240000
609	0.536305	0.073905	0.291787	-0.240000
610	0.595677	0.144125	0.051197	-0.240000
611	0.585087	0.184061	0.044940	-0.240000
612	0.595735	0.152677	-0.003791	-0.240000
613	0.578396	0.184749	0.097730	-0.240000
614	0.498128	0.312106	0.180785	-0.240000
615	0.581729	0.192695	0.051819	-0.240000
616	0.606456	-0.039610	-0.094168	-0.240000
617	0.607501	-0.066488	0.068893	-0.240000
618	0.586074	0.128565	0.134958	-0.240000
619	0.590906	0.154004	0.073061	-0.240000
620	0.387629	0.474339	0.054506	-0.240000
621	0.521928	0.305907	0.110621	-0.240000
622	0.506663	0.310286	0.158873	-0.240000
623	0.596100	0.071150	-0.133521	-0.240000
624	0.603929	-0.038878	-0.109469	-0.240000
625	0.601948	0.125820	0.007284	-0.240000
626	0.583896	0.117961	-0.152890	-0.240000
627	0.555654	0.252547	-0.075458	-0.240000
628	0.601246	0.091307	-0.091604	-0.240000
629	0.499891	0.358140	-0.008346	-0.240000
630	0.473403	0.364080	-0.146835	-0.240000
631	0.603685	0.117421	0.001525	-0.240000
632	0.592735	0.158553	-0.041850	-0.240000
633	0.597316	-0.075188	-0.125641	-0.240000
634	0.593609	0.120448	-0.106515	-0.240000
635	0.488382	0.348483	0.135158	-0.240000
636	0.506432	0.342811	0.065051	-0.240000
637	0.544922	0.280640	0.050260	-0.240000
638	0.564472	0.199006	0.141397	-0.240000
639	0.398143	0.296049	-0.363404	-0.240000
640	0.547264	0.254470	-0.118202	-0.240000
641	0.453705	0.385533	-0.154083	-0.240000
642	0.596331	0.107074	-0.105590	-0.240000
643	0.589816	-0.015796	-0.173472	-0.240000
644	0.608605	0.074396	-0.047858	-0.240000
645	0.542555	0.242142	0.158828	-0.240000
646	0.589345	0.001077	0.175772	-0.240000
647	0.499607	-0.353725	-0.059132	-0.240000
648	0.432933	0.407098	-0.158319	-0.240000
649	0.521438	0.307613	-0.108176	-0.240000
650	0.585196	0.010668	0.188830	-0.240000
651	0.597627	0.093290	-0.111191	-0.240000
652	0.606283	0.040639	0.094841	-0.240000
653	0.589857	-0.157515	0.074047	-0.240000
654	0.586917	-0.092799	0.158561	-0.240000
655	0.580525	-0.201794	-0.022243	-0.240000
656	0.585385	0.090271	-0.165531	-0.240000
657	0.579809	0.164963	-0.121793	-0.240000
658	0.546346	0.056489	0.276658	-0.240000
659	0.597477	-0.125164	0.074697	-0.240000
660	0.582395	0.134148	0.145072	-0.240000
661	0.592033	-0.161860	-0.039035	-0.240000
662	0.555442	-0.196892	0.175906	-0.240000
663	0.614516	-0.014793	-0.019397	-0.240000
664	0.573058	-0.167309	0.147775	-0.240000
665	0.515991	0.272605	0.194074	-0.240000
666	0.543473	0.084184	0.275272	-0.240000
667	0.596007	0.057490	0.140342	-0.240000
668	0.591331	0.122441	-0.116453	-0.240000
669	0.593865	0.107159	0.118599	-0.240000
670	0.553052	-0.067729	0.260329	-0.240000
671	0.587000	0.004961	0.183387	-0.240000
672	0.573475	0.005533	0.222082	-0.240000
673	0.613794	-0.018187	-0.033931	-0.240000
674	0.599855	0.118255	-0.066444	-0.240000
675	0.586712	0.017528	-0.183541	-0.240000
676	0.580166	-0.184289	-0.087581	-0.240000
677	0.606397	0.014589	0.101461	-0.240000
678	0.613930	-0.009480	0.034998	-0.240000
679	0.566990	0.238141	-0.006078	-0.240000
680	0.566600	0.220258	-0.093147	-0.240000
681	0.536044	0.301465	-0.000620	-0.240000
682	0.551806	0.249090	-0.108116	-0.240000
683	0.603596	0.053090	0.105256	-0.240000
684	0.610168	0.076007	-0.011962	-0.240000
685	0.571269	0.227763	-0.000782	-0.240000
686	0.563680	0.231199	0.083888	-0.240000
687	0.578436	0.100765	0.182984	-0.240000
688	0.561288	0.247627	-0.043147	-0.240000
689	0.491470	0.301098	-0.214527	-0.240000
690	0.571615	0.113945	-0.196208	-0.240000
691	0.612443	-0.052595	-0.019294	-0.240000
692	0.614150	-0.007638	-0.031413	-0.240000
693	0.541673	-0.280231	0.079281	-0.240000
694	0.586462	-0.040264	0.180737	-0.240000
695	0.540214	0.019815	0.293260	-0.240000
696	0.485777	0.159601	0.341720	-0.240000
697	0.602852	0.119205	0.024190	-0.240000
698	0.588862	0.076750	-0.159926	-0.240000
699	0.611205	0.066705	0.014290	-0.240000
700	0.559822	0.239738	0.085729	-0.240000
701	0.613501	0.002334	-0.042848	-0.240000
702	0.601850	0.018193	0.125181	-0.240000
703	0.577056	0.189686	0.096182	-0.240000
704	0.567024	0.229972	0.061821	-0.240000
705	0.606771	0.100238	-0.002464	-0.240000
706	0.505578	0.166526	0.308035	-0.240000
707	0.548711	0.162469	0.225266	-0.240000
708	0.569638	0.111275	0.203361	-0.240000
709	0.561074	0.208390	-0.141403	-0.240000
710	0.605232	-0.105966	0.026286	-0.240000
711	0.588746	-0.172796	0.041770	-0.240000
712	0.516134	0.085964	0.323172	-0.240000
713	0.610247	0.072027	-0.025213	-0.240000
714	0.614373	-0.014795	-0.023498	-0.240000
715	0.596090	0.132281	-0.073508	-0.240000
716	0.583123	0.127747	0.147895	-0.240000
717	0.592486	0.096496	0.133693	-0.240000
718	0.461857	0.358844	0.190115	-0.240000
719	0.562923	-0.005299	-0.247618	-0.240000
720	0.553856	-0.161391	0.213122	-0.240000
721	0.582942	0.017295	0.195203	-0.240000
722	0.554363	-0.183201	0.193246	-0.240000
723	0.575591	0.213871	0.034338	-0.240000
724	0.520791	0.326684	-0.016701	-0.240000
725	0.580303	0.165835	-0.118206	-0.240000
726	0.601645	0.119682	-0.043869	-0.240000
727	0.377719	0.465278	0.138092	-0.240000
728	0.466948	0.362258	0.170160	-0.240000
729	0.612681	-0.052800	-0.007711	-0.240000
730	0.582926	-0.060165	-0.186555	-0.240000
731	0.598808	-0.133442	-0.042979	-0.240000
732	0.578291	0.071914	-0.196552	-0.240000
733	0.564643	0.148982	-0.192892	-0.240000
734	0.580433	0.043414	-0.198588	-0.240000
735	0.444261	0.419948	0.067094	-0.240000
736	0.467743	0.367448	-0.156280	-0.240000
737	0.571508	0.217690	0.064918	-0.240000
738	0.612599	-0.052600	0.013451	-0.240000
739	0.556435	-0.079985	-0.249413	-0.240000
740	0.582148	0.012099	-0.197945	-0.240000
741	0.568372	0.198630	-0.125396	-0.240000
742	0.543009	0.286736	0.033896	-0.240000
743	0.580747	0.201700	-0.016572	-0.240000
744	0.441991	0.418805	-0.086437	-0.240000
745	0.460544	0.406348	0.031715	-0.240000
746	0.369489	0.432209	0.234304	-0.240000
747	0.575283	0.170799	-0.134542	-0.240000
748	0.593861	0.097217	0.126897	-0.240000
749	0.557190	0.205339	-0.159999	-0.240000
750	0.587102	-0.066920	-0.170465	-0.240000
751	0.562144	0.181039	0.171594	-0.240000
752	0.451812	0.108946	0.402768	-0.240000
753	0.531336	0.279006	0.134399	-0.240000
754	0.398572	-0.269878	0.382794	-0.240000
755	0.360627	0.456980	-0.198349	-0.240000
756	0.462413	0.374835	-0.154589	-0.240000
757	0.544416	0.282041	0.047847	-0.240000
758	0.602732	0.118668	-0.029273	-0.240000
759	0.607102	0.056377	-0.080461	-0.240000
760	0.612080	-0.042057	0.042594	-0.240000
761	0.555892	-0.203513	0.166709	-0.240000
762	0.520915	-0.313097	0.094036	-0.240000
763	0.565329	0.241053	-0.022833	-0.240000
764	0.545279	0.280822	0.045108	-0.240000
765	0.596576	0.105499	0.105792	-0.240000
766	0.600652	0.095300	-0.091435	-0.240000
767	0.611021	0.059391	0.036761	-0.240000
768	0.613956	-0.002076	0.035764	-0.240000
769	0.613788	0.007295	0.037896	-0.240000
770	0.607407	-0.096221	0.004860	-0.240000
771	0.605591	-0.101990	0.032896	-0.240000
772	0.584542	0.140571	0.129521	-0.240000
773	0.610636	0.023514	0.069254	-0.240000
774	0.613756	-0.038118	0.008728	-0.240000
775	0.601622	-0.089023	0.091385	-0.240000
776	0.583735	0.064081	0.182680	-0.240000
777	0.608819	0.053986	0.068192	-0.240000
778	0.590572	0.074503	0.154594	-0.240000
779	0.606486	-0.006907	0.101742	-0.240000
780	0.609500	0.068548	0.045116	-0.240000
781	0.579375	0.205866	0.012993	-0.240000
782	0.514135	0.186927	0.280977	-0.240000
783	0.592855	0.113516	0.117735	-0.240000
784	0.604165	0.101082	-0.054701	-0.240000
785	0.598114	0.141400	-0.022158	-0.240000
786	0.578909	0.184666	0.094807	-0.240000
787	0.547103	0.277331	0.044613	-0.240000
788	0.588620	0.177756	-0.012438	-0.240000
789	0.599550	0.043510	0.129890	-0.240000
790	0.602250	0.105973	-0.065499	-0.240000
791	0.523231	0.171954	-0.273654	-0.240000
792	0.591487	0.035704	-0.164601	-0.240000
793	0.577525	0.146855	0.152065	-0.240000
794	0.613798	-0.013842	-0.035857	-0.240000
795	0.611394	0.042485	-0.051163	-0.240000
796	0.477787	0.386988	-0.013579	-0.240000
797	0.538625	0.296623	-0.011068	-0.240000
798	0.554511	0.163777	0.209569	-0.240000
799	0.594697	0.103189	-0.117950	-0.240000
800	0.610963	-0.011698	-0.069371	-0.240000
801	0.603705	0.116206	0.016187	-0.240000
802	0.604572	0.110112	-0.024349	-0.240000
803	0.586253	0.014071	0.185297	-0.240000
804	0.593241	-0.015393	0.161411	-0.240000
805	0.607020	0.013383	0.097841	-0.240000
806	0.557182	0.168822	0.198173	-0.240000
807	0.544384	0.272550	-0.087105	-0.240000
808	0.608952	-0.071967	0.047147	-0.240000
809	0.518140	0.247414	0.220323	-0.240000
810	0.581879	0.099973	0.172185	-0.240000
811	0.497017	0.029315	0.361026	-0.240000
812	0.573160	-0.161274	0.153958	-0.240000
813	0.540849	0.271053	-0.110622	-0.240000
814	0.587732	0.162359	0.080220	-0.240000
815	0.605693	0.104385	-0.021563	-0.240000
816	0.583361	0.194404	0.011034	-0.240000
817	0.569213	0.227770	0.048402	-0.240000
818	0.597609	-0.144784	-0.011228	-0.240000
819	0.602109	0.011748	0.124706	-0.240000
820	0.578088	0.114270	-0.176016	-0.240000
821	0.576516	0.213182	0.020208	-0.240000
822	0.614603	0.021870	0.003079	-0.240000
823	0.579411	0.192874	-0.072851	-0.240000
824	0.560536	0.240529	-0.078554	-0.240000
825	0.595748	0.118083	-0.096779	-0.240000
826	0.332365	0.340036	0.390044	-0.240000
827	0.589578	-0.026559	-0.172968	-0.240000
828	0.601434	-0.128341	-0.005571	-0.240000
829	0.608549	0.023605	0.085652	-0.240000
830	0.600318	0.129233	-0.033795	-0.240000
831	0.476770	0.130122	-0.366038	-0.240000
832	0.552147	0.246311	0.112648	-0.240000
833	0.506641	0.317505	-0.143980	-0.240000
834	0.437763	0.390818	0.183985	-0.240000
835	0.587559	-0.042680	-0.176572	-0.240000
836	0.568209	0.210820	-0.104494	-0.240000
837	0.602284	0.118328	-0.038439	-0.240000
838	0.594322	0.151342	-0.045854	-0.240000
839	0.371921	0.481648	-0.088965	-0.240000
840	0.494630	0.350850	0.102324	-0.240000
841	0.564896	0.226075	-0.089484	-0.240000
842	0.505813	0.349816	0.002741	-0.240000
843	0.524269	-0.319545	0.035472	-0.240000
844	0.612726	0.052834	-0.000741	-0.240000
845	0.594276	-0.067829	0.143040	-0.240000
846	0.558178	0.236303	-0.104032	-0.240000
847	0.610516	0.031498	0.067106	-0.240000
848	0.427707	0.391730	-0.204547	-0.240000
849	0.572958	0.220537	-0.036153	-0.240000
850	0.305395	0.381335	0.373554	-0.240000
