1	0.597209	0.131512	-0.065350	0.270000
2	0.589975	-0.011602	-0.173261	0.270000
3	0.577723	-0.162175	0.134760	0.270000
4	0.587988	0.100801	0.149447	0.270000
5	0.594382	0.012117	0.157443	0.270000
6	0.569101	0.229408	-0.041488	0.270000
7	0.600754	0.126717	-0.035523	0.270000
8	0.543789	-0.105032	-0.267370	0.270000
9	0.604174	0.058040	0.099147	0.270000
10	0.611420	0.066133	0.004152	0.270000
11	0.587334	0.152985	-0.099297	0.270000
12	0.613028	-0.027035	0.041114	0.270000
13	0.614168	-0.031282	0.006672	0.270000
14	0.606027	-0.056389	0.088185	0.270000
15	0.590361	0.164820	0.050330	0.270000
16	0.575395	-0.142347	0.163961	0.270000
17	0.609146	-0.065807	-0.053249	0.270000
18	0.612324	-0.056427	0.010031	0.270000
19	0.580546	0.202952	0.001243	0.270000
20	0.523023	0.229299	-0.228240	0.270000
21	0.564857	0.203422	0.133346	0.270000
22	0.605467	0.086664	0.064223	0.270000
23	0.592544	-0.137964	0.089903	0.270000
24	0.604512	-0.069987	-0.088834	0.270000
25	0.600805	-0.000728	0.131371	0.270000
26	0.610349	0.050287	-0.056308	0.270000
27	0.583901	0.103502	-0.163009	0.270000
28	0.563717	0.081006	-0.232133	0.270000
29	0.577678	0.131746	-0.164791	0.270000
30	0.606849	0.099676	-0.004855	0.270000
31	0.595162	0.141082	-0.064059	0.270000
32	0.604743	-0.087983	-0.069063	0.270000
33	0.565392	0.217853	0.105342	0.270000
34	0.511418	-0.078774	0.332373	0.270000
35	0.614073	-0.012204	0.031469	0.270000
36	0.603830	0.093792	0.069407	0.270000
37	0.602533	-0.006165	-0.123051	0.270000
38	0.524896	-0.106642	-0.302219	0.270000
39	0.527639	-0.080426	-0.305539	0.270000
40	0.604899	-0.084361	0.072150	0.270000
41	0.554752	0.249382	-0.091012	0.270000
42	0.563995	0.244038	-0.024091	0.270000
43	0.609417	-0.082608	-0.003369	0.270000
44	0.602534	0.044067	0.115048	0.270000
45	0.585085	0.084818	0.169430	0.270000
46	0.564627	0.128588	-0.207089	0.270000
47	0.589746	-0.066382	-0.161300	0.270000
48	0.550412	0.134300	-0.239238	0.270000
49	0.611467	0.065120	-0.009615	0.270000
50	0.578302	0.197269	0.069834	0.270000
51	0.603809	0.116765	0.002439	0.270000
52	0.563050	0.229904	0.091343	0.270000
53	0.603161	-0.058043	-0.105132	0.270000
54	0.573364	0.215208	0.056254	0.270000
55	0.565265	-0.137369	-0.199576	0.270000
56	0.589314	0.140973	-0.105171	0.270000
57	0.578084	0.056229	-0.202192	0.270000
58	0.607227	0.097383	0.004062	0.270000
59	0.593409	0.084409	0.137714	0.270000
60	0.597221	-0.123676	0.079098	0.270000
61	0.601035	-0.040184	-0.123966	0.270000
62	0.604728	0.009041	0.111567	0.270000
63	0.547754	-0.163128	-0.227111	0.270000
64	0.598295	0.062731	-0.127800	0.270000
65	0.601090	-0.085083	-0.098372	0.270000
66	0.612529	0.054502	-0.007929	0.270000
67	0.555280	0.099671	0.244856	0.270000
68	0.545543	0.115431	0.259391	0.270000
69	0.589974	-0.003897	0.173611	0.270000
70	0.610903	0.031518	0.063478	0.270000
71	0.611501	-0.033180	-0.056482	0.270000
72	0.592093	-0.123055	-0.111839	0.270000
73	0.523254	0.323144	-0.002945	0.270000
74	0.600794	-0.115819	0.062106	0.270000
75	0.598633	0.123169	-0.068502	0.270000
76	0.582988	0.195146	0.016390	0.270000
77	0.609072	0.083396	0.017357	0.270000
78	0.606892	0.092551	0.036623	0.270000
79	0.597786	0.094556	-0.109253	0.270000
80	0.510282	0.038530	0.341106	0.270000
81	0.578595	-0.204995	-0.037819	0.270000
82	0.599076	-0.047945	-0.130514	0.270000
83	0.578267	-0.207379	0.028754	0.270000
84	0.560295	-0.247640	0.054483	0.270000
85	0.607079	0.068302	-0.070818	0.270000
86	0.548526	-0.090280	-0.263047	0.270000
87	0.613792	-0.022234	0.031472	0.270000
88	0.611041	0.065945	0.022485	0.270000
89	0.613174	0.047148	0.004506	0.270000
90	0.613708	-0.034501	0.019944	0.270000
91	0.534637	-0.258820	0.159374	0.270000
92	0.563273	-0.246047	-0.020240	0.270000
93	0.474513	-0.391146	0.008162	0.270000
94	0.614324	0.013199	-0.025617	0.270000
95	0.601068	-0.126829	0.029280	0.270000
96	0.496777	-0.225382	-0.283973	0.270000
97	0.570307	0.005702	-0.230093	0.270000
98	0.597232	0.124332	0.077976	0.270000
99	0.584348	-0.177417	0.072702	0.270000
100	0.308638	-0.477422	0.234597	0.270000
101	0.461436	-0.350388	0.206228	0.270000
102	0.609195	-0.081780	-0.020447	0.270000
103	0.563420	-0.182708	0.165531	0.270000
104	0.545361	-0.193098	0.208613	0.270000
105	0.525445	-0.259497	0.186530	0.270000
106	0.606528	-0.001160	0.101722	0.270000
107	0.555032	-0.058214	0.258409	0.270000
108	0.554026	-0.176580	0.200248	0.270000
109	0.493318	-0.367026	-0.012425	0.270000
110	0.555130	-0.120180	0.235823	0.270000
111	0.580616	0.074082	-0.188738	0.270000
112	0.588012	-0.049220	0.173332	0.270000
113	0.586321	-0.085220	-0.164896	0.270000
114	0.594336	-0.022573	0.156462	0.270000
115	0.610656	0.072968	-0.000689	0.270000
116	0.508362	-0.108567	0.328643	0.270000
117	0.513906	0.124077	-0.314214	0.270000
118	0.606877	0.059013	-0.080268	0.270000
119	0.605656	0.103704	0.025528	0.270000
120	0.607209	-0.039657	-0.089161	0.270000
121	0.573287	0.075487	0.209449	0.270000
122	0.602502	0.122200	0.016827	0.270000
123	0.601480	0.127658	-0.012236	0.270000
124	0.599766	-0.049915	-0.126547	0.270000
125	0.599243	-0.048000	-0.129727	0.270000
126	0.599631	0.098086	0.095117	0.270000
127	0.609277	0.058228	0.060134	0.270000
128	0.609732	0.073175	0.033131	0.270000
129	0.601975	-0.006798	-0.125719	0.270000
130	0.556651	-0.110094	0.237158	0.270000
131	0.587504	-0.159044	-0.088140	0.270000
132	0.613468	-0.011110	-0.041934	0.270000
133	0.603674	-0.083401	0.082745	0.270000
134	0.550693	-0.079590	-0.261969	0.270000
135	0.577670	0.189146	0.093520	0.270000
136	0.610950	0.070350	-0.004006	0.270000
137	0.605226	0.103461	0.034965	0.270000
138	0.589992	-0.090856	0.147917	0.270000
139	0.613816	-0.018206	0.033511	0.270000
140	0.473629	-0.138811	0.366922	0.270000
141	0.602644	-0.013653	-0.121895	0.270000
142	0.582810	0.122430	-0.153521	0.270000
143	0.604721	0.074745	0.083374	0.270000
144	0.595225	-0.154495	-0.007955	0.270000
145	0.602067	0.088722	0.088703	0.270000
146	0.612658	-0.044442	-0.030002	0.270000
147	0.585344	0.155251	0.107212	0.270000
148	0.609391	0.014878	0.081525	0.270000
149	0.605835	0.105330	0.009705	0.270000
150	0.598246	-0.073543	-0.122142	0.270000
151	0.606652	-0.072014	-0.070793	0.270000
152	0.585206	-0.036237	0.185595	0.270000
153	0.603551	0.111204	0.039809	0.270000
154	0.535071	-0.301456	-0.032373	0.270000
155	0.606529	-0.079469	0.063497	0.270000
156	0.566440	0.169037	0.169697	0.270000
157	0.608901	0.086386	-0.001401	0.270000
158	0.563520	-0.053391	-0.240456	0.270000
159	0.564365	0.214555	-0.116976	0.270000
160	0.607885	-0.073532	-0.057395	0.270000
161	0.600729	0.123263	-0.046435	0.270000
162	0.610701	-0.033177	-0.064562	0.270000
163	0.607621	0.066091	0.068218	0.270000
164	0.561448	-0.175742	0.179210	0.270000
165	0.589557	0.016164	0.174317	0.270000
166	0.612321	0.017886	0.054478	0.270000
167	0.575636	-0.027450	-0.214743	0.270000
168	0.600102	0.129592	-0.036170	0.270000
169	0.585924	0.181160	0.045811	0.270000
170	0.534707	0.248035	0.175478	0.270000
171	0.601051	-0.004114	0.130175	0.270000
172	0.582614	-0.163158	-0.110295	0.270000
173	0.613095	0.031785	-0.036454	0.270000
174	0.549972	0.109042	0.252717	0.270000
175	0.595696	-0.075084	-0.133167	0.270000
176	0.507496	0.257545	0.233117	0.270000
177	0.600255	0.121696	0.055753	0.270000
178	0.600524	0.046991	0.124047	0.270000
179	0.609182	-0.079023	0.029625	0.270000
180	0.562053	0.096418	0.230273	0.270000
181	0.534806	-0.289289	-0.092298	0.270000
182	0.610664	-0.068800	-0.024117	0.270000
183	0.579266	-0.162164	-0.127981	0.270000
184	0.614133	-0.000406	-0.032647	0.270000
185	0.613469	0.021390	0.037723	0.270000
186	0.601616	0.115590	-0.054055	0.270000
187	0.614725	0.007129	0.016946	0.270000
188	0.584052	0.067708	0.180343	0.270000
189	0.544878	-0.250433	0.136441	0.270000
190	0.605534	-0.098869	0.042166	0.270000
191	0.519785	-0.312794	0.101039	0.270000
192	0.553370	-0.249612	0.098488	0.270000
193	0.598800	0.067003	-0.123181	0.270000
194	0.567635	0.219318	0.088969	0.270000
195	0.549790	-0.275357	-0.011625	0.270000
196	0.580595	0.201237	0.025273	0.270000
197	0.576048	-0.000663	-0.215391	0.270000
198	0.491994	-0.295504	0.221007	0.270000
199	0.593688	-0.143430	0.072026	0.270000
200	0.595391	-0.117203	0.099991	0.270000
201	0.610152	-0.055610	0.053361	0.270000
202	0.560319	-0.253251	-0.011471	0.270000
203	0.589670	-0.065328	-0.162010	0.270000
204	0.545390	-0.074599	0.274244	0.270000
205	0.596305	0.072537	0.131849	0.270000
206	0.353230	-0.503194	-0.015793	0.270000
207	0.568733	-0.229847	-0.044026	0.270000
208	0.564187	-0.225637	0.094901	0.270000
209	0.604673	-0.074207	-0.084193	0.270000
210	0.563281	-0.232217	0.083755	0.270000
211	0.610640	0.017155	0.071064	0.270000
212	0.480379	-0.327730	0.200134	0.270000
213	0.567581	0.231627	0.049257	0.270000
214	0.579456	0.205027	-0.020485	0.270000
215	0.604742	-0.015783	0.110738	0.270000
216	0.610571	-0.030702	0.066973	0.270000
217	0.614369	-0.006902	-0.026974	0.270000
218	0.606123	0.074387	0.072842	0.270000
219	0.561486	0.242939	0.062760	0.270000
220	0.610862	0.028901	0.065096	0.270000
221	0.598309	-0.047233	-0.134238	0.270000
222	0.591855	-0.159480	-0.049991	0.270000
223	0.590643	0.141740	0.096312	0.270000
224	0.560652	0.154912	-0.199742	0.270000
225	0.609621	-0.016313	-0.079502	0.270000
226	0.605377	-0.107285	-0.015296	0.270000
227	0.586108	0.017119	0.185499	0.270000
228	0.611627	-0.046247	0.044701	0.270000
229	0.593022	-0.160102	0.030285	0.270000
230	0.609980	-0.070150	-0.035040	0.270000
231	0.579378	-0.159785	-0.130442	0.270000
232	0.556357	0.223620	-0.136696	0.270000
233	0.609923	-0.026243	-0.074367	0.270000
234	0.612375	-0.034677	-0.044936	0.270000
235	0.591583	-0.047099	-0.161359	0.270000
236	0.604485	-0.033752	0.108091	0.270000
237	0.610206	0.071593	0.027357	0.270000
238	0.577800	-0.125173	0.169421	0.270000
239	0.607996	-0.040455	-0.083244	0.270000
240	0.565713	-0.233308	-0.061332	0.270000
241	0.539751	-0.135376	-0.261853	0.270000
242	0.597874	-0.096100	-0.107411	0.270000
243	0.610880	0.034223	0.062284	0.270000
244	0.611419	0.050273	-0.043183	0.270000
245	0.584208	0.189986	-0.028837	0.270000
246	0.565980	0.201721	0.131151	0.270000
247	0.614674	-0.011264	0.016569	0.270000
248	0.613805	-0.034120	0.017455	0.270000
249	0.601667	-0.053464	0.115601	0.270000
250	0.580244	-0.007836	-0.203667	0.270000
251	0.569068	-0.154982	-0.174260	0.270000
252	0.599918	0.131519	-0.032028	0.270000
253	0.612791	0.048100	0.019971	0.270000
254	0.559758	0.254200	0.016695	0.270000
255	0.607001	0.098656	0.006473	0.270000
256	0.608944	0.030291	0.080591	0.270000
257	0.595235	0.020806	0.153257	0.270000
258	0.575183	0.196889	-0.092867	0.270000
259	0.583250	-0.059934	-0.185615	0.270000
260	0.556469	-0.111561	-0.236900	0.270000
261	0.552866	0.191293	-0.189661	0.270000
262	0.591952	-0.102167	-0.131833	0.270000
263	0.607037	0.056278	0.081021	0.270000
264	0.608437	-0.006544	0.089368	0.270000
265	0.612855	0.051095	-0.004798	0.270000
266	0.608180	0.040872	0.081679	0.270000
267	0.605516	0.107590	-0.000254	0.270000
268	0.605604	0.066664	0.083811	0.270000
269	0.584412	0.110702	-0.156308	0.270000
270	0.576419	0.211560	0.034759	0.270000
271	0.597412	0.045798	-0.138659	0.270000
272	0.594665	0.116516	0.104989	0.270000
273	0.593735	0.010231	0.159996	0.270000
274	0.588988	-0.029979	0.174413	0.270000
275	0.613085	-0.043255	0.021919	0.270000
276	0.591111	0.100641	0.136691	0.270000
277	0.605174	-0.015347	-0.108414	0.270000
278	0.589702	0.141803	0.101826	0.270000
279	0.603000	0.066978	0.100646	0.270000
280	0.601068	0.093463	0.090592	0.270000
281	0.564038	0.144949	0.197676	0.270000
282	0.589259	0.018863	0.175050	0.270000
283	0.596966	-0.034061	0.143864	0.270000
284	0.599884	0.073233	0.114024	0.270000
285	0.609502	0.068001	-0.045916	0.270000
286	0.596858	-0.119870	-0.087277	0.270000
287	0.602362	-0.081360	0.093627	0.270000
288	0.605932	-0.015726	0.104038	0.270000
289	0.594969	-0.032244	-0.152307	0.270000
290	0.609757	-0.048344	-0.063911	0.270000
291	0.611938	0.017031	0.058884	0.270000
292	0.599585	-0.118537	0.068353	0.270000
293	0.597300	-0.088521	0.116714	0.270000
294	0.602565	-0.097365	-0.075238	0.270000
295	0.579481	-0.093656	-0.183455	0.270000
296	0.595115	-0.153404	-0.023022	0.270000
297	0.572319	-0.218245	0.055184	0.270000
298	0.614536	0.013236	-0.019891	0.270000
299	0.594459	-0.150546	0.046687	0.270000
300	0.610209	-0.054842	0.053505	0.270000
301	0.589226	0.104806	-0.141612	0.270000
302	0.604953	-0.086360	-0.069271	0.270000
303	0.601134	-0.047835	0.120727	0.270000
304	0.495413	-0.346866	0.111692	0.270000
305	0.593235	-0.131554	-0.094821	0.270000
306	0.553558	-0.134419	0.231797	0.270000
307	0.588725	-0.177824	-0.002573	0.270000
308	0.612581	0.052849	-0.013267	0.270000
309	0.575325	-0.189518	-0.106347	0.270000
310	0.593871	-0.106489	0.119175	0.270000
311	0.507533	-0.199636	0.284219	0.270000
312	0.472337	-0.176131	0.352279	0.270000
313	0.481804	-0.378213	-0.055178	0.270000
314	0.478143	-0.378040	0.081795	0.270000
315	0.572606	-0.222311	-0.030422	0.270000
316	0.585421	-0.185073	0.035430	0.270000
317	0.574740	-0.218201	-0.016966	0.270000
318	0.602330	-0.072762	0.100643	0.270000
319	0.597455	-0.137403	-0.048917	0.270000
320	0.609206	-0.081073	0.022808	0.270000
321	0.579700	0.122945	0.164492	0.270000
322	0.614342	0.028391	0.001802	0.270000
323	0.608922	-0.059024	-0.062887	0.270000
324	0.607393	-0.092373	0.027679	0.270000
325	0.579894	-0.025454	0.203223	0.270000
326	0.522087	0.301256	-0.122047	0.270000
327	0.481555	0.285511	-0.254585	0.270000
328	0.589393	-0.055177	-0.166722	0.270000
329	0.565977	-0.136924	-0.197856	0.270000
330	0.589467	0.173190	0.027551	0.270000
331	0.612773	0.033364	0.040262	0.270000
332	0.585646	-0.044106	-0.182477	0.270000
333	0.614646	0.020024	-0.005830	0.270000
334	0.566894	0.208055	0.116486	0.270000
335	0.612921	0.035610	0.035836	0.270000
336	0.601987	-0.123771	-0.022740	0.270000
337	0.607641	0.074211	0.059075	0.270000
338	0.574472	0.192266	0.106022	0.270000
339	0.607074	0.097431	0.013888	0.270000
340	0.596416	0.072043	-0.131616	0.270000
341	0.609214	0.044210	-0.071617	0.270000
342	0.608955	-0.048665	0.070927	0.270000
343	0.600239	-0.117685	0.063941	0.270000
344	0.607877	-0.025505	-0.089777	0.270000
345	0.613003	-0.035936	-0.034070	0.270000
346	0.601440	0.117887	-0.050964	0.270000
347	0.608580	-0.072047	-0.051620	0.270000
348	0.602639	-0.094316	-0.078461	0.270000
349	0.610703	-0.072157	-0.007722	0.270000
350	0.602280	0.121484	0.026939	0.270000
351	0.586858	0.067614	0.171029	0.270000
352	0.576659	-0.213748	0.000810	0.270000
353	0.597396	-0.143741	0.026103	0.270000
354	0.556028	0.051567	-0.257680	0.270000
355	0.565457	-0.115565	-0.212434	0.270000
356	0.612068	-0.049099	0.034456	0.270000
357	0.597828	0.067814	0.127389	0.270000
358	0.601581	0.049292	0.117882	0.270000
359	0.614544	0.023573	0.002357	0.270000
360	0.611712	0.033232	-0.054121	0.270000
361	0.606885	-0.011750	-0.098881	0.270000
362	0.572336	-0.046619	-0.220190	0.270000
363	0.599442	-0.014118	-0.136730	0.270000
364	0.596446	0.040527	-0.144343	0.270000
365	0.601759	-0.115900	-0.051759	0.270000
366	0.574654	0.202000	0.084814	0.270000
367	0.600053	-0.060993	0.120174	0.270000
368	0.589107	0.168279	0.053477	0.270000
369	0.609059	0.016531	-0.083662	0.270000
370	0.568352	0.123669	-0.199766	0.270000
371	0.569779	-0.054764	-0.224896	0.270000
372	0.598574	0.139493	-0.021815	0.270000
373	0.596970	0.041310	-0.141936	0.270000
374	0.604756	0.110235	0.018529	0.270000
375	0.595271	0.154422	0.005639	0.270000
376	0.606300	0.089939	0.050355	0.270000
377	0.588103	0.071206	0.165197	0.270000
378	0.560006	0.161271	-0.196494	0.270000
379	0.582769	0.188582	-0.055156	0.270000
380	0.610137	0.072891	-0.025384	0.270000
381	0.536906	0.275811	-0.117836	0.270000
382	0.556679	0.082128	0.248169	0.270000
383	0.529873	0.067114	0.304885	0.270000
384	0.609864	0.052592	-0.059368	0.270000
385	0.607048	-0.043593	-0.088417	0.270000
386	0.507569	0.025696	0.346321	0.270000
387	0.579561	0.156328	-0.133773	0.270000
388	0.611625	0.057415	0.029045	0.270000
389	0.610178	0.075411	-0.014851	0.270000
390	0.592223	-0.099332	0.132778	0.270000
391	0.613783	-0.022529	-0.031427	0.270000
392	0.585711	0.172176	0.074319	0.270000
393	0.614250	-0.030298	-0.001883	0.270000
394	0.582687	-0.125071	-0.151849	0.270000
395	0.594759	-0.133614	-0.081453	0.270000
396	0.555946	-0.141315	-0.221764	0.270000
397	0.610023	-0.077577	0.008845	0.270000
398	0.579631	-0.157496	-0.132090	0.270000
399	0.598954	-0.104578	-0.092428	0.270000
400	0.602240	0.048159	-0.114947	0.270000
401	0.611375	0.046102	0.048163	0.270000
402	0.590792	-0.136874	0.102253	0.270000
403	0.590215	-0.114340	0.129607	0.270000
404	0.609443	-0.030191	0.076760	0.270000
405	0.601305	-0.059133	0.114719	0.270000
406	0.586417	-0.156012	0.100004	0.270000
407	0.610888	0.069800	-0.013009	0.270000
408	0.608338	0.032581	0.084194	0.270000
409	0.604905	-0.076795	0.080112	0.270000
410	0.377689	-0.423697	0.236764	0.270000
411	0.582170	-0.183344	-0.075421	0.270000
412	0.557326	-0.242534	-0.093757	0.270000
413	0.605686	-0.106236	0.009162	0.270000
414	0.595358	-0.085266	0.128468	0.270000
415	0.555970	-0.245342	0.094499	0.270000
416	0.572644	-0.145786	0.170441	0.270000
417	0.529562	-0.203269	0.237635	0.270000
418	0.611277	0.026404	0.062197	0.270000
419	0.560602	-0.247527	0.051778	0.270000
420	0.539219	-0.295334	0.015682	0.270000
421	0.589031	-0.175926	-0.017812	0.270000
422	0.544982	0.120629	0.258203	0.270000
423	0.580071	-0.117096	0.167426	0.270000
424	0.590997	-0.098000	0.139080	0.270000
425	0.577227	0.171185	0.125418	0.270000
426	0.506953	0.333405	0.100324	0.270000
427	0.614752	0.017371	-0.001946	0.270000
428	0.606629	-0.097110	0.028203	0.270000
429	0.564086	-0.216491	0.114735	0.270000
430	0.606373	-0.019052	0.100863	0.270000
431	0.550674	0.268656	-0.052981	0.270000
432	0.610338	0.037973	0.065348	0.270000
433	0.510308	-0.342091	-0.028016	0.270000
434	0.612630	-0.051721	-0.015327	0.270000
435	0.598263	0.093888	0.107196	0.270000
436	0.599978	0.133493	-0.020765	0.270000
437	0.606008	0.060230	-0.085740	0.270000
438	0.612847	0.033438	-0.039060	0.270000
439	0.569813	0.190188	0.131783	0.270000
440	0.559269	0.182704	0.179061	0.270000
441	0.594106	-0.025853	0.156828	0.270000
442	0.614283	-0.003889	-0.029424	0.270000
443	0.603254	0.046139	-0.110369	0.270000
444	0.603733	0.110357	0.039410	0.270000
445	0.614448	-0.020954	0.015469	0.270000
446	0.596349	-0.054423	-0.140109	0.270000
447	0.566088	-0.174697	0.165077	0.270000
448	0.613492	-0.000251	-0.043046	0.270000
449	0.597420	0.005848	0.145878	0.270000
450	0.578315	-0.171185	0.120304	0.270000
451	0.610357	0.031096	0.068718	0.270000
452	0.579385	-0.122893	-0.165635	0.270000
453	0.595903	0.054828	0.141841	0.270000
454	0.599388	0.113252	-0.078314	0.270000
455	0.585136	-0.187703	0.024662	0.270000
456	0.588268	-0.154393	-0.091260	0.270000
457	0.595181	0.122050	-0.095335	0.270000
458	0.584183	-0.017726	0.191420	0.270000
459	0.608311	-0.061816	0.066043	0.270000
460	0.609432	-0.069076	-0.045239	0.270000
461	0.433993	-0.417450	0.124944	0.270000
462	0.593223	0.083966	-0.138787	0.270000
463	0.594155	0.044633	-0.152356	0.270000
464	0.574759	-0.025089	-0.217366	0.270000
465	0.579525	-0.060583	0.196737	0.270000
466	0.613950	0.034148	-0.011169	0.270000
467	0.606390	0.101253	-0.016258	0.270000
468	0.607764	0.074455	0.057487	0.270000
469	0.566445	-0.210589	0.114092	0.270000
470	0.568041	-0.109232	0.208862	0.270000
471	0.579958	0.030611	-0.202329	0.270000
472	0.591247	-0.037531	-0.165057	0.270000
473	0.590495	0.097938	-0.141241	0.270000
474	0.589955	-0.073472	0.157416	0.270000
475	0.600650	0.132060	-0.002274	0.270000
476	0.597412	0.040725	0.140232	0.270000
477	0.607668	-0.086678	0.038098	0.270000
478	0.589074	-0.035103	0.173161	0.270000
479	0.608362	0.002811	-0.090068	0.270000
480	0.522976	-0.080579	-0.313414	0.270000
481	0.569462	-0.166146	-0.162276	0.270000
482	0.604730	-0.074065	-0.083911	0.270000
483	0.608128	0.043798	0.080539	0.270000
484	0.599965	-0.129711	-0.037977	0.270000
485	0.614567	0.008288	-0.021533	0.270000
486	0.613448	0.034274	0.027052	0.270000
487	0.602244	0.021342	0.122768	0.270000
488	0.551760	-0.053732	0.266268	0.270000
489	0.549809	0.250197	-0.115485	0.270000
490	0.610484	0.071907	-0.019068	0.270000
491	0.611819	0.056000	-0.027695	0.270000
492	0.593423	0.161392	-0.005135	0.270000
493	0.606080	0.053950	0.089341	0.270000
494	0.583549	0.173321	0.087497	0.270000
495	0.564153	-0.049120	0.239884	0.270000
496	0.574715	-0.173112	-0.134016	0.270000
497	0.593449	-0.148307	-0.063627	0.270000
498	0.609606	0.017730	0.079317	0.270000
499	0.585462	0.183057	0.044153	0.270000
500	0.589427	0.043378	0.170056	0.270000
501	0.609782	0.063429	0.048654	0.270000
502	0.610227	0.042842	-0.063347	0.270000
503	0.606558	0.094040	0.038327	0.270000
504	0.569590	-0.155493	0.172089	0.270000
505	0.613091	0.044593	0.018879	0.270000
506	0.596625	0.149131	-0.004891	0.270000
507	0.548578	0.234292	-0.149647	0.270000
508	0.577095	-0.005076	-0.212511	0.270000
509	0.608152	-0.091521	0.000293	0.270000
510	0.612125	0.051486	0.029613	0.270000
511	0.608082	-0.058997	0.070578	0.270000
512	0.612888	-0.030584	0.040719	0.270000
513	0.607292	0.096040	0.014067	0.270000
514	0.611090	0.065863	0.021341	0.270000
515	0.612410	-0.038126	-0.041545	0.270000
516	0.500895	-0.351540	0.061230	0.270000
517	0.606983	-0.093404	0.032748	0.270000
518	0.551688	-0.145610	0.229484	0.270000
519	0.582989	-0.141761	0.135104	0.270000
520	0.600266	-0.131440	0.025074	0.270000
521	0.549040	-0.148946	0.233656	0.270000
522	0.610162	-0.074920	0.017722	0.270000
523	0.582576	-0.132370	0.145974	0.270000
524	0.502693	-0.154733	0.318719	0.270000
525	0.537476	-0.257869	-0.151157	0.270000
526	0.424359	-0.380064	0.231724	0.270000
527	0.610749	0.014304	-0.070757	0.270000
528	0.598044	-0.140917	-0.026668	0.270000
529	0.595326	-0.144821	-0.053287	0.270000
530	0.564511	-0.157671	0.186258	0.270000
531	0.598967	-0.001373	0.139504	0.270000
532	0.613087	0.014310	0.046310	0.270000
533	0.595055	0.109369	0.110329	0.270000
534	0.557325	-0.249620	-0.072827	0.270000
535	0.557011	-0.259825	-0.021314	0.270000
536	0.380745	-0.482967	-0.000587	0.270000
537	0.579212	-0.023809	0.205358	0.270000
538	0.500830	-0.353984	0.045713	0.270000
539	0.534099	-0.134515	0.273622	0.270000
540	0.526241	0.061021	0.312365	0.270000
541	0.549273	0.225804	0.159800	0.270000
542	0.591204	-0.011876	0.169003	0.270000
543	0.614954	0.005109	-0.005500	0.270000
544	0.600345	0.125187	-0.046247	0.270000
545	0.575251	0.037319	0.214285	0.270000
546	0.574104	0.207355	0.075054	0.270000
547	0.584337	0.160303	-0.105252	0.270000
548	0.559710	0.226607	0.116613	0.270000
549	0.606700	-0.096051	-0.030237	0.270000
550	0.577095	-0.212383	0.008909	0.270000
551	0.586630	0.073240	-0.169487	0.270000
552	0.608822	0.079255	0.035773	0.270000
553	0.598654	-0.118275	-0.076482	0.270000
554	0.598510	0.139347	0.024347	0.270000
555	0.571165	0.137960	0.181557	0.270000
556	0.605734	0.013323	0.105515	0.270000
557	0.609312	0.082224	-0.014262	0.270000
558	0.605687	-0.106617	-0.001195	0.270000
559	0.599047	0.137062	-0.024108	0.270000
560	0.549807	-0.257702	0.097603	0.270000
561	0.585099	-0.188079	-0.022608	0.270000
562	0.595737	-0.133777	-0.073660	0.270000
563	0.612437	0.047345	-0.030064	0.270000
564	0.613632	0.013847	-0.038586	0.270000
565	0.614839	-0.006323	-0.012565	0.270000
566	0.597230	-0.145073	0.022248	0.270000
567	0.613956	0.021985	-0.028280	0.270000
568	0.613702	0.027392	-0.029053	0.270000
569	0.608671	0.075518	-0.045183	0.270000
570	0.610477	-0.021858	-0.071170	0.270000
571	0.594951	0.154279	0.021354	0.270000
572	0.558463	-0.139092	0.216788	0.270000
573	0.614212	0.004569	-0.030787	0.270000
574	0.597628	-0.142510	0.027501	0.270000
575	0.525517	0.122573	-0.295013	0.270000
576	0.540722	-0.173239	-0.236290	0.270000
577	0.607199	0.097574	-0.003659	0.270000
578	0.605446	-0.104072	-0.028799	0.270000
579	0.611526	-0.065277	0.000372	0.270000
580	0.613361	0.037144	0.025173	0.270000
581	0.600947	0.129536	0.017565	0.270000
582	0.605788	-0.070906	0.078858	0.270000
583	0.577106	-0.117921	-0.176827	0.270000
584	0.579914	-0.098586	-0.179458	0.270000
585	0.613939	0.025130	0.025927	0.270000
586	0.534750	-0.193452	-0.234187	0.270000
587	0.612510	0.016708	0.052698	0.270000
588	0.609704	-0.054100	0.059657	0.270000
589	0.570355	0.082406	0.214779	0.270000
590	0.608181	-0.080768	0.042630	0.270000
591	0.585877	-0.097888	-0.159345	0.270000
592	0.595547	0.024973	-0.151411	0.270000
593	0.611197	0.065211	-0.020270	0.270000
594	0.605314	0.092377	0.057329	0.270000
595	0.598184	-0.049788	0.133873	0.270000
596	0.607004	0.016600	0.097447	0.270000
597	0.614366	-0.025730	0.010860	0.270000
598	0.614831	-0.013925	0.003749	0.270000
599	0.573828	0.083801	0.204752	0.270000
600	0.612520	0.043575	0.033846	0.270000
601	0.585212	0.094450	0.163802	0.270000
602	0.603780	0.094221	-0.069259	0.270000
603	0.579601	0.158013	0.131603	0.270000
604	0.548250	0.277411	0.026266	0.270000
605	0.614671	-0.019570	0.004652	0.270000
606	0.610818	-0.044943	0.055740	0.270000
607	0.611079	0.062949	-0.029073	0.270000
608	0.604113	-0.054270	0.101620	0.270000
609	0.575850	0.196201	-0.090146	0.270000
610	0.606643	0.069569	-0.073275	0.270000
611	0.610116	0.010388	-0.076651	0.270000
612	0.593112	0.107690	-0.121846	0.270000
613	0.609331	0.079978	0.023319	0.270000
614	0.602596	0.079325	0.093866	0.270000
615	0.574280	-0.205089	-0.079790	0.270000
616	0.581217	-0.098684	0.175139	0.270000
617	0.604511	-0.090005	-0.068485	0.270000
618	0.600667	0.079069	0.105698	0.270000
619	0.596659	-0.139293	0.053105	0.270000
620	0.613721	-0.034142	-0.020154	0.270000
621	0.600958	-0.024459	-0.128358	0.270000
622	0.592556	-0.086690	0.139955	0.270000
623	0.509533	-0.328605	0.103051	0.270000
624	0.577162	-0.112091	0.180401	0.270000
625	0.521809	-0.301461	0.122727	0.270000
626	0.527908	-0.301357	0.093392	0.270000
627	0.600465	-0.111882	-0.071758	0.270000
628	0.577058	-0.178412	0.115749	0.270000
629	0.608779	-0.024663	0.083698	0.270000
630	0.543772	-0.052685	0.282420	0.270000
631	0.480976	-0.349736	0.156754	0.270000
632	0.522687	-0.314270	0.079104	0.270000
633	0.572689	-0.223513	0.017159	0.270000
634	0.549266	-0.273036	0.044531	0.270000
635	0.474469	-0.276652	0.276709	0.270000
636	0.535682	-0.158242	0.257351	0.270000
637	0.608281	-0.062134	0.066021	0.270000
638	0.576649	0.172771	0.125900	0.270000
639	0.614960	-0.006872	0.001521	0.270000
640	0.591470	0.117870	0.120393	0.270000
641	0.607388	0.095987	-0.009538	0.270000
642	0.576866	0.126769	0.171407	0.270000
643	0.465885	0.351583	-0.193817	0.270000
644	0.609647	0.073431	-0.034118	0.270000
645	0.549732	-0.208881	0.179970	0.270000
646	0.539314	0.008302	-0.295460	0.270000
647	0.573321	0.033759	0.219973	0.270000
648	0.602081	0.064603	0.107469	0.270000
649	0.607893	-0.040883	-0.083785	0.270000
650	0.592017	0.097473	-0.135055	0.270000
651	0.588711	0.067625	-0.164533	0.270000
652	0.558264	0.238947	0.097317	0.270000
653	0.590801	0.169211	0.023387	0.270000
654	0.569593	-0.173095	0.154361	0.270000
655	0.590798	-0.013274	-0.170313	0.270000
656	0.599197	-0.052619	0.128139	0.270000
657	0.601885	0.125951	-0.009804	0.270000
658	0.595207	-0.023709	0.152942	0.270000
659	0.593372	-0.139818	0.081154	0.270000
660	0.588196	-0.134709	-0.118760	0.270000
661	0.584397	-0.125008	-0.145185	0.270000
662	0.607871	-0.022363	0.090654	0.270000
663	0.598394	0.140902	-0.017217	0.270000
664	0.604148	-0.113548	-0.018348	0.270000
665	0.460543	-0.400061	-0.077951	0.270000
666	0.582921	0.086750	-0.175789	0.270000
667	0.603708	0.115751	0.019061	0.270000
668	0.587763	-0.172256	0.055568	0.270000
669	0.598445	-0.137724	-0.033476	0.270000
670	0.613010	-0.030645	-0.038789	0.270000
671	0.566608	-0.186227	0.149999	0.270000
672	0.574802	0.063957	0.209133	0.270000
673	0.608875	-0.011417	-0.085825	0.270000
674	0.612380	0.010303	0.055768	0.270000
675	0.612766	0.006621	-0.051949	0.270000
676	0.608115	0.064756	-0.065018	0.270000
677	0.540267	-0.281213	-0.085179	0.270000
678	0.613998	0.004812	0.034762	0.270000
679	0.591899	0.164970	-0.025787	0.270000
680	0.591198	-0.166681	-0.030451	0.270000
681	0.613597	0.032603	-0.025716	0.270000
682	0.612792	0.051616	0.006807	0.270000
683	0.585871	-0.056213	-0.178382	0.270000
684	0.448806	0.114982	-0.404447	0.270000
685	0.581774	-0.144372	-0.137552	0.270000
686	0.607401	-0.051527	-0.081447	0.270000
687	0.589049	0.061862	-0.165590	0.270000
688	0.523098	-0.277868	-0.165477	0.270000
689	0.614442	-0.024697	0.008721	0.270000
690	0.602640	-0.062465	-0.105585	0.270000
691	0.599896	-0.006932	0.135286	0.270000
692	0.596004	0.052827	0.142176	0.270000
693	0.611734	-0.052749	-0.034991	0.270000
694	0.601877	-0.095007	-0.083327	0.270000
695	0.592439	0.093237	0.136192	0.270000
696	0.526748	0.289392	0.130437	0.270000
697	0.582645	0.167671	0.103131	0.270000
698	0.607786	0.071619	-0.060759	0.270000
699	0.559465	-0.196201	0.163490	0.270000
700	0.607784	0.038829	0.085533	0.270000
701	0.560244	-0.165439	0.192305	0.270000
702	0.611881	-0.048983	-0.037781	0.270000
703	0.604821	0.092938	0.061473	0.270000
704	0.613619	-0.037941	0.016054	0.270000
705	0.607793	-0.090588	0.024620	0.270000
706	0.611663	0.055784	-0.031338	0.270000
707	0.593762	0.149953	-0.056447	0.270000
708	0.595384	0.127564	0.086434	0.270000
709	0.606947	-0.092817	0.035008	0.270000
710	0.540427	-0.248497	0.156246	0.270000
711	0.578391	-0.174470	-0.115102	0.270000
712	0.566620	-0.220155	-0.093267	0.270000
713	0.581493	0.198884	-0.023146	0.270000
714	0.579783	0.168008	-0.117685	0.270000
715	0.600828	0.091194	-0.094418	0.270000
716	0.580614	-0.002560	-0.202746	0.270000
717	0.614438	0.012211	0.023278	0.270000
718	0.595324	-0.152415	0.024160	0.270000
719	0.578795	0.205861	-0.029022	0.270000
720	0.596537	-0.128647	-0.076278	0.270000
721	0.558850	-0.248925	-0.062831	0.270000
722	0.603339	-0.088266	0.080100	0.270000
723	0.611788	0.002124	-0.062738	0.270000
724	0.567053	-0.236349	-0.028560	0.270000
725	0.613264	0.015018	-0.043664	0.270000
726	0.613921	-0.022255	-0.028823	0.270000
727	0.612703	0.045694	-0.027046	0.270000
728	0.611666	0.063852	-0.003642	0.270000
729	0.557448	-0.214481	0.146543	0.270000
730	0.613544	-0.014343	0.039788	0.270000
731	0.440939	-0.198757	0.379860	0.270000
732	0.492738	-0.341789	0.136433	0.270000
733	0.610402	-0.069547	-0.028251	0.270000
734	0.545853	-0.271066	-0.082419	0.270000
735	0.582771	-0.136725	0.141100	0.270000
736	0.590298	-0.065538	0.159619	0.270000
737	0.535046	0.018718	0.302656	0.270000
738	0.424046	-0.356943	0.266461	0.270000
739	0.449461	-0.419028	0.025012	0.270000
740	0.516132	-0.331029	-0.047461	0.270000
741	0.564442	-0.221478	0.102846	0.270000
742	0.528349	-0.301761	0.089513	0.270000
743	0.556808	-0.260936	0.010128	0.270000
744	0.604149	-0.108658	0.037716	0.270000
745	0.586612	0.167010	-0.078863	0.270000
746	0.568804	0.219303	0.081197	0.270000
747	0.605735	0.085433	0.063336	0.270000
748	0.614503	0.024717	-0.000680	0.270000
749	0.473039	0.370048	0.132375	0.270000
750	0.521725	-0.135158	0.296243	0.270000
751	0.552067	0.118497	-0.243733	0.270000
752	0.606017	-0.063865	0.083004	0.270000
753	0.592576	-0.148513	0.070870	0.270000
754	0.543712	-0.079946	-0.276064	0.270000
755	0.571733	-0.166432	-0.153777	0.270000
756	0.571898	-0.033153	-0.223739	0.270000
757	0.598212	-0.141765	0.016433	0.270000
758	0.525052	0.168548	0.272281	0.270000
759	0.592054	0.166292	-0.006666	0.270000
760	0.604546	0.101707	0.049044	0.270000
761	0.572717	-0.009061	-0.223915	0.270000
762	0.601693	0.112690	-0.059093	0.270000
763	0.603781	-0.057699	0.101706	0.270000
764	0.606122	0.019645	0.102253	0.270000
765	0.581617	-0.069859	-0.187260	0.270000
766	0.604824	-0.065962	0.089789	0.270000
767	0.613306	0.035620	0.028492	0.270000
768	0.600385	0.114993	0.067373	0.270000
769	0.570959	-0.224346	-0.043580	0.270000
770	0.589593	-0.048385	0.168119	0.270000
771	0.606646	0.079313	-0.062570	0.270000
772	0.597215	-0.144861	-0.023964	0.270000
773	0.607213	0.067513	-0.070426	0.270000
774	0.538957	-0.231158	-0.185248	0.270000
775	0.580777	-0.130568	0.154515	0.270000
776	0.595474	-0.071713	0.135988	0.270000
777	0.613474	-0.042884	0.005931	0.270000
778	0.492316	-0.322726	-0.178039	0.270000
779	0.584991	-0.187423	0.029710	0.270000
780	0.555350	-0.021026	-0.263380	0.270000
781	0.609337	-0.009366	0.082740	0.270000
782	0.608134	0.080007	0.044685	0.270000
783	0.604572	-0.111004	0.019906	0.270000
784	0.557943	-0.005140	0.258648	0.270000
785	0.610022	0.070596	-0.033387	0.270000
786	0.581321	0.132512	-0.150770	0.270000
787	0.611222	0.059621	-0.032827	0.270000
788	0.461619	-0.356072	-0.195821	0.270000
789	0.599069	-0.041675	0.132684	0.270000
790	0.600554	-0.038298	-0.126860	0.270000
791	0.577548	-0.035875	-0.208269	0.270000
792	0.595078	-0.145171	-0.055073	0.270000
793	0.592597	0.139739	-0.086758	0.270000
794	0.614637	0.020940	0.002868	0.270000
795	0.575812	-0.212075	0.041104	0.270000
796	0.601029	0.051070	0.119921	0.270000
797	0.561115	0.226429	-0.110023	0.270000
798	0.614168	-0.024292	-0.020795	0.270000
799	0.583779	0.062827	-0.182976	0.270000
800	0.603167	-0.057159	-0.105580	0.270000
801	0.543659	0.047961	0.283478	0.270000
802	0.607558	0.063878	-0.070835	0.270000
803	0.608727	-0.086979	-0.010523	0.270000
804	0.605007	0.108484	0.020557	0.270000
805	0.605699	0.077395	0.073235	0.270000
806	0.614521	0.009048	0.022515	0.270000
807	0.570254	0.229548	-0.018525	0.270000
808	0.559112	0.184905	0.177281	0.270000
809	0.599589	-0.092270	0.101017	0.270000
810	0.571473	-0.090526	0.208444	0.270000
811	0.613935	0.021818	0.028866	0.270000
812	0.590007	0.167048	0.047025	0.270000
813	0.557106	0.226532	-0.128613	0.270000
814	0.609159	0.084532	0.002201	0.270000
815	0.564772	0.124758	-0.209029	0.270000
816	0.567136	0.206226	-0.118542	0.270000
817	0.598360	-0.139008	-0.029440	0.270000
818	0.611906	-0.017177	0.059168	0.270000
819	0.600544	-0.132288	-0.008498	0.270000
820	0.612289	-0.013547	-0.056068	0.270000
821	0.531455	0.022644	-0.308655	0.270000
822	0.609295	0.042296	-0.072083	0.270000
823	0.533118	-0.237734	-0.193632	0.270000
824	0.596613	-0.008941	-0.148988	0.270000
825	0.576435	-0.211798	-0.033008	0.270000
826	0.613041	-0.049043	0.000008	0.270000
827	0.597612	0.017796	0.144113	0.270000
828	0.580806	0.101245	0.175038	0.270000
829	0.545230	-0.135653	0.250095	0.270000
830	0.562067	-0.239554	0.070143	0.270000
831	0.542179	-0.285328	0.053427	0.270000
832	0.590560	-0.155853	0.071928	0.270000
833	0.614524	0.018580	0.015490	0.270000
834	0.608740	-0.031255	0.081753	0.270000
835	0.532479	-0.290660	0.101035	0.270000
836	0.575598	-0.213145	0.038480	0.270000
837	0.478271	-0.019526	0.386136	0.270000
838	0.560324	-0.228721	0.109309	0.270000
839	0.523647	-0.204389	0.249487	0.270000
840	0.579753	-0.191092	-0.074802	0.270000
841	0.606869	0.085217	0.051705	0.270000
842	0.556946	0.038789	0.257937	0.270000
843	0.587018	-0.173199	0.060311	0.270000
844	0.533060	-0.263841	0.156398	0.270000
845	0.590082	-0.117166	0.127673	0.270000
846	0.408422	-0.362197	0.283249	0.270000
847	0.489136	-0.319754	0.191645	0.270000
848	0.605169	0.078833	0.076030	0.270000
849	0.598937	0.135501	0.033755	0.270000
850	0.507763	0.241938	0.248731	0.270000
