1	0.468531	0.187762	0.351353	2.490000
2	0.588498	-0.022980	0.177108	2.490000
3	0.532987	0.282006	0.120924	2.490000
4	0.578928	0.166269	0.124183	2.490000
5	0.600778	0.121863	0.049397	2.490000
6	0.575012	-0.141116	0.166351	2.490000
7	0.581226	-0.008442	-0.200824	2.490000
8	0.595184	0.153989	0.016401	2.490000
9	0.536929	-0.299855	-0.004357	2.490000
10	0.583158	0.126673	0.148680	2.490000
11	0.608385	0.026788	0.085878	2.490000
12	0.596936	-0.107155	0.102029	2.490000
13	0.603035	0.120494	-0.007454	2.490000
14	0.587962	-0.105277	-0.146434	2.490000
15	0.605427	0.063768	0.087273	2.490000
16	0.609449	0.050577	0.065103	2.490000
17	0.583427	0.040951	-0.190160	2.490000
18	0.601137	0.031901	0.125864	2.490000
19	0.560837	0.003285	-0.252340	2.490000
20	0.602349	-0.033192	0.119580	2.490000
21	0.607322	0.019119	0.094970	2.490000
22	0.612069	0.017923	-0.057226	2.490000
23	0.611108	0.042770	0.054249	2.490000
24	0.611062	0.048247	-0.050008	2.490000
25	0.582621	-0.156722	0.119231	2.490000
26	0.589826	0.151659	-0.085612	2.490000
27	0.606467	0.067014	-0.077016	2.490000
28	0.578204	-0.192756	0.082158	2.490000
29	0.590127	-0.064756	-0.160566	2.490000
30	0.606909	0.037380	0.092135	2.490000
31	0.588443	0.129538	-0.123207	2.490000
32	0.608368	0.032022	0.084192	2.490000
33	0.595401	0.060972	-0.141438	2.490000
34	0.580745	-0.202206	-0.008540	2.490000
35	0.609159	0.020619	0.082005	2.490000
36	0.542486	-0.214786	-0.194424	2.490000
37	0.570163	-0.048696	0.225318	2.490000
38	0.612322	0.054812	0.016794	2.490000
39	0.596358	0.107885	-0.104609	2.490000
40	0.601322	0.124924	-0.032111	2.490000
41	0.605011	0.019577	-0.108642	2.490000
42	0.532623	0.230210	-0.203818	2.490000
43	0.549586	-0.212444	-0.176203	2.490000
44	0.567642	-0.231658	0.048398	2.490000
45	0.549576	-0.272752	-0.042395	2.490000
46	0.601483	-0.017055	-0.127092	2.490000
47	0.603121	0.054370	-0.107305	2.490000
48	0.588009	-0.136282	-0.117888	2.490000
49	0.545400	-0.277799	0.059931	2.490000
50	0.612361	-0.044907	-0.034969	2.490000
51	0.611826	0.045037	-0.043190	2.490000
52	0.609078	-0.078802	-0.032241	2.490000
53	0.603390	-0.009413	0.118561	2.490000
54	0.536514	-0.275984	-0.119207	2.490000
55	0.552568	-0.156552	-0.219967	2.490000
56	0.614884	0.010108	-0.006348	2.490000
57	0.604608	0.070444	0.087814	2.490000
58	0.579315	-0.205190	-0.022707	2.490000
59	0.596786	-0.124222	-0.081487	2.490000
60	0.498536	-0.330573	-0.142857	2.490000
61	0.607858	-0.091554	0.018752	2.490000
62	0.557057	0.259855	-0.019703	2.490000
63	0.610517	0.057614	-0.046627	2.490000
64	0.585439	-0.135095	-0.131282	2.490000
65	0.525877	0.027273	-0.317701	2.490000
66	0.587217	0.180053	-0.031338	2.490000
67	0.610213	0.005929	-0.076353	2.490000
68	0.611193	-0.036783	-0.057574	2.490000
69	0.570916	0.178060	-0.143440	2.490000
70	0.566499	0.200224	-0.131204	2.490000
71	0.555978	0.054685	0.257144	2.490000
72	0.591188	-0.133723	0.104115	2.490000
73	0.601644	0.126179	0.018117	2.490000
74	0.611480	0.063607	-0.016466	2.490000
75	0.557540	0.258857	-0.019148	2.490000
76	0.606912	-0.065171	-0.075073	2.490000
77	0.611765	-0.060971	0.015842	2.490000
78	0.517740	0.329947	-0.036134	2.490000
79	0.588498	-0.103687	-0.145411	2.490000
80	0.501514	-0.349144	0.069331	2.490000
81	0.562711	0.010900	-0.247917	2.490000
82	0.595232	-0.064820	-0.140435	2.490000
83	0.606953	-0.072511	-0.067637	2.490000
84	0.566417	-0.201118	0.130187	2.490000
85	0.597436	-0.023435	-0.144035	2.490000
86	0.593920	0.011967	0.159186	2.490000
87	0.612404	-0.042228	0.037460	2.490000
88	0.610412	-0.000723	-0.074979	2.490000
89	0.591494	-0.168403	0.000607	2.490000
90	0.610725	0.038506	0.061293	2.490000
91	0.594997	0.101914	-0.117548	2.490000
92	0.571492	-0.068997	-0.216475	2.490000
93	0.587071	-0.179179	0.038302	2.490000
94	0.497874	-0.198185	0.301776	2.490000
95	0.575272	-0.215533	-0.028849	2.490000
96	0.598181	-0.140839	-0.023842	2.490000
97	0.595198	-0.109767	0.109160	2.490000
98	0.594322	-0.151605	-0.044976	2.490000
99	0.591230	-0.167054	-0.027656	2.490000
100	0.594037	-0.021647	-0.157723	2.490000
101	0.603203	0.097045	0.070377	2.490000
102	0.602917	-0.097407	0.072306	2.490000
103	0.576090	-0.175871	-0.124157	2.490000
104	0.586237	-0.077445	0.168977	2.490000
105	0.598397	0.054190	0.131187	2.490000
106	0.588749	0.170514	-0.050247	2.490000
107	0.602141	0.110594	-0.058478	2.490000
108	0.548800	0.077401	-0.266557	2.490000
109	0.526595	0.249237	-0.196986	2.490000
110	0.590419	-0.171331	-0.016622	2.490000
111	0.584817	-0.168721	0.088018	2.490000
112	0.569428	-0.217642	0.081295	2.490000
113	0.428180	-0.345657	-0.274606	2.490000
114	0.574327	0.152557	-0.158428	2.490000
115	0.553898	-0.122081	-0.237736	2.490000
116	0.558605	-0.168221	-0.194646	2.490000
117	0.561551	0.117090	-0.221755	2.490000
118	0.567382	0.203737	0.121631	2.490000
119	0.501085	0.207716	0.289815	2.490000
120	0.599831	-0.124681	-0.053685	2.490000
121	0.540003	-0.282822	0.081443	2.490000
122	0.606861	0.049696	0.086462	2.490000
123	0.582423	0.197347	-0.007928	2.490000
124	0.607167	-0.012804	0.097001	2.490000
125	0.593619	-0.159344	0.021227	2.490000
126	0.605468	0.022408	0.105508	2.490000
127	0.549842	-0.199259	0.190249	2.490000
128	0.583958	0.077071	0.176856	2.490000
129	0.564168	-0.208496	-0.128331	2.490000
130	0.599936	-0.117464	0.067116	2.490000
131	0.610912	0.068829	0.016571	2.490000
132	0.577115	-0.171719	0.125205	2.490000
133	0.538580	0.192937	-0.225681	2.490000
134	0.607464	0.041663	-0.086465	2.490000
135	0.560617	0.219235	-0.125975	2.490000
136	0.582698	0.192356	0.041075	2.490000
137	0.606951	-0.073271	0.066831	2.490000
138	0.612050	-0.057648	-0.017208	2.490000
139	0.592288	0.152914	-0.063539	2.490000
140	0.592397	-0.080355	-0.144339	2.490000
141	0.546769	0.097339	0.264185	2.490000
142	0.479904	0.382053	0.044191	2.490000
143	0.612112	-0.015935	0.057363	2.490000
144	0.597710	-0.131209	0.061251	2.490000
145	0.614027	-0.026722	-0.021957	2.490000
146	0.608079	0.081307	-0.043062	2.490000
147	0.543077	-0.109997	-0.266821	2.490000
148	0.575825	-0.171234	0.131639	2.490000
149	0.572577	-0.218963	-0.049360	2.490000
150	0.546072	-0.263589	-0.102719	2.490000
151	0.589877	-0.117813	-0.128026	2.490000
152	0.608236	0.014493	-0.089799	2.490000
153	0.601330	-0.109433	-0.068200	2.490000
154	0.601841	0.053852	0.114508	2.490000
155	0.606678	-0.051522	-0.086672	2.490000
156	0.612076	-0.056333	-0.020355	2.490000
157	0.590834	-0.166092	-0.039418	2.490000
158	0.580553	-0.029892	-0.200724	2.490000
159	0.601419	-0.072905	-0.105854	2.490000
160	0.580394	-0.138044	0.149371	2.490000
161	0.607743	-0.090050	-0.027644	2.490000
162	0.587523	-0.177916	-0.037257	2.490000
163	0.586790	-0.069629	-0.170452	2.490000
164	0.560384	0.113895	0.226325	2.490000
165	0.608050	-0.091356	-0.012408	2.490000
166	0.564502	-0.125017	-0.209602	2.490000
167	0.550645	0.264857	0.069754	2.490000
168	0.613027	-0.028886	-0.039849	2.490000
169	0.554251	-0.059454	-0.259801	2.490000
170	0.508728	-0.224227	-0.262951	2.490000
171	0.593333	0.128416	0.098439	2.490000
172	0.608740	0.079210	0.037236	2.490000
173	0.490157	0.105240	0.356225	2.490000
174	0.604363	0.006765	-0.113688	2.490000
175	0.537390	-0.225568	-0.196356	2.490000
176	0.608946	0.054493	0.066638	2.490000
177	0.606173	-0.077249	-0.069365	2.490000
178	0.592963	0.057164	-0.152815	2.490000
179	0.563373	0.009830	-0.246453	2.490000
180	0.603469	0.016852	-0.117330	2.490000
181	0.522454	-0.310916	-0.092729	2.490000
182	0.607966	-0.067785	-0.063304	2.490000
183	0.599502	0.049440	-0.127978	2.490000
184	0.600325	0.026388	0.130917	2.490000
185	0.593677	0.086760	-0.135077	2.490000
186	0.606203	-0.068978	-0.077365	2.490000
187	0.572463	-0.213564	-0.070014	2.490000
188	0.527776	-0.290749	-0.123055	2.490000
189	0.604327	-0.114019	-0.003636	2.490000
190	0.582418	0.098758	-0.171058	2.490000
191	0.567222	-0.130738	0.198475	2.490000
192	0.605387	-0.033563	0.102983	2.490000
193	0.592922	-0.008739	0.163072	2.490000
194	0.583799	-0.030142	0.191038	2.490000
195	0.592606	0.003467	0.164413	2.490000
196	0.532233	-0.155194	-0.266211	2.490000
197	0.602804	-0.098534	-0.071718	2.490000
198	0.608101	-0.090844	-0.013630	2.490000
199	0.549194	0.074711	0.266514	2.490000
200	0.589051	-0.169671	-0.049558	2.490000
201	0.589540	0.008253	-0.174928	2.490000
202	0.559307	-0.159680	-0.199758	2.490000
203	0.601175	-0.009084	0.129351	2.490000
204	0.602132	0.091946	0.084896	2.490000
205	0.601445	-0.015460	-0.127474	2.490000
206	0.607660	-0.055123	0.077041	2.490000
207	0.606015	-0.089760	-0.053976	2.490000
208	0.545191	-0.276077	0.069086	2.490000
209	0.550870	-0.267910	0.054693	2.490000
210	0.592647	-0.123629	-0.108212	2.490000
211	0.602494	-0.087260	0.087248	2.490000
212	0.588046	-0.017623	-0.179212	2.490000
213	0.569044	0.105399	-0.208099	2.490000
214	0.599761	-0.126019	0.051294	2.490000
215	0.609768	0.036952	0.071010	2.490000
216	0.579354	0.105437	0.177360	2.490000
217	0.600667	0.066070	-0.114274	2.490000
218	0.608281	0.056278	-0.071079	2.490000
219	0.554940	0.188074	-0.186803	2.490000
220	0.611704	0.063315	0.005818	2.490000
221	0.611330	0.062813	0.023574	2.490000
222	0.606846	-0.027612	0.095922	2.490000
223	0.578553	0.190010	0.086012	2.490000
224	0.587063	-0.172049	-0.063094	2.490000
225	0.577182	-0.171667	0.124968	2.490000
226	0.613802	-0.038274	-0.002768	2.490000
227	0.601306	-0.055425	0.116549	2.490000
228	0.614865	-0.002093	-0.012733	2.490000
229	0.601069	-0.121706	0.046138	2.490000
230	0.581087	-0.170970	-0.106454	2.490000
231	0.606987	0.034601	-0.092710	2.490000
232	0.582891	-0.063372	-0.185598	2.490000
233	0.572391	0.217519	0.057262	2.490000
234	0.528208	0.300426	0.094684	2.490000
235	0.610113	-0.002172	-0.077343	2.490000
236	0.581421	-0.158185	-0.123095	2.490000
237	0.614940	0.004996	0.006969	2.490000
238	0.592572	-0.139851	0.086745	2.490000
239	0.611288	0.048374	0.047026	2.490000
240	0.609480	-0.009628	0.081646	2.490000
241	0.570357	0.117444	0.197800	2.490000
242	0.611405	0.027978	0.060218	2.490000
243	0.567019	-0.154845	0.180934	2.490000
244	0.612255	-0.049103	-0.030937	2.490000
245	0.566452	0.239422	-0.005861	2.490000
246	0.614464	-0.025353	0.004096	2.490000
247	0.593340	-0.145797	-0.070118	2.490000
248	0.519016	-0.329608	0.014360	2.490000
249	0.565020	-0.213504	0.115729	2.490000
250	0.532410	0.171594	0.255579	2.490000
251	0.582990	0.148098	0.128119	2.490000
252	0.605954	-0.008724	-0.104733	2.490000
253	0.597483	-0.143739	0.024049	2.490000
254	0.582450	0.073362	-0.183289	2.490000
255	0.582186	-0.028502	-0.196144	2.490000
256	0.560002	-0.235963	-0.094574	2.490000
257	0.605653	0.009129	0.106424	2.490000
258	0.587680	-0.151959	-0.098823	2.490000
259	0.563403	-0.030254	-0.244718	2.490000
260	0.598843	0.115643	0.078986	2.490000
261	0.594684	-0.072487	0.139003	2.490000
262	0.602438	0.096988	-0.076726	2.490000
263	0.595915	-0.082402	-0.127749	2.490000
264	0.599900	-0.057602	-0.122583	2.490000
265	0.606761	-0.079197	-0.061594	2.490000
266	0.610283	-0.008434	-0.075554	2.490000
267	0.613510	0.029073	0.031379	2.490000
268	0.524783	-0.289684	-0.137517	2.490000
269	0.597453	0.102080	-0.104187	2.490000
270	0.614711	0.002386	-0.018712	2.490000
271	0.602653	-0.031518	-0.118493	2.490000
272	0.534315	-0.268726	-0.143246	2.490000
273	0.607394	-0.072997	0.063004	2.490000
274	0.606097	0.049240	0.091905	2.490000
275	0.607426	0.096217	0.001081	2.490000
276	0.573226	-0.193415	-0.110580	2.490000
277	0.570436	-0.223239	0.054704	2.490000
278	0.525760	0.153096	-0.279934	2.490000
279	0.589263	0.165379	0.060367	2.490000
280	0.593869	-0.125923	0.098428	2.490000
281	0.614475	0.025169	0.003456	2.490000
282	0.613904	-0.011178	0.034957	2.490000
283	0.609239	0.020994	-0.081316	2.490000
284	0.614207	-0.017988	0.025530	2.490000
285	0.543618	-0.287583	-0.000199	2.490000
286	0.597498	-0.142388	-0.030766	2.490000
287	0.565551	0.004437	-0.241573	2.490000
288	0.605735	-0.075653	-0.074746	2.490000
289	0.587987	-0.134411	0.120124	2.490000
290	0.614361	-0.020676	-0.018913	2.490000
291	0.608912	0.082554	0.025223	2.490000
292	0.514058	-0.323689	-0.095889	2.490000
293	0.584727	-0.173863	-0.078046	2.490000
294	0.597186	-0.129317	-0.069796	2.490000
295	0.609919	0.073769	0.027973	2.490000
296	0.594643	0.078274	-0.136006	2.490000
297	0.603633	-0.101149	0.060180	2.490000
298	0.609745	-0.061224	0.051840	2.490000
299	0.602603	-0.083395	0.090220	2.490000
300	0.613101	0.005789	0.047939	2.490000
301	0.591793	-0.119213	0.117447	2.490000
302	0.580434	-0.193025	-0.063738	2.490000
303	0.584960	-0.051826	-0.182649	2.490000
304	0.583465	-0.062911	-0.183945	2.490000
305	0.605648	-0.090537	0.056733	2.490000
306	0.609042	-0.033096	-0.078726	2.490000
307	0.599325	-0.137923	0.003442	2.490000
308	0.580051	-0.188119	0.079856	2.490000
309	0.603255	-0.001688	0.119606	2.490000
310	0.602625	-0.122754	-0.000171	2.490000
311	0.575514	0.100705	-0.192009	2.490000
312	0.548495	0.067033	-0.269971	2.490000
313	0.562662	-0.096711	0.228657	2.490000
314	0.613121	-0.046396	0.012439	2.490000
315	0.564324	-0.206136	0.131421	2.490000
316	0.587563	-0.172223	-0.057746	2.490000
317	0.608483	-0.073429	-0.050807	2.490000
318	0.588402	0.083050	-0.158464	2.490000
319	0.601140	-0.063987	-0.112965	2.490000
320	0.592086	0.015088	-0.165626	2.490000
321	0.588604	0.176078	-0.027693	2.490000
322	0.601932	0.124656	0.019079	2.490000
323	0.588917	-0.010317	0.176904	2.490000
324	0.605875	-0.099209	0.036032	2.490000
325	0.592768	0.115569	0.116166	2.490000
326	0.578673	0.206765	-0.024708	2.490000
327	0.592563	0.096635	0.133249	2.490000
328	0.612429	0.054646	0.013014	2.490000
329	0.503371	-0.339924	-0.096406	2.490000
330	0.609977	0.062902	0.046863	2.490000
331	0.547240	0.198093	0.198777	2.490000
332	0.587024	0.089313	0.160161	2.490000
333	0.556666	-0.260069	0.026681	2.490000
334	0.612789	-0.024505	0.045976	2.490000
335	0.601000	-0.117108	-0.057525	2.490000
336	0.612035	-0.059636	-0.009028	2.490000
337	0.589373	-0.121040	0.127333	2.490000
338	0.599496	0.133586	-0.031378	2.490000
339	0.599460	-0.072657	0.116589	2.490000
340	0.606601	0.044604	-0.090945	2.490000
341	0.601881	0.079739	-0.098013	2.490000
342	0.596271	-0.029956	0.147608	2.490000
343	0.579150	0.206291	0.015957	2.490000
344	0.563349	-0.219816	0.112001	2.490000
345	0.583273	0.149599	-0.125050	2.490000
346	0.610726	-0.045365	-0.056395	2.490000
347	0.597924	0.111395	0.091120	2.490000
348	0.586992	0.177177	0.047680	2.490000
349	0.599192	-0.034785	-0.134104	2.490000
350	0.607544	0.061401	0.073107	2.490000
351	0.576178	-0.169391	-0.132480	2.490000
352	0.584775	-0.158260	-0.105908	2.490000
353	0.597158	0.008529	0.146813	2.490000
354	0.574887	0.129393	0.176033	2.490000
355	0.604953	0.107985	0.024409	2.490000
356	0.608419	-0.078919	0.042695	2.490000
357	0.607559	0.088429	0.035741	2.490000
358	0.584759	0.188398	-0.028067	2.490000
359	0.583659	-0.129796	-0.143944	2.490000
360	0.584617	-0.170565	-0.085765	2.490000
361	0.612986	0.036929	-0.033310	2.490000
362	0.611393	-0.065426	-0.011945	2.490000
363	0.584104	0.179208	-0.070227	2.490000
364	0.599117	-0.132698	-0.040925	2.490000
365	0.609064	-0.078213	0.033895	2.490000
366	0.608186	0.009605	-0.090785	2.490000
367	0.589249	-0.148581	-0.094518	2.490000
368	0.606888	-0.083573	-0.054105	2.490000
369	0.598389	-0.110998	0.088514	2.490000
370	0.608640	0.030467	-0.082791	2.490000
371	0.599065	-0.005915	0.138965	2.490000
372	0.613947	-0.035839	-0.003022	2.490000
373	0.613706	-0.037185	-0.014397	2.490000
374	0.577882	-0.124281	-0.169798	2.490000
375	0.603427	-0.049833	-0.107782	2.490000
376	0.614858	-0.012375	0.004600	2.490000
377	0.600725	0.089570	0.096599	2.490000
378	0.596560	-0.105853	-0.105529	2.490000
379	0.568688	0.184962	-0.143554	2.490000
380	0.611635	0.061142	-0.019741	2.490000
381	0.585309	-0.101323	-0.159287	2.490000
382	0.570669	-0.149045	0.174206	2.490000
383	0.605148	0.101845	0.040595	2.490000
384	0.559947	-0.023092	0.253281	2.490000
385	0.567802	-0.233972	-0.032906	2.490000
386	0.574717	0.181746	-0.122041	2.490000
387	0.572051	0.185501	-0.128735	2.490000
388	0.538853	-0.274744	0.111259	2.490000
389	0.613182	0.018432	-0.043512	2.490000
390	0.594455	0.105160	-0.117431	2.490000
391	0.586725	0.180899	-0.035417	2.490000
392	0.568677	-0.232402	-0.028652	2.490000
393	0.568758	-0.231162	-0.036107	2.490000
394	0.577847	0.194943	-0.079470	2.490000
395	0.614377	-0.027661	-0.000984	2.490000
396	0.586540	-0.174236	-0.061951	2.490000
397	0.587994	-0.049743	0.173245	2.490000
398	0.611752	0.041416	0.047640	2.490000
399	0.604799	-0.045826	-0.101703	2.490000
400	0.566169	-0.186868	-0.150856	2.490000
401	0.593902	0.038390	-0.155020	2.490000
402	0.602821	0.097392	-0.073118	2.490000
403	0.568080	0.234516	-0.022650	2.490000
404	0.607223	-0.079478	-0.056468	2.490000
405	0.601594	-0.102771	0.075813	2.490000
406	0.586831	0.129452	0.130752	2.490000
407	0.598724	-0.087311	0.110141	2.490000
408	0.556413	-0.234524	0.116740	2.490000
409	0.613812	-0.037914	0.004725	2.490000
410	0.610378	0.072143	-0.021422	2.490000
411	0.570559	-0.133206	0.186932	2.490000
412	0.613338	-0.038832	0.023112	2.490000
413	0.548831	-0.185563	0.206339	2.490000
414	0.585200	-0.057015	0.180320	2.490000
415	0.593553	-0.140482	-0.078647	2.490000
416	0.595811	0.124509	-0.087931	2.490000
417	0.610216	-0.011303	-0.075718	2.490000
418	0.609329	0.044869	-0.070209	2.490000
419	0.613443	-0.038337	-0.021055	2.490000
420	0.593152	-0.028007	0.160035	2.490000
421	0.549881	-0.251556	-0.112139	2.490000
422	0.600902	-0.123198	-0.044324	2.490000
423	0.608535	-0.008937	-0.088488	2.490000
424	0.553132	-0.025841	-0.267585	2.490000
425	0.588413	0.106407	-0.143782	2.490000
426	0.476036	0.054968	0.385478	2.490000
427	0.611250	0.058775	-0.033814	2.490000
428	0.603139	0.024807	-0.117615	2.490000
429	0.614009	0.027469	-0.021538	2.490000
430	0.607737	-0.066180	-0.067086	2.490000
431	0.613429	0.016580	0.040680	2.490000
432	0.607230	0.093489	0.027495	2.490000
433	0.614505	-0.001523	-0.024634	2.490000
434	0.543399	-0.285677	0.036480	2.490000
435	0.585796	0.185129	-0.028201	2.490000
436	0.601075	-0.124927	-0.036431	2.490000
437	0.548540	0.025242	0.276933	2.490000
438	0.607488	-0.036228	0.088719	2.490000
439	0.607530	-0.061494	-0.073145	2.490000
440	0.613774	0.038757	0.002063	2.490000
441	0.612282	0.052282	-0.024539	2.490000
442	0.613682	-0.040175	0.002316	2.490000
443	0.532196	-0.233788	-0.200836	2.490000
444	0.606714	-0.073543	0.068658	2.490000
445	0.576198	-0.158362	0.145405	2.490000
446	0.596002	-0.148253	0.032060	2.490000
447	0.609667	0.066964	-0.045242	2.490000
448	0.603143	-0.118526	-0.019890	2.490000
449	0.582740	0.089620	0.174949	2.490000
450	0.602380	-0.116401	0.042587	2.490000
451	0.562198	-0.113669	-0.221897	2.490000
452	0.594759	-0.056983	-0.145739	2.490000
453	0.609727	0.079730	-0.010065	2.490000
454	0.611353	-0.041843	-0.052165	2.490000
455	0.611589	0.052175	0.038234	2.490000
456	0.528044	0.314080	-0.027360	2.490000
457	0.591417	-0.077289	-0.149923	2.490000
458	0.603943	-0.097477	-0.063056	2.490000
459	0.599173	-0.133304	0.038038	2.490000
460	0.560184	-0.239759	0.083275	2.490000
461	0.576635	-0.166800	0.133772	2.490000
462	0.579159	0.063147	0.197009	2.490000
463	0.598208	0.112676	0.087613	2.490000
464	0.599309	0.038527	-0.132550	2.490000
465	0.611330	0.062491	-0.024391	2.490000
466	0.612186	-0.058524	0.005319	2.490000
467	0.578827	-0.176853	0.109121	2.490000
468	0.608933	-0.061187	0.060674	2.490000
469	0.606362	-0.076342	0.068716	2.490000
470	0.614471	-0.006968	0.024522	2.490000
471	0.565980	0.095513	0.220836	2.490000
472	0.586049	0.012687	0.186039	2.490000
473	0.604064	0.112887	0.024264	2.490000
474	0.609438	-0.018878	0.080340	2.490000
475	0.613808	-0.026511	-0.027607	2.490000
476	0.604005	0.035714	-0.110122	2.490000
477	0.574409	-0.149235	0.161270	2.490000
478	0.605725	-0.012494	-0.105669	2.490000
479	0.561042	-0.233624	0.094216	2.490000
480	0.614897	0.008300	-0.007581	2.490000
481	0.615000	0.000249	-0.000435	2.490000
482	0.570830	0.217686	0.070648	2.490000
483	0.606094	0.067115	-0.079818	2.490000
484	0.599824	-0.129793	-0.039881	2.490000
485	0.597000	-0.147678	0.002661	2.490000
486	0.612778	-0.034759	0.038988	2.490000
487	0.614378	0.022941	0.015458	2.490000
488	0.610351	0.069389	-0.029690	2.490000
489	0.613481	-0.042942	0.004702	2.490000
490	0.606442	-0.085474	-0.056096	2.490000
491	0.601404	0.079746	-0.100889	2.490000
492	0.578100	-0.209816	0.001582	2.490000
493	0.605302	-0.097998	0.047230	2.490000
494	0.610909	-0.022981	0.066988	2.490000
495	0.613198	-0.044973	-0.013809	2.490000
496	0.576737	-0.195442	-0.086036	2.490000
497	0.593510	0.024607	-0.159266	2.490000
498	0.612647	-0.036314	0.039630	2.490000
499	0.562201	0.144545	-0.203130	2.490000
500	0.604208	-0.103347	-0.049777	2.490000
501	0.614497	-0.007099	-0.023845	2.490000
502	0.610890	-0.001687	-0.070961	2.490000
503	0.609863	0.074345	0.027648	2.490000
504	0.588263	0.067908	0.166013	2.490000
505	0.609032	-0.078422	0.033989	2.490000
506	0.573002	-0.213592	-0.065360	2.490000
507	0.592874	-0.055503	-0.153767	2.490000
508	0.582464	0.075556	-0.182352	2.490000
509	0.580900	-0.081073	-0.184951	2.490000
510	0.547844	-0.278350	0.024751	2.490000
511	0.614017	-0.031118	0.015494	2.490000
512	0.594194	0.087748	0.132130	2.490000
513	0.596314	0.003807	-0.150399	2.490000
514	0.589896	-0.173859	-0.004609	2.490000
515	0.586723	-0.158721	-0.093747	2.490000
516	0.604668	0.108507	0.028780	2.490000
517	0.587124	-0.135419	-0.123177	2.490000
518	0.604589	-0.032743	0.107821	2.490000
519	0.611314	-0.010155	-0.066464	2.490000
520	0.604839	0.076149	0.081217	2.490000
521	0.594956	0.083357	0.131545	2.490000
522	0.608737	-0.083145	0.027408	2.490000
523	0.601197	-0.129567	0.000200	2.490000
524	0.597266	0.065687	-0.131088	2.490000
525	0.611038	0.068777	-0.011265	2.490000
526	0.504219	-0.142593	-0.321956	2.490000
527	0.605411	-0.012506	-0.107454	2.490000
528	0.529715	-0.208215	0.232968	2.490000
529	0.590595	-0.170018	-0.022723	2.490000
530	0.614115	0.031740	0.008982	2.490000
531	0.598229	0.012286	-0.142111	2.490000
532	0.614576	0.021543	0.007588	2.490000
533	0.575077	0.036863	-0.214832	2.490000
534	0.481733	0.352475	0.148053	2.490000
535	0.607924	-0.091441	0.017089	2.490000
536	0.572139	-0.186442	0.126968	2.490000
537	0.612899	-0.010543	-0.049681	2.490000
538	0.602077	-0.055611	0.112409	2.490000
539	0.541958	-0.061756	-0.284064	2.490000
540	0.574276	0.057111	-0.212534	2.490000
541	0.580266	-0.181927	-0.091755	2.490000
542	0.496511	0.139905	0.334856	2.490000
543	0.603338	0.115626	0.028959	2.490000
544	0.599008	-0.052550	-0.129044	2.490000
545	0.597674	0.125423	0.072666	2.490000
546	0.607730	0.030189	0.089320	2.490000
547	0.586976	0.173200	-0.060711	2.490000
548	0.605520	0.097917	-0.044527	2.490000
549	0.613810	0.034956	0.015511	2.490000
550	0.555118	-0.227894	0.134659	2.490000
551	0.612953	-0.042982	0.025798	2.490000
552	0.581918	-0.043534	0.194168	2.490000
553	0.614442	0.022171	-0.013928	2.490000
554	0.610116	-0.077154	-0.005556	2.490000
555	0.571086	-0.076027	0.215188	2.490000
556	0.546994	0.049509	0.276715	2.490000
557	0.590802	-0.149141	-0.083274	2.490000
558	0.609686	-0.058230	-0.055835	2.490000
559	0.597663	-0.068874	-0.127593	2.490000
560	0.610217	-0.076204	0.007306	2.490000
561	0.574232	-0.216896	0.037928	2.490000
562	0.610895	0.055358	0.044353	2.490000
563	0.594408	0.047449	0.150509	2.490000
564	0.551835	-0.118979	0.244024	2.490000
565	0.596307	-0.140918	0.052772	2.490000
566	0.604019	-0.113653	0.021649	2.490000
567	0.614892	0.011530	0.000016	2.490000
568	0.611588	0.064262	-0.007441	2.490000
569	0.602708	0.122240	0.005019	2.490000
570	0.605487	0.016405	-0.106499	2.490000
571	0.560437	0.030069	-0.251459	2.490000
572	0.612625	0.038739	-0.037613	2.490000
573	0.613047	-0.012058	0.047465	2.490000
574	0.612100	-0.042902	-0.041445	2.490000
575	0.603703	0.053386	0.104490	2.490000
576	0.609740	-0.071519	-0.036433	2.490000
577	0.575198	-0.100505	-0.193057	2.490000
578	0.598321	0.116548	-0.081569	2.490000
579	0.609288	-0.032024	0.077250	2.490000
580	0.595341	-0.131971	0.079857	2.490000
581	0.591374	-0.168741	-0.005320	2.490000
582	0.603541	-0.013371	-0.117405	2.490000
583	0.611363	-0.058116	0.032914	2.490000
584	0.589537	-0.175082	-0.004154	2.490000
585	0.607530	-0.093357	0.020405	2.490000
586	0.614619	-0.020809	-0.005941	2.490000
587	0.612288	0.038279	0.043161	2.490000
588	0.614318	-0.028897	0.001779	2.490000
589	0.614888	-0.008801	-0.007742	2.490000
590	0.613808	-0.035706	-0.013786	2.490000
591	0.562452	-0.153384	-0.195823	2.490000
592	0.607507	0.095709	0.000118	2.490000
593	0.595523	0.030479	0.150495	2.490000
594	0.570580	-0.216271	-0.076748	2.490000
595	0.605518	-0.103702	0.028613	2.490000
596	0.604961	0.108702	0.020769	2.490000
597	0.603783	0.053707	0.103861	2.490000
598	0.612324	0.013972	-0.055577	2.490000
599	0.550137	-0.130470	-0.241976	2.490000
600	0.606109	0.066503	-0.080210	2.490000
601	0.613059	-0.048328	0.006978	2.490000
602	0.606644	-0.100790	-0.007037	2.490000
603	0.612317	0.026783	-0.050745	2.490000
604	0.528227	0.314763	0.011199	2.490000
605	0.608159	0.075567	-0.051544	2.490000
606	0.569155	-0.146108	-0.181494	2.490000
607	0.580325	0.153547	-0.133682	2.490000
608	0.608697	-0.078754	-0.038875	2.490000
609	0.611938	-0.029501	0.053732	2.490000
610	0.588797	-0.139031	0.110516	2.490000
611	0.583334	0.104055	0.164680	2.490000
612	0.614218	0.030712	0.004288	2.490000
613	0.606517	-0.058372	-0.083397	2.490000
614	0.601389	-0.050970	0.118146	2.490000
615	0.613984	-0.026977	0.022819	2.490000
616	0.564421	-0.173722	-0.171683	2.490000
617	0.598912	-0.106836	-0.090084	2.490000
618	0.597774	-0.093180	0.110493	2.490000
619	0.601161	-0.101800	0.080417	2.490000
620	0.613989	0.035158	-0.002488	2.490000
621	0.610729	0.009035	-0.071788	2.490000
622	0.591497	0.147925	0.080462	2.490000
623	0.576844	-0.194628	-0.087155	2.490000
624	0.577626	-0.183555	-0.104308	2.490000
625	0.600735	-0.131360	0.009295	2.490000
626	0.605014	0.104614	-0.035206	2.490000
627	0.597584	0.135482	0.052563	2.490000
628	0.607223	-0.092642	-0.030383	2.490000
629	0.605591	-0.106839	-0.008402	2.490000
630	0.599547	0.079529	-0.111551	2.490000
631	0.605405	-0.082499	-0.070024	2.490000
632	0.610390	-0.072086	-0.021277	2.490000
633	0.596086	-0.006586	-0.151204	2.490000
634	0.602540	-0.089786	-0.084313	2.490000
635	0.607109	0.014246	-0.097163	2.490000
636	0.564911	-0.044951	-0.238913	2.490000
637	0.520716	-0.017663	-0.326753	2.490000
638	0.609700	0.056699	0.057238	2.490000
639	0.562005	0.078102	-0.237226	2.490000
640	0.603911	0.116107	-0.005954	2.490000
641	0.484489	0.345613	-0.155073	2.490000
642	0.595213	0.144445	0.055514	2.490000
643	0.585162	-0.182044	-0.051675	2.490000
644	0.585398	-0.081128	-0.170153	2.490000
645	0.601525	0.084499	0.096190	2.490000
646	0.601980	-0.114226	-0.052891	2.490000
647	0.534439	-0.295896	0.071034	2.490000
648	0.608352	0.037525	0.082007	2.490000
649	0.512713	0.156492	0.301430	2.490000
650	0.611030	-0.017313	0.067580	2.490000
651	0.603622	-0.117520	-0.007401	2.490000
652	0.612090	0.049517	0.033452	2.490000
653	0.542853	-0.156283	0.243128	2.490000
654	0.612785	-0.043550	0.028681	2.490000
655	0.600751	-0.128158	0.029975	2.490000
656	0.614108	-0.023123	-0.023708	2.490000
657	0.570426	0.213418	0.085393	2.490000
658	0.605909	0.094448	-0.046675	2.490000
659	0.594050	-0.155232	0.035107	2.490000
660	0.589532	-0.039921	0.170537	2.490000
661	0.554136	0.264909	0.031335	2.490000
662	0.603525	0.118216	0.002676	2.490000
663	0.599350	0.074524	-0.115977	2.490000
664	0.614916	0.001056	0.010083	2.490000
665	0.612032	0.057917	0.016943	2.490000
666	0.588615	0.152148	-0.092783	2.490000
667	0.605782	0.075621	-0.074392	2.490000
668	0.593555	0.152338	0.052065	2.490000
669	0.578840	0.147736	-0.146094	2.490000
670	0.568621	0.133145	-0.192788	2.490000
671	0.604240	0.113355	-0.016408	2.490000
672	0.556059	-0.262600	-0.008026	2.490000
673	0.612580	0.030546	0.045147	2.490000
674	0.559949	0.254133	-0.009935	2.490000
675	0.414812	0.236683	0.387476	2.490000
676	0.539051	0.211330	0.207336	2.490000
677	0.565566	0.018937	0.240834	2.490000
678	0.609641	0.025107	-0.077022	2.490000
679	0.612660	-0.017970	0.050492	2.490000
680	0.605496	0.003051	0.107660	2.490000
681	0.613218	0.041607	-0.021388	2.490000
682	0.610086	-0.061056	-0.047876	2.490000
683	0.551862	-0.030950	0.269658	2.490000
684	0.581546	0.191484	0.057995	2.490000
685	0.590922	-0.025338	-0.168507	2.490000
686	0.562904	0.033499	0.245442	2.490000
687	0.573107	-0.175090	-0.138265	2.490000
688	0.571399	-0.212940	0.079906	2.490000
689	0.600746	0.052243	-0.120832	2.490000
690	0.609881	0.046977	-0.063748	2.490000
691	0.610088	0.077156	-0.008063	2.490000
692	0.578895	0.033792	0.204852	2.490000
693	0.561448	-0.235354	-0.087231	2.490000
694	0.581325	-0.113913	-0.165259	2.490000
695	0.592370	-0.025855	-0.163261	2.490000
696	0.565787	-0.202683	0.130499	2.490000
697	0.599907	0.087886	0.103020	2.490000
698	0.576899	-0.185815	-0.104332	2.490000
699	0.611542	0.005122	0.064927	2.490000
700	0.610836	0.070184	0.013372	2.490000
701	0.603140	-0.002202	-0.120176	2.490000
702	0.478428	0.055333	-0.382453	2.490000
703	0.610259	0.074435	-0.016392	2.490000
704	0.612717	0.052124	-0.009247	2.490000
705	0.612071	0.016400	0.057669	2.490000
706	0.562939	0.240652	0.058409	2.490000
707	0.607483	-0.095843	-0.001786	2.490000
708	0.552205	0.236164	0.132366	2.490000
709	0.598793	-0.051559	0.130436	2.490000
710	0.614228	0.026036	-0.016467	2.490000
711	0.567735	-0.114961	-0.206606	2.490000
712	0.613213	-0.005793	-0.046489	2.490000
713	0.599106	0.050462	-0.129424	2.490000
714	0.566508	0.045113	-0.235072	2.490000
715	0.612950	-0.011593	-0.048816	2.490000
716	0.580012	-0.073264	0.190902	2.490000
717	0.590686	-0.157861	-0.066295	2.490000
718	0.612124	-0.058439	0.010699	2.490000
719	0.606676	0.023889	0.097973	2.490000
720	0.577641	-0.181868	0.107145	2.490000
721	0.570499	0.052660	-0.223568	2.490000
722	0.614288	0.029553	-0.001484	2.490000
723	0.610147	-0.073152	-0.024379	2.490000
724	0.577638	0.091288	0.190331	2.490000
725	0.600088	0.132359	0.024516	2.490000
726	0.609108	-0.078186	0.033152	2.490000
727	0.607254	0.089849	-0.037351	2.490000
728	0.540661	0.168492	-0.239835	2.490000
729	0.582454	-0.189377	0.055758	2.490000
730	0.586439	-0.004841	-0.185177	2.490000
731	0.432292	-0.434002	0.054684	2.490000
732	0.500115	-0.244229	0.261653	2.490000
733	0.610109	-0.065169	0.041770	2.490000
734	0.603214	0.119607	0.007170	2.490000
735	0.604287	-0.106665	0.041049	2.490000
736	0.612755	0.027912	-0.044464	2.490000
737	0.592191	0.162047	-0.035715	2.490000
738	0.536645	0.134037	0.268832	2.490000
739	0.607096	0.074482	-0.064120	2.490000
740	0.613434	-0.029524	-0.032445	2.490000
741	0.576780	-0.209469	-0.040901	2.490000
742	0.592953	0.154277	0.053200	2.490000
743	0.604616	0.095283	0.059877	2.490000
744	0.530906	0.179433	-0.253313	2.490000
745	0.608755	0.086363	0.013547	2.490000
746	0.594395	-0.157740	0.006169	2.490000
747	0.600568	0.132056	0.010244	2.490000
748	0.560437	0.219007	-0.127167	2.490000
749	0.567008	-0.234922	-0.039227	2.490000
750	0.614998	0.000805	-0.001403	2.490000
751	0.586509	-0.172598	-0.066650	2.490000
752	0.602783	0.077105	-0.094512	2.490000
753	0.608094	-0.071770	-0.057404	2.490000
754	0.514225	-0.326653	0.084233	2.490000
755	0.607236	-0.056591	-0.079293	2.490000
756	0.589192	-0.133893	-0.114674	2.490000
757	0.607770	0.069148	0.063708	2.490000
758	0.586718	-0.146313	-0.112159	2.490000
759	0.591622	0.100133	-0.134839	2.490000
760	0.601389	0.000234	-0.128672	2.490000
761	0.601927	-0.067211	-0.106731	2.490000
762	0.587669	-0.101245	0.150397	2.490000
763	0.605078	-0.109927	-0.004631	2.490000
764	0.534953	0.296044	-0.066396	2.490000
765	0.485792	-0.334705	-0.173793	2.490000
766	0.610591	-0.004930	-0.073345	2.490000
767	0.565228	-0.090443	0.224862	2.490000
768	0.600179	-0.091567	-0.098108	2.490000
769	0.583407	-0.176223	0.082504	2.490000
770	0.593076	0.161368	-0.021120	2.490000
771	0.594056	0.091314	-0.130325	2.490000
772	0.607808	0.026798	0.089869	2.490000
773	0.601293	0.119441	-0.049050	2.490000
774	0.538517	-0.028244	-0.295679	2.490000
775	0.591994	0.069188	-0.151595	2.490000
776	0.608483	-0.068407	-0.057388	2.490000
777	0.572964	-0.222339	0.022418	2.490000
778	0.611665	0.036803	-0.052313	2.490000
779	0.568786	0.111803	0.205444	2.490000
780	0.568754	0.230250	0.041583	2.490000
781	0.591301	0.095560	-0.139486	2.490000
782	0.604705	-0.014849	-0.111070	2.490000
783	0.575725	-0.215504	0.018002	2.490000
784	0.602106	0.026757	-0.122384	2.490000
785	0.582928	-0.183946	0.067702	2.490000
786	0.604697	-0.033406	0.107005	2.490000
787	0.559283	0.185118	0.176519	2.490000
788	0.574780	-0.100411	0.194347	2.490000
789	0.595892	-0.045914	0.145014	2.490000
790	0.593907	-0.067705	-0.144621	2.490000
791	0.612210	-0.040799	-0.041950	2.490000
792	0.609911	-0.026263	0.074454	2.490000
793	0.554882	-0.159204	0.212097	2.490000
794	0.574837	-0.201488	0.084796	2.490000
795	0.544552	-0.285329	-0.016595	2.490000
796	0.585150	0.067865	-0.176688	2.490000
797	0.607467	-0.092479	-0.025630	2.490000
798	0.606848	-0.090006	0.043120	2.490000
799	0.602050	-0.038615	0.119453	2.490000
800	0.594826	0.106774	-0.114044	2.490000
801	0.611536	0.047540	0.044595	2.490000
802	0.590170	0.126066	-0.118456	2.490000
803	0.613332	-0.044277	-0.009423	2.490000
804	0.583635	-0.055875	-0.185668	2.490000
805	0.611084	-0.056936	-0.039485	2.490000
806	0.577388	-0.122040	0.173073	2.490000
807	0.595893	-0.057908	-0.140651	2.490000
808	0.589893	0.149154	-0.089469	2.490000
809	0.608013	0.086432	0.032789	2.490000
810	0.557813	-0.154655	-0.207731	2.490000
811	0.602825	-0.007269	-0.121547	2.490000
812	0.604283	0.105183	-0.044759	2.490000
813	0.604291	0.025863	-0.111306	2.490000
814	0.614721	-0.018146	0.003681	2.490000
815	0.613184	0.044372	-0.016167	2.490000
816	0.544295	0.254378	0.131376	2.490000
817	0.599739	-0.082265	-0.108490	2.490000
818	0.553436	-0.180637	0.198252	2.490000
819	0.540279	0.267462	-0.121607	2.490000
820	0.603002	-0.120881	-0.000956	2.490000
821	0.554623	-0.210371	-0.162364	2.490000
822	0.595912	0.149671	0.026698	2.490000
823	0.583834	0.129033	0.143923	2.490000
824	0.599346	-0.039259	-0.132167	2.490000
825	0.595229	-0.082160	0.131060	2.490000
826	0.576143	0.071128	0.203041	2.490000
827	0.601616	-0.115608	-0.054021	2.490000
828	0.603739	-0.105210	0.051531	2.490000
829	0.579058	-0.200640	0.051574	2.490000
830	0.439962	0.049814	0.426822	2.490000
831	0.536694	0.299943	-0.014766	2.490000
832	0.569527	0.099307	0.209768	2.490000
833	0.603875	-0.091680	0.071795	2.490000
834	0.600204	-0.130201	0.032057	2.490000
835	0.600018	-0.090910	-0.099694	2.490000
836	0.574024	-0.219089	0.026862	2.490000
837	0.600263	-0.125820	0.045586	2.490000
838	0.595479	-0.152858	-0.016265	2.490000
839	0.607233	0.093666	0.026825	2.490000
840	0.612413	-0.000926	0.056343	2.490000
841	0.560276	0.113925	-0.226577	2.490000
842	0.610715	0.071884	-0.009211	2.490000
843	0.599055	-0.008951	0.138847	2.490000
844	0.594863	0.134628	0.078984	2.490000
845	0.614295	0.029263	-0.003176	2.490000
846	0.604814	0.018502	-0.109920	2.490000
847	0.610178	-0.072682	0.024994	2.490000
848	0.553061	-0.147599	0.224862	2.490000
849	0.573897	0.206181	-0.079727	2.490000
850	0.603418	-0.094950	-0.071386	2.490000
