1	-0.566223	-0.023176	-0.238914	-1.840000
2	-0.609145	0.084648	0.001457	-1.840000
3	-0.512008	0.028139	-0.339530	-1.840000
4	-0.592456	-0.093267	-0.136094	-1.840000
5	-0.597911	0.098215	0.105268	-1.840000
6	-0.595753	-0.129837	0.080288	-1.840000
7	-0.561866	0.014071	-0.249666	-1.840000
8	-0.556557	-0.125351	-0.229689	-1.840000
9	-0.562873	-0.165446	-0.184462	-1.840000
10	-0.557370	0.229117	-0.122757	-1.840000
11	-0.611312	-0.055197	-0.038410	-1.840000
12	-0.575266	0.215042	-0.032414	-1.840000
13	-0.603674	-0.018063	-0.116090	-1.840000
14	-0.554690	0.024585	-0.264461	-1.840000
15	-0.598860	-0.139706	-0.008590	-1.840000
16	-0.591303	0.011675	-0.168671	-1.840000
17	-0.534633	0.142102	-0.268699	-1.840000
18	-0.614858	0.012057	-0.005379	-1.840000
19	-0.529697	-0.301505	-0.082106	-1.840000
20	-0.600042	-0.022416	-0.132934	-1.840000
21	-0.583509	-0.007329	-0.194134	-1.840000
22	-0.611426	0.050197	-0.043174	-1.840000
23	-0.587214	0.009563	-0.182519	-1.840000
24	-0.603297	0.093648	-0.074081	-1.840000
25	-0.613590	0.034231	-0.023684	-1.840000
26	-0.579890	0.146050	-0.143603	-1.840000
27	-0.484619	0.370044	0.080231	-1.840000
28	-0.598686	0.086602	-0.110904	-1.840000
29	-0.604173	-0.049116	-0.103862	-1.840000
30	-0.557836	0.001442	-0.258924	-1.840000
31	-0.593523	-0.160093	-0.018046	-1.840000
32	-0.612569	-0.007497	-0.054112	-1.840000
33	-0.575195	0.188558	-0.108728	-1.840000
34	-0.515988	-0.315025	0.112874	-1.840000
35	-0.606164	0.091673	-0.048852	-1.840000
36	-0.600794	0.113428	-0.066373	-1.840000
37	-0.613898	0.012291	0.034683	-1.840000
38	-0.587864	0.005005	0.180600	-1.840000
39	-0.593870	0.157632	-0.026376	-1.840000
40	-0.609629	0.081094	0.000866	-1.840000
41	-0.602425	0.051728	-0.112397	-1.840000
42	-0.603976	-0.036778	-0.109934	-1.840000
43	-0.581921	0.181727	0.081047	-1.840000
44	-0.605979	-0.045228	0.094702	-1.840000
45	-0.573284	-0.010346	-0.222405	-1.840000
46	-0.600718	-0.112943	-0.067876	-1.840000
47	-0.463595	0.383738	0.126689	-1.840000
48	-0.591021	0.002107	0.170044	-1.840000
49	-0.562205	0.105705	0.225780	-1.840000
50	-0.575967	0.202582	-0.073810	-1.840000
51	-0.584644	0.188099	-0.032182	-1.840000
52	-0.613518	0.013948	-0.040327	-1.840000
53	-0.599005	0.134349	-0.036996	-1.840000
54	-0.559821	-0.211642	-0.141540	-1.840000
55	-0.549278	0.264703	0.080315	-1.840000
56	-0.606283	0.058238	0.085175	-1.840000
57	-0.498430	0.358420	0.036428	-1.840000
58	-0.601825	0.115219	0.052505	-1.840000
59	-0.611153	-0.031691	-0.060937	-1.840000
60	-0.587379	-0.173942	0.054365	-1.840000
61	-0.588652	0.042442	0.172953	-1.840000
62	-0.595140	0.153137	0.024128	-1.840000
63	-0.611473	-0.014789	-0.064090	-1.840000
64	-0.609864	-0.048309	0.062908	-1.840000
65	-0.610112	-0.051555	-0.057711	-1.840000
66	-0.601138	-0.028319	-0.126713	-1.840000
67	-0.567399	0.237213	-0.003696	-1.840000
68	-0.607484	-0.047438	0.083297	-1.840000
69	-0.590001	-0.073978	-0.157005	-1.840000
70	-0.603095	0.100022	0.067056	-1.840000
71	-0.573234	0.089251	0.204112	-1.840000
72	-0.576990	-0.179547	-0.114327	-1.840000
73	-0.536431	0.017388	0.300274	-1.840000
74	-0.564809	0.240009	-0.040136	-1.840000
75	-0.545863	0.196246	-0.204319	-1.840000
76	-0.573355	0.133217	-0.178162	-1.840000
77	-0.597674	0.125030	0.073337	-1.840000
78	-0.614550	0.017368	0.015856	-1.840000
79	-0.542304	0.254967	0.138288	-1.840000
80	-0.568808	0.233780	0.005381	-1.840000
81	-0.612517	0.027410	-0.047917	-1.840000
82	-0.514339	0.315014	0.120191	-1.840000
83	-0.537693	0.298402	0.008240	-1.840000
84	-0.577060	0.111979	0.180796	-1.840000
85	-0.585160	0.182331	0.050673	-1.840000
86	-0.533078	0.260144	-0.162412	-1.840000
87	-0.614292	0.028906	0.005922	-1.840000
88	-0.613911	-0.032967	0.015849	-1.840000
89	-0.492362	0.237284	0.281960	-1.840000
90	-0.575091	0.145277	0.162449	-1.840000
91	-0.589615	0.172970	-0.025712	-1.840000
92	-0.589113	0.172274	-0.038628	-1.840000
93	-0.580413	0.144064	0.143498	-1.840000
94	-0.542005	0.193808	0.216550	-1.840000
95	-0.561810	0.248853	-0.025824	-1.840000
96	-0.599151	0.128279	0.052796	-1.840000
97	-0.568428	0.226248	-0.062665	-1.840000
98	-0.529361	0.310540	-0.039584	-1.840000
99	-0.565020	0.212164	-0.118168	-1.840000
100	-0.564222	0.226413	0.092820	-1.840000
101	-0.599309	0.021504	0.136350	-1.840000
102	-0.594705	0.126051	0.093069	-1.840000
103	-0.551455	0.272103	0.009080	-1.840000
104	-0.598287	0.142369	-0.002861	-1.840000
105	-0.596101	0.146918	0.036112	-1.840000
106	-0.611019	-0.069320	-0.008666	-1.840000
107	-0.605527	0.018883	0.105853	-1.840000
108	-0.507629	0.347032	-0.010292	-1.840000
109	-0.579045	0.050354	-0.200987	-1.840000
110	-0.539867	0.209416	-0.207155	-1.840000
111	-0.572343	0.152054	0.165917	-1.840000
112	-0.437749	0.178892	-0.393190	-1.840000
113	-0.344893	0.508594	0.024616	-1.840000
114	-0.557833	0.244910	0.084061	-1.840000
115	-0.590824	0.160318	-0.058736	-1.840000
116	-0.597819	-0.105937	-0.098056	-1.840000
117	-0.529327	0.286340	0.126678	-1.840000
118	-0.608076	-0.087291	-0.029131	-1.840000
119	-0.612029	-0.051268	-0.031900	-1.840000
120	-0.606078	-0.001566	-0.104363	-1.840000
121	-0.589484	-0.165902	-0.056660	-1.840000
122	-0.577875	-0.137828	0.159026	-1.840000
123	-0.611403	-0.015159	-0.064669	-1.840000
124	-0.571820	-0.159641	-0.160506	-1.840000
125	-0.540969	-0.131018	-0.261556	-1.840000
126	-0.584982	0.137699	0.130615	-1.840000
127	-0.590909	-0.097660	-0.139691	-1.840000
128	-0.601177	-0.015755	0.128699	-1.840000
129	-0.605414	-0.008058	-0.107861	-1.840000
130	-0.613417	-0.042510	-0.011727	-1.840000
131	-0.610171	0.010774	-0.076162	-1.840000
132	-0.610135	0.047658	0.060738	-1.840000
133	-0.600449	0.132697	0.008786	-1.840000
134	-0.614281	-0.000605	-0.029727	-1.840000
135	-0.578989	-0.206985	-0.012397	-1.840000
136	-0.553235	-0.239720	-0.121203	-1.840000
137	-0.534828	0.047949	-0.299808	-1.840000
138	-0.612009	-0.025015	-0.055172	-1.840000
139	-0.604363	-0.110010	-0.029456	-1.840000
140	-0.607624	0.080798	-0.049894	-1.840000
141	-0.599060	0.138512	0.012921	-1.840000
142	-0.606665	-0.067452	0.075052	-1.840000
143	-0.612685	0.039392	-0.035925	-1.840000
144	-0.607033	-0.074364	0.064853	-1.840000
145	-0.606786	0.025624	-0.096847	-1.840000
146	-0.552202	0.127756	-0.238698	-1.840000
147	-0.599178	-0.131813	-0.042853	-1.840000
148	-0.602713	0.120799	-0.019222	-1.840000
149	-0.599992	0.129070	0.039687	-1.840000
150	-0.590348	0.098745	0.141292	-1.840000
151	-0.614082	0.029343	-0.016334	-1.840000
152	-0.611793	0.013654	0.061220	-1.840000
153	-0.591882	0.166202	-0.016646	-1.840000
154	-0.590892	0.061543	-0.159011	-1.840000
155	-0.584441	0.174351	0.079093	-1.840000
156	-0.605405	0.027359	0.104697	-1.840000
157	-0.588397	-0.001085	-0.178922	-1.840000
158	-0.562989	0.245625	0.030596	-1.840000
159	-0.596193	0.140599	0.054871	-1.840000
160	-0.509831	0.069132	0.336924	-1.840000
161	-0.587844	-0.061373	-0.169994	-1.840000
162	-0.598978	0.135115	0.034562	-1.840000
163	-0.510370	0.141694	0.312523	-1.840000
164	-0.585275	0.144457	0.121700	-1.840000
165	-0.612370	0.009089	-0.056079	-1.840000
166	-0.580609	0.175329	0.101874	-1.840000
167	-0.607995	-0.079382	-0.047602	-1.840000
168	-0.560110	0.063623	-0.245873	-1.840000
169	-0.606317	0.031223	-0.098129	-1.840000
170	-0.581632	-0.104846	0.170106	-1.840000
171	-0.585582	0.101935	-0.157887	-1.840000
172	-0.501238	0.194526	0.298572	-1.840000
173	-0.605091	-0.108300	0.018993	-1.840000
174	-0.538533	0.166600	0.245870	-1.840000
175	-0.600759	0.058970	0.117628	-1.840000
176	-0.583974	-0.071236	-0.179235	-1.840000
177	-0.595405	0.069743	-0.137311	-1.840000
178	-0.597710	0.040292	-0.139084	-1.840000
179	-0.448678	0.416172	0.060945	-1.840000
180	-0.551989	0.235747	0.134001	-1.840000
181	-0.613977	-0.034843	0.006575	-1.840000
182	-0.568183	0.119844	0.202559	-1.840000
183	-0.606182	-0.038042	0.096546	-1.840000
184	-0.605577	0.070332	0.080963	-1.840000
185	-0.566815	0.171528	-0.165902	-1.840000
186	-0.560117	-0.028868	-0.252311	-1.840000
187	-0.614804	-0.001533	0.015463	-1.840000
188	-0.588969	0.090527	0.152135	-1.840000
189	-0.538848	0.256036	0.149377	-1.840000
190	-0.569261	0.150869	-0.177215	-1.840000
191	-0.613685	0.040190	-0.000044	-1.840000
192	-0.590691	0.170918	0.009818	-1.840000
193	-0.611019	0.058916	-0.037552	-1.840000
194	-0.596711	-0.000078	-0.148865	-1.840000
195	-0.609400	0.060718	-0.056303	-1.840000
196	-0.594461	0.155627	0.024934	-1.840000
197	-0.598702	0.098146	-0.100737	-1.840000
198	-0.592771	0.055498	-0.154168	-1.840000
199	-0.516583	0.323390	0.082379	-1.840000
200	-0.484802	0.376528	0.037661	-1.840000
201	-0.577366	-0.028224	-0.209946	-1.840000
202	-0.601285	0.127198	0.022419	-1.840000
203	-0.585727	0.187480	0.000217	-1.840000
204	-0.609478	0.060264	-0.055948	-1.840000
205	-0.485586	0.331100	-0.181119	-1.840000
206	-0.544814	0.284105	-0.026225	-1.840000
207	-0.591537	0.014564	0.167623	-1.840000
208	-0.609817	-0.054504	-0.058121	-1.840000
209	-0.577476	0.209599	-0.028539	-1.840000
210	-0.331702	0.515683	-0.047642	-1.840000
211	-0.525745	0.309568	-0.077359	-1.840000
212	-0.613596	0.039044	0.014180	-1.840000
213	-0.495250	0.307896	0.195326	-1.840000
214	-0.592744	0.035572	-0.160046	-1.840000
215	-0.608372	-0.040064	0.080640	-1.840000
216	-0.604640	-0.021382	-0.110353	-1.840000
217	-0.584191	-0.047089	-0.186355	-1.840000
218	-0.593714	0.110010	0.116731	-1.840000
219	-0.575458	-0.090402	0.197234	-1.840000
220	-0.611496	0.057174	0.032067	-1.840000
221	-0.590207	-0.087343	-0.149171	-1.840000
222	-0.536209	-0.178173	-0.242815	-1.840000
223	-0.563826	-0.057133	-0.238875	-1.840000
224	-0.569307	0.199940	-0.118908	-1.840000
225	-0.535528	-0.259465	-0.155281	-1.840000
226	-0.600415	-0.030557	-0.129590	-1.840000
227	-0.583626	-0.173427	-0.086770	-1.840000
228	-0.611268	-0.029249	-0.061001	-1.840000
229	-0.585962	-0.067526	-0.174108	-1.840000
230	-0.613019	-0.038354	0.031006	-1.840000
231	-0.585887	-0.047322	0.180893	-1.840000
232	-0.552219	-0.249251	-0.105607	-1.840000
233	-0.574552	-0.214700	-0.044935	-1.840000
234	-0.602736	-0.122203	0.000515	-1.840000
235	-0.563252	-0.180699	-0.168284	-1.840000
236	-0.583992	-0.022927	-0.191449	-1.840000
237	-0.593689	0.125582	-0.099936	-1.840000
238	-0.614890	0.010527	-0.004939	-1.840000
239	-0.602227	0.124465	0.007466	-1.840000
240	-0.612236	0.009769	0.057418	-1.840000
241	-0.599693	0.092245	0.100418	-1.840000
242	-0.610154	0.044602	0.062830	-1.840000
243	-0.608521	0.044661	-0.077026	-1.840000
244	-0.613118	0.033327	0.034648	-1.840000
245	-0.612778	0.051960	-0.005281	-1.840000
246	-0.612553	-0.046400	-0.029172	-1.840000
247	-0.608510	-0.083244	-0.031804	-1.840000
248	-0.596646	-0.116089	-0.093605	-1.840000
249	-0.613632	0.029024	0.028951	-1.840000
250	-0.611068	0.067261	-0.017232	-1.840000
251	-0.556938	0.225378	0.131340	-1.840000
252	-0.585876	0.075423	0.171131	-1.840000
253	-0.583314	0.174891	-0.085925	-1.840000
254	-0.609740	-0.036577	-0.071444	-1.840000
255	-0.606166	0.094433	-0.043240	-1.840000
256	-0.609666	0.008033	-0.080426	-1.840000
257	-0.613953	-0.004277	0.035606	-1.840000
258	-0.612643	-0.022794	0.048724	-1.840000
259	-0.603383	0.115480	-0.028600	-1.840000
260	-0.593760	-0.155214	-0.039782	-1.840000
261	-0.609552	0.065783	0.048411	-1.840000
262	-0.593968	0.001032	0.159456	-1.840000
263	-0.571752	0.215679	0.069335	-1.840000
264	-0.610213	0.073934	-0.019968	-1.840000
265	-0.584866	0.175690	0.072733	-1.840000
266	-0.614377	-0.019055	-0.020057	-1.840000
267	-0.589273	0.030682	0.173324	-1.840000
268	-0.591410	0.147851	-0.081238	-1.840000
269	-0.605401	0.106958	0.016582	-1.840000
270	-0.597920	0.139562	-0.035194	-1.840000
271	-0.589484	0.150785	-0.089429	-1.840000
272	-0.607862	0.037496	-0.085575	-1.840000
273	-0.586065	0.109861	0.150609	-1.840000
274	-0.583946	0.062257	0.182636	-1.840000
275	-0.569621	0.048049	0.226821	-1.840000
276	-0.570848	-0.185715	0.133670	-1.840000
277	-0.609515	0.080938	-0.012890	-1.840000
278	-0.591035	0.131122	0.108212	-1.840000
279	-0.614528	0.014166	-0.019487	-1.840000
280	-0.542158	0.289267	-0.024785	-1.840000
281	-0.604978	-0.054428	-0.096252	-1.840000
282	-0.600399	0.114126	0.068712	-1.840000
283	-0.591132	0.169602	0.004786	-1.840000
284	-0.598839	0.121256	-0.070102	-1.840000
285	-0.571608	-0.083444	-0.211013	-1.840000
286	-0.539399	0.132846	0.263866	-1.840000
287	-0.519125	0.316226	0.093462	-1.840000
288	-0.591924	0.166225	-0.014837	-1.840000
289	-0.587226	0.023437	-0.181223	-1.840000
290	-0.589797	0.161044	-0.066557	-1.840000
291	-0.550924	0.266680	-0.059918	-1.840000
292	-0.601536	0.127705	-0.008456	-1.840000
293	-0.560596	0.147711	0.205276	-1.840000
294	-0.570659	0.213790	0.082867	-1.840000
295	-0.601957	0.003041	0.125951	-1.840000
296	-0.606683	0.042056	0.091605	-1.840000
297	-0.571560	0.079150	0.212791	-1.840000
298	-0.584364	0.178112	0.070848	-1.840000
299	-0.572545	0.201669	-0.098723	-1.840000
300	-0.541117	0.239371	-0.167687	-1.840000
301	-0.610955	-0.032781	0.062328	-1.840000
302	-0.591266	0.168848	-0.010933	-1.840000
303	-0.556975	0.258425	-0.034929	-1.840000
304	-0.602281	0.013656	0.123677	-1.840000
305	-0.608895	-0.075413	0.042242	-1.840000
306	-0.526150	0.269028	0.170338	-1.840000
307	-0.606283	0.075496	0.070332	-1.840000
308	-0.592543	0.130317	0.100675	-1.840000
309	-0.602916	-0.113592	-0.042589	-1.840000
310	-0.601470	0.019848	-0.126748	-1.840000
311	-0.583019	0.127294	-0.148696	-1.840000
312	-0.607158	0.093048	0.030433	-1.840000
313	-0.465469	0.401289	-0.023033	-1.840000
314	-0.548616	0.265427	-0.082423	-1.840000
315	-0.577498	0.201104	0.065408	-1.840000
316	-0.560019	0.182311	-0.177105	-1.840000
317	-0.594504	0.145652	-0.059796	-1.840000
318	-0.603358	0.048653	-0.108709	-1.840000
319	-0.609843	0.079252	0.005989	-1.840000
320	-0.601152	0.011434	0.129270	-1.840000
321	-0.579163	0.198778	0.057296	-1.840000
322	-0.547603	-0.276837	-0.041441	-1.840000
323	-0.602560	0.027986	-0.119845	-1.840000
324	-0.540895	-0.055540	-0.287354	-1.840000
325	-0.607640	-0.094273	0.010566	-1.840000
326	-0.585067	-0.189440	0.005865	-1.840000
327	-0.604617	-0.102012	-0.047509	-1.840000
328	-0.591779	0.027989	-0.165043	-1.840000
329	-0.512471	-0.297446	-0.164693	-1.840000
330	-0.578721	-0.165861	-0.125686	-1.840000
331	-0.577764	0.058390	-0.202496	-1.840000
332	-0.590294	-0.162969	0.056733	-1.840000
333	-0.601287	-0.021705	-0.127308	-1.840000
334	-0.575141	-0.204599	-0.074685	-1.840000
335	-0.608558	-0.014187	0.087640	-1.840000
336	-0.594954	-0.046437	-0.148654	-1.840000
337	-0.605350	-0.094672	0.053040	-1.840000
338	-0.614757	-0.007784	0.015449	-1.840000
339	-0.525107	-0.043962	-0.317104	-1.840000
340	-0.611453	-0.051893	-0.040704	-1.840000
341	-0.583736	0.150314	-0.121998	-1.840000
342	-0.599996	0.025865	-0.132516	-1.840000
343	-0.608577	0.076132	0.045425	-1.840000
344	-0.608907	0.084802	-0.016291	-1.840000
345	-0.612587	0.052605	-0.013972	-1.840000
346	-0.603206	-0.119778	-0.004610	-1.840000
347	-0.604961	-0.097858	-0.051679	-1.840000
348	-0.611671	-0.063783	-0.003898	-1.840000
349	-0.614632	-0.001317	0.021230	-1.840000
350	-0.596676	0.100222	0.110268	-1.840000
351	-0.607705	-0.082638	0.045728	-1.840000
352	-0.605983	-0.010970	0.104350	-1.840000
353	-0.599350	-0.101910	-0.092841	-1.840000
354	-0.613420	0.039628	0.019240	-1.840000
355	-0.591937	0.152156	0.068441	-1.840000
356	-0.593295	0.152405	-0.054757	-1.840000
357	-0.612252	0.031715	-0.048648	-1.840000
358	-0.607567	-0.030728	-0.090237	-1.840000
359	-0.602644	-0.121784	-0.014619	-1.840000
360	-0.594017	0.062565	0.146473	-1.840000
361	-0.601047	-0.029561	-0.126861	-1.840000
362	-0.614653	0.014901	0.014289	-1.840000
363	-0.608046	0.021240	0.089745	-1.840000
364	-0.604220	0.081464	0.080664	-1.840000
365	-0.614276	0.028345	0.009302	-1.840000
366	-0.608524	0.086625	-0.020479	-1.840000
367	-0.602490	0.106187	0.062889	-1.840000
368	-0.575434	0.180074	-0.121137	-1.840000
369	-0.607499	0.093745	0.019543	-1.840000
370	-0.571199	0.218274	-0.065674	-1.840000
371	-0.607587	0.059635	-0.074208	-1.840000
372	-0.609385	0.048433	-0.067295	-1.840000
373	-0.608007	0.027856	0.088183	-1.840000
374	-0.583672	0.173258	-0.086796	-1.840000
375	-0.582051	0.182165	0.079104	-1.840000
376	-0.605359	0.089998	0.060547	-1.840000
377	-0.609318	-0.057693	0.060235	-1.840000
378	-0.554870	0.094419	0.247849	-1.840000
379	-0.592115	0.132464	0.100393	-1.840000
380	-0.606676	0.018963	-0.099041	-1.840000
381	-0.601343	0.033657	-0.124412	-1.840000
382	-0.613689	0.033830	-0.021597	-1.840000
383	-0.591879	0.166671	0.011155	-1.840000
384	-0.591854	0.019573	0.165983	-1.840000
385	-0.557836	-0.247571	0.075841	-1.840000
386	-0.505736	0.326241	0.126582	-1.840000
387	-0.602808	0.069770	-0.099896	-1.840000
388	-0.601983	0.059888	-0.110699	-1.840000
389	-0.500042	0.065164	-0.352047	-1.840000
390	-0.601417	0.125517	-0.027718	-1.840000
391	-0.570157	0.176016	-0.148878	-1.840000
392	-0.565839	0.169562	0.171173	-1.840000
393	-0.571239	0.198169	0.112426	-1.840000
394	-0.612340	-0.000174	0.057137	-1.840000
395	-0.612838	0.034141	-0.038589	-1.840000
396	-0.577144	0.207724	0.044509	-1.840000
397	-0.575107	0.086539	-0.199969	-1.840000
398	-0.609192	0.082155	-0.018977	-1.840000
399	-0.592860	0.130855	-0.098075	-1.840000
400	-0.555518	0.263617	0.011453	-1.840000
401	-0.563711	0.245843	0.004044	-1.840000
402	-0.613636	0.006006	0.040497	-1.840000
403	-0.565873	0.191655	0.145881	-1.840000
404	-0.564673	0.243091	0.016611	-1.840000
405	-0.607259	0.079874	0.055510	-1.840000
406	-0.614155	-0.023652	-0.021893	-1.840000
407	-0.605275	0.108771	-0.006005	-1.840000
408	-0.536986	0.298945	-0.022431	-1.840000
409	-0.584032	0.188990	-0.037599	-1.840000
410	-0.601275	0.006830	0.129023	-1.840000
411	-0.515023	0.300317	0.150950	-1.840000
412	-0.593557	0.071840	0.144064	-1.840000
413	-0.613841	-0.028785	-0.024401	-1.840000
414	-0.601910	0.109613	0.062564	-1.840000
415	-0.599768	0.108683	-0.081801	-1.840000
416	-0.600023	-0.087684	-0.102513	-1.840000
417	-0.599490	0.136613	-0.013192	-1.840000
418	-0.605374	0.058321	-0.091358	-1.840000
419	-0.609685	0.080171	-0.009055	-1.840000
420	-0.565964	0.171672	-0.168637	-1.840000
421	-0.519846	0.268131	-0.189976	-1.840000
422	-0.563448	0.150004	-0.195576	-1.840000
423	-0.614394	0.003897	-0.027005	-1.840000
424	-0.581737	0.121880	0.157962	-1.840000
425	-0.611039	-0.069622	-0.003027	-1.840000
426	-0.554869	-0.018297	-0.264595	-1.840000
427	-0.608030	-0.091503	-0.012304	-1.840000
428	-0.497971	0.033360	-0.359356	-1.840000
429	-0.581666	-0.104405	-0.170264	-1.840000
430	-0.594090	-0.006725	-0.158861	-1.840000
431	-0.580622	-0.030165	-0.200482	-1.840000
432	-0.598633	0.044953	0.133576	-1.840000
433	-0.538317	-0.221421	-0.198527	-1.840000
434	-0.596673	-0.096921	-0.113195	-1.840000
435	-0.597378	-0.145721	-0.011405	-1.840000
436	-0.599023	0.133030	0.041226	-1.840000
437	-0.580108	0.204203	0.000697	-1.840000
438	-0.609302	0.063986	-0.053680	-1.840000
439	-0.593221	-0.039574	-0.157315	-1.840000
440	-0.556881	-0.161760	-0.204798	-1.840000
441	-0.614851	-0.009762	-0.009380	-1.840000
442	-0.576272	-0.201725	-0.073777	-1.840000
443	-0.609361	0.057701	0.059789	-1.840000
444	-0.605685	-0.067980	-0.082157	-1.840000
445	-0.594564	-0.087103	0.130887	-1.840000
446	-0.599772	0.088681	-0.103124	-1.840000
447	-0.594405	0.129238	-0.090582	-1.840000
448	-0.566138	-0.192270	0.144032	-1.840000
449	-0.605352	-0.102477	-0.035674	-1.840000
450	-0.610976	0.066825	0.021616	-1.840000
451	-0.588212	0.157968	0.085312	-1.840000
452	-0.582678	-0.195363	0.023349	-1.840000
453	-0.573377	0.034940	0.219643	-1.840000
454	-0.588967	-0.040380	-0.172374	-1.840000
455	-0.606881	0.093229	-0.035060	-1.840000
456	-0.612002	0.015682	-0.058587	-1.840000
457	-0.612863	0.010419	-0.050149	-1.840000
458	-0.582063	0.130517	0.149644	-1.840000
459	-0.583020	-0.060006	0.186313	-1.840000
460	-0.613889	0.001659	-0.036909	-1.840000
461	-0.614495	-0.004382	-0.024537	-1.840000
462	-0.593424	0.106386	-0.121469	-1.840000
463	-0.553179	0.268434	-0.012680	-1.840000
464	-0.572406	0.172142	0.144720	-1.840000
465	-0.609971	0.032257	0.071557	-1.840000
466	-0.611020	0.069212	-0.009459	-1.840000
467	-0.593531	0.158319	0.029684	-1.840000
468	-0.607522	-0.094853	-0.012029	-1.840000
469	-0.596397	0.136125	0.063287	-1.840000
470	-0.589131	-0.028462	-0.174182	-1.840000
471	-0.606395	-0.007640	-0.102234	-1.840000
472	-0.598656	0.092519	-0.106192	-1.840000
473	-0.606972	0.075655	0.063924	-1.840000
474	-0.608750	0.087454	-0.000080	-1.840000
475	-0.613308	-0.045483	-0.003064	-1.840000
476	-0.608412	-0.088530	0.014888	-1.840000
477	-0.572307	0.224420	-0.018026	-1.840000
478	-0.611023	0.062530	-0.031084	-1.840000
479	-0.604672	-0.019617	0.110507	-1.840000
480	-0.537860	-0.292222	0.059475	-1.840000
481	-0.599261	0.051045	0.128473	-1.840000
482	-0.582874	0.184692	-0.066118	-1.840000
483	-0.590568	-0.019090	-0.170558	-1.840000
484	-0.596691	0.108763	-0.101761	-1.840000
485	-0.612655	0.048566	0.022801	-1.840000
486	-0.603691	0.117234	-0.006215	-1.840000
487	-0.598567	0.043069	0.134492	-1.840000
488	-0.478563	0.365367	0.125337	-1.840000
489	-0.601884	-0.115260	0.051726	-1.840000
490	-0.588783	0.163622	-0.069192	-1.840000
491	-0.598843	0.121032	0.070454	-1.840000
492	-0.603249	0.064018	0.101081	-1.840000
493	-0.610904	0.006198	-0.070588	-1.840000
494	-0.543032	0.237130	-0.164654	-1.840000
495	-0.611896	-0.026034	0.055946	-1.840000
496	-0.570768	0.060824	0.220793	-1.840000
497	-0.591186	-0.168791	0.015279	-1.840000
498	-0.589451	0.165776	0.057362	-1.840000
499	-0.612726	0.048684	0.020543	-1.840000
500	-0.606170	0.065925	0.080231	-1.840000
501	-0.578998	0.183796	-0.095946	-1.840000
502	-0.592533	0.076879	-0.145669	-1.840000
503	-0.557970	0.168580	-0.196151	-1.840000
504	-0.535552	0.200018	-0.226721	-1.840000
505	-0.611390	-0.003261	-0.066457	-1.840000
506	-0.531024	0.294665	0.097009	-1.840000
507	-0.611780	-0.027594	0.056465	-1.840000
508	-0.608340	0.047504	0.076748	-1.840000
509	-0.590637	0.147603	0.087100	-1.840000
510	-0.409411	0.335939	-0.312654	-1.840000
511	-0.603257	0.110761	-0.045143	-1.840000
512	-0.599845	0.119957	0.063414	-1.840000
513	-0.579324	0.198260	-0.057456	-1.840000
514	-0.584686	0.153286	-0.113449	-1.840000
515	-0.584906	0.175712	0.072359	-1.840000
516	-0.603777	-0.025756	-0.114081	-1.840000
517	-0.595562	0.110014	0.106903	-1.840000
518	-0.580691	0.199433	0.035343	-1.840000
519	-0.606481	0.015162	0.100876	-1.840000
520	-0.579720	0.151328	0.138745	-1.840000
521	-0.585462	0.174210	-0.071489	-1.840000
522	-0.597921	0.141581	0.025888	-1.840000
523	-0.535147	0.291036	0.084502	-1.840000
524	-0.609359	0.006833	-0.082827	-1.840000
525	-0.581417	0.197213	0.035856	-1.840000
526	-0.531213	0.306011	-0.048933	-1.840000
527	-0.596404	0.133808	0.067986	-1.840000
528	-0.604923	0.110047	0.013506	-1.840000
529	-0.543543	0.282147	-0.056380	-1.840000
530	-0.611531	-0.063053	-0.016723	-1.840000
531	-0.611828	0.062369	0.001058	-1.840000
532	-0.566918	0.139916	-0.193008	-1.840000
533	-0.610188	-0.041846	0.064377	-1.840000
534	-0.539026	0.252319	-0.154954	-1.840000
535	-0.595628	0.070400	0.136000	-1.840000
536	-0.586819	0.166929	-0.077479	-1.840000
537	-0.516361	0.272818	-0.192787	-1.840000
538	-0.576669	0.168841	-0.131037	-1.840000
539	-0.427020	0.442493	-0.008890	-1.840000
540	-0.572258	0.190511	0.120213	-1.840000
541	-0.530338	-0.132422	0.281835	-1.840000
542	-0.498144	-0.359540	-0.028433	-1.840000
543	-0.592076	-0.025719	-0.164346	-1.840000
544	-0.598209	0.141741	-0.016728	-1.840000
545	-0.572033	-0.009523	-0.225639	-1.840000
546	-0.600570	-0.051513	0.122014	-1.840000
547	-0.581014	-0.136282	-0.148576	-1.840000
548	-0.607590	-0.010204	0.094630	-1.840000
549	-0.589536	-0.033731	-0.171855	-1.840000
550	-0.594108	0.071620	-0.141885	-1.840000
551	-0.603457	-0.110697	-0.042555	-1.840000
552	-0.611010	-0.056424	-0.041324	-1.840000
553	-0.610008	0.046673	-0.062746	-1.840000
554	-0.582836	-0.180036	-0.078194	-1.840000
555	-0.574217	-0.202665	-0.086180	-1.840000
556	-0.587402	-0.134268	0.123108	-1.840000
557	-0.609710	0.020522	-0.077831	-1.840000
558	-0.587801	0.098919	0.151426	-1.840000
559	-0.551819	0.028552	-0.270009	-1.840000
560	-0.574432	-0.046185	-0.214755	-1.840000
561	-0.609058	0.085028	-0.006608	-1.840000
562	-0.593220	-0.145767	0.071180	-1.840000
563	-0.606178	-0.085168	0.059329	-1.840000
564	-0.605715	0.054822	0.091261	-1.840000
565	-0.550799	-0.120034	0.245840	-1.840000
566	-0.588608	0.175445	-0.031371	-1.840000
567	-0.599683	-0.023160	0.134419	-1.840000
568	-0.610278	0.075631	-0.008106	-1.840000
569	-0.594445	0.117125	-0.105554	-1.840000
570	-0.597619	-0.138683	0.042939	-1.840000
571	-0.579814	0.127058	0.160925	-1.840000
572	-0.614199	-0.014129	0.028007	-1.840000
573	-0.589684	0.174300	-0.010818	-1.840000
574	-0.590366	0.152062	-0.081056	-1.840000
575	-0.611805	-0.006223	-0.062297	-1.840000
576	-0.594689	0.156165	0.013506	-1.840000
577	-0.600597	0.075592	0.108603	-1.840000
578	-0.559513	0.186300	-0.174535	-1.840000
579	-0.597732	-0.014623	0.143971	-1.840000
580	-0.608943	0.062936	-0.058761	-1.840000
581	-0.589271	0.087677	0.152636	-1.840000
582	-0.583173	0.097047	-0.169459	-1.840000
583	-0.584708	-0.143984	-0.124942	-1.840000
584	-0.527257	0.305732	0.082175	-1.840000
585	-0.590831	-0.018944	0.169661	-1.840000
586	-0.603780	0.050029	-0.105696	-1.840000
587	-0.573834	0.007951	-0.221079	-1.840000
588	-0.596215	0.113598	-0.099237	-1.840000
589	-0.607394	0.074534	-0.061175	-1.840000
590	-0.563386	0.218995	0.113414	-1.840000
591	-0.601975	-0.002392	0.125876	-1.840000
592	-0.601750	0.115787	0.052104	-1.840000
593	-0.593471	0.138868	0.082052	-1.840000
594	-0.585451	-0.176114	0.066750	-1.840000
595	-0.610901	-0.015145	0.069247	-1.840000
596	-0.609384	0.082519	0.008148	-1.840000
597	-0.601823	0.051403	0.115725	-1.840000
598	-0.598024	0.140115	0.030975	-1.840000
599	-0.587641	0.120978	0.135159	-1.840000
600	-0.574583	0.204171	0.079962	-1.840000
601	-0.583759	0.193224	-0.010734	-1.840000
602	-0.609099	0.047453	-0.070508	-1.840000
603	-0.606520	0.012107	-0.101052	-1.840000
604	-0.600653	0.129721	-0.024758	-1.840000
605	-0.568773	0.227122	0.056018	-1.840000
606	-0.576746	0.200880	0.072364	-1.840000
607	-0.549566	0.247082	-0.123096	-1.840000
608	-0.614101	-0.031406	-0.010891	-1.840000
609	-0.604473	0.009313	-0.112919	-1.840000
610	-0.562692	0.180410	-0.170454	-1.840000
611	-0.590233	0.168851	-0.036592	-1.840000
612	-0.532781	0.289463	-0.102863	-1.840000
613	-0.603404	0.117023	0.020833	-1.840000
614	-0.578991	0.207286	-0.005244	-1.840000
615	-0.611460	0.010757	0.065010	-1.840000
616	-0.604927	-0.002223	0.110829	-1.840000
617	-0.611362	0.060382	0.028567	-1.840000
618	-0.597517	0.144502	-0.017833	-1.840000
619	-0.593388	0.124389	-0.103163	-1.840000
620	-0.576365	0.196181	-0.086841	-1.840000
621	-0.551297	0.236387	-0.135710	-1.840000
622	-0.603988	0.098056	0.061713	-1.840000
623	-0.575266	-0.181532	0.119748	-1.840000
624	-0.580943	0.141356	0.144045	-1.840000
625	-0.582791	0.125824	0.150824	-1.840000
626	-0.552473	0.227939	0.145061	-1.840000
627	-0.564616	0.223205	-0.098050	-1.840000
628	-0.606432	-0.033110	0.096792	-1.840000
629	-0.590481	0.170377	0.022999	-1.840000
630	-0.612616	-0.023310	-0.048821	-1.840000
631	-0.604066	0.112699	-0.025061	-1.840000
632	-0.566624	0.238781	-0.012100	-1.840000
633	-0.498652	0.274593	-0.232743	-1.840000
634	-0.589915	0.141668	-0.100772	-1.840000
635	-0.611292	0.062950	-0.024170	-1.840000
636	-0.599547	0.136201	0.014738	-1.840000
637	-0.612473	0.043606	-0.034648	-1.840000
638	-0.584772	-0.053165	0.182866	-1.840000
639	-0.598964	-0.102289	-0.094887	-1.840000
640	-0.598301	-0.007511	-0.142143	-1.840000
641	-0.528879	0.102732	-0.296577	-1.840000
642	-0.511498	0.146247	-0.308556	-1.840000
643	-0.603726	0.032614	-0.112589	-1.840000
644	-0.568724	-0.225964	-0.060980	-1.840000
645	-0.613322	0.010644	0.044140	-1.840000
646	-0.602129	-0.117553	-0.042970	-1.840000
647	-0.538492	-0.265068	0.134127	-1.840000
648	-0.614947	0.000301	-0.008061	-1.840000
649	-0.608710	-0.082666	-0.029381	-1.840000
650	-0.545710	0.186199	-0.213907	-1.840000
651	-0.610891	0.033830	0.062390	-1.840000
652	-0.600885	-0.116963	0.059012	-1.840000
653	-0.605877	-0.075261	0.073987	-1.840000
654	-0.591331	0.023905	0.167277	-1.840000
655	-0.614979	0.005072	-0.000479	-1.840000
656	-0.600312	0.121746	-0.055027	-1.840000
657	-0.601353	-0.048280	-0.119450	-1.840000
658	-0.566329	-0.098498	-0.218621	-1.840000
659	-0.608472	-0.049294	-0.074542	-1.840000
660	-0.600125	0.133916	0.011898	-1.840000
661	-0.571674	0.208338	0.089492	-1.840000
662	-0.566712	-0.155811	0.181067	-1.840000
663	-0.596054	-0.125553	-0.084739	-1.840000
664	-0.589893	-0.106308	0.137658	-1.840000
665	-0.605943	-0.059446	0.086743	-1.840000
666	-0.613580	0.039590	-0.013295	-1.840000
667	-0.591578	0.108140	0.128711	-1.840000
668	-0.599353	0.022053	0.136068	-1.840000
669	-0.545366	0.062408	0.277320	-1.840000
670	-0.613809	0.032732	-0.019801	-1.840000
671	-0.603620	-0.091565	0.074048	-1.840000
672	-0.614952	-0.000239	-0.007663	-1.840000
673	-0.612463	0.050853	0.022977	-1.840000
674	-0.576101	-0.169996	-0.132039	-1.840000
675	-0.539743	0.030703	-0.293189	-1.840000
676	-0.573075	0.122375	0.186641	-1.840000
677	-0.561771	0.098752	0.229970	-1.840000
678	-0.601204	0.057742	0.115951	-1.840000
679	-0.576966	-0.196434	-0.082148	-1.840000
680	-0.614373	0.014799	-0.023498	-1.840000
681	-0.595934	-0.114904	0.099424	-1.840000
682	-0.577523	0.113820	0.178149	-1.840000
683	-0.565992	0.142305	0.193979	-1.840000
684	-0.612084	-0.008296	0.059241	-1.840000
685	-0.612606	-0.006230	0.053856	-1.840000
686	-0.588828	0.026100	0.175572	-1.840000
687	-0.592456	0.162518	-0.028438	-1.840000
688	-0.538678	-0.075635	0.286933	-1.840000
689	-0.592709	0.154431	0.055430	-1.840000
690	-0.573665	0.215285	0.052781	-1.840000
691	-0.581397	0.117798	0.162252	-1.840000
692	-0.602995	0.095437	0.074251	-1.840000
693	-0.585509	-0.072500	0.173631	-1.840000
694	-0.581115	0.043468	0.196572	-1.840000
695	-0.603455	0.038776	-0.112088	-1.840000
696	-0.614059	-0.033999	0.000460	-1.840000
697	-0.609447	-0.082005	0.008631	-1.840000
698	-0.543097	0.232760	0.170567	-1.840000
699	-0.574303	0.204698	0.080623	-1.840000
700	-0.602920	0.097087	-0.072709	-1.840000
701	-0.570800	0.220033	-0.063228	-1.840000
702	-0.564401	-0.208154	-0.127863	-1.840000
703	-0.601919	0.066021	0.107516	-1.840000
704	-0.556387	0.259956	0.032887	-1.840000
705	-0.589102	0.168397	0.053156	-1.840000
706	-0.607418	-0.055118	0.078936	-1.840000
707	-0.605720	0.104858	-0.018251	-1.840000
708	-0.593302	0.149482	0.062231	-1.840000
709	-0.577860	0.175847	0.115673	-1.840000
710	-0.593475	0.132333	0.092196	-1.840000
711	-0.596764	0.133737	0.064898	-1.840000
712	-0.601519	0.117428	0.051091	-1.840000
713	-0.543132	-0.212917	0.194676	-1.840000
714	-0.581761	0.072245	-0.185903	-1.840000
715	-0.571159	0.228016	-0.003360	-1.840000
716	-0.596701	0.074116	-0.129151	-1.840000
717	-0.577988	0.207182	0.035077	-1.840000
718	-0.607337	0.096759	0.002151	-1.840000
719	-0.585163	0.168672	0.085786	-1.840000
720	-0.612968	0.026800	0.042148	-1.840000
721	-0.580664	0.188240	0.074967	-1.840000
722	-0.411129	0.457259	-0.010599	-1.840000
723	-0.558183	0.255695	0.035735	-1.840000
724	-0.563607	0.164857	-0.182741	-1.840000
725	-0.521885	0.325173	-0.011117	-1.840000
726	-0.528192	0.250198	0.191414	-1.840000
727	-0.600271	0.043285	0.126592	-1.840000
728	-0.563480	0.135363	-0.205894	-1.840000
729	-0.613133	0.042328	-0.022385	-1.840000
730	-0.589071	0.172085	0.040088	-1.840000
731	-0.601935	-0.094973	0.082943	-1.840000
732	-0.527501	0.158892	0.273352	-1.840000
733	-0.466140	0.287071	-0.280230	-1.840000
734	-0.605734	0.104401	0.020299	-1.840000
735	-0.604188	0.074155	0.087656	-1.840000
736	-0.592380	0.120708	-0.112875	-1.840000
737	-0.586915	0.136359	-0.123135	-1.840000
738	-0.602381	0.114084	-0.048445	-1.840000
739	-0.541434	0.279592	-0.083081	-1.840000
740	-0.544363	0.284335	-0.032375	-1.840000
741	-0.570847	0.037660	-0.225700	-1.840000
742	-0.604957	0.056725	0.095048	-1.840000
743	-0.597756	0.144517	0.005235	-1.840000
744	-0.540083	0.222328	-0.192628	-1.840000
745	-0.591503	0.166663	0.023925	-1.840000
746	-0.609972	-0.078476	-0.001041	-1.840000
747	-0.613542	-0.033149	0.026308	-1.840000
748	-0.554196	0.114345	-0.240867	-1.840000
749	-0.566962	0.100835	-0.215896	-1.840000
750	-0.594969	0.034040	-0.151914	-1.840000
751	-0.577782	-0.132315	-0.163971	-1.840000
752	-0.614841	0.000188	-0.014000	-1.840000
753	-0.603478	-0.054131	0.105399	-1.840000
754	-0.601471	0.020770	-0.126593	-1.840000
755	-0.600450	-0.132968	0.002121	-1.840000
756	-0.556572	0.221122	0.139848	-1.840000
757	-0.576680	0.097696	-0.190054	-1.840000
758	-0.533258	-0.044734	-0.303084	-1.840000
759	-0.602845	-0.113017	-0.045059	-1.840000
760	-0.609507	-0.078971	0.022141	-1.840000
761	-0.587640	-0.086448	-0.159471	-1.840000
762	-0.614650	-0.001738	0.020687	-1.840000
763	-0.612011	0.013118	-0.059121	-1.840000
764	-0.608348	0.000966	-0.090205	-1.840000
765	-0.584488	0.169436	-0.088827	-1.840000
766	-0.608284	-0.070985	0.056367	-1.840000
767	-0.552749	-0.259436	0.073395	-1.840000
768	-0.598414	-0.138921	0.028744	-1.840000
769	-0.580625	0.188423	-0.074808	-1.840000
770	-0.594948	-0.154540	-0.019486	-1.840000
771	-0.591711	0.166449	0.019935	-1.840000
772	-0.601900	-0.087922	0.090617	-1.840000
773	-0.533210	0.173281	0.252755	-1.840000
774	-0.594283	0.096296	-0.125618	-1.840000
775	-0.597702	0.144614	0.007971	-1.840000
776	-0.594857	0.149695	0.044291	-1.840000
777	-0.573489	-0.220399	0.027564	-1.840000
778	-0.568799	0.214218	-0.093829	-1.840000
779	-0.573344	0.218734	0.040707	-1.840000
780	-0.595603	0.076321	0.132881	-1.840000
781	-0.590914	-0.059511	0.159700	-1.840000
782	-0.610812	0.040296	-0.059245	-1.840000
783	-0.588844	-0.175479	0.026356	-1.840000
784	-0.613428	0.015990	-0.040934	-1.840000
785	-0.606401	0.081397	0.062272	-1.840000
786	-0.584686	0.081082	-0.172608	-1.840000
787	-0.598530	0.116224	0.080491	-1.840000
788	-0.606169	0.082237	0.063412	-1.840000
789	-0.595329	0.027924	0.151753	-1.840000
790	-0.612932	-0.050312	0.002942	-1.840000
791	-0.612576	0.054549	0.000212	-1.840000
792	-0.601623	-0.127474	-0.004950	-1.840000
793	-0.601953	0.093949	0.083975	-1.840000
794	-0.563412	-0.109070	0.221124	-1.840000
795	-0.609970	0.073323	0.028015	-1.840000
796	-0.611212	0.030835	-0.060774	-1.840000
797	-0.550328	0.233421	-0.144496	-1.840000
798	-0.592811	-0.049940	0.155904	-1.840000
799	-0.590538	0.025154	-0.169874	-1.840000
800	-0.592786	0.088865	0.137595	-1.840000
801	-0.593478	0.141159	0.077990	-1.840000
802	-0.551957	0.260924	-0.074076	-1.840000
803	-0.588168	-0.143050	0.108718	-1.840000
804	-0.599935	0.094738	-0.096579	-1.840000
805	-0.614982	0.002702	0.003801	-1.840000
806	-0.610524	0.072000	0.017356	-1.840000
807	-0.606968	0.082439	-0.054946	-1.840000
808	-0.612752	0.044009	0.028683	-1.840000
809	-0.568343	0.145456	-0.184538	-1.840000
810	-0.607635	-0.080251	-0.050640	-1.840000
811	-0.593423	0.148471	-0.063488	-1.840000
812	-0.582729	-0.127796	-0.149397	-1.840000
813	-0.609203	0.070270	-0.046460	-1.840000
814	-0.606805	0.086021	0.051124	-1.840000
815	-0.606682	0.084419	-0.055092	-1.840000
816	-0.522000	0.321592	-0.048161	-1.840000
817	-0.564431	0.210557	0.123725	-1.840000
818	-0.600054	-0.094152	0.096416	-1.840000
819	-0.595603	0.152152	0.018201	-1.840000
820	-0.608339	0.037633	-0.082055	-1.840000
821	-0.570797	-0.095973	-0.207858	-1.840000
822	-0.601380	0.123754	0.035385	-1.840000
823	-0.579318	0.143028	-0.148856	-1.840000
824	-0.462374	0.401811	-0.054620	-1.840000
825	-0.562280	0.124750	0.215647	-1.840000
826	-0.491627	0.334714	0.156507	-1.840000
827	-0.577880	0.193132	0.083544	-1.840000
828	-0.570204	0.227373	0.037329	-1.840000
829	-0.595068	0.119353	0.099365	-1.840000
830	-0.561344	0.180038	0.175225	-1.840000
831	-0.565210	0.163588	-0.178889	-1.840000
832	-0.601284	0.129160	-0.000743	-1.840000
833	-0.474457	0.390371	0.026952	-1.840000
834	-0.613143	0.035696	0.031731	-1.840000
835	-0.611196	-0.068242	-0.002655	-1.840000
836	-0.605032	0.057483	-0.094114	-1.840000
837	-0.554418	-0.044404	0.262439	-1.840000
838	-0.600763	0.120072	0.053769	-1.840000
839	-0.583762	0.070200	-0.180329	-1.840000
840	-0.532372	0.259435	-0.165825	-1.840000
841	-0.541496	0.164441	-0.240761	-1.840000
842	-0.590866	0.111302	-0.129283	-1.840000
843	-0.609606	0.072909	-0.035916	-1.840000
844	-0.516486	0.229151	-0.242811	-1.840000
845	-0.380731	0.295907	-0.381717	-1.840000
846	-0.593285	0.150007	-0.061123	-1.840000
847	-0.451139	0.332628	-0.253096	-1.840000
848	-0.430215	0.424130	-0.115126	-1.840000
849	-0.543423	0.136241	-0.253683	-1.840000
850	-0.559388	0.142379	0.212222	-1.840000
