1	-0.569238	-0.089131	-0.215054	-1.370000
2	-0.569440	0.172692	-0.155371	-1.370000
3	-0.536833	-0.283078	-0.099512	-1.370000
4	-0.605534	-0.105409	0.021049	-1.370000
5	-0.605322	0.048799	-0.097100	-1.370000
6	-0.613430	0.019575	0.039306	-1.370000
7	-0.571795	0.009216	0.226254	-1.370000
8	-0.484982	0.314980	0.209296	-1.370000
9	-0.580010	-0.109469	-0.172712	-1.370000
10	-0.563426	-0.164787	-0.183360	-1.370000
11	-0.599509	0.089308	-0.104103	-1.370000
12	-0.594419	0.076007	-0.138254	-1.370000
13	-0.614315	0.027288	0.009852	-1.370000
14	-0.548823	-0.242484	0.134979	-1.370000
15	-0.555443	-0.200245	0.172077	-1.370000
16	-0.585374	-0.148988	0.115604	-1.370000
17	-0.571120	0.208553	0.092479	-1.370000
18	-0.601655	0.108928	0.066112	-1.370000
19	-0.555917	0.261652	0.026828	-1.370000
20	-0.582486	0.155074	0.122015	-1.370000
21	-0.585411	0.158060	0.102644	-1.370000
22	-0.550303	-0.149997	0.229983	-1.370000
23	-0.581932	-0.191968	0.052231	-1.370000
24	-0.516610	-0.288044	0.168435	-1.370000
25	-0.602643	-0.098816	0.072675	-1.370000
26	-0.614299	0.024638	0.015965	-1.370000
27	-0.533780	-0.053314	0.300768	-1.370000
28	-0.597069	-0.108872	-0.099401	-1.370000
29	-0.565575	-0.197462	-0.139134	-1.370000
30	-0.559350	0.059404	-0.248643	-1.370000
31	-0.600815	0.131263	0.004114	-1.370000
32	-0.611409	0.030457	-0.058960	-1.370000
33	-0.612336	-0.019232	-0.053845	-1.370000
34	-0.614204	0.014097	0.027920	-1.370000
35	-0.606818	0.036576	-0.093057	-1.370000
36	-0.597184	-0.119126	0.086052	-1.370000
37	-0.604169	-0.088274	-0.073569	-1.370000
38	-0.575259	-0.211413	-0.051056	-1.370000
39	-0.591686	-0.161475	0.045373	-1.370000
40	-0.567397	-0.228233	0.064775	-1.370000
41	-0.573704	-0.221498	-0.005157	-1.370000
42	-0.586269	0.167450	-0.080462	-1.370000
43	-0.602962	-0.116387	-0.033396	-1.370000
44	-0.598977	0.112406	-0.082563	-1.370000
45	-0.600641	-0.125918	0.040005	-1.370000
46	-0.581186	-0.184669	0.079656	-1.370000
47	-0.602470	0.037933	0.117544	-1.370000
48	-0.562567	-0.246616	0.030397	-1.370000
49	-0.535920	-0.259646	0.153617	-1.370000
50	-0.605134	0.023252	-0.107225	-1.370000
51	-0.596831	0.029696	-0.145383	-1.370000
52	-0.587383	0.164709	0.077957	-1.370000
53	-0.605440	0.107487	0.010682	-1.370000
54	-0.575254	0.217433	-0.005596	-1.370000
55	-0.597927	-0.067477	-0.127104	-1.370000
56	-0.608798	-0.065760	-0.057151	-1.370000
57	-0.481431	-0.188265	0.333174	-1.370000
58	-0.592868	-0.128655	0.100899	-1.370000
59	-0.596928	0.146367	-0.021878	-1.370000
60	-0.610625	-0.056909	-0.046088	-1.370000
61	-0.599815	0.129406	0.041242	-1.370000
62	-0.592046	0.097824	0.134673	-1.370000
63	-0.590624	-0.122703	0.119718	-1.370000
64	-0.602984	-0.070427	0.098361	-1.370000
65	-0.564851	-0.214856	-0.114041	-1.370000
66	-0.577731	-0.210836	0.000187	-1.370000
67	-0.581906	-0.129534	0.151099	-1.370000
68	-0.609217	-0.056367	-0.062472	-1.370000
69	-0.546515	-0.122049	-0.254265	-1.370000
70	-0.606480	-0.008574	-0.101655	-1.370000
71	-0.544743	0.285417	0.004150	-1.370000
72	-0.541427	0.046312	-0.287988	-1.370000
73	-0.572985	0.002309	0.223401	-1.370000
74	-0.593015	-0.148616	-0.066868	-1.370000
75	-0.580555	0.014243	-0.202432	-1.370000
76	-0.548930	0.090834	0.262012	-1.370000
77	-0.607953	-0.091555	-0.015359	-1.370000
78	-0.558186	-0.256691	-0.027625	-1.370000
79	-0.607242	-0.093117	-0.028492	-1.370000
80	-0.611347	0.042021	0.052096	-1.370000
81	-0.556690	-0.257042	0.047437	-1.370000
82	-0.584582	-0.176017	-0.074210	-1.370000
83	-0.599554	-0.134616	0.025274	-1.370000
84	-0.536592	0.185657	-0.236274	-1.370000
85	-0.590045	0.169269	-0.037686	-1.370000
86	-0.594227	0.017592	0.157511	-1.370000
87	-0.579217	-0.127208	0.162944	-1.370000
88	-0.587617	-0.140856	0.114414	-1.370000
89	-0.603241	-0.114071	-0.036234	-1.370000
90	-0.592576	-0.163916	-0.014519	-1.370000
91	-0.541122	0.138458	0.257374	-1.370000
92	-0.558101	0.091137	0.241749	-1.370000
93	-0.568373	0.175157	0.156515	-1.370000
94	-0.529781	0.264356	-0.166353	-1.370000
95	-0.601534	0.029272	0.124598	-1.370000
96	-0.614817	0.010446	0.010754	-1.370000
97	-0.610782	-0.068658	0.021375	-1.370000
98	-0.601959	0.121993	-0.031431	-1.370000
99	-0.482252	0.157456	-0.347657	-1.370000
100	-0.572501	0.118799	0.190670	-1.370000
101	-0.611717	-0.027033	0.057419	-1.370000
102	-0.602456	0.107038	0.061761	-1.370000
103	-0.581512	0.077587	-0.184524	-1.370000
104	-0.595402	-0.041800	0.148235	-1.370000
105	-0.577215	0.011597	0.211927	-1.370000
106	-0.576799	-0.001680	0.213365	-1.370000
107	-0.591742	-0.017318	0.166631	-1.370000
108	-0.606153	0.093020	0.046373	-1.370000
109	-0.407696	0.040358	0.458672	-1.370000
110	-0.542268	0.160360	0.241775	-1.370000
111	-0.586812	-0.139808	0.119708	-1.370000
112	-0.614808	0.008723	0.012646	-1.370000
113	-0.599570	-0.034279	0.132535	-1.370000
114	-0.531312	0.287878	-0.114277	-1.370000
115	-0.559317	0.163113	0.196936	-1.370000
116	-0.531277	0.290953	0.106377	-1.370000
117	-0.512090	0.340354	0.012176	-1.370000
118	-0.510728	-0.323397	-0.113118	-1.370000
119	-0.607226	-0.087007	0.043945	-1.370000
120	-0.595689	0.098460	0.116985	-1.370000
121	-0.611151	-0.031799	0.060892	-1.370000
122	-0.597068	-0.028112	0.144723	-1.370000
123	-0.574269	0.208119	0.071602	-1.370000
124	-0.606206	0.102681	0.014014	-1.370000
125	-0.569841	0.154540	-0.172116	-1.370000
126	-0.592145	0.005822	-0.165999	-1.370000
127	-0.590534	0.021914	0.170337	-1.370000
128	-0.609968	0.059373	-0.051365	-1.370000
129	-0.600953	-0.052835	0.119537	-1.370000
130	-0.579181	-0.200765	0.049674	-1.370000
131	-0.528221	-0.200176	0.243181	-1.370000
132	-0.594380	-0.126446	0.094597	-1.370000
133	-0.605507	0.107548	0.004399	-1.370000
134	-0.610353	-0.021056	-0.072467	-1.370000
135	-0.577552	0.038345	0.207818	-1.370000
136	-0.593895	-0.146081	-0.064611	-1.370000
137	-0.580507	-0.026372	-0.201347	-1.370000
138	-0.613635	0.026933	-0.030841	-1.370000
139	-0.609128	0.061271	0.058604	-1.370000
140	-0.611006	-0.024884	-0.065404	-1.370000
141	-0.548266	-0.105481	0.257883	-1.370000
142	-0.555820	-0.229427	-0.129042	-1.370000
143	-0.584407	-0.075590	-0.176009	-1.370000
144	-0.560624	-0.233560	-0.096826	-1.370000
145	-0.605124	-0.096093	-0.053065	-1.370000
146	-0.586449	-0.154094	-0.102748	-1.370000
147	-0.601313	-0.009564	-0.128670	-1.370000
148	-0.592844	-0.157570	0.043955	-1.370000
149	-0.608200	-0.076433	0.049762	-1.370000
150	-0.501385	-0.212872	-0.285523	-1.370000
151	-0.607074	0.047309	-0.086302	-1.370000
152	-0.540743	-0.285309	-0.066487	-1.370000
153	-0.584803	-0.189650	0.016237	-1.370000
154	-0.584160	-0.005921	0.192218	-1.370000
155	-0.590082	0.100479	-0.141181	-1.370000
156	-0.604822	0.070787	-0.086052	-1.370000
157	-0.607768	0.061575	-0.071071	-1.370000
158	-0.574305	-0.008916	0.219816	-1.370000
159	-0.559320	-0.185434	0.176071	-1.370000
160	-0.544993	-0.244832	0.145827	-1.370000
161	-0.595807	-0.129273	0.080790	-1.370000
162	-0.564633	0.189429	-0.153398	-1.370000
163	-0.580997	0.190380	0.066507	-1.370000
164	-0.601940	0.119436	-0.040357	-1.370000
165	-0.505518	0.349949	0.014586	-1.370000
166	-0.606679	-0.079276	0.062302	-1.370000
167	-0.600968	0.129846	0.014224	-1.370000
168	-0.523166	-0.310066	0.091549	-1.370000
169	-0.576720	-0.193511	-0.090403	-1.370000
170	-0.493089	-0.142277	-0.338888	-1.370000
171	-0.607856	0.044022	0.082451	-1.370000
172	-0.577686	0.122209	-0.171955	-1.370000
173	-0.553509	0.195012	0.183911	-1.370000
174	-0.612270	0.003328	0.057786	-1.370000
175	-0.588637	-0.178091	0.003889	-1.370000
176	-0.611939	0.038745	-0.047475	-1.370000
177	-0.602375	-0.088099	0.087224	-1.370000
178	-0.540387	-0.180321	0.231713	-1.370000
179	-0.587763	-0.180933	0.004786	-1.370000
180	-0.597648	0.144655	-0.010804	-1.370000
181	-0.614044	-0.034086	0.003591	-1.370000
182	-0.585257	-0.184668	0.039963	-1.370000
183	-0.611138	0.022436	-0.065057	-1.370000
184	-0.613769	-0.011379	-0.037188	-1.370000
185	-0.598667	-0.029376	-0.137696	-1.370000
186	-0.604927	0.057188	-0.094961	-1.370000
187	-0.595943	-0.143929	0.048597	-1.370000
188	-0.599956	-0.101902	0.088847	-1.370000
189	-0.575597	-0.071958	-0.204292	-1.370000
190	-0.607762	-0.038563	0.085807	-1.370000
191	-0.572071	0.200475	-0.103777	-1.370000
192	-0.560411	0.253284	0.003410	-1.370000
193	-0.564015	0.186614	0.159021	-1.370000
194	-0.562141	-0.206221	0.140341	-1.370000
195	-0.569957	0.174346	0.151584	-1.370000
196	-0.608353	0.026735	-0.086124	-1.370000
197	-0.609836	-0.073950	-0.029273	-1.370000
198	-0.571184	0.002195	0.227966	-1.370000
199	-0.613677	-0.000432	-0.040317	-1.370000
200	-0.524879	0.291817	-0.132553	-1.370000
201	-0.611796	0.056617	-0.026933	-1.370000
202	-0.600853	0.040088	0.124876	-1.370000
203	-0.610331	-0.036665	0.066161	-1.370000
204	-0.498217	-0.083422	0.350778	-1.370000
205	-0.610701	0.063474	0.035216	-1.370000
206	-0.532181	-0.026256	0.307115	-1.370000
207	-0.483142	0.267758	0.270379	-1.370000
208	-0.612616	0.053277	-0.009373	-1.370000
209	-0.578966	0.200354	-0.053675	-1.370000
210	-0.594831	-0.060732	0.143920	-1.370000
211	-0.574013	-0.121336	0.184422	-1.370000
212	-0.491858	0.350254	0.116717	-1.370000
213	-0.589730	0.171795	-0.030494	-1.370000
214	-0.613605	0.040504	0.008546	-1.370000
215	-0.609464	0.060011	0.056370	-1.370000
216	-0.590869	-0.170264	-0.010450	-1.370000
217	-0.602433	-0.097742	-0.075798	-1.370000
218	-0.606365	-0.016502	0.101360	-1.370000
219	-0.609730	-0.076310	0.025120	-1.370000
220	-0.546988	-0.216996	0.178723	-1.370000
221	-0.607670	0.004370	0.094570	-1.370000
222	-0.610531	-0.073791	0.005623	-1.370000
223	-0.600148	-0.043319	0.127165	-1.370000
224	-0.613181	0.045425	0.013085	-1.370000
225	-0.607357	-0.010309	0.096105	-1.370000
226	-0.608971	-0.067607	0.052998	-1.370000
227	-0.540986	-0.208065	0.205592	-1.370000
228	-0.539568	-0.268475	-0.122527	-1.370000
229	-0.544860	-0.276915	-0.068343	-1.370000
230	-0.608080	-0.088377	-0.025553	-1.370000
231	-0.614988	-0.003680	0.000815	-1.370000
232	-0.613825	-0.036597	0.010242	-1.370000
233	-0.608030	0.085137	-0.035721	-1.370000
234	-0.600116	0.060205	0.120256	-1.370000
235	-0.614166	0.031472	0.005930	-1.370000
236	-0.600838	-0.124221	-0.042283	-1.370000
237	-0.611530	0.062763	-0.017786	-1.370000
238	-0.603881	-0.111835	0.032328	-1.370000
239	-0.599231	0.138282	-0.005003	-1.370000
240	-0.578328	0.209163	0.003500	-1.370000
241	-0.588650	0.173115	-0.041801	-1.370000
242	-0.610107	-0.077348	-0.003456	-1.370000
243	-0.586373	-0.164507	-0.085614	-1.370000
244	-0.597094	-0.076703	-0.125778	-1.370000
245	-0.607204	-0.036131	-0.090681	-1.370000
246	-0.602461	0.122523	0.015923	-1.370000
247	-0.613971	-0.010484	-0.033974	-1.370000
248	-0.609631	0.014589	-0.079762	-1.370000
249	-0.591724	-0.071556	0.151549	-1.370000
250	-0.576672	-0.174544	-0.123322	-1.370000
251	-0.569937	-0.162195	-0.164588	-1.370000
252	-0.556730	-0.259610	0.029651	-1.370000
253	-0.595326	-0.154017	0.009555	-1.370000
254	-0.605026	-0.095904	-0.054505	-1.370000
255	-0.596883	0.133735	-0.063801	-1.370000
256	-0.604750	0.106367	0.034482	-1.370000
257	-0.586939	-0.152386	0.102497	-1.370000
258	-0.590130	0.165867	0.049595	-1.370000
259	-0.573045	0.156573	-0.159151	-1.370000
260	-0.604276	-0.107939	-0.037743	-1.370000
261	-0.613414	-0.043990	0.003644	-1.370000
262	-0.565516	-0.231986	0.067815	-1.370000
263	-0.612403	-0.056461	0.000233	-1.370000
264	-0.609073	-0.009880	0.084600	-1.370000
265	-0.606424	-0.032253	0.097130	-1.370000
266	-0.607669	0.057699	-0.075063	-1.370000
267	-0.614183	-0.029258	-0.012183	-1.370000
268	-0.520745	-0.321569	-0.060354	-1.370000
269	-0.600361	-0.133322	0.004163	-1.370000
270	-0.611043	-0.069621	0.002032	-1.370000
271	-0.586076	-0.121062	-0.141719	-1.370000
272	-0.587478	-0.176954	-0.042210	-1.370000
273	-0.614025	0.027636	0.020857	-1.370000
274	-0.576205	0.198822	0.081750	-1.370000
275	-0.592911	0.135219	0.091641	-1.370000
276	-0.604273	-0.027892	-0.110909	-1.370000
277	-0.609704	-0.078487	0.018060	-1.370000
278	-0.565044	-0.223853	0.094024	-1.370000
279	-0.605397	-0.106951	-0.016742	-1.370000
280	-0.614311	0.027425	-0.009766	-1.370000
281	-0.569104	-0.223209	0.067256	-1.370000
282	-0.587845	-0.176728	0.037816	-1.370000
283	-0.599179	0.056081	-0.126745	-1.370000
284	-0.609931	0.003459	0.078724	-1.370000
285	-0.552145	-0.175829	-0.206022	-1.370000
286	-0.596654	-0.004699	0.149019	-1.370000
287	-0.613678	-0.027398	0.029564	-1.370000
288	-0.591396	-0.139226	-0.095351	-1.370000
289	-0.601266	0.074621	-0.105528	-1.370000
290	-0.608337	-0.072542	0.053751	-1.370000
291	-0.608508	-0.060585	-0.065360	-1.370000
292	-0.569721	-0.181798	0.143500	-1.370000
293	-0.608696	0.081763	0.032086	-1.370000
294	-0.597297	0.021684	-0.144885	-1.370000
295	-0.593525	0.007319	0.160933	-1.370000
296	-0.589921	0.168916	-0.041048	-1.370000
297	-0.589058	0.164998	-0.063332	-1.370000
298	-0.595171	0.052109	-0.145880	-1.370000
299	-0.598193	-0.051710	0.133101	-1.370000
300	-0.559509	-0.034125	0.253002	-1.370000
301	-0.590896	0.034020	0.167062	-1.370000
302	-0.596783	-0.050356	0.139784	-1.370000
303	-0.592647	-0.103530	-0.127577	-1.370000
304	-0.603477	0.012572	-0.117826	-1.370000
305	-0.583327	-0.122899	-0.151164	-1.370000
306	-0.609016	0.039062	-0.076147	-1.370000
307	-0.579971	0.062451	-0.194829	-1.370000
308	-0.599342	-0.078812	-0.113150	-1.370000
309	-0.610625	-0.073205	-0.001909	-1.370000
310	-0.591570	-0.089087	0.142595	-1.370000
311	-0.583515	0.096820	0.168408	-1.370000
312	-0.608733	0.068958	-0.053987	-1.370000
313	-0.530820	-0.106328	0.291804	-1.370000
314	-0.539455	0.156278	0.250581	-1.370000
315	-0.510038	0.149498	0.309413	-1.370000
316	-0.607407	-0.025971	-0.092778	-1.370000
317	-0.611113	0.063652	-0.026720	-1.370000
318	-0.610719	0.067506	0.026272	-1.370000
319	-0.578503	0.044393	0.203932	-1.370000
320	-0.573466	-0.217842	0.043662	-1.370000
321	-0.556141	0.124224	-0.231303	-1.370000
322	-0.595140	-0.058019	-0.143762	-1.370000
323	-0.587284	-0.072291	-0.167619	-1.370000
324	-0.613020	0.045708	-0.018492	-1.370000
325	-0.603601	-0.109894	0.042593	-1.370000
326	-0.596780	0.146301	-0.025972	-1.370000
327	-0.530414	-0.171886	0.259502	-1.370000
328	-0.602063	0.016179	0.124432	-1.370000
329	-0.601773	0.126783	-0.004537	-1.370000
330	-0.598587	0.037877	-0.135956	-1.370000
331	-0.566471	-0.217834	0.099419	-1.370000
332	-0.590566	-0.092915	0.144302	-1.370000
333	-0.608704	0.030862	-0.082167	-1.370000
334	-0.601096	-0.129983	0.003651	-1.370000
335	-0.585448	-0.185632	0.031874	-1.370000
336	-0.604850	0.108452	-0.024885	-1.370000
337	-0.612066	0.050395	0.032571	-1.370000
338	-0.612360	0.012364	-0.055560	-1.370000
339	-0.600319	0.127275	-0.040538	-1.370000
340	-0.609293	-0.083537	-0.002877	-1.370000
341	-0.605281	-0.068540	-0.084632	-1.370000
342	-0.595600	0.019508	-0.152004	-1.370000
343	-0.497558	-0.233617	0.275833	-1.370000
344	-0.597325	0.095410	0.111018	-1.370000
345	-0.597340	0.145269	-0.017523	-1.370000
346	-0.595549	-0.060690	-0.140937	-1.370000
347	-0.594415	0.078781	-0.136710	-1.370000
348	-0.595375	-0.094940	-0.121406	-1.370000
349	-0.558731	-0.010281	-0.256787	-1.370000
350	-0.609827	0.003247	0.079529	-1.370000
351	-0.604201	0.057311	0.099406	-1.370000
352	-0.556990	-0.004421	-0.260705	-1.370000
353	-0.604311	0.005199	0.114043	-1.370000
354	-0.600068	-0.101557	0.088485	-1.370000
355	-0.606012	-0.104717	-0.002878	-1.370000
356	-0.608555	-0.066691	-0.058635	-1.370000
357	-0.587660	-0.177836	-0.035424	-1.370000
358	-0.614870	0.007438	0.010222	-1.370000
359	-0.596732	-0.030875	-0.145541	-1.370000
360	-0.611248	0.030629	-0.060517	-1.370000
361	-0.613887	-0.036970	-0.001074	-1.370000
362	-0.611733	-0.052843	-0.034853	-1.370000
363	-0.590320	-0.170912	-0.023172	-1.370000
364	-0.579629	-0.082212	0.188406	-1.370000
365	-0.565511	-0.234514	0.058524	-1.370000
366	-0.586046	-0.183099	0.035361	-1.370000
367	-0.614511	0.023993	0.005034	-1.370000
368	-0.611126	-0.062642	0.028740	-1.370000
369	-0.604095	0.037266	0.109115	-1.370000
370	-0.609459	0.046236	-0.068172	-1.370000
371	-0.599991	0.022405	0.133169	-1.370000
372	-0.611646	0.063797	0.006667	-1.370000
373	-0.591206	-0.169206	0.008362	-1.370000
374	-0.601452	0.102528	-0.077259	-1.370000
375	-0.608284	0.088493	-0.019620	-1.370000
376	-0.570801	0.225160	0.041403	-1.370000
377	-0.606468	0.077780	-0.066117	-1.370000
378	-0.584451	-0.053920	0.183669	-1.370000
379	-0.602112	-0.059997	0.109941	-1.370000
380	-0.607380	-0.093826	0.022596	-1.370000
381	-0.583994	-0.189108	0.037601	-1.370000
382	-0.599350	-0.106052	-0.088075	-1.370000
383	-0.614507	0.021015	0.012839	-1.370000
384	-0.534984	0.213571	0.215416	-1.370000
385	-0.614435	-0.022136	0.014319	-1.370000
386	-0.612478	-0.037657	-0.040964	-1.370000
387	-0.599391	-0.057453	-0.125118	-1.370000
388	-0.598371	-0.141411	-0.013441	-1.370000
389	-0.566616	0.208744	-0.116606	-1.370000
390	-0.584767	-0.155633	0.109779	-1.370000
391	-0.611407	-0.020112	-0.063259	-1.370000
392	-0.613262	-0.040432	0.022355	-1.370000
393	-0.610907	-0.001371	-0.070821	-1.370000
394	-0.613387	0.028631	-0.034077	-1.370000
395	-0.595640	-0.148668	0.036545	-1.370000
396	-0.611156	0.066636	0.016532	-1.370000
397	-0.582591	0.190574	0.049950	-1.370000
398	-0.608976	-0.013888	0.084734	-1.370000
399	-0.562253	-0.176899	0.175509	-1.370000
400	-0.612663	0.051586	-0.014405	-1.370000
401	-0.611080	-0.037514	0.058300	-1.370000
402	-0.604465	0.088491	0.070828	-1.370000
403	-0.594003	0.108990	0.116221	-1.370000
404	-0.614926	0.001286	0.009483	-1.370000
405	-0.611257	-0.018500	0.065172	-1.370000
406	-0.612445	0.054827	0.011421	-1.370000
407	-0.601423	-0.006726	0.128337	-1.370000
408	-0.614800	-0.012345	0.009657	-1.370000
409	-0.603240	-0.038265	-0.113411	-1.370000
410	-0.601948	0.038882	0.119885	-1.370000
411	-0.594871	-0.052395	0.146997	-1.370000
412	-0.614086	0.029670	0.015589	-1.370000
413	-0.610093	-0.066315	0.040177	-1.370000
414	-0.603155	-0.014586	0.119234	-1.370000
415	-0.588886	-0.134999	0.114948	-1.370000
416	-0.592610	-0.073673	0.147004	-1.370000
417	-0.591764	-0.102402	0.132493	-1.370000
418	-0.548073	0.214513	0.178394	-1.370000
419	-0.587218	0.182631	0.006784	-1.370000
420	-0.605433	0.026945	0.104644	-1.370000
421	-0.563865	0.243987	0.027424	-1.370000
422	-0.614865	-0.010148	0.007908	-1.370000
423	-0.522850	0.227214	0.230709	-1.370000
424	-0.593430	0.119492	0.108572	-1.370000
425	-0.580845	0.197413	0.043274	-1.370000
426	-0.608826	0.066675	0.055775	-1.370000
427	-0.608000	-0.014681	-0.091350	-1.370000
428	-0.547535	0.161806	0.228581	-1.370000
429	-0.576254	0.213866	0.020435	-1.370000
430	-0.569171	-0.220296	-0.075757	-1.370000
431	-0.603780	0.078266	0.086883	-1.370000
432	-0.546687	-0.227859	0.165646	-1.370000
433	-0.606303	0.046500	-0.091978	-1.370000
434	-0.580471	0.110175	0.170705	-1.370000
435	-0.608448	-0.080017	-0.040168	-1.370000
436	-0.604198	-0.106324	0.043192	-1.370000
437	-0.601170	-0.128455	-0.017875	-1.370000
438	-0.597709	0.142786	0.024101	-1.370000
439	-0.609617	-0.077271	0.024922	-1.370000
440	-0.590977	-0.169296	0.017618	-1.370000
441	-0.592636	0.056159	0.154448	-1.370000
442	-0.592072	0.160847	0.042478	-1.370000
443	-0.614329	-0.019219	-0.021333	-1.370000
444	-0.611050	-0.064809	0.025348	-1.370000
445	-0.608242	-0.060812	-0.067590	-1.370000
446	-0.578647	0.120089	-0.170210	-1.370000
447	-0.603686	-0.045226	0.108361	-1.370000
448	-0.606692	-0.017765	-0.099167	-1.370000
449	-0.581310	-0.196010	0.043402	-1.370000
450	-0.608830	0.039357	0.077477	-1.370000
451	-0.614283	0.013887	0.026239	-1.370000
452	-0.604841	0.110868	-0.010053	-1.370000
453	-0.577180	-0.207281	-0.046069	-1.370000
454	-0.611447	-0.002463	-0.065970	-1.370000
455	-0.613952	-0.021620	-0.028653	-1.370000
456	-0.606387	0.030793	0.097837	-1.370000
457	-0.579264	0.137745	0.153964	-1.370000
458	-0.614970	0.005243	0.003082	-1.370000
459	-0.607660	0.094026	-0.011567	-1.370000
460	-0.599617	0.136114	-0.012531	-1.370000
461	-0.563725	0.226784	-0.094908	-1.370000
462	-0.566936	-0.034786	-0.235794	-1.370000
463	-0.598518	-0.137752	0.032027	-1.370000
464	-0.600574	-0.017173	-0.131307	-1.370000
465	-0.605894	-0.103857	0.018211	-1.370000
466	-0.608304	0.079894	0.042515	-1.370000
467	-0.611388	0.008371	0.066030	-1.370000
468	-0.611596	-0.001776	0.064588	-1.370000
469	-0.596468	0.010681	0.149454	-1.370000
470	-0.601263	0.125760	0.029863	-1.370000
471	-0.591081	-0.125464	-0.114486	-1.370000
472	-0.601516	-0.023499	-0.125901	-1.370000
473	-0.604838	-0.082296	-0.074990	-1.370000
474	-0.614339	0.019775	0.020531	-1.370000
475	-0.576797	-0.070392	-0.201432	-1.370000
476	-0.614731	0.013057	-0.012670	-1.370000
477	-0.612120	-0.010024	-0.058592	-1.370000
478	-0.594004	0.080514	-0.137482	-1.370000
479	-0.614928	0.003070	0.008903	-1.370000
480	-0.594872	0.143428	-0.061486	-1.370000
481	-0.604238	-0.030251	0.110484	-1.370000
482	-0.608982	-0.034622	0.078534	-1.370000
483	-0.611448	0.054050	0.037881	-1.370000
484	-0.611570	0.052071	-0.038673	-1.370000
485	-0.595444	0.153615	0.008629	-1.370000
486	-0.535224	0.268764	-0.139738	-1.370000
487	-0.611026	0.060023	0.035624	-1.370000
488	-0.584521	0.190722	0.013598	-1.370000
489	-0.584011	-0.179205	-0.071002	-1.370000
490	-0.551069	-0.226722	0.152135	-1.370000
491	-0.606048	0.078971	0.068520	-1.370000
492	-0.588600	-0.168022	0.059528	-1.370000
493	-0.608137	0.021075	-0.089164	-1.370000
494	-0.608299	-0.081261	-0.039920	-1.370000
495	-0.606304	0.055865	0.086604	-1.370000
496	-0.590503	0.057193	-0.162052	-1.370000
497	-0.605338	0.081418	-0.071851	-1.370000
498	-0.595337	-0.132177	-0.079548	-1.370000
499	-0.609905	-0.018603	-0.076778	-1.370000
500	-0.606159	-0.103402	-0.010231	-1.370000
501	-0.611490	0.037129	0.054094	-1.370000
502	-0.609675	0.050434	0.063072	-1.370000
503	-0.614811	0.006853	-0.013632	-1.370000
504	-0.563820	-0.162104	-0.184537	-1.370000
505	-0.608866	0.075671	-0.042205	-1.370000
506	-0.584648	0.028429	-0.188689	-1.370000
507	-0.590602	0.079165	-0.152141	-1.370000
508	-0.612806	0.006451	-0.051500	-1.370000
509	-0.538468	0.198792	0.220815	-1.370000
510	-0.602699	0.079156	0.093342	-1.370000
511	-0.606948	0.074223	0.065807	-1.370000
512	-0.600893	0.055948	0.118416	-1.370000
513	-0.589430	-0.014400	0.174901	-1.370000
514	-0.603633	0.075329	0.090431	-1.370000
515	-0.598162	0.052667	-0.132865	-1.370000
516	-0.609754	0.002110	-0.080128	-1.370000
517	-0.561958	0.183733	-0.169323	-1.370000
518	-0.612970	-0.029201	0.040504	-1.370000
519	-0.588659	-0.149265	0.097082	-1.370000
520	-0.592775	-0.131114	0.098241	-1.370000
521	-0.613862	0.003892	0.037201	-1.370000
522	-0.607837	0.028519	0.089136	-1.370000
523	-0.608508	-0.074545	0.048853	-1.370000
524	-0.577522	-0.087507	-0.192448	-1.370000
525	-0.589467	0.103825	-0.141329	-1.370000
526	-0.609422	-0.056138	-0.060649	-1.370000
527	-0.542218	0.196403	0.213660	-1.370000
528	-0.583187	0.169716	-0.096513	-1.370000
529	-0.612768	-0.035277	0.038670	-1.370000
530	-0.607397	-0.094351	0.019778	-1.370000
531	-0.606220	0.074167	0.072261	-1.370000
532	-0.603316	0.033608	-0.114476	-1.370000
533	-0.536677	0.270539	0.130428	-1.370000
534	-0.610255	-0.018135	0.074064	-1.370000
535	-0.540779	0.250676	-0.151474	-1.370000
536	-0.587790	0.007129	0.180768	-1.370000
537	-0.597173	0.052540	0.137293	-1.370000
538	-0.613267	0.037479	-0.026914	-1.370000
539	-0.551556	-0.193929	0.190794	-1.370000
540	-0.540294	-0.068779	0.285617	-1.370000
541	-0.587886	0.057128	0.171322	-1.370000
542	-0.577337	0.210441	-0.024926	-1.370000
543	-0.605257	0.068608	-0.084748	-1.370000
544	-0.599132	-0.134398	-0.034677	-1.370000
545	-0.591803	-0.126330	0.109702	-1.370000
546	-0.601193	0.088632	0.094535	-1.370000
547	-0.590501	-0.171097	-0.016101	-1.370000
548	-0.607425	-0.016478	0.094804	-1.370000
549	-0.597833	0.091465	0.111603	-1.370000
550	-0.596062	0.066733	0.135949	-1.370000
551	-0.613915	0.013248	-0.034019	-1.370000
552	-0.594260	0.085415	-0.133358	-1.370000
553	-0.608381	0.022158	0.087213	-1.370000
554	-0.609790	0.061691	0.050750	-1.370000
555	-0.606087	0.080991	0.065757	-1.370000
556	-0.570605	-0.202521	0.107799	-1.370000
557	-0.594325	0.144973	-0.063128	-1.370000
558	-0.607990	0.006735	0.092349	-1.370000
559	-0.613237	-0.000423	-0.046538	-1.370000
560	-0.567807	0.236264	0.000300	-1.370000
561	-0.597763	0.128103	-0.067042	-1.370000
562	-0.599980	-0.018538	-0.133813	-1.370000
563	-0.613537	-0.003406	-0.042261	-1.370000
564	-0.601813	-0.055102	0.114059	-1.370000
565	-0.608604	0.084515	-0.026154	-1.370000
566	-0.593800	0.129694	0.093841	-1.370000
567	-0.546279	-0.157753	-0.234347	-1.370000
568	-0.606273	0.006289	-0.103048	-1.370000
569	-0.589093	-0.082319	-0.156264	-1.370000
570	-0.602775	-0.046940	0.112622	-1.370000
571	-0.602997	0.001968	0.120894	-1.370000
572	-0.592764	0.147515	0.071377	-1.370000
573	-0.565381	0.192591	-0.146553	-1.370000
574	-0.602236	0.039975	-0.118063	-1.370000
575	-0.591456	-0.081132	-0.147723	-1.370000
576	-0.611128	0.033550	0.060187	-1.370000
577	-0.601338	-0.048215	0.119551	-1.370000
578	-0.614090	0.025250	0.021923	-1.370000
579	-0.573410	0.182577	0.126853	-1.370000
580	-0.600764	-0.007139	0.131366	-1.370000
581	-0.597248	-0.088658	-0.116875	-1.370000
582	-0.598166	-0.122582	0.073461	-1.370000
583	-0.602742	-0.026547	-0.119256	-1.370000
584	-0.613939	0.017732	-0.031447	-1.370000
585	-0.579060	0.207157	-0.000208	-1.370000
586	-0.614410	-0.016014	-0.021658	-1.370000
587	-0.571895	0.167358	0.152158	-1.370000
588	-0.594208	0.133591	-0.085410	-1.370000
589	-0.583110	-0.053862	0.187900	-1.370000
590	-0.614586	0.018777	-0.012505	-1.370000
591	-0.607673	-0.026436	0.090880	-1.370000
592	-0.589733	0.159576	0.070539	-1.370000
593	-0.610572	0.021506	-0.070456	-1.370000
594	-0.597575	0.129981	0.065069	-1.370000
595	-0.585794	-0.112876	-0.149431	-1.370000
596	-0.613648	0.006437	-0.040249	-1.370000
597	-0.613405	0.040348	0.018209	-1.370000
598	-0.613650	-0.025314	-0.031907	-1.370000
599	-0.584204	-0.139930	0.131721	-1.370000
600	-0.610770	-0.024347	-0.067769	-1.370000
601	-0.614743	-0.014444	-0.010347	-1.370000
602	-0.580213	-0.155877	-0.131452	-1.370000
603	-0.607527	-0.044382	-0.084654	-1.370000
604	-0.607939	-0.078056	-0.050418	-1.370000
605	-0.584403	0.075923	-0.175879	-1.370000
606	-0.600580	0.109095	-0.075011	-1.370000
607	-0.580182	0.043972	-0.199200	-1.370000
608	-0.610012	-0.010958	-0.077393	-1.370000
609	-0.590716	0.169364	-0.024404	-1.370000
610	-0.556231	0.227534	-0.130616	-1.370000
611	-0.604982	-0.094266	0.057759	-1.370000
612	-0.614457	0.003319	0.025619	-1.370000
613	-0.589205	0.176034	0.008625	-1.370000
614	-0.602206	-0.035452	-0.119649	-1.370000
615	-0.604616	0.087414	0.070871	-1.370000
616	-0.614506	0.004274	0.024272	-1.370000
617	-0.612130	0.056961	-0.016666	-1.370000
618	-0.603460	0.014379	0.117704	-1.370000
619	-0.586213	0.034961	0.182639	-1.370000
620	-0.608271	-0.018428	0.088838	-1.370000
621	-0.580324	-0.156879	0.129763	-1.370000
622	-0.592320	0.143534	-0.082345	-1.370000
623	-0.614933	-0.000187	-0.009043	-1.370000
624	-0.612396	-0.049756	0.026851	-1.370000
625	-0.560468	0.177871	0.180172	-1.370000
626	-0.555868	-0.170287	0.200593	-1.370000
627	-0.606249	-0.006035	0.103203	-1.370000
628	-0.581914	-0.066697	0.187491	-1.370000
629	-0.611643	0.042661	0.047936	-1.370000
630	-0.589769	-0.123181	-0.123387	-1.370000
631	-0.555318	0.247750	-0.092016	-1.370000
632	-0.613388	0.042301	0.013811	-1.370000
633	-0.582878	0.049882	0.189712	-1.370000
634	-0.566901	-0.063064	-0.229938	-1.370000
635	-0.612324	-0.027679	0.050180	-1.370000
636	-0.604264	0.100909	0.053920	-1.370000
637	-0.576005	-0.111122	0.184649	-1.370000
638	-0.613124	0.023431	0.041895	-1.370000
639	-0.526570	0.199919	-0.246943	-1.370000
640	-0.573644	0.201222	-0.093097	-1.370000
641	-0.586110	0.005980	-0.186184	-1.370000
642	-0.600500	0.125146	-0.044310	-1.370000
643	-0.593625	0.070958	0.144221	-1.370000
644	-0.585117	-0.124468	0.142728	-1.370000
645	-0.601509	-0.127676	-0.010546	-1.370000
646	-0.565617	0.211321	0.116814	-1.370000
647	-0.442117	0.337011	0.263023	-1.370000
648	-0.583347	0.179779	-0.074910	-1.370000
649	-0.604362	-0.024822	-0.111154	-1.370000
650	-0.584004	0.130049	-0.142310	-1.370000
651	-0.598188	-0.002690	0.142789	-1.370000
652	-0.607003	0.088801	0.043434	-1.370000
653	-0.604785	0.080438	0.077395	-1.370000
654	-0.526126	-0.286495	0.139059	-1.370000
655	-0.603229	0.118205	-0.019161	-1.370000
656	-0.613680	0.040255	-0.001144	-1.370000
657	-0.602860	-0.119362	0.023182	-1.370000
658	-0.610067	-0.034875	0.069481	-1.370000
659	-0.599361	-0.016562	-0.136809	-1.370000
660	-0.609074	0.056043	0.064137	-1.370000
661	-0.584579	-0.069228	0.178044	-1.370000
662	-0.612122	-0.053326	-0.026228	-1.370000
663	-0.614273	0.029896	-0.000531	-1.370000
664	-0.555427	0.253841	-0.072735	-1.370000
665	-0.568890	0.107442	0.207474	-1.370000
666	-0.503213	-0.089237	-0.342109	-1.370000
667	-0.509804	0.150782	-0.309177	-1.370000
668	-0.541187	-0.086805	-0.278938	-1.370000
669	-0.593286	-0.152629	-0.054231	-1.370000
670	-0.542035	0.091069	0.275915	-1.370000
671	-0.570278	0.185709	0.136090	-1.370000
672	-0.612783	0.009155	-0.051363	-1.370000
673	-0.586450	-0.006097	0.185106	-1.370000
674	-0.590909	-0.012530	-0.169983	-1.370000
675	-0.566029	-0.208227	-0.120322	-1.370000
676	-0.589617	0.138300	-0.107001	-1.370000
677	-0.592882	-0.160821	-0.029204	-1.370000
678	-0.589076	-0.018184	0.175737	-1.370000
679	-0.607427	0.002016	0.096191	-1.370000
680	-0.594275	-0.158049	-0.009102	-1.370000
681	-0.604364	0.075149	0.085568	-1.370000
682	-0.570474	-0.054767	0.223125	-1.370000
683	-0.582843	-0.195901	-0.011927	-1.370000
684	-0.602824	0.050187	-0.110951	-1.370000
685	-0.598577	0.103012	-0.096537	-1.370000
686	-0.542582	0.289429	-0.007778	-1.370000
687	-0.580325	0.201777	0.027095	-1.370000
688	-0.602621	0.119247	-0.029207	-1.370000
689	-0.501828	0.355486	0.004751	-1.370000
690	-0.610030	0.076127	-0.017128	-1.370000
691	-0.604129	-0.026885	0.111941	-1.370000
692	-0.613313	0.019563	0.041103	-1.370000
693	-0.589396	0.164269	-0.062071	-1.370000
694	-0.609723	-0.079637	-0.011010	-1.370000
695	-0.599517	0.127199	-0.051239	-1.370000
696	-0.605372	0.031834	0.103615	-1.370000
697	-0.571425	0.207565	-0.092816	-1.370000
698	-0.613099	-0.034953	-0.033356	-1.370000
699	-0.608375	0.049981	0.074879	-1.370000
700	-0.613708	-0.039791	-0.002065	-1.370000
701	-0.597011	0.147127	-0.012537	-1.370000
702	-0.536485	-0.057399	-0.295151	-1.370000
703	-0.577719	-0.181013	-0.108164	-1.370000
704	-0.594323	0.151449	0.045477	-1.370000
705	-0.604818	-0.024109	-0.108805	-1.370000
706	-0.597109	-0.073096	0.127839	-1.370000
707	-0.606453	0.099397	0.023669	-1.370000
708	-0.588710	-0.126808	0.124759	-1.370000
709	-0.606753	-0.050363	-0.086829	-1.370000
710	-0.525953	0.171477	0.268689	-1.370000
711	-0.535209	-0.021497	-0.302182	-1.370000
712	-0.604200	-0.078381	-0.083807	-1.370000
713	-0.591090	0.050541	-0.162120	-1.370000
714	-0.587949	0.151816	-0.097433	-1.370000
715	-0.612662	-0.013619	-0.051816	-1.370000
716	-0.593773	0.065176	0.146323	-1.370000
717	-0.608452	0.088670	0.012212	-1.370000
718	-0.596063	0.150457	0.017225	-1.370000
719	-0.590574	0.112017	-0.129998	-1.370000
720	-0.569036	-0.226216	0.057003	-1.370000
721	-0.538376	0.185740	-0.232114	-1.370000
722	-0.614559	0.005804	0.022557	-1.370000
723	-0.607139	0.025349	0.094683	-1.370000
724	-0.609681	-0.077882	-0.021168	-1.370000
725	-0.588365	-0.018233	0.178100	-1.370000
726	-0.569421	-0.054880	-0.225771	-1.370000
727	-0.610439	0.035981	0.065533	-1.370000
728	-0.534168	0.060700	-0.298672	-1.370000
729	-0.542700	0.068099	-0.281183	-1.370000
730	-0.565088	0.022092	-0.241686	-1.370000
731	-0.599142	0.121292	0.067394	-1.370000
732	-0.547715	-0.208676	0.186247	-1.370000
733	-0.610444	-0.006984	-0.074397	-1.370000
734	-0.612648	0.008546	-0.053046	-1.370000
735	-0.606953	0.094816	-0.029041	-1.370000
736	-0.602106	0.045548	-0.116699	-1.370000
737	-0.516938	0.292038	-0.160356	-1.370000
738	-0.550132	0.166723	-0.218595	-1.370000
739	-0.592113	0.123597	0.111134	-1.370000
740	-0.595130	0.145253	0.054291	-1.370000
741	-0.608984	0.005452	-0.085636	-1.370000
742	-0.604494	-0.108166	-0.033340	-1.370000
743	-0.601000	0.009391	0.130140	-1.370000
744	-0.579277	-0.034135	0.203710	-1.370000
745	-0.600242	-0.087111	0.101714	-1.370000
746	-0.609690	-0.000022	0.080639	-1.370000
747	-0.579714	-0.081813	-0.188315	-1.370000
748	-0.611100	-0.053885	0.043344	-1.370000
749	-0.599433	0.125365	0.056468	-1.370000
750	-0.575820	0.213918	-0.029923	-1.370000
751	-0.590558	-0.136872	0.103599	-1.370000
752	-0.592872	-0.084538	0.139932	-1.370000
753	-0.614274	-0.020699	0.021549	-1.370000
754	-0.611372	-0.006817	0.066358	-1.370000
755	-0.585923	0.168999	-0.079737	-1.370000
756	-0.602104	-0.077612	-0.098345	-1.370000
757	-0.609737	-0.045654	-0.066043	-1.370000
758	-0.600950	0.030499	0.127096	-1.370000
759	-0.572404	-0.175954	-0.140067	-1.370000
760	-0.611428	0.047518	0.046079	-1.370000
761	-0.565946	0.240676	-0.002166	-1.370000
762	-0.562243	0.189592	0.161750	-1.370000
763	-0.604706	0.111006	0.015294	-1.370000
764	-0.578657	0.135196	-0.158438	-1.370000
765	-0.552676	0.262151	0.063648	-1.370000
766	-0.602777	0.119042	-0.026714	-1.370000
767	-0.562382	-0.025849	0.247555	-1.370000
768	-0.540948	-0.264455	0.125154	-1.370000
769	-0.571275	0.150576	-0.170871	-1.370000
770	-0.606446	-0.019710	0.100297	-1.370000
771	-0.519092	0.075749	-0.320983	-1.370000
772	-0.590602	0.015268	-0.170824	-1.370000
773	-0.590766	-0.112795	-0.128442	-1.370000
774	-0.570432	0.204657	0.104634	-1.370000
775	-0.578919	-0.056698	0.199657	-1.370000
776	-0.543726	0.233501	0.167524	-1.370000
777	-0.599459	0.128472	-0.048670	-1.370000
778	-0.575668	0.167385	-0.137162	-1.370000
779	-0.560913	0.120235	-0.221688	-1.370000
780	-0.602270	0.121577	0.026733	-1.370000
781	-0.602746	-0.122145	-0.001724	-1.370000
782	-0.575096	0.117729	0.183383	-1.370000
783	-0.600833	-0.001376	0.131236	-1.370000
784	-0.603069	-0.099195	0.068510	-1.370000
785	-0.604800	0.089984	-0.065913	-1.370000
786	-0.610008	0.067332	-0.039773	-1.370000
787	-0.511987	-0.031384	-0.339277	-1.370000
788	-0.609137	0.057280	0.062423	-1.370000
789	-0.547567	0.050961	-0.275315	-1.370000
790	-0.613245	-0.031835	-0.033794	-1.370000
791	-0.589716	0.156092	0.078073	-1.370000
792	-0.611235	-0.042745	-0.052822	-1.370000
793	-0.614572	-0.015754	0.016685	-1.370000
794	-0.613626	0.039953	0.009596	-1.370000
795	-0.568569	0.222586	0.073553	-1.370000
796	-0.587467	0.013213	0.181474	-1.370000
797	-0.546976	0.188112	-0.208940	-1.370000
798	-0.594600	0.129624	-0.088733	-1.370000
799	-0.603255	0.079237	-0.089612	-1.370000
800	-0.600844	0.100169	-0.084721	-1.370000
801	-0.569390	0.190434	0.133248	-1.370000
802	-0.601755	0.123060	0.031174	-1.370000
803	-0.590064	-0.144606	-0.095599	-1.370000
804	-0.548888	0.148225	0.234471	-1.370000
805	-0.613725	0.038284	-0.010020	-1.370000
806	-0.612195	-0.013682	0.057058	-1.370000
807	-0.609017	-0.081165	0.027109	-1.370000
808	-0.600834	0.127365	0.031645	-1.370000
809	-0.604423	0.111986	0.018905	-1.370000
810	-0.603498	0.101604	-0.060756	-1.370000
811	-0.558267	0.183643	-0.181214	-1.370000
812	-0.563980	-0.180686	-0.165844	-1.370000
813	-0.602409	0.118334	0.036404	-1.370000
814	-0.610454	0.053061	-0.052494	-1.370000
815	-0.607855	0.067987	0.064144	-1.370000
816	-0.610394	0.073740	0.014356	-1.370000
817	-0.574185	-0.125357	-0.181169	-1.370000
818	-0.607680	0.051634	0.079273	-1.370000
819	-0.611217	-0.010965	-0.067218	-1.370000
820	-0.585496	0.152299	-0.110565	-1.370000
821	-0.568889	0.212008	-0.098200	-1.370000
822	-0.555622	0.196624	0.175635	-1.370000
823	-0.605522	-0.033342	0.102256	-1.370000
824	-0.604097	0.115009	0.008035	-1.370000
825	-0.556013	0.219296	-0.144858	-1.370000
826	-0.528032	0.060956	-0.309341	-1.370000
827	-0.468883	0.332534	-0.218621	-1.370000
828	-0.582214	0.187816	-0.063061	-1.370000
829	-0.577908	0.009431	0.210138	-1.370000
830	-0.598946	-0.082084	0.112917	-1.370000
831	-0.601672	0.105233	0.071707	-1.370000
832	-0.585600	0.154771	0.106505	-1.370000
833	-0.604066	0.070828	0.091173	-1.370000
834	-0.530196	0.130727	-0.282892	-1.370000
835	-0.606668	-0.071424	0.071258	-1.370000
836	-0.609748	-0.053476	-0.059776	-1.370000
837	-0.557477	0.241561	0.095353	-1.370000
838	-0.572297	-0.144493	0.172695	-1.370000
839	-0.602788	0.111753	-0.048821	-1.370000
840	-0.601685	-0.099135	0.079824	-1.370000
841	-0.614773	-0.001166	0.016684	-1.370000
842	-0.592852	0.006908	0.163414	-1.370000
843	-0.583533	0.190030	0.040037	-1.370000
844	-0.564653	0.241797	-0.030427	-1.370000
845	-0.562855	-0.043215	0.244032	-1.370000
846	-0.537052	-0.146322	-0.261516	-1.370000
847	-0.583882	-0.180297	-0.069277	-1.370000
848	-0.536609	-0.137082	0.267366	-1.370000
849	-0.592951	0.131013	-0.097310	-1.370000
850	-0.613833	-0.032946	-0.018678	-1.370000
