1	0.612934	0.039473	-0.031287	1.210000
2	0.588305	-0.073627	0.163405	1.210000
3	0.505785	0.292904	0.191347	1.210000
4	0.575353	-0.214407	0.034969	1.210000
5	0.599699	-0.131261	-0.036839	1.210000
6	0.570431	-0.197429	0.117706	1.210000
7	0.592611	-0.062260	0.152189	1.210000
8	0.560993	0.191295	-0.164068	1.210000
9	0.584384	-0.117303	-0.151527	1.210000
10	0.551707	-0.244239	0.119128	1.210000
11	0.593014	0.042092	-0.157442	1.210000
12	0.606004	-0.024306	0.101950	1.210000
13	0.581119	-0.166062	0.113794	1.210000
14	0.590137	-0.086839	-0.149742	1.210000
15	0.591035	-0.134677	0.103752	1.210000
16	0.614227	-0.029520	-0.008848	1.210000
17	0.546289	-0.027210	-0.281164	1.210000
18	0.571568	-0.204782	0.097978	1.210000
19	0.597289	-0.030073	-0.143412	1.210000
20	0.602879	-0.102976	-0.064478	1.210000
21	0.607215	-0.070910	0.066987	1.210000
22	0.594704	0.136645	-0.076683	1.210000
23	0.585213	0.071838	0.174901	1.210000
24	0.577515	-0.208967	0.032161	1.210000
25	0.584464	-0.183154	0.055507	1.210000
26	0.606471	-0.032615	0.096718	1.210000
27	0.577008	-0.077956	0.198013	1.210000
28	0.593656	-0.134534	-0.087740	1.210000
29	0.603298	-0.030278	0.115500	1.210000
30	0.565635	0.079153	-0.228072	1.210000
31	0.573197	0.219830	-0.036675	1.210000
32	0.583715	0.160750	0.107988	1.210000
33	0.600440	0.132988	-0.003272	1.210000
34	0.614203	0.026922	-0.015977	1.210000
35	0.596091	0.150917	0.011141	1.210000
36	0.483365	-0.363532	-0.111480	1.210000
37	0.613573	-0.041688	0.003921	1.210000
38	0.489101	-0.351114	-0.125396	1.210000
39	0.593815	-0.153154	-0.046394	1.210000
40	0.586339	-0.060323	-0.175479	1.210000
41	0.548132	0.061590	-0.271999	1.210000
42	0.601224	-0.123333	-0.039293	1.210000
43	0.591927	-0.166109	-0.015962	1.210000
44	0.593803	0.011100	-0.159685	1.210000
45	0.580118	-0.040302	-0.200160	1.210000
46	0.550046	0.038117	0.272436	1.210000
47	0.607036	0.062470	-0.076356	1.210000
48	0.595312	-0.151154	0.031313	1.210000
49	0.592101	0.037946	-0.161870	1.210000
50	0.610277	0.035836	-0.067102	1.210000
51	0.589482	-0.040868	-0.170488	1.210000
52	0.550296	-0.137182	-0.237866	1.210000
53	0.584130	0.052846	-0.184998	1.210000
54	0.557884	0.133203	-0.221918	1.210000
55	0.603152	-0.003345	-0.120088	1.210000
56	0.593841	0.036187	0.155785	1.210000
57	0.577796	0.029145	-0.208631	1.210000
58	0.592392	0.063608	0.152483	1.210000
59	0.613680	-0.021358	-0.034149	1.210000
60	0.538994	-0.103601	-0.277448	1.210000
61	0.599593	0.114923	-0.074203	1.210000
62	0.578380	-0.029690	-0.206931	1.210000
63	0.508676	0.036841	-0.343681	1.210000
64	0.609049	-0.085083	0.006748	1.210000
65	0.613980	0.035409	-0.000056	1.210000
66	0.553151	0.132605	-0.233806	1.210000
67	0.549027	-0.181920	-0.209044	1.210000
68	0.538432	0.164389	-0.247574	1.210000
69	0.611173	0.039829	-0.055738	1.210000
70	0.535046	0.039843	-0.300605	1.210000
71	0.605691	-0.033426	-0.101221	1.210000
72	0.599976	0.063650	0.119175	1.210000
73	0.548549	-0.219501	0.170701	1.210000
74	0.607456	-0.040464	0.087089	1.210000
75	0.597348	0.007635	-0.146088	1.210000
76	0.612516	0.051209	-0.020658	1.210000
77	0.589237	-0.015182	-0.175484	1.210000
78	0.612034	0.053353	-0.028159	1.210000
79	0.600000	0.118588	-0.064510	1.210000
80	0.582486	0.051665	-0.190437	1.210000
81	0.605048	0.060700	0.091962	1.210000
82	0.587938	-0.033871	0.177218	1.210000
83	0.608975	0.063684	0.057610	1.210000
84	0.573554	0.201205	-0.093688	1.210000
85	0.568317	0.219842	0.083126	1.210000
86	0.606257	-0.079290	-0.066259	1.210000
87	0.559019	-0.241221	0.086807	1.210000
88	0.558619	0.108351	0.233301	1.210000
89	0.586819	-0.003179	0.184005	1.210000
90	0.533949	0.006134	0.305099	1.210000
91	0.605034	-0.082072	0.073638	1.210000
92	0.604219	0.112244	0.023360	1.210000
93	0.586555	0.154050	0.102212	1.210000
94	0.561903	0.219891	-0.118904	1.210000
95	0.609781	0.046455	0.065071	1.210000
96	0.580434	-0.038131	0.199669	1.210000
97	0.600070	0.124955	-0.050267	1.210000
98	0.545382	0.141329	0.246595	1.210000
99	0.578436	0.099472	0.183689	1.210000
100	0.608060	0.054876	-0.074005	1.210000
101	0.609646	0.027599	-0.076123	1.210000
102	0.614847	0.000948	0.013705	1.210000
103	0.500584	0.333867	-0.127176	1.210000
104	0.570571	0.222269	-0.057184	1.210000
105	0.612668	-0.043389	-0.031304	1.210000
106	0.609373	0.058176	0.059206	1.210000
107	0.602639	0.112299	0.049394	1.210000
108	0.595206	0.071710	0.137158	1.210000
109	0.536725	0.020847	-0.299528	1.210000
110	0.610980	0.063390	0.030160	1.210000
111	0.612843	0.015331	0.049130	1.210000
112	0.568272	0.212784	-0.100077	1.210000
113	0.607434	0.062537	-0.073061	1.210000
114	0.590071	0.018126	-0.172372	1.210000
115	0.598179	-0.111414	0.089409	1.210000
116	0.552748	-0.063986	0.261916	1.210000
117	0.597169	-0.103654	0.104260	1.210000
118	0.613466	-0.026019	-0.034742	1.210000
119	0.575319	0.072472	0.204894	1.210000
120	0.611228	0.016183	0.066061	1.210000
121	0.548304	-0.277606	-0.022863	1.210000
122	0.536954	-0.263385	0.143297	1.210000
123	0.606656	0.021744	0.098592	1.210000
124	0.600558	-0.063156	-0.116473	1.210000
125	0.562092	-0.158822	-0.192492	1.210000
126	0.610991	-0.069712	0.007417	1.210000
127	0.594121	-0.097340	-0.125580	1.210000
128	0.606044	0.104151	-0.009362	1.210000
129	0.609741	-0.080162	-0.003810	1.210000
130	0.598320	0.042299	-0.135826	1.210000
131	0.612761	-0.048324	0.020354	1.210000
132	0.579140	-0.167741	-0.121182	1.210000
133	0.550148	-0.198432	-0.190230	1.210000
134	0.613000	-0.042242	-0.025916	1.210000
135	0.593149	-0.021215	0.161089	1.210000
136	0.600770	0.067931	-0.112632	1.210000
137	0.558291	0.248013	-0.070893	1.210000
138	0.611306	0.024814	0.062569	1.210000
139	0.608917	0.040447	-0.076215	1.210000
140	0.602851	0.074936	-0.095811	1.210000
141	0.606190	-0.057681	0.086204	1.210000
142	0.586917	-0.054312	-0.175510	1.210000
143	0.591130	-0.045209	-0.163544	1.210000
144	0.536141	0.178393	-0.242804	1.210000
145	0.589321	-0.115308	-0.132778	1.210000
146	0.605351	-0.102901	-0.034445	1.210000
147	0.597061	-0.015420	-0.146648	1.210000
148	0.614444	0.022738	-0.012919	1.210000
149	0.516431	0.155004	-0.295800	1.210000
150	0.578265	-0.202891	0.051674	1.210000
151	0.570677	-0.223595	0.050576	1.210000
152	0.608007	-0.064267	0.066501	1.210000
153	0.592808	-0.084845	-0.140018	1.210000
154	0.610310	-0.074708	0.012854	1.210000
155	0.593546	-0.121505	-0.105664	1.210000
156	0.550932	-0.264332	-0.069479	1.210000
157	0.456202	-0.255857	-0.323484	1.210000
158	0.610820	-0.066224	-0.027162	1.210000
159	0.578681	0.167782	-0.123299	1.210000
160	0.613824	0.023531	0.029860	1.210000
161	0.611782	0.061399	-0.013358	1.210000
162	0.554948	-0.193114	-0.181561	1.210000
163	0.566485	-0.111232	-0.212008	1.210000
164	0.609107	0.078755	0.031804	1.210000
165	0.603095	-0.053512	-0.107878	1.210000
166	0.594416	0.155541	-0.026483	1.210000
167	0.606282	-0.102820	0.008698	1.210000
168	0.582430	-0.195040	-0.030972	1.210000
169	0.602786	0.121957	0.000751	1.210000
170	0.548026	0.188563	-0.205759	1.210000
171	0.587569	0.170077	0.063726	1.210000
172	0.570869	-0.211891	0.086232	1.210000
173	0.611660	-0.062397	-0.014288	1.210000
174	0.600409	0.092397	0.095902	1.210000
175	0.567149	-0.017542	0.237192	1.210000
176	0.614271	0.027914	0.010796	1.210000
177	0.593820	-0.016914	-0.159112	1.210000
178	0.596402	-0.009855	-0.149776	1.210000
179	0.607768	0.027372	0.089965	1.210000
180	0.573376	0.214045	-0.060416	1.210000
181	0.611257	0.057230	-0.036260	1.210000
182	0.605669	0.101690	0.032386	1.210000
183	0.613278	0.016406	0.042968	1.210000
184	0.583692	0.141348	0.132472	1.210000
185	0.579006	-0.015302	0.206745	1.210000
186	0.598319	-0.006325	-0.142124	1.210000
187	0.607803	0.007163	-0.093538	1.210000
188	0.607692	-0.050515	-0.079896	1.210000
189	0.608134	0.090905	0.011587	1.210000
190	0.491562	0.050689	0.366091	1.210000
191	0.508701	0.345412	-0.011769	1.210000
192	0.601673	0.012919	0.126678	1.210000
193	0.609694	0.029878	-0.074867	1.210000
194	0.606549	-0.054978	0.085441	1.210000
195	0.596149	-0.048683	0.143041	1.210000
196	0.596058	-0.124744	0.085897	1.210000
197	0.553197	0.178867	0.200510	1.210000
198	0.579423	0.171631	0.114177	1.210000
199	0.566460	-0.239455	0.003027	1.210000
200	0.598654	0.064094	-0.125422	1.210000
201	0.522467	0.314146	-0.081028	1.210000
202	0.563208	0.245705	-0.025502	1.210000
203	0.518933	0.302810	-0.131300	1.210000
204	0.569277	0.207879	-0.104567	1.210000
205	0.579810	0.043032	0.200485	1.210000
206	0.610292	0.008498	-0.075471	1.210000
207	0.602979	-0.088804	-0.082189	1.210000
208	0.591964	0.166391	0.010872	1.210000
209	0.579821	0.192399	0.070817	1.210000
210	0.589741	0.061794	-0.163134	1.210000
211	0.586586	-0.019737	-0.183717	1.210000
212	0.565959	-0.175888	0.164251	1.210000
213	0.606282	-0.090236	-0.050045	1.210000
214	0.614075	-0.033250	0.005577	1.210000
215	0.537241	0.269022	0.131241	1.210000
216	0.590920	-0.128940	0.111414	1.210000
217	0.609363	-0.075142	-0.035441	1.210000
218	0.545074	-0.079854	-0.273390	1.210000
219	0.588909	-0.145550	0.101128	1.210000
220	0.595427	-0.113740	-0.103705	1.210000
221	0.608468	0.020245	-0.087075	1.210000
222	0.568989	0.075003	-0.221022	1.210000
223	0.599069	0.139025	-0.003722	1.210000
224	0.604730	-0.026193	-0.108816	1.210000
225	0.613225	0.019360	-0.042485	1.210000
226	0.612964	0.029537	-0.040350	1.210000
227	0.592207	-0.164448	-0.021741	1.210000
228	0.607024	-0.005094	-0.098593	1.210000
229	0.601411	0.016219	-0.127541	1.210000
230	0.582969	-0.187552	-0.056539	1.210000
231	0.589460	-0.059860	-0.164861	1.210000
232	0.613709	0.016283	0.036340	1.210000
233	0.609738	-0.073189	-0.032983	1.210000
234	0.611722	-0.060866	0.017796	1.210000
235	0.603556	0.117940	0.005967	1.210000
236	0.599518	-0.104816	-0.088413	1.210000
237	0.606509	0.100643	0.015568	1.210000
238	0.599191	0.031430	0.134933	1.210000
239	0.609881	-0.027840	0.074133	1.210000
240	0.571214	-0.129889	0.187265	1.210000
241	0.593662	-0.160428	0.007324	1.210000
242	0.567479	-0.231400	-0.051449	1.210000
243	0.559232	0.194374	-0.166443	1.210000
244	0.588642	0.017958	-0.177209	1.210000
245	0.607299	-0.084418	-0.047821	1.210000
246	0.611920	-0.042639	0.044277	1.210000
247	0.605967	0.087876	0.057507	1.210000
248	0.606158	0.087059	0.056727	1.210000
249	0.498658	-0.194895	-0.302624	1.210000
250	0.592578	-0.143893	0.079822	1.210000
251	0.577626	-0.210097	-0.020790	1.210000
252	0.561740	0.085859	0.235163	1.210000
253	0.579087	0.143336	0.149459	1.210000
254	0.614728	-0.015410	-0.009879	1.210000
255	0.583530	-0.052398	-0.187008	1.210000
256	0.586396	-0.169718	-0.074569	1.210000
257	0.580368	0.083544	-0.185522	1.210000
258	0.604206	-0.114677	0.002974	1.210000
259	0.603007	0.102808	-0.063543	1.210000
260	0.608288	0.090247	-0.008127	1.210000
261	0.613217	-0.036970	0.028689	1.210000
262	0.607650	-0.046967	-0.082344	1.210000
263	0.614373	-0.013274	0.024383	1.210000
264	0.604242	-0.112758	0.020069	1.210000
265	0.560047	0.231002	-0.105878	1.210000
266	0.565390	-0.045606	-0.237653	1.210000
267	0.492207	-0.041267	-0.366407	1.210000
268	0.600073	0.118439	-0.064110	1.210000
269	0.614586	-0.017154	0.014669	1.210000
270	0.566709	-0.188858	0.146284	1.210000
271	0.585575	0.118335	0.146026	1.210000
272	0.605379	0.043938	0.099048	1.210000
273	0.600108	-0.032403	-0.130557	1.210000
274	0.612462	0.043611	0.034828	1.210000
275	0.590194	-0.042234	-0.167666	1.210000
276	0.591038	0.065520	-0.156862	1.210000
277	0.577753	0.069720	0.198910	1.210000
278	0.610870	0.035303	0.061774	1.210000
279	0.599282	-0.058335	0.125232	1.210000
280	0.608887	0.085039	-0.015822	1.210000
281	0.540050	-0.145971	-0.255468	1.210000
282	0.606207	-0.096634	-0.037416	1.210000
283	0.605986	0.077600	-0.070602	1.210000
284	0.598224	0.083335	-0.115795	1.210000
285	0.614752	0.012989	0.011688	1.210000
286	0.535276	0.184965	0.239777	1.210000
287	0.614338	-0.002508	-0.028427	1.210000
288	0.614609	-0.021830	0.002182	1.210000
289	0.591891	0.103776	0.130845	1.210000
290	0.580981	-0.168022	0.111599	1.210000
291	0.612488	-0.055518	0.000802	1.210000
292	0.614318	-0.025892	0.012949	1.210000
293	0.608619	0.064608	0.060285	1.210000
294	0.614287	0.022977	0.018660	1.210000
295	0.591119	0.034992	0.166071	1.210000
296	0.579563	0.159064	-0.130502	1.210000
297	0.596306	0.092694	0.118541	1.210000
298	0.569660	0.221634	-0.067758	1.210000
299	0.598309	0.084263	-0.114676	1.210000
300	0.603799	-0.077111	0.087785	1.210000
301	0.598654	-0.068809	0.122898	1.210000
302	0.587666	-0.089299	0.157793	1.210000
303	0.605494	0.101025	0.037357	1.210000
304	0.594478	-0.126624	-0.093738	1.210000
305	0.609611	0.026370	0.076836	1.210000
306	0.606871	-0.039575	0.091467	1.210000
307	0.598420	0.073027	-0.121596	1.210000
308	0.574695	0.172962	0.134296	1.210000
309	0.594871	-0.154929	-0.018711	1.210000
310	0.590154	0.094542	0.144933	1.210000
311	0.537595	0.209801	0.212602	1.210000
312	0.601253	0.095078	0.087638	1.210000
313	0.598791	0.071280	0.120804	1.210000
314	0.581656	-0.088811	0.178924	1.210000
315	0.612531	0.054988	-0.002720	1.210000
316	0.608321	-0.089960	0.008836	1.210000
317	0.614053	0.028191	0.019203	1.210000
318	0.580555	-0.113688	-0.168096	1.210000
319	0.593574	0.050694	-0.152725	1.210000
320	0.544534	0.025439	0.284711	1.210000
321	0.596062	-0.060912	0.138652	1.210000
322	0.608513	0.063697	0.062292	1.210000
323	0.521267	-0.018358	0.325835	1.210000
324	0.595947	0.102849	0.111778	1.210000
325	0.513827	-0.292880	-0.168606	1.210000
326	0.595649	-0.123155	-0.090887	1.210000
327	0.608632	-0.036806	-0.080230	1.210000
328	0.614602	0.015576	-0.015701	1.210000
329	0.579207	-0.000977	-0.206744	1.210000
330	0.607852	0.053986	0.076328	1.210000
331	0.609721	0.053400	0.060117	1.210000
332	0.580987	-0.060077	-0.192534	1.210000
333	0.606956	-0.094262	0.030727	1.210000
334	0.580763	0.166702	-0.114675	1.210000
335	0.614921	-0.002858	0.009450	1.210000
336	0.551992	-0.061119	-0.264186	1.210000
337	0.595957	-0.036745	-0.147343	1.210000
338	0.578846	0.043083	-0.203240	1.210000
339	0.555843	-0.248747	-0.085954	1.210000
340	0.588270	-0.148402	-0.100697	1.210000
341	0.606089	0.101624	-0.023522	1.210000
342	0.606096	0.073452	-0.074010	1.210000
343	0.611212	0.067940	0.005372	1.210000
344	0.614120	0.001754	0.032850	1.210000
345	0.604588	-0.072020	0.086670	1.210000
346	0.614009	-0.018463	-0.029621	1.210000
347	0.606466	-0.071197	-0.073175	1.210000
348	0.589695	0.164570	-0.058318	1.210000
349	0.572966	0.101883	0.198885	1.210000
350	0.612767	0.044947	0.026852	1.210000
351	0.564009	0.003974	0.245159	1.210000
352	0.608298	0.050346	-0.075262	1.210000
353	0.601812	-0.126676	-0.000912	1.210000
354	0.606728	-0.025878	-0.097142	1.210000
355	0.576468	0.052269	-0.207792	1.210000
356	0.581496	0.153521	-0.128525	1.210000
357	0.559608	-0.167110	-0.192712	1.210000
358	0.584005	-0.077588	-0.176473	1.210000
359	0.602831	-0.055626	-0.108283	1.210000
360	0.582566	-0.065683	0.185817	1.210000
361	0.556658	-0.028555	-0.259887	1.210000
362	0.533122	-0.271295	0.142845	1.210000
363	0.612349	-0.051914	-0.023633	1.210000
364	0.592800	-0.058535	0.152928	1.210000
365	0.610736	0.063388	0.034757	1.210000
366	0.602354	-0.082355	-0.092803	1.210000
367	0.552296	-0.102739	-0.250277	1.210000
368	0.597819	-0.087219	-0.115025	1.210000
369	0.578774	-0.077840	-0.192838	1.210000
370	0.590625	0.095543	-0.142335	1.210000
371	0.599428	-0.105745	0.087918	1.210000
372	0.589484	-0.132761	0.114493	1.210000
373	0.586561	0.163230	-0.086762	1.210000
374	0.608982	0.059674	-0.061686	1.210000
375	0.551689	0.029695	-0.270153	1.210000
376	0.598654	-0.083028	-0.113774	1.210000
377	0.599680	0.014536	-0.135639	1.210000
378	0.603820	0.055814	0.102526	1.210000
379	0.568554	0.039577	0.231096	1.210000
380	0.549064	-0.222802	0.164662	1.210000
381	0.606485	-0.006720	-0.101761	1.210000
382	0.599868	0.019512	-0.134174	1.210000
383	0.555708	-0.233112	-0.122772	1.210000
384	0.599526	0.112057	0.078971	1.210000
385	0.611763	0.033454	-0.053398	1.210000
386	0.609392	0.042533	-0.071119	1.210000
387	0.590565	-0.154192	0.075383	1.210000
388	0.609556	-0.025591	-0.077534	1.210000
389	0.604737	0.001905	0.111866	1.210000
390	0.612559	-0.050771	0.020480	1.210000
391	0.609356	0.016327	0.081507	1.210000
392	0.614616	0.016261	0.014426	1.210000
393	0.584072	0.162116	0.103941	1.210000
394	0.539033	0.288151	-0.068099	1.210000
395	0.529448	0.273642	-0.151758	1.210000
396	0.584740	0.084394	0.170827	1.210000
397	0.608540	-0.086529	0.020418	1.210000
398	0.611145	-0.001761	0.068733	1.210000
399	0.607466	0.093043	0.023517	1.210000
400	0.562304	-0.071568	0.238572	1.210000
401	0.578217	0.094045	0.187205	1.210000
402	0.540602	0.069415	0.284879	1.210000
403	0.595168	-0.154381	-0.012889	1.210000
404	0.595622	0.152071	0.018267	1.210000
405	0.592898	0.133687	0.093938	1.210000
406	0.556726	0.182709	-0.186812	1.210000
407	0.582404	0.187196	-0.063157	1.210000
408	0.598361	-0.109221	0.090882	1.210000
409	0.578409	0.093026	0.187122	1.210000
410	0.574358	-0.198100	0.095367	1.210000
411	0.604108	-0.106792	0.043291	1.210000
412	0.598852	0.139632	-0.010193	1.210000
413	0.569730	0.197772	-0.120493	1.210000
414	0.590093	-0.007463	0.173089	1.210000
415	0.598801	-0.089060	-0.108308	1.210000
416	0.590482	0.153745	0.076931	1.210000
417	0.550331	0.207228	0.180047	1.210000
418	0.591058	-0.054491	-0.160955	1.210000
419	0.595625	-0.084004	0.128057	1.210000
420	0.513170	0.337103	-0.035262	1.210000
421	0.581966	0.179687	0.085163	1.210000
422	0.583826	0.069943	-0.180223	1.210000
423	0.547505	-0.230263	-0.159505	1.210000
424	0.614083	-0.012992	0.030959	1.210000
425	0.602660	-0.041995	0.115163	1.210000
426	0.605655	-0.029260	-0.102719	1.210000
427	0.558338	0.088451	0.242198	1.210000
428	0.522608	0.120697	0.300895	1.210000
429	0.555422	-0.263926	0.008617	1.210000
430	0.501140	-0.246998	-0.257051	1.210000
431	0.570328	0.006783	-0.230010	1.210000
432	0.605315	-0.051940	-0.095506	1.210000
433	0.595397	0.144880	-0.052319	1.210000
434	0.593118	-0.082918	-0.139859	1.210000
435	0.588461	-0.175136	-0.035576	1.210000
436	0.605436	0.071722	0.080795	1.210000
437	0.611907	-0.039748	0.047058	1.210000
438	0.614722	0.018385	0.002051	1.210000
439	0.596636	-0.031200	-0.145868	1.210000
440	0.614757	0.003805	0.016865	1.210000
441	0.601701	0.125015	-0.023505	1.210000
442	0.584691	-0.055066	-0.182561	1.210000
443	0.572006	-0.103273	-0.200919	1.210000
444	0.600121	-0.011143	0.133997	1.210000
445	0.607580	-0.070006	0.064579	1.210000
446	0.584225	0.037306	0.188454	1.210000
447	0.604678	-0.048024	-0.101409	1.210000
448	0.595347	0.002448	0.154209	1.210000
449	0.583197	0.195145	-0.005027	1.210000
450	0.593606	0.132054	0.091754	1.210000
451	0.601663	-0.124933	0.024868	1.210000
452	0.548375	-0.154981	-0.231282	1.210000
453	0.585110	-0.100247	0.160693	1.210000
454	0.564716	-0.172482	-0.171961	1.210000
455	0.567997	-0.095278	-0.215699	1.210000
456	0.602685	0.044661	0.114021	1.210000
457	0.603395	0.084500	-0.083663	1.210000
458	0.600815	0.022065	0.129458	1.210000
459	0.605556	-0.103623	-0.028088	1.210000
460	0.589757	-0.153708	-0.082375	1.210000
461	0.592605	-0.129814	-0.100958	1.210000
462	0.572215	-0.087729	0.207603	1.210000
463	0.608710	0.081354	0.032839	1.210000
464	0.576144	0.205880	-0.062426	1.210000
465	0.609768	0.046187	-0.065382	1.210000
466	0.559922	-0.204557	0.151225	1.210000
467	0.579747	-0.195977	0.060919	1.210000
468	0.596225	-0.096856	-0.115583	1.210000
469	0.605610	-0.092601	0.053733	1.210000
470	0.565888	0.099110	-0.219484	1.210000
471	0.612172	0.041604	0.041707	1.210000
472	0.614239	0.000091	-0.030580	1.210000
473	0.608585	0.042390	-0.077800	1.210000
474	0.592353	-0.030354	-0.162546	1.210000
475	0.609961	-0.020155	-0.075938	1.210000
476	0.607239	0.056184	0.079557	1.210000
477	0.601214	-0.035103	-0.124637	1.210000
478	0.591857	-0.151550	-0.070450	1.210000
479	0.580675	-0.161971	-0.121685	1.210000
480	0.614826	-0.007356	0.012627	1.210000
481	0.565427	0.235585	0.054926	1.210000
482	0.599226	-0.114733	0.077393	1.210000
483	0.597647	-0.103768	0.101365	1.210000
484	0.545503	0.045533	0.280318	1.210000
485	0.604803	0.111148	0.009205	1.210000
486	0.602393	-0.115665	0.044372	1.210000
487	0.606115	-0.003233	-0.104111	1.210000
488	0.537205	0.077499	-0.289188	1.210000
489	0.607818	0.031103	-0.088405	1.210000
490	0.592858	0.098928	0.130221	1.210000
491	0.565239	-0.035856	0.239676	1.210000
492	0.594730	0.010572	0.156236	1.210000
493	0.598994	-0.134315	-0.037298	1.210000
494	0.592065	-0.105052	-0.129029	1.210000
495	0.609304	-0.027032	-0.079016	1.210000
496	0.613317	0.042153	0.017036	1.210000
497	0.545381	0.275526	-0.069788	1.210000
498	0.591594	0.115835	0.121754	1.210000
499	0.589972	-0.137522	0.106047	1.210000
500	0.609023	0.000393	0.085534	1.210000
501	0.599564	0.053753	0.125932	1.210000
502	0.608099	-0.011203	0.091187	1.210000
503	0.614036	0.026528	-0.021941	1.210000
504	0.584041	0.189915	0.032454	1.210000
505	0.591275	0.077026	0.150617	1.210000
506	0.570892	0.172606	-0.150050	1.210000
507	0.608478	0.089324	-0.000539	1.210000
508	0.603987	0.112246	-0.028729	1.210000
509	0.611358	0.066387	0.007676	1.210000
510	0.594956	0.155546	0.007627	1.210000
511	0.607759	0.020715	-0.091788	1.210000
512	0.611794	0.049009	-0.039128	1.210000
513	0.579768	0.176194	-0.105119	1.210000
514	0.556803	0.260679	0.015540	1.210000
515	0.612237	0.057489	0.009288	1.210000
516	0.603299	-0.118680	0.013047	1.210000
517	0.611803	0.045962	0.042533	1.210000
518	0.596070	0.092816	-0.119630	1.210000
519	0.558373	0.138979	0.217093	1.210000
520	0.575440	0.195567	-0.094060	1.210000
521	0.608361	0.029787	0.085058	1.210000
522	0.598838	0.034889	0.135650	1.210000
523	0.590815	-0.170699	0.004898	1.210000
524	0.509134	0.071371	0.337512	1.210000
525	0.574325	0.218301	0.026846	1.210000
526	0.587211	-0.165400	-0.077787	1.210000
527	0.523574	-0.095612	-0.308145	1.210000
528	0.585290	0.097115	-0.161956	1.210000
529	0.614869	-0.012683	0.000412	1.210000
530	0.584010	-0.184671	0.055265	1.210000
531	0.596644	0.069120	0.132149	1.210000
532	0.598420	0.141349	-0.011787	1.210000
533	0.575704	0.206040	0.065860	1.210000
534	0.596312	0.130602	-0.074701	1.210000
535	0.612431	0.029488	-0.047789	1.210000
536	0.602082	0.007657	-0.125156	1.210000
537	0.463336	0.346970	0.207740	1.210000
538	0.576609	-0.156513	0.145777	1.210000
539	0.605160	0.109539	-0.002752	1.210000
540	0.611991	0.051569	-0.032134	1.210000
541	0.561767	0.012134	0.249991	1.210000
542	0.604220	0.069543	0.091142	1.210000
543	0.591105	-0.128326	-0.111140	1.210000
544	0.577068	0.024368	0.211242	1.210000
545	0.610475	0.067872	0.030641	1.210000
546	0.576943	-0.159082	-0.141615	1.210000
547	0.584171	0.092515	-0.168554	1.210000
548	0.502966	0.000004	-0.353907	1.210000
549	0.568000	0.187325	-0.143214	1.210000
550	0.606113	-0.101887	0.021703	1.210000
551	0.607677	-0.012928	0.093740	1.210000
552	0.596425	-0.112950	-0.098717	1.210000
553	0.612556	0.038194	0.039253	1.210000
554	0.613791	0.029801	-0.024434	1.210000
555	0.598535	0.064011	-0.126031	1.210000
556	0.589857	0.017896	-0.173130	1.210000
557	0.602188	-0.035154	0.119827	1.210000
558	0.601779	-0.004307	-0.126761	1.210000
559	0.594240	-0.136997	0.079595	1.210000
560	0.614620	-0.020782	0.005940	1.210000
561	0.577213	0.187459	-0.099543	1.210000
562	0.600122	0.095820	-0.094325	1.210000
563	0.606948	0.057603	0.080751	1.210000
564	0.614683	0.009074	0.017545	1.210000
565	0.607898	-0.044691	0.081776	1.210000
566	0.585145	-0.171911	-0.079230	1.210000
567	0.597706	-0.141035	0.032889	1.210000
568	0.582376	0.117073	-0.159240	1.210000
569	0.612337	-0.019442	-0.053768	1.210000
570	0.580019	0.062337	0.194724	1.210000
571	0.600329	-0.133208	-0.009238	1.210000
572	0.614253	0.029472	0.007070	1.210000
573	0.581734	-0.171043	-0.102735	1.210000
574	0.586555	-0.184854	0.002624	1.210000
575	0.594776	-0.109818	0.111383	1.210000
576	0.599275	0.136745	-0.019874	1.210000
577	0.610178	0.038449	-0.066553	1.210000
578	0.576564	0.207254	-0.053340	1.210000
579	0.603577	-0.073751	0.092091	1.210000
580	0.585578	-0.178569	-0.058626	1.210000
581	0.600682	0.131185	-0.014035	1.210000
582	0.610462	-0.066767	-0.033218	1.210000
583	0.614988	0.003178	-0.002088	1.210000
584	0.604994	0.106211	-0.030445	1.210000
585	0.568895	-0.207669	-0.107035	1.210000
586	0.606275	-0.029408	0.098950	1.210000
587	0.591818	-0.005029	-0.167187	1.210000
588	0.584426	-0.187059	-0.040984	1.210000
589	0.608016	-0.078823	-0.048257	1.210000
590	0.567836	-0.234674	0.026745	1.210000
591	0.607522	0.082733	0.047930	1.210000
592	0.571795	-0.027857	0.224721	1.210000
593	0.536119	-0.195551	0.229261	1.210000
594	0.582286	-0.080744	0.180688	1.210000
595	0.587626	0.135107	0.121105	1.210000
596	0.596291	0.113298	-0.099123	1.210000
597	0.604689	0.087993	0.069524	1.210000
598	0.610838	-0.071427	0.000266	1.210000
599	0.607859	-0.071185	0.060545	1.210000
600	0.546194	0.082756	0.270274	1.210000
601	0.534776	-0.074859	0.294339	1.210000
602	0.570395	-0.221095	0.063180	1.210000
603	0.599489	-0.112429	0.078722	1.210000
604	0.610052	-0.061388	0.047883	1.210000
605	0.612726	-0.036390	-0.038315	1.210000
606	0.607451	0.062988	0.072533	1.210000
607	0.590108	-0.131058	0.113230	1.210000
608	0.612310	0.028565	-0.049855	1.210000
609	0.602873	0.121401	0.005513	1.210000
610	0.609393	0.082217	-0.010271	1.210000
611	0.596010	-0.010198	0.151304	1.210000
612	0.605937	0.103846	0.016787	1.210000
613	0.563024	0.080444	0.234004	1.210000
614	0.596987	-0.119707	0.086616	1.210000
615	0.608643	0.029856	0.082989	1.210000
616	0.585489	0.141396	0.124235	1.210000
617	0.570751	0.228112	0.020803	1.210000
618	0.572135	0.224776	0.019033	1.210000
619	0.594503	-0.046598	0.150401	1.210000
620	0.614190	0.018893	0.025266	1.210000
621	0.572439	-0.173529	0.142920	1.210000
622	0.522993	0.066891	0.316589	1.210000
623	0.600853	0.003177	0.131112	1.210000
624	0.586760	0.052680	-0.176530	1.210000
625	0.590185	-0.109182	-0.134111	1.210000
626	0.614384	-0.007690	-0.026423	1.210000
627	0.576859	-0.187223	0.102014	1.210000
628	0.610136	0.061455	-0.046716	1.210000
629	0.598613	0.067403	0.123870	1.210000
630	0.593572	0.045714	0.154297	1.210000
631	0.610570	-0.056840	0.046884	1.210000
632	0.592235	-0.112536	-0.121733	1.210000
633	0.581514	0.162436	-0.116968	1.210000
634	0.604256	0.103261	0.049360	1.210000
635	0.595428	-0.150804	0.030809	1.210000
636	0.612530	-0.010542	-0.054040	1.210000
637	0.607399	0.075635	-0.059760	1.210000
638	0.568351	0.123114	0.200113	1.210000
639	0.613584	-0.035506	0.021898	1.210000
640	0.562948	0.170342	0.179717	1.210000
641	0.588466	-0.127278	0.125432	1.210000
642	0.614098	0.017286	0.028456	1.210000
643	0.573433	0.100704	-0.198137	1.210000
644	0.613640	0.024451	-0.032764	1.210000
645	0.597011	0.024587	-0.145597	1.210000
646	0.588011	-0.016258	-0.179454	1.210000
647	0.446563	-0.245443	0.344331	1.210000
648	0.586594	-0.179980	0.041706	1.210000
649	0.609722	-0.024462	0.076585	1.210000
650	0.589560	0.055164	0.166134	1.210000
651	0.601645	-0.125466	-0.022516	1.210000
652	0.608008	0.092411	-0.003362	1.210000
653	0.551964	0.161824	-0.217655	1.210000
654	0.614356	-0.017251	0.022228	1.210000
655	0.560719	-0.191339	-0.164951	1.210000
656	0.598558	-0.025424	-0.138949	1.210000
657	0.561321	-0.134583	0.212205	1.210000
658	0.604347	-0.032269	0.109309	1.210000
659	0.603847	0.114802	0.020358	1.210000
660	0.611043	-0.047604	0.050845	1.210000
661	0.603573	-0.115749	-0.022965	1.210000
662	0.575148	0.192867	-0.101154	1.210000
663	0.591289	0.084802	0.146326	1.210000
664	0.586900	-0.173156	-0.061567	1.210000
665	0.495323	-0.223370	-0.288073	1.210000
666	0.561292	-0.085005	0.236539	1.210000
667	0.555873	-0.203833	-0.166381	1.210000
668	0.584660	0.136428	-0.133362	1.210000
669	0.594539	-0.060229	-0.145330	1.210000
670	0.596588	-0.058548	0.137402	1.210000
671	0.607398	-0.093947	0.021616	1.210000
672	0.525191	-0.058273	-0.314648	1.210000
673	0.603038	0.013463	-0.119955	1.210000
674	0.605322	-0.054970	0.093745	1.210000
675	0.594109	0.010961	-0.158555	1.210000
676	0.591489	0.155491	-0.064718	1.210000
677	0.607783	0.087096	0.035203	1.210000
678	0.583013	-0.169847	0.097325	1.210000
679	0.608857	0.072918	0.046914	1.210000
680	0.602188	0.007577	0.124647	1.210000
681	0.613070	-0.021128	0.043862	1.210000
682	0.582195	-0.186920	-0.065843	1.210000
683	0.604998	0.035460	-0.104619	1.210000
684	0.592375	-0.043847	0.159358	1.210000
685	0.608324	-0.068653	0.058764	1.210000
686	0.613113	0.042726	0.022182	1.210000
687	0.549697	0.070817	0.266539	1.210000
688	0.582920	-0.095580	0.171153	1.210000
689	0.613793	0.009402	-0.037339	1.210000
690	0.566572	-0.016466	-0.238642	1.210000
691	0.590226	-0.163465	-0.056019	1.210000
692	0.586285	-0.183793	-0.026748	1.210000
693	0.578711	-0.208051	-0.005725	1.210000
694	0.552325	-0.142818	0.229708	1.210000
695	0.551101	-0.094843	0.255964	1.210000
696	0.613441	-0.010144	0.042573	1.210000
697	0.572848	-0.029007	0.221874	1.210000
698	0.559788	0.133732	-0.216744	1.210000
699	0.595176	-0.016510	-0.154006	1.210000
700	0.594078	-0.084439	0.134784	1.210000
701	0.556571	0.120237	-0.232372	1.210000
702	0.614850	-0.011645	0.007034	1.210000
703	0.585787	-0.177122	0.060881	1.210000
704	0.606280	-0.060690	-0.083466	1.210000
705	0.609508	-0.059457	0.056479	1.210000
706	0.604871	0.110015	0.015913	1.210000
707	0.555863	-0.107507	0.240173	1.210000
708	0.604410	-0.074392	-0.085902	1.210000
709	0.571450	0.222871	-0.044703	1.210000
710	0.437510	0.202856	-0.381654	1.210000
711	0.537222	-0.001252	0.299358	1.210000
712	0.599281	-0.043560	0.131111	1.210000
713	0.609549	0.078721	0.021858	1.210000
714	0.591152	0.161782	0.050899	1.210000
715	0.607769	0.073890	0.058159	1.210000
716	0.515415	0.306323	0.136889	1.210000
717	0.612649	0.052348	-0.012056	1.210000
718	0.586033	0.180690	-0.046272	1.210000
719	0.588987	0.175005	0.026319	1.210000
720	0.490915	-0.030811	-0.369159	1.210000
721	0.602709	0.000727	0.122338	1.210000
722	0.537782	0.048902	0.294320	1.210000
723	0.589639	0.134353	0.111801	1.210000
724	0.552075	0.210239	-0.170991	1.210000
725	0.614677	0.017570	-0.009383	1.210000
726	0.611750	0.060392	0.018428	1.210000
727	0.558047	-0.091658	0.241676	1.210000
728	0.519893	0.186442	0.270510	1.210000
729	0.614326	-0.006863	-0.027962	1.210000
730	0.587806	0.112206	-0.141843	1.210000
731	0.611963	-0.032717	0.051539	1.210000
732	0.604955	-0.109214	-0.018094	1.210000
733	0.570497	-0.198124	0.116213	1.210000
734	0.587783	0.050713	0.173678	1.210000
735	0.518362	-0.058247	0.325780	1.210000
736	0.586522	0.060441	0.174826	1.210000
737	0.460655	-0.184471	0.363308	1.210000
738	0.577504	0.080429	0.195563	1.210000
739	0.602908	-0.120746	0.012153	1.210000
740	0.554767	0.008234	-0.265312	1.210000
741	0.584568	0.176675	-0.072741	1.210000
742	0.613874	-0.016643	-0.033272	1.210000
743	0.608438	0.088413	0.014555	1.210000
744	0.611778	0.020244	0.059526	1.210000
745	0.608101	0.059042	0.070369	1.210000
746	0.594293	-0.060251	0.146324	1.210000
747	0.602224	0.124059	-0.012672	1.210000
748	0.569000	-0.038102	0.230245	1.210000
749	0.571194	-0.128141	0.188527	1.210000
750	0.477840	-0.381425	-0.066401	1.210000
751	0.563896	0.113046	-0.217869	1.210000
752	0.443743	-0.092910	-0.415554	1.210000
753	0.577315	-0.161919	-0.136804	1.210000
754	0.559665	-0.131902	0.218179	1.210000
755	0.597245	-0.130101	-0.067798	1.210000
756	0.582346	-0.135735	0.143784	1.210000
757	0.614729	-0.004840	-0.017593	1.210000
758	0.591116	-0.083604	-0.147708	1.210000
759	0.606947	0.012542	-0.098400	1.210000
760	0.571496	-0.046505	-0.222385	1.210000
761	0.610769	-0.022201	0.068510	1.210000
762	0.508097	-0.299986	-0.173410	1.210000
763	0.599267	0.046331	0.130222	1.210000
764	0.611281	-0.055597	0.038330	1.210000
765	0.603813	-0.081956	-0.083177	1.210000
766	0.598762	0.130810	-0.050970	1.210000
767	0.609028	0.001491	0.085487	1.210000
768	0.610571	-0.049626	-0.054455	1.210000
769	0.609628	0.077137	0.025071	1.210000
770	0.572751	-0.219724	-0.043613	1.210000
771	0.612290	-0.053998	0.020262	1.210000
772	0.530003	-0.176266	-0.257394	1.210000
773	0.612775	-0.033902	0.039785	1.210000
774	0.611248	-0.067821	0.000927	1.210000
775	0.581281	0.111162	-0.167272	1.210000
776	0.572497	-0.071057	-0.213126	1.210000
777	0.577337	-0.145293	-0.154263	1.210000
778	0.586463	-0.184595	-0.014499	1.210000
779	0.606323	-0.070183	0.075309	1.210000
780	0.594692	0.130979	-0.086087	1.210000
781	0.613608	0.040802	0.006781	1.210000
782	0.600152	0.109440	0.077879	1.210000
783	0.591345	-0.159986	0.054232	1.210000
784	0.539361	-0.233718	-0.180807	1.210000
785	0.521406	-0.202546	0.255609	1.210000
786	0.612023	0.038698	0.046422	1.210000
787	0.560062	-0.169672	0.189120	1.210000
788	0.562561	0.239599	-0.065899	1.210000
789	0.605696	-0.103837	0.023977	1.210000
790	0.613539	-0.016299	-0.039111	1.210000
791	0.613958	0.034958	0.007676	1.210000
792	0.527182	-0.184743	-0.257244	1.210000
793	0.588462	0.018560	-0.177745	1.210000
794	0.521900	-0.285878	-0.155303	1.210000
795	0.555110	-0.264103	-0.018101	1.210000
796	0.608501	-0.035007	0.082015	1.210000
797	0.612274	0.039544	-0.042206	1.210000
798	0.561184	-0.181875	0.173837	1.210000
799	0.576141	0.179739	-0.118239	1.210000
800	0.559979	0.253421	0.020640	1.210000
801	0.595995	0.028319	0.149042	1.210000
802	0.421231	-0.156186	-0.419994	1.210000
803	0.611742	-0.058786	-0.023246	1.210000
804	0.575658	-0.061414	0.207536	1.210000
805	0.528947	-0.215498	0.228036	1.210000
806	0.585047	-0.130405	0.137622	1.210000
807	0.597203	0.101939	0.105746	1.210000
808	0.595614	-0.102370	0.113972	1.210000
809	0.561903	0.059084	0.242897	1.210000
810	0.613247	0.046345	-0.002198	1.210000
811	0.597473	-0.134668	-0.055814	1.210000
812	0.610105	-0.039344	0.066705	1.210000
813	0.568610	-0.025484	0.232933	1.210000
814	0.608174	-0.048170	-0.077650	1.210000
815	0.584831	-0.189858	0.012293	1.210000
816	0.584262	-0.016955	0.191247	1.210000
817	0.589613	0.003506	0.174841	1.210000
818	0.575393	0.216230	0.019813	1.210000
819	0.605270	0.002315	0.108941	1.210000
820	0.605548	0.027424	-0.103850	1.210000
821	0.609723	0.008215	0.079973	1.210000
822	0.602217	0.088489	-0.087915	1.210000
823	0.614543	-0.001514	0.023648	1.210000
824	0.605581	0.079936	-0.071465	1.210000
825	0.534652	0.127211	0.276025	1.210000
826	0.512296	0.215305	0.263479	1.210000
827	0.606140	0.102665	0.016700	1.210000
828	0.602535	-0.118405	-0.034020	1.210000
829	0.606228	0.088944	-0.052930	1.210000
830	0.613974	-0.035178	-0.004828	1.210000
831	0.614498	0.023688	-0.007513	1.210000
832	0.581950	0.075136	0.184157	1.210000
833	0.614338	0.018379	0.021809	1.210000
834	0.494130	-0.176430	0.320832	1.210000
835	0.591313	-0.141925	-0.091822	1.210000
836	0.595278	0.153961	-0.012848	1.210000
837	0.591670	-0.076753	-0.149201	1.210000
838	0.558740	0.117844	-0.228357	1.210000
839	0.607027	-0.085476	0.049361	1.210000
840	0.563681	0.221127	0.107666	1.210000
841	0.541357	0.040875	0.288940	1.210000
842	0.555602	0.031815	0.261762	1.210000
843	0.581272	0.093988	0.177522	1.210000
844	0.563622	0.007028	-0.245979	1.210000
845	0.604845	-0.043574	-0.102418	1.210000
846	0.609137	0.082720	0.018285	1.210000
847	0.600819	0.011878	-0.130770	1.210000
848	0.461097	0.075258	-0.399938	1.210000
849	0.512896	-0.163252	0.297508	1.210000
850	0.569503	0.230518	-0.027444	1.210000
