1	-0.561818	-0.065230	0.241517	-1.720000
2	-0.407136	-0.426722	0.174280	-1.720000
3	-0.461401	-0.381108	-0.141743	-1.720000
4	-0.406275	-0.461677	-0.004457	-1.720000
5	-0.553574	-0.267127	0.020603	-1.720000
6	-0.604834	-0.103188	0.041871	-1.720000
7	-0.559780	-0.205499	-0.150470	-1.720000
8	-0.608675	0.060979	-0.063418	-1.720000
9	-0.468980	-0.081508	0.389408	-1.720000
10	-0.521036	0.232705	0.229336	-1.720000
11	-0.558231	-0.243985	0.084109	-1.720000
12	-0.596216	-0.144065	0.044685	-1.720000
13	-0.610149	0.032640	0.069843	-1.720000
14	-0.613338	-0.035222	-0.028304	-1.720000
15	-0.604975	0.096911	0.053280	-1.720000
16	-0.564148	-0.242686	-0.032645	-1.720000
17	-0.611714	0.049819	-0.039359	-1.720000
18	-0.611923	-0.061135	0.006104	-1.720000
19	-0.581621	-0.142037	-0.140598	-1.720000
20	-0.600256	-0.111221	0.074481	-1.720000
21	-0.596536	0.030870	0.146346	-1.720000
22	-0.608426	0.078505	0.043363	-1.720000
23	-0.591775	-0.079471	-0.147350	-1.720000
24	-0.606767	-0.078757	-0.062102	-1.720000
25	-0.591858	-0.111126	0.124819	-1.720000
26	-0.582480	0.098179	-0.171181	-1.720000
27	-0.578568	-0.174322	-0.114436	-1.720000
28	-0.480143	-0.193733	0.331897	-1.720000
29	-0.592061	-0.045752	-0.159985	-1.720000
30	-0.604081	0.039916	-0.108246	-1.720000
31	-0.605961	-0.047659	0.093618	-1.720000
32	-0.571755	-0.034028	0.223970	-1.720000
33	-0.595962	0.103822	-0.110797	-1.720000
34	-0.602624	0.121794	0.015337	-1.720000
35	-0.585232	-0.185324	-0.037185	-1.720000
36	-0.599584	-0.095568	0.097933	-1.720000
37	-0.524365	0.044898	0.318198	-1.720000
38	-0.602232	-0.100766	0.073404	-1.720000
39	-0.588755	0.022276	-0.176341	-1.720000
40	-0.603729	-0.067547	0.095781	-1.720000
41	-0.560083	0.063899	0.245863	-1.720000
42	-0.596949	0.084643	0.121294	-1.720000
43	-0.607824	-0.086674	0.035526	-1.720000
44	-0.581907	-0.043431	0.194223	-1.720000
45	-0.543366	-0.189234	-0.217183	-1.720000
46	-0.613794	-0.008289	-0.037601	-1.720000
47	-0.587969	-0.050380	0.173146	-1.720000
48	-0.607745	-0.061904	-0.070988	-1.720000
49	-0.580126	0.196042	0.056980	-1.720000
50	-0.548109	0.277776	0.025340	-1.720000
51	-0.608994	0.070035	-0.049464	-1.720000
52	-0.532074	0.265468	-0.157002	-1.720000
53	-0.549010	0.227906	-0.157708	-1.720000
54	-0.606187	-0.103576	-0.005876	-1.720000
55	-0.603837	-0.017926	-0.115259	-1.720000
56	-0.595926	-0.139693	0.059856	-1.720000
57	-0.579175	-0.089443	-0.186496	-1.720000
58	-0.605914	-0.093003	-0.049435	-1.720000
59	-0.600949	0.027274	0.127834	-1.720000
60	-0.600246	0.131633	-0.024558	-1.720000
61	-0.611697	-0.032306	0.054849	-1.720000
62	-0.604552	0.019091	-0.111255	-1.720000
63	-0.548608	-0.040955	0.274913	-1.720000
64	-0.607624	-0.031974	-0.089422	-1.720000
65	-0.565573	0.190461	-0.148583	-1.720000
66	-0.573906	0.163281	0.148985	-1.720000
67	-0.612095	-0.048304	-0.035085	-1.720000
68	-0.564021	0.240347	0.048354	-1.720000
69	-0.577220	-0.013217	0.211819	-1.720000
70	-0.594069	-0.012153	0.158616	-1.720000
71	-0.583176	-0.194464	0.017726	-1.720000
72	-0.588242	0.073503	-0.163686	-1.720000
73	-0.572539	-0.201170	-0.099775	-1.720000
74	-0.528709	-0.184000	-0.254629	-1.720000
75	-0.614464	0.013294	0.021950	-1.720000
76	-0.595267	0.064368	-0.140495	-1.720000
77	-0.588118	-0.067247	-0.166794	-1.720000
78	-0.604026	-0.047304	0.105547	-1.720000
79	-0.604380	0.030524	0.109629	-1.720000
80	-0.612389	-0.048447	-0.029285	-1.720000
81	-0.580217	0.138141	0.149969	-1.720000
82	-0.579816	-0.004455	-0.204983	-1.720000
83	-0.584931	0.158031	0.105387	-1.720000
84	-0.610931	0.064891	0.027873	-1.720000
85	-0.548463	0.175242	-0.216111	-1.720000
86	-0.602673	-0.000625	-0.122515	-1.720000
87	-0.608745	0.056437	0.066851	-1.720000
88	-0.586666	-0.095900	0.157643	-1.720000
89	-0.575718	-0.215213	0.021388	-1.720000
90	-0.608342	0.072258	-0.054075	-1.720000
91	-0.456072	-0.028579	-0.411590	-1.720000
92	-0.596016	0.132328	-0.074019	-1.720000
93	-0.591444	0.143163	-0.089017	-1.720000
94	-0.555849	0.213142	-0.154362	-1.720000
95	-0.607662	0.070390	0.063383	-1.720000
96	-0.576570	0.046331	0.208914	-1.720000
97	-0.570733	-0.203508	0.105231	-1.720000
98	-0.589688	-0.147917	-0.092812	-1.720000
99	-0.608455	-0.078617	-0.042745	-1.720000
100	-0.582181	0.194735	-0.036990	-1.720000
101	-0.567825	0.229933	-0.054131	-1.720000
102	-0.551806	0.261280	-0.073945	-1.720000
103	-0.597781	-0.144067	0.011305	-1.720000
104	-0.575998	0.079900	-0.200168	-1.720000
105	-0.607008	0.085028	0.050361	-1.720000
106	-0.613719	0.037459	-0.013062	-1.720000
107	-0.604339	-0.066283	-0.092767	-1.720000
108	-0.376317	-0.396483	-0.281802	-1.720000
109	-0.602251	-0.024501	-0.122139	-1.720000
110	-0.347969	0.486871	-0.141770	-1.720000
111	-0.609143	0.070487	-0.046917	-1.720000
112	-0.595426	-0.062910	0.140482	-1.720000
113	-0.570906	-0.219341	-0.064662	-1.720000
114	-0.577944	0.209055	0.022398	-1.720000
115	-0.594708	-0.148896	0.048751	-1.720000
116	-0.591076	-0.130693	0.108506	-1.720000
117	-0.587374	-0.157536	-0.091646	-1.720000
118	-0.499752	-0.301480	0.193862	-1.720000
119	-0.547051	-0.265288	0.092642	-1.720000
120	-0.519554	-0.324044	0.057310	-1.720000
121	-0.593807	-0.157333	-0.029394	-1.720000
122	-0.547577	0.021052	0.279180	-1.720000
123	-0.611475	0.065730	0.001611	-1.720000
124	-0.569512	-0.021730	0.231105	-1.720000
125	-0.580931	-0.086901	0.182189	-1.720000
126	-0.585207	-0.167014	0.088677	-1.720000
127	-0.578274	-0.193846	-0.079045	-1.720000
128	-0.582038	-0.107932	-0.166756	-1.720000
129	-0.608114	0.019787	0.089612	-1.720000
130	-0.609179	0.065358	0.053425	-1.720000
131	-0.604857	-0.084961	-0.071798	-1.720000
132	-0.613352	-0.017493	-0.041447	-1.720000
133	-0.606207	-0.077330	0.068978	-1.720000
134	-0.479516	-0.338498	-0.183597	-1.720000
135	-0.608356	-0.027085	-0.085992	-1.720000
136	-0.590450	0.023986	-0.170349	-1.720000
137	-0.599967	0.134984	-0.006633	-1.720000
138	-0.605239	0.063252	0.088934	-1.720000
139	-0.602868	-0.033709	-0.116787	-1.720000
140	-0.607830	-0.087677	-0.032863	-1.720000
141	-0.528155	-0.306227	-0.074181	-1.720000
142	-0.603269	-0.069745	-0.097096	-1.720000
143	-0.612574	-0.052005	-0.016524	-1.720000
144	-0.604402	0.072912	0.087221	-1.720000
145	-0.613685	-0.014469	-0.037498	-1.720000
146	-0.575652	0.201530	0.078961	-1.720000
147	-0.608045	0.086314	-0.032493	-1.720000
148	-0.584000	0.158322	0.110014	-1.720000
149	-0.592126	-0.126440	-0.107819	-1.720000
150	-0.611463	0.024394	0.061183	-1.720000
151	-0.609164	-0.066346	-0.052370	-1.720000
152	-0.614019	0.014362	0.031605	-1.720000
153	-0.607459	-0.027784	-0.091904	-1.720000
154	-0.610010	0.061198	0.048652	-1.720000
155	-0.548913	0.178110	0.212595	-1.720000
156	-0.536666	-0.037529	-0.298004	-1.720000
157	-0.600138	0.053988	-0.123061	-1.720000
158	-0.591566	0.152389	0.071078	-1.720000
159	-0.613736	0.016880	0.035616	-1.720000
160	-0.588078	-0.172887	0.049992	-1.720000
161	-0.602855	-0.052118	0.109887	-1.720000
162	-0.582189	0.177328	-0.088518	-1.720000
163	-0.554433	0.255768	-0.073564	-1.720000
164	-0.586649	0.175156	-0.058205	-1.720000
165	-0.614161	0.029516	-0.012649	-1.720000
166	-0.604546	-0.040918	0.105234	-1.720000
167	-0.595895	-0.057429	-0.140840	-1.720000
168	-0.606983	0.094591	0.029141	-1.720000
169	-0.607706	0.039194	-0.085920	-1.720000
170	-0.613662	-0.037064	-0.016440	-1.720000
171	-0.609420	-0.065336	-0.050632	-1.720000
172	-0.596944	0.107137	0.102004	-1.720000
173	-0.592933	0.053675	-0.154188	-1.720000
174	-0.603639	-0.009720	-0.117262	-1.720000
175	-0.602125	0.111847	0.056217	-1.720000
176	-0.606387	-0.102562	0.001109	-1.720000
177	-0.572655	0.223933	-0.012035	-1.720000
178	-0.585794	-0.085546	0.166590	-1.720000
179	-0.613386	-0.042815	-0.012243	-1.720000
180	-0.571914	-0.089159	0.207821	-1.720000
181	-0.604153	-0.070726	-0.090677	-1.720000
182	-0.562083	-0.159848	-0.191667	-1.720000
183	-0.613598	-0.021823	0.035298	-1.720000
184	-0.574570	0.203278	-0.082297	-1.720000
185	-0.608040	-0.057560	-0.072109	-1.720000
186	-0.614385	0.009691	0.025735	-1.720000
187	-0.587760	0.108382	0.144972	-1.720000
188	-0.606471	-0.092865	-0.042352	-1.720000
189	-0.611426	0.027586	0.060190	-1.720000
190	-0.464676	0.290889	-0.278720	-1.720000
191	-0.610678	0.061050	-0.039633	-1.720000
192	-0.473561	0.274681	-0.280206	-1.720000
193	-0.600459	0.124918	-0.045498	-1.720000
194	-0.600490	-0.092813	0.094984	-1.720000
195	-0.578215	-0.066769	0.198579	-1.720000
196	-0.513751	-0.324946	0.093248	-1.720000
197	-0.606273	0.043385	0.093681	-1.720000
198	-0.583535	0.114317	-0.156984	-1.720000
199	-0.604005	0.115106	0.012400	-1.720000
200	-0.605889	0.044177	-0.095769	-1.720000
201	-0.587226	0.112969	0.143629	-1.720000
202	-0.610145	0.053422	-0.055629	-1.720000
203	-0.600522	-0.130033	-0.026262	-1.720000
204	-0.609750	0.032009	-0.073520	-1.720000
205	-0.525970	-0.301152	0.104347	-1.720000
206	-0.566253	0.234936	-0.048866	-1.720000
207	-0.600682	0.131119	0.014633	-1.720000
208	-0.534534	-0.054745	-0.299167	-1.720000
209	-0.582226	-0.097999	-0.172146	-1.720000
210	-0.603540	-0.084015	-0.083105	-1.720000
211	-0.592234	0.139463	0.089630	-1.720000
212	-0.580576	-0.054988	-0.195277	-1.720000
213	-0.573579	-0.220905	-0.020818	-1.720000
214	-0.524426	-0.185602	0.262210	-1.720000
215	-0.577326	-0.197926	-0.075796	-1.720000
216	-0.570245	-0.143818	0.179895	-1.720000
217	-0.549731	-0.264423	-0.078108	-1.720000
218	-0.582448	-0.187609	0.061497	-1.720000
219	-0.589662	-0.030722	0.171989	-1.720000
220	-0.600502	0.113175	0.069382	-1.720000
221	-0.598800	0.139041	-0.018209	-1.720000
222	-0.594378	-0.071111	-0.141005	-1.720000
223	-0.613513	0.041378	-0.010695	-1.720000
224	-0.608927	-0.059646	0.062256	-1.720000
225	-0.593980	-0.134530	-0.085521	-1.720000
226	-0.573211	-0.187842	0.119871	-1.720000
227	-0.606130	-0.075954	0.071151	-1.720000
228	-0.591052	-0.122571	0.117726	-1.720000
229	-0.580625	-0.202223	-0.014327	-1.720000
230	-0.610977	-0.044347	-0.054453	-1.720000
231	-0.613410	0.013536	-0.042071	-1.720000
232	-0.586064	-0.137032	-0.126396	-1.720000
233	-0.589138	0.175452	-0.018919	-1.720000
234	-0.592524	-0.115694	-0.117283	-1.720000
235	-0.609643	0.076229	-0.027374	-1.720000
236	-0.610703	0.036345	0.062812	-1.720000
237	-0.599857	-0.130863	0.035663	-1.720000
238	-0.578283	-0.118387	-0.172622	-1.720000
239	-0.608685	-0.087293	0.010377	-1.720000
240	-0.597146	0.079127	0.124020	-1.720000
241	-0.609317	-0.045852	0.069678	-1.720000
242	-0.608225	0.007688	0.090707	-1.720000
243	-0.613334	-0.045223	0.001174	-1.720000
244	-0.607254	0.049015	0.084056	-1.720000
245	-0.581651	0.144927	0.137489	-1.720000
246	-0.600309	0.086264	-0.102045	-1.720000
247	-0.600460	-0.063606	-0.116734	-1.720000
248	-0.611021	-0.062719	0.030739	-1.720000
249	-0.536641	-0.140580	-0.265478	-1.720000
250	-0.609773	-0.014263	0.078731	-1.720000
251	-0.597421	0.058808	0.133623	-1.720000
252	-0.605415	-0.038270	0.101161	-1.720000
253	-0.585852	0.129297	0.135221	-1.720000
254	-0.612234	0.027285	0.051478	-1.720000
255	-0.578489	0.185469	0.095796	-1.720000
256	-0.588659	0.134433	-0.116762	-1.720000
257	-0.612090	-0.047600	-0.036134	-1.720000
258	-0.585360	-0.134426	-0.132319	-1.720000
259	-0.610790	0.066557	-0.027022	-1.720000
260	-0.611915	-0.050906	0.034546	-1.720000
261	-0.592011	0.109974	-0.125114	-1.720000
262	-0.596137	0.144705	0.043665	-1.720000
263	-0.582729	0.138248	0.139782	-1.720000
264	-0.610558	0.053004	-0.051323	-1.720000
265	-0.568563	0.204207	-0.115156	-1.720000
266	-0.580402	0.156699	-0.129631	-1.720000
267	-0.595189	-0.099849	0.118345	-1.720000
268	-0.556449	-0.234064	-0.117492	-1.720000
269	-0.580578	0.109355	-0.170866	-1.720000
270	-0.585471	0.129040	-0.137103	-1.720000
271	-0.611701	0.003931	0.063491	-1.720000
272	-0.596382	0.147674	0.027320	-1.720000
273	-0.602743	-0.106517	0.059830	-1.720000
274	-0.611084	0.068055	0.013028	-1.720000
275	-0.580329	0.180185	-0.094745	-1.720000
276	-0.587219	0.169952	-0.067198	-1.720000
277	-0.611028	0.016997	-0.067685	-1.720000
278	-0.606320	0.015186	-0.101838	-1.720000
279	-0.578395	0.184761	-0.097711	-1.720000
280	-0.569843	0.178510	-0.147099	-1.720000
281	-0.586021	0.145868	-0.116307	-1.720000
282	-0.593638	-0.156000	0.038508	-1.720000
283	-0.604280	-0.036235	-0.108436	-1.720000
284	-0.601218	0.115078	-0.059325	-1.720000
285	-0.599812	0.135455	0.010111	-1.720000
286	-0.583238	-0.156159	-0.116933	-1.720000
287	-0.581230	0.145740	-0.138407	-1.720000
288	-0.607774	-0.064064	-0.068789	-1.720000
289	-0.558803	-0.056851	-0.250463	-1.720000
290	-0.605449	0.036081	-0.101759	-1.720000
291	-0.609705	-0.032414	0.073716	-1.720000
292	-0.611770	-0.047342	0.041484	-1.720000
293	-0.608830	-0.069288	0.052447	-1.720000
294	-0.583719	0.177278	0.077910	-1.720000
295	-0.497483	0.030747	-0.360264	-1.720000
296	-0.561611	0.227426	-0.105334	-1.720000
297	-0.612539	0.021594	0.050544	-1.720000
298	-0.480474	0.383119	0.024278	-1.720000
299	-0.611148	0.014382	-0.067199	-1.720000
300	-0.604107	0.104614	-0.048324	-1.720000
301	-0.564527	-0.060769	0.236307	-1.720000
302	-0.605022	0.035977	-0.104302	-1.720000
303	-0.598118	0.058934	0.130409	-1.720000
304	-0.563206	0.033503	-0.244748	-1.720000
305	-0.564449	0.216510	-0.112898	-1.720000
306	-0.614258	-0.026545	0.014390	-1.720000
307	-0.608008	0.085646	0.034862	-1.720000
308	-0.600207	0.116598	-0.066195	-1.720000
309	-0.586973	0.031106	0.180888	-1.720000
310	-0.571545	-0.201321	-0.105029	-1.720000
311	-0.594516	-0.135311	-0.080412	-1.720000
312	-0.575042	-0.177866	0.126154	-1.720000
313	-0.498541	0.170725	-0.317072	-1.720000
314	-0.599124	0.130909	-0.046246	-1.720000
315	-0.573608	0.185376	0.121796	-1.720000
316	-0.608751	0.053316	-0.069312	-1.720000
317	-0.584645	-0.014017	-0.190313	-1.720000
318	-0.599667	0.134865	-0.020874	-1.720000
319	-0.608028	-0.080647	0.044985	-1.720000
320	-0.526609	-0.316709	-0.024565	-1.720000
321	-0.564278	-0.156985	0.187538	-1.720000
322	-0.529391	-0.148892	0.275321	-1.720000
323	-0.383305	-0.448548	0.173514	-1.720000
324	-0.579283	-0.206111	0.013221	-1.720000
325	-0.555963	-0.262307	0.018044	-1.720000
326	-0.545063	-0.277804	0.062897	-1.720000
327	-0.562804	-0.008768	0.247789	-1.720000
328	-0.607324	0.042567	-0.087012	-1.720000
329	-0.614916	0.004324	0.009170	-1.720000
330	-0.603848	-0.015216	0.115589	-1.720000
331	-0.607968	-0.086449	0.033562	-1.720000
332	-0.581408	-0.198221	-0.029972	-1.720000
333	-0.564859	-0.233444	0.068291	-1.720000
334	-0.571134	-0.080365	0.213477	-1.720000
335	-0.613171	-0.047338	0.002433	-1.720000
336	-0.590995	-0.017679	0.169225	-1.720000
337	-0.604664	-0.100510	0.050038	-1.720000
338	-0.608351	-0.068987	-0.058098	-1.720000
339	-0.611100	0.068361	0.010390	-1.720000
340	-0.608590	-0.033788	-0.081866	-1.720000
341	-0.609836	-0.076287	0.022474	-1.720000
342	-0.572550	0.018604	0.223753	-1.720000
343	-0.612469	0.001940	-0.055704	-1.720000
344	-0.546428	0.252694	0.125648	-1.720000
345	-0.609559	-0.078785	0.021361	-1.720000
346	-0.608733	-0.064923	-0.058776	-1.720000
347	-0.606935	-0.077368	-0.062207	-1.720000
348	-0.586882	-0.181943	0.026294	-1.720000
349	-0.579122	0.206399	0.015555	-1.720000
350	-0.538939	0.252581	0.154833	-1.720000
351	-0.605114	0.085878	-0.068459	-1.720000
352	-0.605025	0.081807	-0.074009	-1.720000
353	-0.605424	-0.041558	0.099796	-1.720000
354	-0.614269	0.013842	0.026598	-1.720000
355	-0.588750	0.061110	-0.166924	-1.720000
356	-0.613360	-0.040082	0.020203	-1.720000
357	-0.594751	-0.101263	-0.119339	-1.720000
358	-0.551536	0.198543	0.186049	-1.720000
359	-0.608665	0.087054	0.013169	-1.720000
360	-0.596284	0.039261	-0.145356	-1.720000
361	-0.601288	-0.044300	-0.121304	-1.720000
362	-0.609200	0.007947	-0.083888	-1.720000
363	-0.608596	-0.062643	-0.062549	-1.720000
364	-0.604822	-0.111372	0.003496	-1.720000
365	-0.583130	0.195294	0.006701	-1.720000
366	-0.584956	-0.030385	0.187426	-1.720000
367	-0.596224	0.147199	0.032784	-1.720000
368	-0.593924	0.103473	-0.121541	-1.720000
369	-0.607246	-0.058434	-0.077866	-1.720000
370	-0.613184	-0.023735	-0.040835	-1.720000
371	-0.608880	0.048122	-0.071934	-1.720000
372	-0.614589	0.009950	-0.020167	-1.720000
373	-0.614338	-0.025266	0.013255	-1.720000
374	-0.613549	-0.032632	0.026794	-1.720000
375	-0.596969	0.130658	-0.069147	-1.720000
376	-0.613559	-0.010951	0.040622	-1.720000
377	-0.613151	0.045057	-0.015523	-1.720000
378	-0.592945	0.004397	-0.163161	-1.720000
379	-0.601350	0.066899	-0.110125	-1.720000
380	-0.596262	0.124547	-0.084760	-1.720000
381	-0.544329	0.182221	0.220741	-1.720000
382	-0.582419	-0.065021	0.186507	-1.720000
383	-0.600816	-0.017502	0.130149	-1.720000
384	-0.587907	0.172093	-0.054537	-1.720000
385	-0.593186	0.073836	0.144580	-1.720000
386	-0.568020	-0.114220	-0.206233	-1.720000
387	-0.606206	-0.096860	-0.036849	-1.720000
388	-0.529791	-0.028311	-0.311038	-1.720000
389	-0.577548	0.031043	-0.209043	-1.720000
390	-0.610908	0.070697	-0.004230	-1.720000
391	-0.613533	0.018353	0.038284	-1.720000
392	-0.611098	0.045531	-0.052074	-1.720000
393	-0.611584	-0.007579	-0.064288	-1.720000
394	-0.585322	0.173233	-0.074923	-1.720000
395	-0.576567	-0.060716	-0.205205	-1.720000
396	-0.575648	-0.076724	-0.202405	-1.720000
397	-0.497873	0.134102	-0.335207	-1.720000
398	-0.598097	0.011752	0.142712	-1.720000
399	-0.592724	0.037113	0.159769	-1.720000
400	-0.570361	-0.142333	0.180705	-1.720000
401	-0.556634	-0.018987	0.260812	-1.720000
402	-0.607153	-0.095007	-0.023746	-1.720000
403	-0.603582	-0.088011	-0.078535	-1.720000
404	-0.610281	0.062285	0.043624	-1.720000
405	-0.582606	0.192180	-0.043156	-1.720000
406	-0.556323	0.244946	0.093441	-1.720000
407	-0.582091	0.027583	0.196556	-1.720000
408	-0.607343	-0.039960	-0.088105	-1.720000
409	-0.602187	-0.056470	-0.111387	-1.720000
410	-0.584670	-0.076672	-0.174664	-1.720000
411	-0.554874	0.258813	0.057929	-1.720000
412	-0.610758	0.071558	0.008867	-1.720000
413	-0.613817	-0.028926	0.024841	-1.720000
414	-0.610627	0.031196	0.066230	-1.720000
415	-0.597197	0.130214	0.068008	-1.720000
416	-0.614323	-0.008775	-0.027475	-1.720000
417	-0.568062	-0.233849	-0.029067	-1.720000
418	-0.448186	0.180822	-0.380339	-1.720000
419	-0.598603	0.138897	0.024634	-1.720000
420	-0.601589	0.052059	-0.116642	-1.720000
421	-0.614516	-0.024379	0.001027	-1.720000
422	-0.578982	-0.152634	0.140386	-1.720000
423	-0.592357	0.140835	0.086627	-1.720000
424	-0.591985	-0.147245	0.078089	-1.720000
425	-0.536815	-0.300072	0.003366	-1.720000
426	-0.588686	-0.032263	0.175023	-1.720000
427	-0.544778	-0.243749	0.148418	-1.720000
428	-0.596432	0.012888	0.149426	-1.720000
429	-0.525414	-0.319461	-0.010459	-1.720000
430	-0.508145	-0.290608	0.188575	-1.720000
431	-0.583412	-0.184493	0.061789	-1.720000
432	-0.605897	0.018684	0.103752	-1.720000
433	-0.606548	-0.095360	0.035091	-1.720000
434	-0.605931	-0.012951	-0.104425	-1.720000
435	-0.605650	0.008502	-0.106492	-1.720000
436	-0.581615	-0.198776	0.020911	-1.720000
437	-0.568889	-0.233335	0.012057	-1.720000
438	-0.601326	0.108755	-0.069313	-1.720000
439	-0.513962	-0.337685	0.006050	-1.720000
440	-0.596747	-0.094297	-0.115005	-1.720000
441	-0.614663	-0.011129	-0.017040	-1.720000
442	-0.612505	-0.044878	-0.032379	-1.720000
443	-0.611694	0.051232	-0.037820	-1.720000
444	-0.592421	-0.145365	0.078307	-1.720000
445	-0.565787	0.014039	0.240652	-1.720000
446	-0.583749	-0.067483	-0.181405	-1.720000
447	-0.613952	0.008675	-0.034817	-1.720000
448	-0.606554	0.101412	0.005693	-1.720000
449	-0.600685	-0.119133	0.056659	-1.720000
450	-0.574282	-0.081534	-0.204396	-1.720000
451	-0.603909	0.023822	0.113806	-1.720000
452	-0.598152	0.139973	-0.029093	-1.720000
453	-0.566550	-0.231364	-0.060964	-1.720000
454	-0.595494	-0.102525	0.114460	-1.720000
455	-0.605023	-0.000993	0.110324	-1.720000
456	-0.597246	0.138810	-0.047478	-1.720000
457	-0.605298	-0.011888	0.108155	-1.720000
458	-0.590575	0.169048	-0.029489	-1.720000
459	-0.605994	-0.078582	-0.069437	-1.720000
460	-0.612092	-0.055886	0.021084	-1.720000
461	-0.592203	-0.141073	0.087285	-1.720000
462	-0.609958	-0.077246	0.014483	-1.720000
463	-0.607436	-0.060692	-0.074581	-1.720000
464	-0.612385	0.017606	0.053846	-1.720000
465	-0.610957	0.066140	0.024132	-1.720000
466	-0.590104	0.168100	-0.041763	-1.720000
467	-0.560723	0.244037	-0.065275	-1.720000
468	-0.599549	0.126972	-0.051423	-1.720000
469	-0.608364	0.008471	0.089699	-1.720000
470	-0.544470	-0.282223	0.046130	-1.720000
471	-0.605822	-0.073451	0.076220	-1.720000
472	-0.610784	-0.060063	0.039508	-1.720000
473	-0.603789	0.044202	-0.108210	-1.720000
474	-0.595972	-0.140960	-0.056327	-1.720000
475	-0.606808	-0.089739	0.044224	-1.720000
476	-0.611179	0.061828	0.029378	-1.720000
477	-0.609785	0.037239	-0.070715	-1.720000
478	-0.610975	-0.018528	-0.067758	-1.720000
479	-0.591428	-0.160166	-0.052764	-1.720000
480	-0.573384	0.172444	-0.140425	-1.720000
481	-0.594638	0.095902	-0.124231	-1.720000
482	-0.613719	0.023949	0.031638	-1.720000
483	-0.595354	0.016742	0.153293	-1.720000
484	-0.609227	0.074863	-0.038252	-1.720000
485	-0.609338	0.056951	-0.060738	-1.720000
486	-0.610682	0.029269	-0.066599	-1.720000
487	-0.609651	-0.080939	0.000164	-1.720000
488	-0.599753	0.120662	-0.062947	-1.720000
489	-0.602817	-0.083850	-0.088353	-1.720000
490	-0.614491	-0.023907	-0.007386	-1.720000
491	-0.590304	-0.096767	0.142835	-1.720000
492	-0.592883	0.001832	0.163437	-1.720000
493	-0.609243	0.040706	0.073422	-1.720000
494	-0.601221	-0.100862	0.081147	-1.720000
495	-0.597730	0.125633	-0.071834	-1.720000
496	-0.527548	0.315445	0.020309	-1.720000
497	-0.605788	-0.022669	0.103598	-1.720000
498	-0.584252	0.001929	-0.192017	-1.720000
499	-0.585083	0.125424	-0.142027	-1.720000
500	-0.607351	-0.083193	-0.049279	-1.720000
501	-0.609812	0.030823	-0.073513	-1.720000
502	-0.605117	0.009710	-0.109380	-1.720000
503	-0.613507	-0.042526	0.005104	-1.720000
504	-0.606907	-0.081714	0.056676	-1.720000
505	-0.613223	-0.046311	0.006179	-1.720000
506	-0.604755	-0.077298	0.080752	-1.720000
507	-0.602968	-0.094276	-0.075938	-1.720000
508	-0.566170	0.145420	-0.191127	-1.720000
509	-0.601891	-0.089175	-0.089445	-1.720000
510	-0.559277	0.243043	-0.079775	-1.720000
511	-0.597063	0.147351	0.005308	-1.720000
512	-0.600624	0.128571	-0.030748	-1.720000
513	-0.556896	-0.259420	0.028167	-1.720000
514	-0.590877	0.006316	0.170438	-1.720000
515	-0.601483	-0.015656	0.127274	-1.720000
516	-0.558158	0.046882	-0.253943	-1.720000
517	-0.614739	-0.014714	-0.010200	-1.720000
518	-0.614536	-0.014898	-0.018655	-1.720000
519	-0.512599	0.320402	-0.113181	-1.720000
520	-0.601512	-0.042004	-0.121012	-1.720000
521	-0.586337	0.051127	0.178383	-1.720000
522	-0.602232	-0.015449	0.123705	-1.720000
523	-0.569715	-0.229237	-0.033176	-1.720000
524	-0.593571	-0.044512	0.154653	-1.720000
525	-0.581646	0.109692	-0.166974	-1.720000
526	-0.604334	-0.009402	-0.113651	-1.720000
527	-0.556444	0.142930	-0.219467	-1.720000
528	-0.583464	0.142261	-0.132501	-1.720000
529	-0.610113	-0.077264	0.004140	-1.720000
530	-0.517000	0.121515	0.310114	-1.720000
531	-0.580554	0.070715	0.190213	-1.720000
532	-0.609434	-0.068166	0.046571	-1.720000
533	-0.596797	-0.079335	0.125555	-1.720000
534	-0.493197	0.280680	-0.237067	-1.720000
535	-0.557796	0.258734	-0.012061	-1.720000
536	-0.611224	0.008285	0.067535	-1.720000
537	-0.593425	0.126338	0.100548	-1.720000
538	-0.512378	-0.337925	0.038736	-1.720000
539	-0.587526	0.181742	-0.002933	-1.720000
540	-0.553964	-0.256043	0.076097	-1.720000
541	-0.535489	-0.293825	0.071720	-1.720000
542	-0.448268	-0.409278	0.098857	-1.720000
543	-0.598501	-0.117583	0.078713	-1.720000
544	-0.605972	-0.092219	0.050182	-1.720000
545	-0.541085	-0.276385	0.095201	-1.720000
546	-0.484847	-0.354756	0.131519	-1.720000
547	-0.595938	-0.151776	-0.006862	-1.720000
548	-0.590123	-0.161155	-0.063313	-1.720000
549	-0.574324	-0.137193	0.171914	-1.720000
550	-0.609780	-0.000758	0.079959	-1.720000
551	-0.609036	-0.084680	-0.011400	-1.720000
552	-0.580280	-0.106783	-0.173485	-1.720000
553	-0.607791	-0.075263	-0.056135	-1.720000
554	-0.596783	-0.148360	0.007987	-1.720000
555	-0.599360	-0.099212	0.095654	-1.720000
556	-0.608863	0.082286	-0.027201	-1.720000
557	-0.608505	-0.053707	0.071151	-1.720000
558	-0.603310	0.118806	-0.011297	-1.720000
559	-0.594759	-0.147154	0.053225	-1.720000
560	-0.607286	-0.044479	0.086315	-1.720000
561	-0.564740	-0.153137	-0.189321	-1.720000
562	-0.610278	0.029488	0.070118	-1.720000
563	-0.586076	-0.029852	0.183979	-1.720000
564	-0.608106	-0.091717	0.004509	-1.720000
565	-0.606342	-0.098334	-0.030088	-1.720000
566	-0.613825	-0.036394	0.010903	-1.720000
567	-0.611644	0.006905	-0.063788	-1.720000
568	-0.603331	-0.076307	0.091621	-1.720000
569	-0.593832	0.154915	0.039879	-1.720000
570	-0.568650	-0.167681	0.163541	-1.720000
571	-0.605477	0.048456	0.096307	-1.720000
572	-0.550777	0.086252	-0.259673	-1.720000
573	-0.607020	0.086651	0.047367	-1.720000
574	-0.599201	-0.121113	0.067190	-1.720000
575	-0.607886	-0.091371	-0.018728	-1.720000
576	-0.611243	-0.002762	-0.067816	-1.720000
577	-0.610270	-0.070866	0.027810	-1.720000
578	-0.611213	-0.058886	-0.034304	-1.720000
579	-0.599186	0.135648	0.028287	-1.720000
580	-0.544463	0.259252	-0.120722	-1.720000
581	-0.602784	0.109422	-0.053876	-1.720000
582	-0.614482	0.022547	0.011319	-1.720000
583	-0.564515	0.131058	-0.205842	-1.720000
584	-0.597147	0.145118	0.024114	-1.720000
585	-0.582458	0.117928	-0.158304	-1.720000
586	-0.606029	0.104581	0.004113	-1.720000
587	-0.543466	0.165859	0.235288	-1.720000
588	-0.608515	-0.088305	-0.011700	-1.720000
589	-0.564125	0.114969	-0.216263	-1.720000
590	-0.614847	0.006244	-0.012232	-1.720000
591	-0.577505	-0.115155	-0.177347	-1.720000
592	-0.611140	0.062439	-0.028891	-1.720000
593	-0.603123	0.108776	-0.051336	-1.720000
594	-0.607601	0.094112	0.013726	-1.720000
595	-0.601925	0.015368	0.125202	-1.720000
596	-0.612890	-0.048644	-0.014983	-1.720000
597	-0.593674	-0.130601	0.093376	-1.720000
598	-0.605632	0.036820	-0.100393	-1.720000
599	-0.597398	0.027168	-0.143537	-1.720000
600	-0.592581	0.100942	0.129937	-1.720000
601	-0.581975	0.192405	-0.050101	-1.720000
602	-0.580264	0.163686	-0.121350	-1.720000
603	-0.557408	-0.257687	0.033451	-1.720000
604	-0.598852	0.085222	0.111079	-1.720000
605	-0.610364	-0.075332	0.002476	-1.720000
606	-0.601225	-0.129165	-0.008382	-1.720000
607	-0.574039	-0.077714	-0.206554	-1.720000
608	-0.600499	-0.132472	-0.008777	-1.720000
609	-0.590176	-0.117838	0.126617	-1.720000
610	-0.611908	0.002878	-0.061525	-1.720000
611	-0.599424	0.036697	-0.132547	-1.720000
612	-0.518917	-0.071557	0.322225	-1.720000
613	-0.603287	-0.112659	-0.039712	-1.720000
614	-0.601509	-0.117821	-0.050296	-1.720000
615	-0.579538	0.152408	-0.138322	-1.720000
616	-0.614859	-0.001206	0.013101	-1.720000
617	-0.614377	0.027545	0.002638	-1.720000
618	-0.610794	0.015854	-0.070028	-1.720000
619	-0.606408	0.080377	0.063513	-1.720000
620	-0.547906	0.101388	0.260277	-1.720000
621	-0.574557	0.208968	-0.066646	-1.720000
622	-0.587990	-0.094823	0.153300	-1.720000
623	-0.575125	0.037709	-0.214555	-1.720000
624	-0.606662	0.049120	-0.088166	-1.720000
625	-0.599012	-0.115177	0.078382	-1.720000
626	-0.601868	-0.118219	0.044769	-1.720000
627	-0.566548	0.067772	0.229467	-1.720000
628	-0.593690	0.127926	0.096913	-1.720000
629	-0.601744	-0.115577	-0.052639	-1.720000
630	-0.571535	-0.162676	-0.158459	-1.720000
631	-0.578684	0.069669	-0.196204	-1.720000
632	-0.605474	-0.034724	-0.102080	-1.720000
633	-0.611000	-0.064753	0.026659	-1.720000
634	-0.598804	0.126700	-0.060050	-1.720000
635	-0.586613	-0.076652	-0.168031	-1.720000
636	-0.513415	0.007509	0.338487	-1.720000
637	-0.596573	-0.091021	0.118495	-1.720000
638	-0.592106	-0.141429	0.087368	-1.720000
639	-0.497838	-0.334105	0.136954	-1.720000
640	-0.554816	-0.100436	0.245595	-1.720000
641	-0.584058	-0.192397	0.009211	-1.720000
642	-0.527025	-0.263735	0.175822	-1.720000
643	-0.584514	-0.186396	0.042722	-1.720000
644	-0.602112	-0.118234	-0.041312	-1.720000
645	-0.543375	-0.286597	0.028815	-1.720000
646	-0.612267	0.049719	-0.029704	-1.720000
647	-0.593801	0.133725	0.087994	-1.720000
648	-0.614862	0.013040	0.000515	-1.720000
649	-0.602146	-0.123177	-0.021751	-1.720000
650	-0.591544	-0.053551	0.159476	-1.720000
651	-0.581051	-0.091557	-0.179507	-1.720000
652	-0.542857	-0.279462	0.073703	-1.720000
653	-0.592622	-0.016211	-0.163589	-1.720000
654	-0.609801	-0.063858	-0.047852	-1.720000
655	-0.587301	-0.036034	0.178896	-1.720000
656	-0.514402	0.216995	0.257932	-1.720000
657	-0.607001	0.072289	-0.067442	-1.720000
658	-0.585367	-0.184992	-0.036721	-1.720000
659	-0.603699	-0.097716	-0.064994	-1.720000
660	-0.613673	0.021618	0.034108	-1.720000
661	-0.596571	0.069331	0.132368	-1.720000
662	-0.613236	-0.039425	-0.024733	-1.720000
663	-0.611254	-0.043016	-0.052375	-1.720000
664	-0.543064	-0.272593	-0.094866	-1.720000
665	-0.580754	-0.139575	-0.146523	-1.720000
666	-0.589036	-0.144336	0.102120	-1.720000
667	-0.569326	-0.149226	0.178395	-1.720000
668	-0.603567	-0.025130	0.115326	-1.720000
669	-0.612595	-0.009593	-0.053478	-1.720000
670	-0.600039	-0.059833	0.120823	-1.720000
671	-0.533318	0.305435	0.022491	-1.720000
672	-0.595418	0.124810	-0.090136	-1.720000
673	-0.605102	-0.109255	-0.011826	-1.720000
674	-0.583652	-0.093611	0.169742	-1.720000
675	-0.605120	0.046233	0.099583	-1.720000
676	-0.614625	0.019626	0.008737	-1.720000
677	-0.599079	-0.021473	-0.137360	-1.720000
678	-0.561661	-0.250035	-0.015639	-1.720000
679	-0.611920	-0.032340	-0.052284	-1.720000
680	-0.603051	-0.073315	-0.095808	-1.720000
681	-0.610066	0.076368	-0.014585	-1.720000
682	-0.584989	0.092005	-0.165977	-1.720000
683	-0.562978	0.164741	0.184774	-1.720000
684	-0.589948	-0.119062	0.126534	-1.720000
685	-0.586576	0.060863	-0.174496	-1.720000
686	-0.614622	0.013825	-0.016528	-1.720000
687	-0.612759	-0.032258	0.041367	-1.720000
688	-0.599090	-0.138745	0.008156	-1.720000
689	-0.569635	-0.208052	-0.102254	-1.720000
690	-0.566292	0.202797	0.128108	-1.720000
691	-0.581666	-0.083374	-0.181490	-1.720000
692	-0.603064	0.033632	-0.115792	-1.720000
693	-0.608315	0.057108	-0.070116	-1.720000
694	-0.613163	0.007156	-0.046952	-1.720000
695	-0.588912	-0.079944	0.158166	-1.720000
696	-0.610744	0.058473	0.042404	-1.720000
697	-0.581554	-0.199952	-0.006303	-1.720000
698	-0.597810	0.142342	0.024237	-1.720000
699	-0.598113	0.109457	-0.092220	-1.720000
700	-0.612013	0.060525	-0.001335	-1.720000
701	-0.495954	0.189853	0.310177	-1.720000
702	-0.536517	-0.277292	-0.116122	-1.720000
703	-0.598291	0.139688	0.027565	-1.720000
704	-0.578017	0.128267	0.166338	-1.720000
705	-0.610511	0.068746	0.027844	-1.720000
706	-0.610977	0.063368	0.030284	-1.720000
707	-0.609656	-0.076694	-0.025744	-1.720000
708	-0.612883	-0.050412	-0.007627	-1.720000
709	-0.552003	-0.146400	-0.228221	-1.720000
710	-0.599684	-0.064073	-0.120408	-1.720000
711	-0.586488	-0.025839	-0.183275	-1.720000
712	-0.607256	-0.055013	-0.080244	-1.720000
713	-0.579723	0.203974	0.023246	-1.720000
714	-0.570661	-0.047971	-0.224209	-1.720000
715	-0.608737	0.075820	0.043772	-1.720000
716	-0.586629	0.084028	0.164410	-1.720000
717	-0.600764	-0.019914	0.130041	-1.720000
718	-0.422609	-0.342469	0.286952	-1.720000
719	-0.601822	-0.070316	0.105314	-1.720000
720	-0.555814	0.097813	-0.244394	-1.720000
721	-0.586021	0.097881	-0.158818	-1.720000
722	-0.609590	0.076871	0.026752	-1.720000
723	-0.609854	0.013721	0.078194	-1.720000
724	-0.601993	-0.124907	0.015092	-1.720000
725	-0.583629	0.049384	0.187520	-1.720000
726	-0.512310	0.129521	0.314624	-1.720000
727	-0.603128	-0.095276	0.073375	-1.720000
728	-0.597241	0.000440	-0.146722	-1.720000
729	-0.528013	-0.042179	-0.312488	-1.720000
730	-0.605470	-0.027009	-0.104413	-1.720000
731	-0.603706	-0.031753	0.112942	-1.720000
732	-0.613415	0.037614	-0.023074	-1.720000
733	-0.590258	-0.166412	0.046129	-1.720000
734	-0.593020	0.009234	0.162689	-1.720000
735	-0.587621	0.181218	-0.009273	-1.720000
736	-0.570215	0.220149	0.067934	-1.720000
737	-0.489220	-0.361080	-0.092251	-1.720000
738	-0.560010	0.052696	-0.248671	-1.720000
739	-0.581360	0.157015	-0.124869	-1.720000
740	-0.553337	0.132509	-0.233420	-1.720000
741	-0.601128	-0.033042	-0.125614	-1.720000
742	-0.565352	-0.143701	-0.194814	-1.720000
743	-0.583307	0.091906	0.171846	-1.720000
744	-0.582700	-0.137540	0.140599	-1.720000
745	-0.595240	0.036659	0.150237	-1.720000
746	-0.598128	-0.106069	0.096005	-1.720000
747	-0.480870	-0.111836	0.366717	-1.720000
748	-0.548023	-0.043608	0.275671	-1.720000
749	-0.593714	-0.136857	-0.083659	-1.720000
750	-0.508493	-0.153014	0.310237	-1.720000
751	-0.575489	-0.156278	0.150380	-1.720000
752	-0.567791	-0.213294	0.101706	-1.720000
753	-0.524002	-0.313294	-0.074122	-1.720000
754	-0.569847	0.231292	0.001778	-1.720000
755	-0.583545	-0.169643	-0.094452	-1.720000
756	-0.599207	0.042317	-0.131855	-1.720000
757	-0.561449	-0.178035	0.176929	-1.720000
758	-0.584100	-0.178540	0.071945	-1.720000
759	-0.606669	-0.093360	-0.038225	-1.720000
760	-0.588811	-0.175652	-0.025953	-1.720000
761	-0.609424	-0.061596	-0.055077	-1.720000
762	-0.586448	0.171502	0.069934	-1.720000
763	-0.592402	-0.161947	-0.032529	-1.720000
764	-0.612230	-0.035120	-0.046542	-1.720000
765	-0.595913	0.046951	0.144599	-1.720000
766	-0.607022	-0.075305	-0.063861	-1.720000
767	-0.608859	-0.046961	-0.072873	-1.720000
768	-0.605438	-0.093381	-0.054311	-1.720000
769	-0.614387	0.001073	0.027423	-1.720000
770	-0.579798	0.138370	0.151370	-1.720000
771	-0.604884	-0.085528	0.070893	-1.720000
772	-0.505793	-0.332633	0.108415	-1.720000
773	-0.613759	-0.038970	0.002513	-1.720000
774	-0.580851	-0.112895	0.167605	-1.720000
775	-0.598316	-0.014053	-0.141581	-1.720000
776	-0.600009	0.106324	-0.083126	-1.720000
777	-0.597745	-0.134257	-0.053859	-1.720000
778	-0.612381	-0.050818	0.025135	-1.720000
779	-0.584998	-0.121941	-0.145372	-1.720000
780	-0.593913	-0.155294	-0.037096	-1.720000
781	-0.593266	0.154173	0.049914	-1.720000
782	-0.587058	-0.167729	0.073856	-1.720000
783	-0.586160	0.178631	0.052275	-1.720000
784	-0.584533	0.083905	-0.171772	-1.720000
785	-0.598878	-0.117548	-0.075844	-1.720000
786	-0.566192	0.042372	0.236339	-1.720000
787	-0.588775	0.140324	-0.108986	-1.720000
788	-0.593229	0.106480	-0.122336	-1.720000
789	-0.575372	-0.092617	-0.196453	-1.720000
790	-0.575413	-0.198043	0.088903	-1.720000
791	-0.606645	0.075675	-0.066931	-1.720000
792	-0.596173	0.105734	-0.107812	-1.720000
793	-0.608429	0.006935	-0.089389	-1.720000
794	-0.603287	-0.089302	0.079337	-1.720000
795	-0.598463	0.064220	-0.126267	-1.720000
796	-0.515717	0.243723	-0.229913	-1.720000
797	-0.600716	0.101565	-0.083967	-1.720000
798	-0.598566	-0.016485	0.140255	-1.720000
799	-0.581861	-0.112761	0.164156	-1.720000
800	-0.612184	0.009460	-0.058016	-1.720000
801	-0.601146	0.124386	0.037106	-1.720000
802	-0.576242	-0.214199	-0.016997	-1.720000
803	-0.611364	0.054792	-0.038174	-1.720000
804	-0.510645	-0.039322	0.340471	-1.720000
805	-0.602141	0.080680	-0.095616	-1.720000
806	-0.559412	-0.243700	0.076770	-1.720000
807	-0.594887	-0.149948	-0.043017	-1.720000
808	-0.592385	-0.096075	0.134441	-1.720000
809	-0.597921	-0.119584	-0.080093	-1.720000
810	-0.567574	-0.010849	-0.236572	-1.720000
811	-0.600712	-0.022552	-0.129852	-1.720000
812	-0.603960	-0.021154	-0.114062	-1.720000
813	-0.591819	0.103972	-0.131014	-1.720000
814	-0.587335	0.166931	-0.073459	-1.720000
815	-0.612900	-0.026561	0.043276	-1.720000
816	-0.612153	0.018772	-0.056051	-1.720000
817	-0.529665	-0.054362	-0.307775	-1.720000
818	-0.579047	-0.205420	-0.027065	-1.720000
819	-0.511128	0.087773	-0.330559	-1.720000
820	-0.595940	-0.144177	0.047884	-1.720000
821	-0.595967	0.098008	0.115941	-1.720000
822	-0.607620	0.073193	-0.060550	-1.720000
823	-0.596573	0.085913	0.122251	-1.720000
824	-0.580249	0.158219	0.128466	-1.720000
825	-0.568060	0.140779	-0.188980	-1.720000
826	-0.434815	-0.306969	0.308109	-1.720000
827	-0.602710	0.057349	-0.108057	-1.720000
828	-0.539659	-0.067384	0.287146	-1.720000
829	-0.609100	0.045271	0.071921	-1.720000
830	-0.612616	0.031766	0.043797	-1.720000
831	-0.588258	-0.033074	0.176306	-1.720000
832	-0.560539	-0.164717	0.192066	-1.720000
833	-0.508451	0.145276	0.314003	-1.720000
834	-0.595251	-0.136859	-0.071909	-1.720000
835	-0.473034	0.079624	-0.384869	-1.720000
836	-0.598560	-0.015813	-0.140359	-1.720000
837	-0.599255	0.028672	-0.135263	-1.720000
838	-0.601154	0.095414	0.087946	-1.720000
839	-0.609913	-0.071493	0.033469	-1.720000
840	-0.608246	0.006603	-0.090654	-1.720000
841	-0.613771	0.018379	-0.034243	-1.720000
842	-0.484177	-0.353225	-0.137950	-1.720000
843	-0.409607	0.277967	-0.364940	-1.720000
844	-0.559857	0.056561	-0.248165	-1.720000
845	-0.609225	0.065581	0.052619	-1.720000
846	-0.539686	-0.196885	0.219547	-1.720000
847	-0.595151	-0.020472	0.153626	-1.720000
848	-0.601458	-0.090671	0.090843	-1.720000
849	-0.577664	-0.137952	-0.159683	-1.720000
850	-0.613867	0.024854	0.027822	-1.720000
