1	0.382564	0.246159	0.413854	2.900000
2	0.610668	0.072841	0.002061	2.900000
3	0.552860	-0.261933	0.062945	2.900000
4	0.597861	0.053456	-0.133903	2.900000
5	0.556954	-0.175281	-0.193140	2.900000
6	0.604718	-0.029820	0.107945	2.900000
7	0.588604	0.075478	0.161471	2.900000
8	0.607942	0.081150	0.045241	2.900000
9	0.570783	-0.131582	0.187399	2.900000
10	0.494361	0.361813	-0.054071	2.900000
11	0.586697	0.048259	-0.177998	2.900000
12	0.611798	0.054515	0.030915	2.900000
13	0.606806	-0.099058	0.014086	2.900000
14	0.606265	-0.103285	0.000478	2.900000
15	0.602611	0.080677	0.092609	2.900000
16	0.559821	0.134698	0.216059	2.900000
17	0.612825	0.005545	0.051381	2.900000
18	0.603284	0.012315	-0.118837	2.900000
19	0.579267	-0.087302	-0.187223	2.900000
20	0.613888	-0.036304	-0.006931	2.900000
21	0.596000	-0.043452	0.145332	2.900000
22	0.609877	-0.016567	-0.077461	2.900000
23	0.606811	-0.098626	-0.016672	2.900000
24	0.613545	-0.000204	0.042283	2.900000
25	0.563279	-0.208439	0.132266	2.900000
26	0.599444	0.052826	0.126892	2.900000
27	0.539927	0.149657	0.253588	2.900000
28	0.609395	0.062080	-0.054854	2.900000
29	0.506174	0.307780	-0.165179	2.900000
30	0.573017	-0.100561	0.199408	2.900000
31	0.609564	-0.075132	0.031814	2.900000
32	0.609103	0.019244	0.082751	2.900000
33	0.531147	-0.124956	0.283715	2.900000
34	0.594221	-0.004543	0.158446	2.900000
35	0.608040	-0.076388	-0.051744	2.900000
36	0.597895	-0.138463	0.039687	2.900000
37	0.613814	-0.028080	-0.025851	2.900000
38	0.598682	-0.058239	0.128113	2.900000
39	0.563783	0.219118	0.111181	2.900000
40	0.609666	-0.031791	0.074310	2.900000
41	0.593517	0.117027	-0.110757	2.900000
42	0.601148	-0.109841	0.069146	2.900000
43	0.610415	-0.002763	0.074908	2.900000
44	0.612526	0.027645	-0.047672	2.900000
45	0.580364	0.059943	-0.194448	2.900000
46	0.570502	0.149679	0.174208	2.900000
47	0.594634	0.031679	0.153728	2.900000
48	0.577891	-0.005850	0.210316	2.900000
49	0.533824	-0.062758	0.298861	2.900000
50	0.594533	0.086389	0.131501	2.900000
51	0.591369	-0.158003	-0.059521	2.900000
52	0.582567	-0.015666	0.196456	2.900000
53	0.549920	0.037866	-0.272725	2.900000
54	0.577194	0.174643	-0.120713	2.900000
55	0.465553	0.389929	0.097162	2.900000
56	0.578344	0.202633	-0.051793	2.900000
57	0.581839	-0.117172	0.161117	2.900000
58	0.596061	0.035169	0.147309	2.900000
59	0.614054	-0.004615	0.033776	2.900000
60	0.607472	0.053856	0.079389	2.900000
61	0.611858	-0.038212	0.048930	2.900000
62	0.604393	0.083764	-0.076928	2.900000
63	0.596876	-0.084815	-0.121534	2.900000
64	0.504123	0.346187	0.065110	2.900000
65	0.589300	0.146604	-0.097253	2.900000
66	0.595136	-0.131663	0.081871	2.900000
67	0.603617	-0.103587	0.056049	2.900000
68	0.610379	0.053677	0.052732	2.900000
69	0.612429	-0.039839	-0.039604	2.900000
70	0.573687	-0.056281	-0.214338	2.900000
71	0.613262	-0.042447	0.018242	2.900000
72	0.596978	-0.008729	0.147532	2.900000
73	0.557693	-0.259175	0.005688	2.900000
74	0.610790	0.031786	-0.064420	2.900000
75	0.562888	0.086219	0.232268	2.900000
76	0.604071	0.115197	0.007275	2.900000
77	0.591894	-0.160082	-0.047538	2.900000
78	0.583661	0.190752	0.034330	2.900000
79	0.591446	0.069186	-0.153719	2.900000
80	0.605749	-0.100377	0.034896	2.900000
81	0.499815	-0.309082	-0.181324	2.900000
82	0.598885	-0.031977	-0.136160	2.900000
83	0.537343	-0.015079	-0.298764	2.900000
84	0.565470	0.078295	-0.228777	2.900000
85	0.605389	-0.103640	0.031438	2.900000
86	0.572889	0.221845	0.028434	2.900000
87	0.614395	0.021121	-0.017240	2.900000
88	0.594019	0.116493	0.108606	2.900000
89	0.515282	-0.067847	-0.328795	2.900000
90	0.511870	-0.050165	0.337191	2.900000
91	0.612284	0.008903	-0.057040	2.900000
92	0.614401	0.014123	0.023170	2.900000
93	0.584700	0.186521	-0.039508	2.900000
94	0.520894	-0.215770	0.245639	2.900000
95	0.597530	0.141604	0.033623	2.900000
96	0.614370	-0.012582	-0.024831	2.900000
97	0.601813	0.068339	-0.106656	2.900000
98	0.574471	0.167979	-0.141390	2.900000
99	0.577917	0.180859	-0.107362	2.900000
100	0.613215	0.039697	-0.024829	2.900000
101	0.603563	-0.073119	0.092687	2.900000
102	0.606669	0.054576	0.084845	2.900000
103	0.518079	0.254816	0.211867	2.900000
104	0.610221	-0.075559	-0.012093	2.900000
105	0.583133	0.137387	-0.138947	2.900000
106	0.570965	-0.010252	-0.228295	2.900000
107	0.602638	0.031325	0.118624	2.900000
108	0.571843	-0.061598	-0.217776	2.900000
109	0.545966	-0.148078	0.241286	2.900000
110	0.583455	-0.162609	0.106601	2.900000
111	0.562990	-0.082266	-0.233452	2.900000
112	0.493851	0.348156	-0.114556	2.900000
113	0.491134	-0.193838	-0.315340	2.900000
114	0.572823	-0.006644	-0.223729	2.900000
115	0.602589	0.036285	0.117454	2.900000
116	0.584967	0.180161	0.059840	2.900000
117	0.610291	0.058783	-0.048103	2.900000
118	0.604637	-0.070931	0.087225	2.900000
119	0.600355	0.021406	0.131685	2.900000
120	0.593602	-0.151334	0.054402	2.900000
121	0.604422	0.081618	0.078976	2.900000
122	0.556268	0.023737	-0.261203	2.900000
123	0.614811	0.015186	-0.001242	2.900000
124	0.554505	0.151760	0.218445	2.900000
125	0.612619	0.018923	-0.050645	2.900000
126	0.583409	0.149234	0.124853	2.900000
127	0.609819	-0.000138	0.079658	2.900000
128	0.601740	0.048918	0.117221	2.900000
129	0.587627	-0.157382	-0.090279	2.900000
130	0.609403	-0.046482	0.068505	2.900000
131	0.607601	-0.016184	0.093724	2.900000
132	0.534962	-0.276480	0.124896	2.900000
133	0.573078	0.216958	-0.052305	2.900000
134	0.559270	0.173855	-0.187660	2.900000
135	0.598488	0.137899	-0.031961	2.900000
136	0.603740	-0.002645	0.117115	2.900000
137	0.568230	-0.100163	0.212855	2.900000
138	0.595703	-0.123030	0.090699	2.900000
139	0.568264	-0.147289	0.183321	2.900000
140	0.604750	-0.111413	0.009467	2.900000
141	0.564457	0.164658	0.180281	2.900000
142	0.477195	0.384780	0.049546	2.900000
143	0.590601	0.142666	0.095195	2.900000
144	0.483386	0.200730	0.322908	2.900000
145	0.612257	0.005377	0.057773	2.900000
146	0.608485	0.082890	-0.033176	2.900000
147	0.605236	0.045333	0.099292	2.900000
148	0.601662	-0.054617	-0.115087	2.900000
149	0.567939	-0.134725	-0.193700	2.900000
150	0.553081	0.264924	0.046284	2.900000
151	0.604467	0.067053	-0.091368	2.900000
152	0.486757	-0.146542	0.346148	2.900000
153	0.587991	-0.018706	0.179281	2.900000
154	0.601008	-0.093582	-0.090868	2.900000
155	0.590336	-0.171002	0.022057	2.900000
156	0.574811	0.026375	-0.217075	2.900000
157	0.614354	-0.028115	0.002032	2.900000
158	0.564457	0.056322	0.237572	2.900000
159	0.607408	0.011767	0.095615	2.900000
160	0.571363	-0.145463	0.174956	2.900000
161	0.600138	0.018320	0.133129	2.900000
162	0.606054	0.094819	0.043965	2.900000
163	0.603878	0.109461	0.039680	2.900000
164	0.588849	0.114773	0.135311	2.900000
165	0.612393	-0.055390	-0.011460	2.900000
166	0.568848	0.209934	-0.102787	2.900000
167	0.576581	0.213475	0.014418	2.900000
168	0.555683	0.068241	0.254529	2.900000
169	0.611953	0.057560	-0.020620	2.900000
170	0.607668	0.093363	0.015750	2.900000
171	0.601682	0.015045	0.126404	2.900000
172	0.609618	-0.038483	0.071480	2.900000
173	0.587459	-0.155389	0.094715	2.900000
174	0.586478	0.152637	-0.104737	2.900000
175	0.608661	0.042215	0.077298	2.900000
176	0.612893	0.046585	0.020409	2.900000
177	0.602883	-0.105334	0.060510	2.900000
178	0.569886	0.125329	0.194288	2.900000
179	0.546856	0.249106	0.130842	2.900000
180	0.607940	-0.000686	-0.092920	2.900000
181	0.601764	-0.093404	-0.085910	2.900000
182	0.595965	0.150621	0.019073	2.900000
183	0.592309	0.094676	-0.135761	2.900000
184	0.601550	-0.111079	0.063436	2.900000
185	0.604158	0.114968	-0.001001	2.900000
186	0.595568	0.022612	0.151698	2.900000
187	0.591470	0.124735	-0.113265	2.900000
188	0.581794	-0.191933	0.053878	2.900000
189	0.600829	0.117042	0.059418	2.900000
190	0.612365	-0.010511	0.055887	2.900000
191	0.612821	0.001772	-0.051689	2.900000
192	0.528306	0.064378	0.308178	2.900000
193	0.598334	0.120085	0.076163	2.900000
194	0.611376	-0.051194	0.042708	2.900000
195	0.594329	0.087291	0.131827	2.900000
196	0.610586	-0.063218	-0.037588	2.900000
197	0.594210	0.157986	-0.013433	2.900000
198	0.520620	0.152580	-0.289654	2.900000
199	0.597757	0.118585	0.082762	2.900000
200	0.602220	0.088689	0.087694	2.900000
201	0.605231	0.073180	0.081026	2.900000
202	0.579464	0.204259	-0.026914	2.900000
203	0.608161	0.043300	0.080565	2.900000
204	0.591110	0.120666	-0.119389	2.900000
205	0.604886	0.110479	-0.011491	2.900000
206	0.563379	-0.105254	-0.223050	2.900000
207	0.608287	0.011723	-0.089859	2.900000
208	0.582898	0.147522	-0.129196	2.900000
209	0.548802	0.086916	0.263603	2.900000
210	0.607196	-0.033776	-0.091635	2.900000
211	0.578631	0.079169	-0.192725	2.900000
212	0.557543	0.007437	0.259451	2.900000
213	0.590883	0.117762	0.123347	2.900000
214	0.540507	0.105923	0.273601	2.900000
215	0.597836	-0.063288	0.129659	2.900000
216	0.568989	-0.117119	0.201890	2.900000
217	0.613057	0.001182	-0.048835	2.900000
218	0.569449	-0.228245	-0.043090	2.900000
219	0.599482	0.132167	-0.037132	2.900000
220	0.545363	0.155707	0.237823	2.900000
221	0.586451	-0.023723	-0.183676	2.900000
222	0.610913	-0.016139	-0.068917	2.900000
223	0.586008	0.186052	0.014297	2.900000
224	0.603450	0.116568	0.022011	2.900000
225	0.602858	0.052865	0.109509	2.900000
226	0.612757	0.051868	0.007980	2.900000
227	0.608386	-0.075519	-0.048875	2.900000
228	0.611214	0.067633	0.008266	2.900000
229	0.613320	0.045317	0.003119	2.900000
230	0.612104	-0.045845	0.038097	2.900000
231	0.597600	0.139982	-0.038782	2.900000
232	0.614106	0.032375	0.007103	2.900000
233	0.602440	0.121984	-0.020261	2.900000
234	0.570932	0.206606	0.097855	2.900000
235	0.611513	-0.064425	0.011231	2.900000
236	0.613564	0.014672	-0.039352	2.900000
237	0.605381	0.105559	-0.024412	2.900000
238	0.600076	0.024097	0.132488	2.900000
239	0.604994	0.058177	0.093932	2.900000
240	0.605237	0.108974	0.006165	2.900000
241	0.597804	-0.018835	-0.143179	2.900000
242	0.548150	0.214207	-0.178529	2.900000
243	0.594076	0.158338	0.015078	2.900000
244	0.574854	-0.218548	0.002272	2.900000
245	0.582295	0.040220	-0.193753	2.900000
246	0.596734	-0.148775	0.000066	2.900000
247	0.599278	0.134074	0.033391	2.900000
248	0.614552	-0.006132	-0.022664	2.900000
249	0.597239	-0.144028	-0.028052	2.900000
250	0.607109	0.095171	-0.024205	2.900000
251	0.599285	0.136964	0.017978	2.900000
252	0.565564	0.048321	0.236700	2.900000
253	0.559591	0.060947	0.247727	2.900000
254	0.593004	0.163008	0.000037	2.900000
255	0.598875	0.044772	-0.132550	2.900000
256	0.570853	-0.211457	-0.087396	2.900000
257	0.606874	0.077771	-0.062293	2.900000
258	0.592609	0.148849	-0.069884	2.900000
259	0.490270	0.145036	0.341797	2.900000
260	0.609759	0.016112	-0.078484	2.900000
261	0.605686	0.028576	-0.102728	2.900000
262	0.515216	-0.036686	0.333813	2.900000
263	0.606158	0.007785	0.103621	2.900000
264	0.598728	0.001871	0.140522	2.900000
265	0.596219	0.100116	0.112804	2.900000
266	0.594598	0.134416	-0.081302	2.900000
267	0.499889	-0.041002	-0.355886	2.900000
268	0.482851	0.370507	-0.088344	2.900000
269	0.598806	0.129495	0.053738	2.900000
270	0.578074	0.185081	0.098997	2.900000
271	0.585582	0.121299	0.143544	2.900000
272	0.612076	0.002415	0.059848	2.900000
273	0.613492	0.042004	-0.009388	2.900000
274	0.577900	-0.066203	0.199683	2.900000
275	0.610325	0.072339	0.022259	2.900000
276	0.606180	-0.031402	0.098917	2.900000
277	0.548195	0.183639	0.209725	2.900000
278	0.602280	0.109213	0.059638	2.900000
279	0.587283	0.161055	0.085936	2.900000
280	0.586369	-0.114587	-0.145828	2.900000
281	0.606667	-0.075184	0.067285	2.900000
282	0.590241	0.164124	0.053892	2.900000
283	0.602084	0.124155	0.017489	2.900000
284	0.611687	0.062773	0.011106	2.900000
285	0.602244	0.042386	0.117178	2.900000
286	0.562565	-0.074191	-0.237153	2.900000
287	0.609593	0.081360	0.001451	2.900000
288	0.601722	-0.092115	0.087583	2.900000
289	0.611588	0.050109	-0.040923	2.900000
290	0.611226	0.058329	-0.035006	2.900000
291	0.553568	0.252923	-0.088415	2.900000
292	0.583312	-0.150568	-0.123698	2.900000
293	0.596715	-0.143263	0.040397	2.900000
294	0.579150	-0.124562	0.165211	2.900000
295	0.613442	-0.043391	0.005551	2.900000
296	0.581637	-0.171781	-0.102053	2.900000
297	0.610606	-0.060018	-0.042223	2.900000
298	0.591325	0.134902	0.101790	2.900000
299	0.592766	0.129490	-0.100427	2.900000
300	0.582187	0.123947	0.154663	2.900000
301	0.611889	-0.012507	0.060502	2.900000
302	0.608568	0.042001	-0.078138	2.900000
303	0.591879	-0.148940	-0.075640	2.900000
304	0.568631	0.222340	0.073812	2.900000
305	0.611337	0.042638	0.051714	2.900000
306	0.582771	-0.116973	0.157861	2.900000
307	0.610722	-0.007741	0.071999	2.900000
308	0.613102	-0.044926	0.017663	2.900000
309	0.610341	0.046769	-0.059341	2.900000
310	0.614529	0.002586	-0.023931	2.900000
311	0.606779	-0.082924	0.056287	2.900000
312	0.549039	0.007222	-0.276999	2.900000
313	0.589820	-0.174173	-0.001176	2.900000
314	0.604737	-0.093774	-0.061030	2.900000
315	0.581744	-0.188398	0.065612	2.900000
316	0.596222	0.130987	-0.074743	2.900000
317	0.599920	0.053465	-0.124346	2.900000
318	0.584435	0.028323	-0.189364	2.900000
319	0.553523	0.243815	-0.111319	2.900000
320	0.572191	0.078193	0.211444	2.900000
321	0.560456	0.159433	0.196711	2.900000
322	0.549661	0.224611	0.160149	2.900000
323	0.607606	-0.092593	-0.021601	2.900000
324	0.604356	0.055245	-0.099633	2.900000
325	0.562313	-0.228910	-0.098130	2.900000
326	0.611310	-0.051652	-0.043090	2.900000
327	0.584039	0.096730	0.166632	2.900000
328	0.574036	0.214771	-0.050806	2.900000
329	0.611978	0.006563	-0.060540	2.900000
330	0.554189	0.250905	0.090259	2.900000
331	0.603196	0.090027	0.079215	2.900000
332	0.610230	-0.060918	-0.046188	2.900000
333	0.563826	0.160796	-0.185662	2.900000
334	0.613137	-0.044878	0.016551	2.900000
335	0.611717	0.061985	0.013623	2.900000
336	0.600892	-0.081315	0.102670	2.900000
337	0.574543	0.088437	0.200760	2.900000
338	0.590120	0.129474	-0.114978	2.900000
339	0.592019	0.153304	-0.065088	2.900000
340	0.601271	0.085540	0.096859	2.900000
341	0.613293	0.011536	-0.044319	2.900000
342	0.609853	-0.008417	-0.078948	2.900000
343	0.601441	0.056615	0.115277	2.900000
344	0.612634	0.053614	0.005522	2.900000
345	0.605526	0.039657	0.099955	2.900000
346	0.577849	-0.084412	-0.192848	2.900000
347	0.500681	0.208141	0.290209	2.900000
348	0.577394	-0.154998	0.144280	2.900000
349	0.592777	-0.060274	0.152341	2.900000
350	0.612181	-0.023120	0.054084	2.900000
351	0.606450	-0.070453	0.074028	2.900000
352	0.557811	0.246069	-0.080760	2.900000
353	0.607573	0.095076	0.006346	2.900000
354	0.610595	-0.071627	-0.016393	2.900000
355	0.594112	0.125860	0.097035	2.900000
356	0.605371	0.002821	0.108366	2.900000
357	0.601506	0.104148	0.074621	2.900000
358	0.596988	0.034272	-0.143721	2.900000
359	0.606489	0.046492	-0.090747	2.900000
360	0.614940	0.006031	-0.006134	2.900000
361	0.601253	0.084625	-0.097769	2.900000
362	0.606145	0.102625	0.016760	2.900000
363	0.567837	0.236087	-0.006958	2.900000
364	0.592926	-0.139755	0.084450	2.900000
365	0.574147	0.066413	0.210165	2.900000
366	0.586951	0.029435	0.181236	2.900000
367	0.582104	-0.174819	-0.093903	2.900000
368	0.609069	0.084661	-0.009618	2.900000
369	0.591876	-0.086185	-0.143110	2.900000
370	0.587597	0.030595	0.178939	2.900000
371	0.603744	0.002682	0.117092	2.900000
372	0.586965	-0.050886	0.176374	2.900000
373	0.597380	-0.132864	-0.060903	2.900000
374	0.608482	-0.020419	-0.086935	2.900000
375	0.611016	0.061074	0.033981	2.900000
376	0.606630	0.097256	0.027693	2.900000
377	0.594177	-0.030962	0.155629	2.900000
378	0.610616	0.054406	-0.049121	2.900000
379	0.608959	-0.084322	0.016833	2.900000
380	0.601659	0.088926	0.091233	2.900000
381	0.589619	-0.012307	0.174421	2.900000
382	0.575464	0.212992	0.041233	2.900000
383	0.611397	0.059259	-0.030114	2.900000
384	0.602778	-0.065527	-0.102908	2.900000
385	0.595683	-0.078310	0.131356	2.900000
386	0.609754	0.000093	0.080153	2.900000
387	0.608732	0.084907	0.021463	2.900000
388	0.611995	0.000551	0.060715	2.900000
389	0.591400	-0.022573	-0.167219	2.900000
390	0.604529	0.108505	0.031573	2.900000
391	0.599629	0.129600	-0.043295	2.900000
392	0.597318	0.108808	0.097962	2.900000
393	0.606678	-0.012224	0.100089	2.900000
394	0.614683	0.012231	0.015487	2.900000
395	0.608331	0.079501	-0.042879	2.900000
396	0.612092	-0.059601	-0.004022	2.900000
397	0.614572	0.016038	0.016388	2.900000
398	0.613498	-0.033567	0.026802	2.900000
399	0.609047	0.006156	-0.085143	2.900000
400	0.611944	-0.060707	0.007998	2.900000
401	0.561623	-0.167940	0.186011	2.900000
402	0.572725	-0.035766	0.221204	2.900000
403	0.580420	-0.163884	0.120330	2.900000
404	0.599587	-0.007262	0.136630	2.900000
405	0.597291	0.045325	0.139336	2.900000
406	0.591108	0.166354	-0.033798	2.900000
407	0.609703	-0.013323	0.079433	2.900000
408	0.614686	0.003234	0.019386	2.900000
409	0.581484	0.198227	-0.028419	2.900000
410	0.605549	0.105382	-0.020748	2.900000
411	0.592796	-0.141797	0.081921	2.900000
412	0.613997	-0.032458	0.013368	2.900000
413	0.590084	0.129207	0.115463	2.900000
414	0.604711	0.051980	-0.099236	2.900000
415	0.594814	0.105756	0.115051	2.900000
416	0.601065	0.128544	0.020547	2.900000
417	0.605494	-0.027672	0.104096	2.900000
418	0.591596	-0.165072	0.031471	2.900000
419	0.553464	0.011000	-0.267920	2.900000
420	0.580811	0.176157	-0.099257	2.900000
421	0.611134	-0.052876	0.044097	2.900000
422	0.558293	-0.050182	-0.253014	2.900000
423	0.609416	-0.014820	-0.081350	2.900000
424	0.540703	0.266996	-0.120741	2.900000
425	0.587546	0.181218	0.013209	2.900000
426	0.614554	-0.023358	0.001808	2.900000
427	0.599883	0.129448	0.040103	2.900000
428	0.605447	0.015377	-0.106878	2.900000
429	0.582898	0.173521	-0.091351	2.900000
430	0.591353	0.129648	0.108249	2.900000
431	0.585315	0.077000	-0.172343	2.900000
432	0.585224	0.184814	-0.039772	2.900000
433	0.514646	0.309139	-0.133410	2.900000
434	0.587864	-0.125473	0.129992	2.900000
435	0.488540	0.318929	0.194520	2.900000
436	0.609475	-0.027330	-0.077576	2.900000
437	0.612764	0.047145	-0.022871	2.900000
438	0.593177	0.157257	0.040450	2.900000
439	0.598568	0.136116	-0.037602	2.900000
440	0.613565	0.014531	0.039394	2.900000
441	0.576516	0.104839	0.186716	2.900000
442	0.602160	-0.106864	-0.064877	2.900000
443	0.553421	-0.262304	-0.056099	2.900000
444	0.614979	0.002408	0.004432	2.900000
445	0.605776	0.079790	-0.069957	2.900000
446	0.612114	0.038119	-0.045696	2.900000
447	0.520946	0.151075	0.289856	2.900000
448	0.602289	-0.025349	-0.121779	2.900000
449	0.606592	-0.083991	0.056720	2.900000
450	0.575953	-0.149195	-0.155705	2.900000
451	0.605496	0.093420	0.053591	2.900000
452	0.595810	0.044206	0.145880	2.900000
453	0.592285	0.158151	-0.049111	2.900000
454	0.614793	0.005960	0.014789	2.900000
455	0.556602	0.227531	0.129029	2.900000
456	0.575564	-0.207046	0.063901	2.900000
457	0.553874	-0.148598	-0.222187	2.900000
458	0.609550	0.072766	-0.037138	2.900000
459	0.579190	0.197213	0.062217	2.900000
460	0.583412	0.073701	0.180066	2.900000
461	0.598324	-0.139003	-0.030191	2.900000
462	0.596182	-0.021102	-0.149490	2.900000
463	0.613537	-0.032284	0.027475	2.900000
464	0.598253	0.047128	0.134527	2.900000
465	0.591921	-0.131487	-0.102787	2.900000
466	0.610959	-0.061811	-0.033671	2.900000
467	0.612139	0.047606	-0.035281	2.900000
468	0.592343	-0.048132	-0.158235	2.900000
469	0.604575	-0.020370	0.110903	2.900000
470	0.599389	-0.137452	0.008069	2.900000
471	0.527018	-0.287891	0.132649	2.900000
472	0.587433	0.060174	-0.171831	2.900000
473	0.606783	0.012665	0.099390	2.900000
474	0.607958	-0.071289	0.059411	2.900000
475	0.598002	0.132155	-0.056154	2.900000
476	0.609667	-0.042048	0.069020	2.900000
477	0.569304	0.106322	0.206913	2.900000
478	0.567182	-0.074655	-0.225734	2.900000
479	0.575523	0.032223	-0.214382	2.900000
480	0.599902	0.066049	0.118240	2.900000
481	0.604634	-0.054831	0.098165	2.900000
482	0.601370	0.077354	0.102932	2.900000
483	0.592377	-0.081928	0.143533	2.900000
484	0.600185	0.084831	-0.103953	2.900000
485	0.603068	0.021697	-0.118588	2.900000
486	0.609029	0.041392	-0.074804	2.900000
487	0.612499	0.049658	-0.024580	2.900000
488	0.612367	-0.027332	-0.049841	2.900000
489	0.576754	0.146679	0.155130	2.900000
490	0.609694	0.077683	-0.021544	2.900000
491	0.579720	-0.052181	0.198563	2.900000
492	0.607040	0.037852	0.091077	2.900000
493	0.592557	-0.147788	0.072529	2.900000
494	0.594823	0.097088	0.122410	2.900000
495	0.602010	-0.123456	-0.023824	2.900000
496	0.579034	-0.006755	0.207121	2.900000
497	0.609492	0.081843	-0.006833	2.900000
498	0.606398	-0.086209	-0.055451	2.900000
499	0.527696	0.296370	0.109209	2.900000
500	0.574352	0.156367	0.154576	2.900000
501	0.586563	0.184832	-0.002552	2.900000
502	0.601905	0.070156	-0.104948	2.900000
503	0.595354	0.118351	-0.098853	2.900000
504	0.606768	0.077351	-0.063832	2.900000
505	0.605240	-0.017433	0.107727	2.900000
506	0.612615	0.049676	-0.021439	2.900000
507	0.612804	0.048753	0.017867	2.900000
508	0.605313	-0.054743	0.093936	2.900000
509	0.596910	0.144710	0.031335	2.900000
510	0.585921	-0.083073	-0.167394	2.900000
511	0.608921	-0.017080	0.084548	2.900000
512	0.596821	-0.125588	-0.079107	2.900000
513	0.608025	-0.036208	-0.084969	2.900000
514	0.606875	0.066478	0.074218	2.900000
515	0.609667	0.031127	-0.074581	2.900000
516	0.607786	0.064397	-0.068366	2.900000
517	0.608332	-0.030769	0.084912	2.900000
518	0.606980	-0.087304	0.046674	2.900000
519	0.610051	0.055008	0.055108	2.900000
520	0.594939	-0.086354	-0.129675	2.900000
521	0.590776	0.170801	0.006001	2.900000
522	0.608143	-0.068023	0.061315	2.900000
523	0.611489	-0.046049	-0.046756	2.900000
524	0.607002	0.098808	-0.003320	2.900000
525	0.595892	0.069767	-0.135169	2.900000
526	0.602127	0.098738	-0.076933	2.900000
527	0.596901	-0.146157	-0.023921	2.900000
528	0.598735	0.064627	0.124760	2.900000
529	0.601587	-0.105342	-0.072257	2.900000
530	0.604224	-0.061606	-0.096662	2.900000
531	0.608717	0.025568	-0.083875	2.900000
532	0.603506	0.098080	-0.066229	2.900000
533	0.602134	0.098773	0.076835	2.900000
534	0.541513	-0.290796	0.020658	2.900000
535	0.603980	-0.115876	-0.002382	2.900000
536	0.549366	-0.241464	0.134599	2.900000
537	0.567602	0.163513	0.171219	2.900000
538	0.614923	0.000875	0.009685	2.900000
539	0.572188	0.201673	-0.100766	2.900000
540	0.578555	0.206186	0.031402	2.900000
541	0.607233	0.034202	0.091231	2.900000
542	0.547393	0.204624	-0.191612	2.900000
543	0.599044	0.139033	-0.006426	2.900000
544	0.584113	-0.019713	0.191439	2.900000
545	0.609341	-0.043063	0.071230	2.900000
546	0.614477	0.016056	0.019627	2.900000
547	0.611245	-0.050467	-0.045365	2.900000
548	0.610668	0.003041	0.072802	2.900000
549	0.609596	0.060923	0.053911	2.900000
550	0.610889	-0.063841	0.031041	2.900000
551	0.606494	0.086407	0.054072	2.900000
552	0.608539	-0.041594	0.078584	2.900000
553	0.596031	-0.119449	0.093298	2.900000
554	0.570647	0.216339	-0.076055	2.900000
555	0.604684	0.098215	-0.054189	2.900000
556	0.611356	-0.060068	-0.029329	2.900000
557	0.596134	-0.148622	-0.027587	2.900000
558	0.589076	0.080862	0.157085	2.900000
559	0.606925	0.054178	-0.083256	2.900000
560	0.608778	0.081343	0.031588	2.900000
561	0.608342	0.090044	-0.006102	2.900000
562	0.602707	0.033449	-0.117689	2.900000
563	0.607536	-0.054984	-0.078116	2.900000
564	0.601932	0.100446	0.076243	2.900000
565	0.609238	0.040568	0.073545	2.900000
566	0.601521	-0.021434	0.126247	2.900000
567	0.605465	0.038350	0.100829	2.900000
568	0.591006	0.117648	0.122865	2.900000
569	0.604406	-0.023146	0.111280	2.900000
570	0.551189	-0.234532	-0.139319	2.900000
571	0.601625	-0.075228	-0.103017	2.900000
572	0.561585	0.178866	-0.175655	2.900000
573	0.603582	-0.086364	0.080342	2.900000
574	0.603224	-0.112942	-0.039879	2.900000
575	0.607824	-0.081141	0.046812	2.900000
576	0.606259	0.086740	0.056133	2.900000
577	0.597420	0.073977	0.125863	2.900000
578	0.611352	0.052048	0.042005	2.900000
579	0.579225	0.206679	-0.002638	2.900000
580	0.599439	-0.132565	0.036390	2.900000
581	0.588311	-0.151474	0.095765	2.900000
582	0.604553	0.048227	-0.102054	2.900000
583	0.602300	0.122790	-0.019556	2.900000
584	0.601884	0.079888	0.097871	2.900000
585	0.609365	-0.034614	0.075503	2.900000
586	0.601554	-0.127107	0.014205	2.900000
587	0.598022	0.120786	0.077497	2.900000
588	0.608385	-0.049197	0.075315	2.900000
589	0.598537	-0.133621	0.046092	2.900000
590	0.597751	0.055987	-0.133357	2.900000
591	0.612441	0.037784	0.041400	2.900000
592	0.599482	-0.042917	0.130401	2.900000
593	0.612474	-0.024473	0.050012	2.900000
594	0.569430	0.028395	0.230581	2.900000
595	0.614763	-0.016566	0.004155	2.900000
596	0.606310	-0.089630	0.050795	2.900000
597	0.612373	0.032613	-0.046482	2.900000
598	0.593064	0.154131	0.052374	2.900000
599	0.567434	0.223331	0.079790	2.900000
600	0.593943	0.057560	0.148807	2.900000
601	0.602631	-0.111388	0.051518	2.900000
602	0.602970	0.078984	0.091723	2.900000
603	0.568565	0.233566	0.020158	2.900000
604	0.612988	0.042972	-0.024984	2.900000
605	0.606306	0.101352	-0.018585	2.900000
606	0.606354	-0.048921	0.090368	2.900000
607	0.587120	0.154496	-0.098216	2.900000
608	0.580012	0.194584	0.062832	2.900000
609	0.594010	0.038553	0.154568	2.900000
610	0.607435	-0.096099	0.003562	2.900000
611	0.589934	-0.106106	0.137639	2.900000
612	0.603154	-0.006960	-0.119925	2.900000
613	0.598858	0.012723	0.139401	2.900000
614	0.609768	-0.068833	0.040871	2.900000
615	0.609703	0.073034	0.033954	2.900000
616	0.588231	-0.123867	0.129871	2.900000
617	0.607029	0.085377	0.049520	2.900000
618	0.609929	-0.037817	0.069149	2.900000
619	0.594689	-0.065917	-0.142216	2.900000
620	0.567650	0.223694	-0.077202	2.900000
621	0.598580	0.007818	0.140946	2.900000
622	0.568675	0.142704	0.185660	2.900000
623	0.585284	0.137030	-0.129963	2.900000
624	0.607582	0.089550	0.032396	2.900000
625	0.608778	-0.003962	0.087172	2.900000
626	0.595618	0.041827	0.147358	2.900000
627	0.579981	-0.144521	-0.144777	2.900000
628	0.606609	0.076261	0.066590	2.900000
629	0.611245	0.067048	-0.010418	2.900000
630	0.594596	0.023314	-0.155362	2.900000
631	0.600562	-0.131769	-0.013692	2.900000
632	0.587837	-0.180674	-0.005440	2.900000
633	0.599918	-0.087316	0.103435	2.900000
634	0.534508	0.254332	0.166858	2.900000
635	0.598532	-0.106190	0.093315	2.900000
636	0.606174	0.057957	0.086135	2.900000
637	0.597358	0.134480	0.057479	2.900000
638	0.550264	0.154741	0.226913	2.900000
639	0.601951	0.118803	-0.042025	2.900000
640	0.608518	-0.044988	-0.076858	2.900000
641	0.587698	-0.159802	0.085440	2.900000
642	0.605214	0.095396	0.053295	2.900000
643	0.614256	0.016523	-0.025332	2.900000
644	0.611732	-0.012779	-0.062014	2.900000
645	0.613237	0.039013	-0.025362	2.900000
646	0.592017	-0.111860	0.123402	2.900000
647	0.595660	-0.098777	-0.116866	2.900000
648	0.501790	0.355415	-0.010572	2.900000
649	0.614690	-0.019302	0.002918	2.900000
650	0.597196	-0.129655	-0.069078	2.900000
651	0.609675	0.006814	0.080467	2.900000
652	0.603790	0.037319	-0.110768	2.900000
653	0.539112	-0.162952	0.247043	2.900000
654	0.612112	-0.037358	-0.046354	2.900000
655	0.595381	-0.152774	0.020154	2.900000
656	0.609708	0.009359	-0.079958	2.900000
657	0.597679	-0.115515	-0.087526	2.900000
658	0.576864	0.179903	-0.114400	2.900000
659	0.479554	0.075379	0.377586	2.900000
660	0.576393	-0.213683	0.018326	2.900000
661	0.607530	-0.015717	-0.094260	2.900000
662	0.575165	-0.198306	-0.089916	2.900000
663	0.601355	-0.122993	-0.038332	2.900000
664	0.567903	0.231166	0.047685	2.900000
665	0.579732	0.204942	-0.011594	2.900000
666	0.584796	-0.067362	-0.178048	2.900000
667	0.601584	0.103072	0.075485	2.900000
668	0.547220	0.205410	0.191263	2.900000
669	0.591315	-0.106978	-0.130874	2.900000
670	0.604185	0.106035	-0.044067	2.900000
671	0.592049	-0.039414	-0.161708	2.900000
672	0.607256	0.062948	0.074184	2.900000
673	0.562883	0.118443	-0.217622	2.900000
674	0.610786	-0.070545	-0.013741	2.900000
675	0.562399	-0.085466	0.233725	2.900000
676	0.590253	0.169789	-0.031597	2.900000
677	0.607977	0.003398	0.092612	2.900000
678	0.562328	-0.222614	0.111602	2.900000
679	0.611127	0.003621	-0.068813	2.900000
680	0.603617	0.101927	0.059011	2.900000
681	0.608185	0.051340	-0.075500	2.900000
682	0.598444	0.120812	-0.074123	2.900000
683	0.559856	-0.241391	0.080725	2.900000
684	0.578179	0.101224	0.183543	2.900000
685	0.609323	0.021732	-0.080485	2.900000
686	0.604714	-0.047342	-0.101511	2.900000
687	0.601826	0.047851	0.117222	2.900000
688	0.595333	0.081820	-0.130802	2.900000
689	0.613233	-0.025065	0.039268	2.900000
690	0.573379	-0.077316	0.208528	2.900000
691	0.613938	0.036120	0.000264	2.900000
692	0.586854	-0.095582	-0.157137	2.900000
693	0.606211	-0.003703	0.103535	2.900000
694	0.612147	-0.029012	0.051568	2.900000
695	0.583702	-0.029292	0.191465	2.900000
696	0.607247	0.062312	0.074786	2.900000
697	0.545829	0.102655	0.264117	2.900000
698	0.570784	0.205485	0.101028	2.900000
699	0.576294	-0.207657	-0.054668	2.900000
700	0.530818	0.305088	-0.058125	2.900000
701	0.571703	0.223927	-0.035168	2.900000
702	0.451580	-0.116429	0.400929	2.900000
703	0.460124	0.217053	0.345541	2.900000
704	0.564959	-0.011379	0.242729	2.900000
705	0.560142	0.232851	0.101225	2.900000
706	0.599731	0.066741	0.118717	2.900000
707	0.608565	0.007879	-0.088383	2.900000
708	0.594814	0.032866	0.152777	2.900000
709	0.609845	-0.033694	0.071961	2.900000
710	0.610498	-0.055782	-0.049053	2.900000
711	0.540973	-0.025913	-0.291378	2.900000
712	0.580666	0.040426	0.198540	2.900000
713	0.541434	0.258533	0.135037	2.900000
714	0.607134	-0.017461	-0.096477	2.900000
715	0.611884	-0.055423	-0.027401	2.900000
716	0.583561	0.057417	-0.185431	2.900000
717	0.605210	0.109272	0.002453	2.900000
718	0.592676	0.159145	-0.040413	2.900000
719	0.599481	0.091913	-0.101977	2.900000
720	0.572103	-0.219297	0.053217	2.900000
721	0.610893	-0.028286	-0.065070	2.900000
722	0.593961	0.081241	-0.137242	2.900000
723	0.576654	-0.048148	-0.208270	2.900000
724	0.601487	-0.080790	-0.099557	2.900000
725	0.598659	-0.012377	-0.140285	2.900000
726	0.532743	0.282981	0.119713	2.900000
727	0.590085	0.167975	-0.042531	2.900000
728	0.466957	-0.011619	0.400051	2.900000
729	0.604001	0.097410	-0.062605	2.900000
730	0.604882	-0.048770	0.099822	2.900000
731	0.604606	-0.109290	0.027052	2.900000
732	0.588034	0.160643	-0.081453	2.900000
733	0.605338	-0.069444	-0.083481	2.900000
734	0.609741	-0.080251	-0.000580	2.900000
735	0.614678	0.019670	0.003087	2.900000
736	0.589958	-0.113458	-0.131536	2.900000
737	0.602041	0.117563	0.044160	2.900000
738	0.544034	-0.124160	-0.258527	2.900000
739	0.512512	-0.324081	0.102605	2.900000
740	0.572512	-0.224534	-0.006267	2.900000
741	0.609561	0.045279	0.067898	2.900000
742	0.569391	0.189017	0.135247	2.900000
743	0.570618	-0.014006	-0.228963	2.900000
744	0.576732	-0.050051	0.207607	2.900000
745	0.601416	0.122190	-0.039922	2.900000
746	0.600510	0.106954	-0.078570	2.900000
747	0.534614	0.282170	0.113109	2.900000
748	0.604754	0.029476	0.107839	2.900000
749	0.551142	0.164738	-0.217552	2.900000
750	0.453359	0.412084	-0.053634	2.900000
751	0.608729	0.034528	-0.080506	2.900000
752	0.613168	0.047151	0.005169	2.900000
753	0.600653	-0.128463	0.030625	2.900000
754	0.497335	0.028279	-0.360670	2.900000
755	0.585780	0.168002	0.082840	2.900000
756	0.602114	-0.067389	0.105557	2.900000
757	0.584273	0.134560	-0.136907	2.900000
758	0.608607	0.060486	0.064527	2.900000
759	0.592054	0.104884	-0.129213	2.900000
760	0.613096	-0.029748	0.038118	2.900000
761	0.554714	-0.041211	0.262333	2.900000
762	0.581054	-0.201444	0.004568	2.900000
763	0.584737	-0.161153	-0.101672	2.900000
764	0.602614	0.115082	0.042869	2.900000
765	0.593672	0.150971	0.054645	2.900000
766	0.569872	0.004636	-0.231192	2.900000
767	0.586427	-0.157595	0.097425	2.900000
768	0.601332	-0.043775	0.121278	2.900000
769	0.586652	0.018038	-0.183683	2.900000
770	0.609683	0.025260	-0.076639	2.900000
771	0.609282	-0.004995	-0.083517	2.900000
772	0.564008	-0.013366	0.244829	2.900000
773	0.572398	0.087292	0.207281	2.900000
774	0.605313	0.042297	-0.100159	2.900000
775	0.604942	-0.059934	0.093155	2.900000
776	0.609013	0.064660	-0.056105	2.900000
777	0.604927	-0.006386	0.110668	2.900000
778	0.494166	0.137740	0.339195	2.900000
779	0.613559	-0.042013	-0.002316	2.900000
780	0.549788	0.114298	0.250786	2.900000
781	0.590407	-0.108626	-0.133585	2.900000
782	0.605825	0.063465	-0.084693	2.900000
783	0.586449	0.081553	-0.166287	2.900000
784	0.575644	0.199268	0.084568	2.900000
785	0.612514	-0.052180	-0.018121	2.900000
786	0.611005	0.056768	0.040934	2.900000
787	0.609646	-0.073885	0.033125	2.900000
788	0.605051	0.105264	-0.032531	2.900000
789	0.567996	-0.002765	0.235793	2.900000
790	0.574560	-0.191648	-0.106662	2.900000
791	0.613172	0.036061	0.030746	2.900000
792	0.579513	-0.127735	0.161473	2.900000
793	0.591267	-0.014213	0.168601	2.900000
794	0.585650	-0.034081	-0.184603	2.900000
795	0.614623	0.020395	0.006887	2.900000
796	0.610739	0.067355	-0.026200	2.900000
797	0.614943	0.007358	-0.003983	2.900000
798	0.575511	0.049476	0.211101	2.900000
799	0.614736	-0.012612	-0.012853	2.900000
800	0.593821	-0.143975	0.069802	2.900000
801	0.590685	-0.037096	0.167152	2.900000
802	0.596956	0.147700	0.007275	2.900000
803	0.612574	0.046996	0.027743	2.900000
804	0.571798	-0.150475	0.169203	2.900000
805	0.594793	-0.109767	0.111345	2.900000
806	0.598318	0.131759	0.053669	2.900000
807	0.613192	0.016079	0.044296	2.900000
808	0.604322	-0.075592	0.085473	2.900000
809	0.607325	0.094748	0.020095	2.900000
810	0.581460	0.110113	0.167344	2.900000
811	0.554098	0.225200	0.143129	2.900000
812	0.586710	0.106175	0.150741	2.900000
813	0.595667	0.085829	0.126648	2.900000
814	0.561071	0.163803	0.191292	2.900000
815	0.571453	0.204329	0.099577	2.900000
816	0.511908	0.335875	0.057997	2.900000
817	0.612130	0.050251	0.031574	2.900000
818	0.589735	-0.142560	0.100569	2.900000
819	0.594084	-0.136606	0.081413	2.900000
820	0.595179	-0.132864	0.079588	2.900000
821	0.534216	0.302669	0.035060	2.900000
822	0.575047	0.039572	0.214429	2.900000
823	0.587943	-0.060789	0.169861	2.900000
824	0.602917	0.037176	0.115472	2.900000
825	0.576333	0.090805	-0.194473	2.900000
826	0.593319	0.099821	-0.127408	2.900000
827	0.606194	-0.103580	-0.004989	2.900000
828	0.604314	-0.059832	0.097209	2.900000
829	0.595096	-0.150137	-0.039310	2.900000
830	0.581338	0.179464	-0.089799	2.900000
831	0.594981	-0.143401	-0.060482	2.900000
832	0.556851	0.260025	0.022996	2.900000
833	0.577514	-0.104035	0.184064	2.900000
834	0.608864	0.086408	0.006622	2.900000
835	0.598138	-0.128159	0.063496	2.900000
836	0.614786	-0.015784	-0.003780	2.900000
837	0.609730	-0.077836	-0.019902	2.900000
838	0.605357	0.093166	-0.055569	2.900000
839	0.601413	-0.101199	-0.079285	2.900000
840	0.603700	0.093474	-0.070950	2.900000
841	0.602582	0.116838	0.038329	2.900000
842	0.589343	0.168854	-0.048872	2.900000
843	0.473551	-0.295762	-0.257876	2.900000
844	0.528921	-0.205482	-0.237160	2.900000
845	0.486266	-0.287245	0.243434	2.900000
846	0.608377	-0.021877	0.087315	2.900000
847	0.604438	0.056843	-0.098225	2.900000
848	0.580766	0.167193	0.113940	2.900000
849	0.507383	0.347534	-0.002747	2.900000
850	0.588769	0.067804	-0.164252	2.900000
