1	0.125616	-0.385067	0.462784	2.670000
2	0.609687	-0.059547	0.054416	2.670000
3	0.611406	0.001304	-0.066373	2.670000
4	0.614566	-0.022618	0.004688	2.670000
5	0.595954	0.150499	-0.020347	2.670000
6	0.611425	-0.044957	0.048608	2.670000
7	0.512654	-0.210693	-0.266494	2.670000
8	0.477329	-0.278339	0.270017	2.670000
9	0.587496	-0.168424	0.068603	2.670000
10	0.556820	-0.142069	0.219074	2.670000
11	0.594067	0.147670	0.059190	2.670000
12	0.561889	0.079535	0.237023	2.670000
13	0.603388	0.112051	-0.039910	2.670000
14	0.610803	0.070441	0.013522	2.670000
15	0.613858	-0.027543	0.025381	2.670000
16	0.594126	-0.148716	0.055882	2.670000
17	0.609735	-0.002080	0.080274	2.670000
18	0.505323	-0.322556	0.137227	2.670000
19	0.600401	-0.070067	-0.113290	2.670000
20	0.613128	0.028290	-0.038721	2.670000
21	0.586558	0.147201	0.111835	2.670000
22	0.580448	0.179310	-0.095669	2.670000
23	0.610188	0.072936	0.024005	2.670000
24	0.594194	-0.131158	-0.089196	2.670000
25	0.612929	-0.035637	0.035672	2.670000
26	0.596784	0.141387	-0.045640	2.670000
27	0.578568	0.062155	-0.199050	2.670000
28	0.607421	-0.056051	-0.078247	2.670000
29	0.606357	0.091436	-0.046862	2.670000
30	0.603568	0.093689	-0.071785	2.670000
31	0.596775	0.031162	0.145304	2.670000
32	0.575397	0.210810	0.051989	2.670000
33	0.592881	-0.000927	-0.163451	2.670000
34	0.613042	0.047937	0.010345	2.670000
35	0.590172	0.106007	-0.136693	2.670000
36	0.585175	0.007246	-0.189056	2.670000
37	0.512911	-0.196503	-0.276647	2.670000
38	0.598419	-0.097543	-0.102981	2.670000
39	0.515380	-0.163869	-0.292840	2.670000
40	0.605424	-0.107572	-0.010716	2.670000
41	0.602403	0.109716	-0.057430	2.670000
42	0.522334	0.276849	0.169550	2.670000
43	0.599161	0.099563	0.096529	2.670000
44	0.605522	0.100491	-0.038345	2.670000
45	0.582488	0.139146	-0.139897	2.670000
46	0.589638	0.148571	-0.092082	2.670000
47	0.569706	-0.151022	0.175650	2.670000
48	0.595063	0.014581	0.154635	2.670000
49	0.568612	-0.084652	-0.218493	2.670000
50	0.609454	0.076480	0.030691	2.670000
51	0.607504	0.021413	-0.093301	2.670000
52	0.598050	0.143043	0.010003	2.670000
53	0.606087	0.101441	-0.024353	2.670000
54	0.575718	0.215580	-0.017283	2.670000
55	0.614347	-0.003590	-0.028097	2.670000
56	0.599270	0.137560	-0.013312	2.670000
57	0.519136	0.278636	-0.176309	2.670000
58	0.578764	0.166244	0.124982	2.670000
59	0.583038	0.163547	-0.107445	2.670000
60	0.588581	0.161367	-0.075886	2.670000
61	0.582636	-0.059131	0.187787	2.670000
62	0.580157	-0.091967	0.182167	2.670000
63	0.614893	0.005666	0.009948	2.670000
64	0.565190	0.241798	-0.017867	2.670000
65	0.612326	0.034537	0.045700	2.670000
66	0.607333	0.030554	0.091862	2.670000
67	0.581472	0.179328	-0.089202	2.670000
68	0.604265	0.069470	0.090903	2.670000
69	0.612378	0.053450	0.019006	2.670000
70	0.600589	0.108926	0.075184	2.670000
71	0.570565	-0.129790	0.189302	2.670000
72	0.611403	-0.026895	-0.060727	2.670000
73	0.613531	-0.026813	0.032950	2.670000
74	0.614580	0.015548	-0.016565	2.670000
75	0.576490	-0.212025	0.030488	2.670000
76	0.595010	0.139667	0.068416	2.670000
77	0.530053	0.029745	0.310458	2.670000
78	0.577713	-0.192089	0.087029	2.670000
79	0.544023	0.236211	-0.162692	2.670000
80	0.614508	-0.003780	-0.024300	2.670000
81	0.435474	0.403415	0.160762	2.670000
82	0.512693	-0.339584	-0.007301	2.670000
83	0.613425	-0.039962	0.018395	2.670000
84	0.603419	0.003194	0.118743	2.670000
85	0.587374	-0.155888	0.094424	2.670000
86	0.589645	-0.103795	0.140607	2.670000
87	0.614738	0.016807	0.006276	2.670000
88	0.572238	0.170803	0.146953	2.670000
89	0.602769	-0.114444	0.042394	2.670000
90	0.603042	0.108046	-0.053777	2.670000
91	0.421683	-0.433959	-0.109945	2.670000
92	0.584826	0.178345	0.066302	2.670000
93	0.571071	0.042485	-0.224272	2.670000
94	0.610718	-0.068782	-0.022756	2.670000
95	0.567009	-0.217582	0.096869	2.670000
96	0.596243	0.122078	0.088406	2.670000
97	0.613173	0.034767	-0.032169	2.670000
98	0.587182	-0.008494	-0.182675	2.670000
99	0.606958	0.098067	0.014466	2.670000
100	0.571568	-0.161082	-0.159960	2.670000
101	0.594665	0.126190	-0.093138	2.670000
102	0.596918	0.044984	-0.141032	2.670000
103	0.596357	0.055863	-0.139507	2.670000
104	0.598449	0.047524	0.133511	2.670000
105	0.571871	0.210756	-0.082281	2.670000
106	0.604324	-0.021558	0.112039	2.670000
107	0.587577	0.181576	-0.002968	2.670000
108	0.565527	0.234501	0.058426	2.670000
109	0.202137	0.308100	-0.492382	2.670000
110	0.612694	0.020242	0.049206	2.670000
111	0.586057	-0.060561	-0.176336	2.670000
112	0.555961	0.259646	-0.041432	2.670000
113	0.579461	0.151717	0.139398	2.670000
114	0.608263	-0.000880	0.090774	2.670000
115	0.566178	0.131860	0.200700	2.670000
116	0.614591	-0.008008	-0.020943	2.670000
117	0.555643	0.247133	-0.091714	2.670000
118	0.602627	-0.118039	-0.033652	2.670000
119	0.603845	-0.055192	-0.102712	2.670000
120	0.598642	-0.122083	0.070343	2.670000
121	0.577838	-0.172207	0.121131	2.670000
122	0.610870	-0.022543	0.067486	2.670000
123	0.534343	-0.279974	0.119654	2.670000
124	0.558984	0.134234	0.218502	2.670000
125	0.551226	-0.137338	0.235613	2.670000
126	0.610618	-0.026376	0.068370	2.670000
127	0.595515	0.090131	0.124353	2.670000
128	0.612873	-0.028517	0.042409	2.670000
129	0.610792	0.019017	-0.069255	2.670000
130	0.601852	-0.114998	0.052671	2.670000
131	0.602992	-0.001119	-0.120931	2.670000
132	0.572789	-0.198034	0.104501	2.670000
133	0.614255	0.003237	-0.030095	2.670000
134	0.602798	-0.112971	0.045792	2.670000
135	0.613129	0.027767	0.039083	2.670000
136	0.614234	0.027403	-0.013808	2.670000
137	0.572532	0.056838	0.217260	2.670000
138	0.612721	0.016826	-0.050145	2.670000
139	0.614191	0.023115	0.021438	2.670000
140	0.612949	0.049901	-0.005287	2.670000
141	0.541933	0.109459	-0.269355	2.670000
142	0.569788	0.132455	-0.189796	2.670000
143	0.610541	0.057657	0.046264	2.670000
144	0.584868	-0.189339	-0.017477	2.670000
145	0.590555	0.079344	0.152230	2.670000
146	0.600119	0.134441	-0.002776	2.670000
147	0.592315	0.148292	0.073464	2.670000
148	0.606095	0.090384	0.052000	2.670000
149	0.606758	0.099270	0.014663	2.670000
150	0.603629	-0.117262	-0.010327	2.670000
151	0.572598	0.089071	0.205970	2.670000
152	0.550363	-0.149307	-0.230289	2.670000
153	0.599774	0.097801	-0.094508	2.670000
154	0.589207	0.172360	-0.036780	2.670000
155	0.594487	0.062508	0.144578	2.670000
156	0.545631	0.190544	-0.210251	2.670000
157	0.604721	0.098801	0.052690	2.670000
158	0.597408	0.119426	0.084061	2.670000
159	0.603022	-0.068259	-0.099652	2.670000
160	0.606862	-0.061811	-0.078253	2.670000
161	0.612926	0.045698	-0.021399	2.670000
162	0.598369	0.141980	-0.004582	2.670000
163	0.594963	0.141459	0.065064	2.670000
164	0.578712	-0.205212	-0.034723	2.670000
165	0.604355	0.036501	0.107927	2.670000
166	0.614267	0.026142	0.014733	2.670000
167	0.543880	0.116716	-0.262293	2.670000
168	0.579649	0.205503	0.000286	2.670000
169	0.612137	0.059256	-0.001240	2.670000
170	0.572773	0.181896	0.130653	2.670000
171	0.608135	-0.058794	-0.070287	2.670000
172	0.589335	0.175178	0.014902	2.670000
173	0.560824	0.150403	0.202682	2.670000
174	0.533581	0.247376	-0.179782	2.670000
175	0.613219	-0.045296	-0.011665	2.670000
176	0.614607	0.007150	-0.020801	2.670000
177	0.560839	0.121974	0.220923	2.670000
178	0.584019	0.047754	0.186725	2.670000
179	0.607806	0.066549	0.066093	2.670000
180	0.613566	-0.014068	0.039544	2.670000
181	0.602499	0.018536	-0.121968	2.670000
182	0.598283	-0.019042	0.141139	2.670000
183	0.561170	-0.202014	0.150009	2.670000
184	0.605681	-0.003810	0.106586	2.670000
185	0.544424	-0.174179	0.226911	2.670000
186	0.546885	-0.082192	0.269047	2.670000
187	0.609376	-0.064274	-0.052485	2.670000
188	0.569098	-0.051967	-0.227272	2.670000
189	0.589216	-0.042868	0.170915	2.670000
190	0.607559	0.047107	0.082932	2.670000
191	0.576900	0.185360	0.105132	2.670000
192	0.559043	-0.048208	-0.251737	2.670000
193	0.602623	-0.100476	-0.070532	2.670000
194	0.614226	0.017648	-0.025292	2.670000
195	0.596355	0.132722	0.070502	2.670000
196	0.596123	0.117770	0.094830	2.670000
197	0.606250	0.027215	-0.099725	2.670000
198	0.593108	-0.032277	-0.159392	2.670000
199	0.579683	0.149825	-0.140518	2.670000
200	0.608616	-0.009135	-0.087908	2.670000
201	0.584475	-0.128991	0.141335	2.670000
202	0.565269	0.014329	-0.241849	2.670000
203	0.600004	0.129797	0.037060	2.670000
204	0.608929	0.057386	-0.064326	2.670000
205	0.544999	0.265359	0.103856	2.670000
206	0.605238	0.013727	-0.108275	2.670000
207	0.592317	-0.123004	-0.110707	2.670000
208	0.595902	0.024234	0.150130	2.670000
209	0.563317	0.227781	-0.094948	2.670000
210	0.614400	-0.015804	-0.022083	2.670000
211	0.609378	0.064436	0.052262	2.670000
212	0.612311	0.032694	-0.047237	2.670000
213	0.612286	0.037918	0.043504	2.670000
214	0.419672	-0.447661	0.041223	2.670000
215	0.609097	-0.009069	0.084519	2.670000
216	0.611511	-0.035274	-0.055091	2.670000
217	0.592481	0.082978	0.142500	2.670000
218	0.558673	0.121456	0.226623	2.670000
219	0.613409	-0.037068	-0.024088	2.670000
220	0.602579	-0.118247	0.033784	2.670000
221	0.584769	-0.159176	0.104561	2.670000
222	0.597875	0.071229	-0.125287	2.670000
223	0.566269	-0.169887	0.169420	2.670000
224	0.613779	-0.011194	0.037085	2.670000
225	0.599925	-0.000204	0.135331	2.670000
226	0.603307	-0.106473	0.053937	2.670000
227	0.613997	-0.021051	-0.028094	2.670000
228	0.581009	-0.132687	0.151816	2.670000
229	0.595000	0.102927	-0.116643	2.670000
230	0.576870	-0.201542	0.069478	2.670000
231	0.590349	-0.137866	0.103471	2.670000
232	0.613124	0.024109	-0.041502	2.670000
233	0.602515	-0.028061	0.120056	2.670000
234	0.611208	-0.049479	0.046921	2.670000
235	0.574231	-0.198788	0.094694	2.670000
236	0.562389	0.144763	0.202453	2.670000
237	0.580853	-0.198540	0.037636	2.670000
238	0.567034	-0.077483	-0.225152	2.670000
239	0.579975	0.062979	-0.194649	2.670000
240	0.604760	-0.051305	-0.099289	2.670000
241	0.582724	0.136633	-0.141382	2.670000
242	0.588483	-0.063034	-0.167150	2.670000
243	0.608898	0.010896	-0.085731	2.670000
244	0.611278	-0.061047	0.028938	2.670000
245	0.534592	0.088717	0.290801	2.670000
246	0.613346	0.028817	0.034657	2.670000
247	0.573373	0.154572	0.159924	2.670000
248	0.576573	0.164927	-0.136337	2.670000
249	0.597040	0.107091	0.101488	2.670000
250	0.592043	-0.153890	0.063471	2.670000
251	0.610408	0.066040	0.035570	2.670000
252	0.600126	-0.077152	0.110096	2.670000
253	0.612553	-0.015762	-0.052492	2.670000
254	0.554039	-0.004819	0.266913	2.670000
255	0.609077	0.085065	-0.003758	2.670000
256	0.611027	0.047213	-0.051397	2.670000
257	0.607080	-0.073814	0.065044	2.670000
258	0.575937	-0.083531	0.198858	2.670000
259	0.581472	0.106517	0.169615	2.670000
260	0.609068	0.028172	-0.080423	2.670000
261	0.603718	-0.073456	0.091398	2.670000
262	0.607654	0.084710	-0.042493	2.670000
263	0.608997	0.073775	-0.043641	2.670000
264	0.579835	0.190723	-0.075103	2.670000
265	0.607568	0.072317	-0.062100	2.670000
266	0.610363	-0.031469	0.068493	2.670000
267	0.525354	0.136943	0.288920	2.670000
268	0.611260	0.048837	0.046923	2.670000
269	0.604933	0.105166	0.034939	2.670000
270	0.614666	0.012347	0.016068	2.670000
271	0.594111	0.153460	-0.041315	2.670000
272	0.554911	0.227346	0.136430	2.670000
273	0.593498	0.002796	0.161175	2.670000
274	0.604402	0.113265	0.009689	2.670000
275	0.611720	0.039545	0.049603	2.670000
276	0.595468	0.147049	0.044944	2.670000
277	0.611896	0.057919	-0.021297	2.670000
278	0.570629	0.228392	0.021092	2.670000
279	0.606709	-0.082969	-0.056966	2.670000
280	0.614919	0.003202	-0.009435	2.670000
281	0.611996	0.060691	-0.001464	2.670000
282	0.580700	-0.105575	0.172819	2.670000
283	0.584399	-0.118930	-0.150194	2.670000
284	0.587841	-0.076462	0.163771	2.670000
285	0.598057	0.134918	0.048484	2.670000
286	0.613043	-0.047773	-0.011013	2.670000
287	0.599991	-0.119928	-0.062071	2.670000
288	0.562297	-0.245691	-0.041033	2.670000
289	0.563537	0.075320	0.234474	2.670000
290	0.586230	-0.092455	0.161279	2.670000
291	0.586133	-0.174948	0.063765	2.670000
292	0.600884	0.021177	0.129285	2.670000
293	0.586331	0.079120	0.167870	2.670000
294	0.609034	0.024866	0.081757	2.670000
295	0.589257	-0.075976	0.158835	2.670000
296	0.585800	0.106906	-0.153734	2.670000
297	0.577630	-0.061530	0.201947	2.670000
298	0.590641	-0.152728	0.077735	2.670000
299	0.588011	-0.179013	-0.020564	2.670000
300	0.612668	-0.052755	-0.008948	2.670000
301	0.613579	0.036374	0.020576	2.670000
302	0.600808	-0.113664	0.065842	2.670000
303	0.603788	0.114802	-0.022031	2.670000
304	0.531227	-0.216408	-0.221790	2.670000
305	0.575640	0.215624	-0.019245	2.670000
306	0.575000	0.173772	-0.131921	2.670000
307	0.604231	0.035535	-0.108935	2.670000
308	0.595747	-0.151705	0.017191	2.670000
309	0.607421	0.009470	-0.095785	2.670000
310	0.605754	-0.096076	-0.045352	2.670000
311	0.610389	-0.032866	-0.067605	2.670000
312	0.545403	0.131228	0.252070	2.670000
313	0.602619	0.001263	-0.122774	2.670000
314	0.608560	-0.060729	-0.064747	2.670000
315	0.612487	-0.016098	-0.053152	2.670000
316	0.575444	0.216053	0.020247	2.670000
317	0.600211	0.114444	-0.069821	2.670000
318	0.613428	0.041818	0.013489	2.670000
319	0.577252	0.147378	0.152594	2.670000
320	0.553339	0.134670	0.232174	2.670000
321	0.593697	0.028051	0.157992	2.670000
322	0.564811	-0.142870	0.196982	2.670000
323	0.612382	0.009072	0.055959	2.670000
324	0.607088	-0.096254	-0.020095	2.670000
325	0.567226	-0.006861	0.237556	2.670000
326	0.613580	0.025265	-0.033268	2.670000
327	0.589454	-0.172405	-0.032341	2.670000
328	0.578731	-0.183295	0.098484	2.670000
329	0.576622	-0.092857	0.192638	2.670000
330	0.587054	-0.089372	-0.160018	2.670000
331	0.608668	0.040559	0.078125	2.670000
332	0.586369	-0.150547	0.108315	2.670000
333	0.605279	0.108037	0.013798	2.670000
334	0.606955	0.036945	0.092010	2.670000
335	0.600219	0.047029	0.125502	2.670000
336	0.612549	-0.029118	0.046488	2.670000
337	0.605407	-0.039629	0.100684	2.670000
338	0.614915	-0.008003	-0.006389	2.670000
339	0.528546	-0.010428	0.314254	2.670000
340	0.602982	0.057695	0.106343	2.670000
341	0.607797	0.055486	0.075693	2.670000
342	0.612728	-0.032493	0.041636	2.670000
343	0.608371	-0.042414	-0.079442	2.670000
344	0.606317	-0.102944	0.002671	2.670000
345	0.572715	-0.199236	0.102605	2.670000
346	0.607236	0.079317	0.056555	2.670000
347	0.610781	0.061493	-0.037282	2.670000
348	0.613822	-0.019793	0.032500	2.670000
349	0.505500	-0.132431	0.324279	2.670000
350	0.581797	-0.093110	0.176262	2.670000
351	0.594912	-0.130732	-0.084931	2.670000
352	0.612579	0.034872	-0.041904	2.670000
353	0.558473	-0.001931	-0.257544	2.670000
354	0.600569	-0.023930	-0.130264	2.670000
355	0.614911	0.005623	0.008845	2.670000
356	0.604191	0.013489	-0.114001	2.670000
357	0.587475	-0.144151	0.110987	2.670000
358	0.566586	0.194048	0.139826	2.670000
359	0.557296	0.220818	0.137423	2.670000
360	0.605389	-0.019661	-0.106499	2.670000
361	0.587689	0.094086	-0.154903	2.670000
362	0.608563	-0.039664	0.079389	2.670000
363	0.601703	-0.102637	0.075131	2.670000
364	0.589717	0.149216	-0.090519	2.670000
365	0.607956	-0.043560	-0.081956	2.670000
366	0.589481	0.102548	-0.142202	2.670000
367	0.599694	0.134871	0.020058	2.670000
368	0.612987	0.049401	-0.005642	2.670000
369	0.596252	0.139342	0.057382	2.670000
370	0.600992	0.073312	0.107977	2.670000
371	0.610253	0.068788	-0.032931	2.670000
372	0.606113	0.089467	0.053364	2.670000
373	0.530584	0.272803	-0.149279	2.670000
374	0.570645	0.133243	-0.186644	2.670000
375	0.601867	0.126341	0.004292	2.670000
376	0.614946	0.005654	0.005817	2.670000
377	0.572453	0.222143	-0.034276	2.670000
378	0.610476	0.073561	0.011507	2.670000
379	0.603390	0.117439	-0.018787	2.670000
380	0.609264	0.076799	0.033536	2.670000
381	0.570677	0.196226	0.118527	2.670000
382	0.588881	0.177324	-0.000423	2.670000
383	0.587754	0.148041	0.104186	2.670000
384	0.613634	0.040955	0.000715	2.670000
385	0.604813	0.024260	0.108803	2.670000
386	0.596984	0.107016	-0.101898	2.670000
387	0.612777	0.051498	-0.008776	2.670000
388	0.611445	0.020615	0.062733	2.670000
389	0.598073	0.079547	0.119190	2.670000
390	0.576345	0.051540	0.208315	2.670000
391	0.590160	-0.160306	0.065100	2.670000
392	0.614507	0.015213	0.019345	2.670000
393	0.602386	0.027261	0.120885	2.670000
394	0.600079	-0.134122	0.011893	2.670000
395	0.580983	0.191042	-0.064707	2.670000
396	0.599691	-0.070498	-0.116730	2.670000
397	0.614789	-0.016042	0.001437	2.670000
398	0.589242	0.018662	0.175130	2.670000
399	0.581747	0.199151	-0.011602	2.670000
400	0.560308	-0.150834	0.203787	2.670000
401	0.605266	0.105011	-0.029169	2.670000
402	0.596053	-0.043904	0.144978	2.670000
403	0.614582	-0.007547	-0.021366	2.670000
404	0.607420	-0.059827	-0.075408	2.670000
405	0.603527	-0.076287	0.090334	2.670000
406	0.602609	0.110382	-0.053876	2.670000
407	0.587157	-0.039257	-0.178691	2.670000
408	0.605472	-0.055813	-0.092269	2.670000
409	0.575517	0.132867	0.171323	2.670000
410	0.607792	0.082447	-0.044903	2.670000
411	0.611907	-0.051614	0.033624	2.670000
412	0.613904	-0.034255	-0.013162	2.670000
413	0.567906	0.125793	-0.199709	2.670000
414	0.593143	0.162402	-0.005615	2.670000
415	0.592585	0.156674	0.050216	2.670000
416	0.589994	0.173247	0.010837	2.670000
417	0.565406	0.237830	-0.044477	2.670000
418	0.563576	-0.053623	-0.240275	2.670000
419	0.543551	-0.056800	-0.282048	2.670000
420	0.580683	-0.073717	-0.188675	2.670000
421	0.501799	0.292503	0.202151	2.670000
422	0.603715	0.086523	-0.079165	2.670000
423	0.532763	0.307073	0.009715	2.670000
424	0.596072	0.122200	0.089388	2.670000
425	0.606448	0.067824	0.076459	2.670000
426	0.563178	-0.243312	-0.043064	2.670000
427	0.532918	0.075262	0.297588	2.670000
428	0.607871	0.090857	-0.021517	2.670000
429	0.605832	-0.105748	-0.003221	2.670000
430	0.611680	0.054887	0.032550	2.670000
431	0.604534	-0.098337	0.055616	2.670000
432	0.563630	-0.199662	0.143809	2.670000
433	0.598429	-0.083201	0.114826	2.670000
434	0.544627	-0.134374	0.252090	2.670000
435	0.609555	-0.047664	-0.066298	2.670000
436	0.543324	-0.268866	-0.103609	2.670000
437	0.583999	-0.139252	0.133339	2.670000
438	0.597579	0.111145	0.093652	2.670000
439	0.603932	-0.093027	0.069551	2.670000
440	0.611875	0.016051	0.059807	2.670000
441	0.588599	-0.158526	0.081521	2.670000
442	0.602778	-0.072653	0.098009	2.670000
443	0.448988	-0.171753	0.383583	2.670000
444	0.587664	0.002121	-0.181304	2.670000
445	0.602901	-0.023625	0.119066	2.670000
446	0.538068	-0.285295	0.085527	2.670000
447	0.531679	-0.129977	0.280444	2.670000
448	0.602798	-0.022115	0.119877	2.670000
449	0.614656	0.002207	-0.020435	2.670000
450	0.611658	-0.054779	0.033151	2.670000
451	0.607205	-0.092718	0.030501	2.670000
452	0.572611	-0.140092	0.175259	2.670000
453	0.532282	0.277762	-0.133226	2.670000
454	0.601466	-0.087072	-0.094244	2.670000
455	0.593533	0.146254	0.067482	2.670000
456	0.586471	0.049526	0.178393	2.670000
457	0.566750	-0.200934	0.129015	2.670000
458	0.602686	-0.043894	0.114314	2.670000
459	0.614704	-0.017006	-0.008658	2.670000
460	0.587682	-0.181221	0.003717	2.670000
461	0.568521	0.042787	0.230604	2.670000
462	0.580374	0.187168	-0.079746	2.670000
463	0.609530	0.019838	-0.079400	2.670000
464	0.591918	0.082556	0.145059	2.670000
465	0.614388	-0.027404	-0.001378	2.670000
466	0.571978	0.041174	0.222195	2.670000
467	0.564076	0.224143	0.099009	2.670000
468	0.573554	0.202136	0.091663	2.670000
469	0.596533	0.104046	-0.107460	2.670000
470	0.611166	-0.004676	-0.068403	2.670000
471	0.610587	0.071723	-0.016256	2.670000
472	0.575985	-0.086473	0.197456	2.670000
473	0.613526	0.018636	-0.038262	2.670000
474	0.603208	0.054064	-0.106969	2.670000
475	0.601287	0.082515	0.099349	2.670000
476	0.579189	0.166051	-0.123258	2.670000
477	0.599798	0.123739	0.056177	2.670000
478	0.587934	0.134911	0.119823	2.670000
479	0.593238	0.113660	0.115653	2.670000
480	0.613162	-0.046104	-0.011492	2.670000
481	0.604489	-0.101518	0.050125	2.670000
482	0.605706	-0.020780	-0.104465	2.670000
483	0.607110	-0.052154	0.083200	2.670000
484	0.556016	0.134430	0.225831	2.670000
485	0.603600	0.103248	0.056853	2.670000
486	0.592415	0.152708	-0.062846	2.670000
487	0.611563	0.054114	0.035876	2.670000
488	0.578087	0.206269	0.038645	2.670000
489	0.571296	0.148805	-0.172346	2.670000
490	0.601724	0.076325	0.101626	2.670000
491	0.613293	-0.044669	0.010045	2.670000
492	0.610147	0.038725	-0.066682	2.670000
493	0.588723	0.105733	0.143005	2.670000
494	0.607686	0.089744	-0.029813	2.670000
495	0.611697	0.055425	0.031309	2.670000
496	0.589194	-0.151887	0.089478	2.670000
497	0.543376	-0.275624	0.083660	2.670000
498	0.614413	-0.010027	0.024923	2.670000
499	0.562464	0.230661	-0.093030	2.670000
500	0.608609	-0.087776	-0.010726	2.670000
501	0.587244	0.098997	0.153520	2.670000
502	0.598802	0.139460	-0.014548	2.670000
503	0.613757	-0.038720	-0.005322	2.670000
504	0.613108	0.012976	0.046419	2.670000
505	0.607048	-0.091003	-0.037903	2.670000
506	0.606398	0.049596	0.089704	2.670000
507	0.578599	-0.158677	0.135166	2.670000
508	0.601055	0.126124	0.032417	2.670000
509	0.614175	0.011112	-0.029836	2.670000
510	0.607048	-0.072981	0.066270	2.670000
511	0.607987	-0.085102	-0.036531	2.670000
512	0.605498	-0.106388	0.016700	2.670000
513	0.610334	0.068744	-0.031494	2.670000
514	0.604309	-0.096980	-0.060251	2.670000
515	0.609721	0.038212	-0.070750	2.670000
516	0.592910	-0.141442	0.081715	2.670000
517	0.581419	0.090920	0.178635	2.670000
518	0.611480	0.038323	-0.053376	2.670000
519	0.614682	0.003772	-0.019411	2.670000
520	0.611635	-0.053667	0.035311	2.670000
521	0.604922	0.055928	-0.095739	2.670000
522	0.573587	-0.070692	-0.210299	2.670000
523	0.574724	-0.005438	-0.218833	2.670000
524	0.595385	0.051601	0.145188	2.670000
525	0.611684	-0.011245	-0.062781	2.670000
526	0.614743	-0.013366	0.011705	2.670000
527	0.610513	-0.028441	-0.068487	2.670000
528	0.597671	0.000324	0.144963	2.670000
529	0.564223	0.227153	0.090988	2.670000
530	0.585115	-0.125627	-0.141715	2.670000
531	0.614370	0.026871	-0.007249	2.670000
532	0.605220	-0.061687	-0.090161	2.670000
533	0.560874	0.219011	0.125218	2.670000
534	0.534183	-0.300344	-0.051646	2.670000
535	0.603163	0.057629	-0.105348	2.670000
536	0.614725	0.012819	0.013190	2.670000
537	0.612546	0.026155	-0.048259	2.670000
538	0.573826	0.211470	-0.065030	2.670000
539	0.597413	0.031216	-0.142649	2.670000
540	0.505433	0.298366	0.183684	2.670000
541	0.594146	0.106481	0.117805	2.670000
542	0.614013	-0.034469	-0.005009	2.670000
543	0.554242	-0.137866	-0.228109	2.670000
544	0.613736	0.038503	0.008413	2.670000
545	0.580297	-0.126659	0.159493	2.670000
546	0.603106	-0.003277	0.120320	2.670000
547	0.613624	-0.041106	-0.000965	2.670000
548	0.599824	0.126529	0.049254	2.670000
549	0.596512	-0.146117	0.032373	2.670000
550	0.576956	-0.048658	0.207315	2.670000
551	0.578839	-0.182717	-0.098919	2.670000
552	0.561741	-0.155106	0.196504	2.670000
553	0.579797	-0.087765	0.185359	2.670000
554	0.609298	0.000877	0.083545	2.670000
555	0.605563	-0.026708	0.103948	2.670000
556	0.581676	-0.109467	0.167019	2.670000
557	0.564829	-0.117962	0.212788	2.670000
558	0.591102	-0.101166	0.136343	2.670000
559	0.574808	0.155638	-0.153615	2.670000
560	0.612155	0.012904	0.057664	2.670000
561	0.581293	-0.116488	0.163568	2.670000
562	0.479540	0.088757	0.374685	2.670000
563	0.609956	-0.069113	0.037443	2.670000
564	0.610464	-0.030533	-0.068017	2.670000
565	0.612760	0.026606	0.045189	2.670000
566	0.600262	-0.021080	0.132159	2.670000
567	0.596252	-0.058499	-0.138877	2.670000
568	0.606565	0.093921	0.038501	2.670000
569	0.578246	-0.160759	0.134212	2.670000
570	0.580028	0.035930	0.201250	2.670000
571	0.612517	-0.032949	0.044301	2.670000
572	0.601935	0.103251	0.072373	2.670000
573	0.593695	0.095627	-0.128866	2.670000
574	0.608162	0.083097	0.038202	2.670000
575	0.607319	0.086497	-0.043663	2.670000
576	0.609389	0.006924	0.082596	2.670000
577	0.608892	-0.074468	0.043935	2.670000
578	0.612560	0.025565	0.048396	2.670000
579	0.604341	0.065391	0.093386	2.670000
580	0.603012	0.031005	-0.116794	2.670000
581	0.604043	-0.105099	0.048075	2.670000
582	0.609948	0.077030	0.015955	2.670000
583	0.598065	-0.067579	-0.126396	2.670000
584	0.578621	-0.196459	0.069478	2.670000
585	0.568594	-0.150226	0.179882	2.670000
586	0.598875	-0.014959	0.139104	2.670000
587	0.609608	-0.054475	-0.060295	2.670000
588	0.566739	0.238447	-0.013209	2.670000
589	0.612468	0.037416	-0.041329	2.670000
590	0.510987	0.276704	0.201376	2.670000
591	0.612417	-0.020832	-0.052310	2.670000
592	0.606833	0.035605	-0.093335	2.670000
593	0.604992	0.008149	0.110199	2.670000
594	0.588859	0.027518	0.175252	2.670000
595	0.598807	0.039547	0.134504	2.670000
596	0.589745	0.167807	0.047610	2.670000
597	0.582258	0.169551	0.102238	2.670000
598	0.611942	0.048949	0.036819	2.670000
599	0.606546	0.086257	0.053728	2.670000
600	0.609304	-0.018873	0.081350	2.670000
601	0.606080	0.102529	0.019493	2.670000
602	0.564786	0.242025	-0.025798	2.670000
603	0.608082	0.068170	0.061759	2.670000
604	0.599753	-0.122421	0.059448	2.670000
605	0.608330	-0.037043	-0.082383	2.670000
606	0.606311	0.003435	0.102957	2.670000
607	0.608236	-0.014320	-0.089825	2.670000
608	0.612927	-0.029478	0.040941	2.670000
609	0.614261	-0.027062	-0.013250	2.670000
610	0.613500	0.042793	0.003307	2.670000
611	0.590487	0.162735	-0.055381	2.670000
612	0.591304	0.100517	-0.135944	2.670000
613	0.594669	-0.001280	0.156821	2.670000
614	0.610602	-0.073413	0.000778	2.670000
615	0.521831	0.160165	0.283309	2.670000
616	0.581097	0.138732	-0.145962	2.670000
617	0.587954	-0.147017	-0.104505	2.670000
618	0.611060	0.063205	-0.028907	2.670000
619	0.611772	0.061821	-0.011769	2.670000
620	0.610155	-0.076420	0.009781	2.670000
621	0.587315	-0.181107	0.022057	2.670000
622	0.566417	0.165853	0.172888	2.670000
623	0.595571	0.021657	0.151826	2.670000
624	0.612538	0.044604	-0.032143	2.670000
625	0.591681	-0.034017	0.164261	2.670000
626	0.600964	-0.052136	-0.119790	2.670000
627	0.556352	0.246565	-0.088895	2.670000
628	0.601984	0.113790	-0.053778	2.670000
629	0.600401	-0.042211	-0.126340	2.670000
630	0.607367	0.063199	0.073051	2.670000
631	0.549295	-0.054373	-0.271190	2.670000
632	0.609516	-0.071505	-0.040026	2.670000
633	0.607079	-0.014846	-0.097261	2.670000
634	0.608424	0.069099	-0.057184	2.670000
635	0.595137	0.129580	0.085123	2.670000
636	0.602278	0.082917	0.092792	2.670000
637	0.574979	0.157557	0.150995	2.670000
638	0.613500	0.027773	0.032729	2.670000
639	0.605355	0.018283	-0.106937	2.670000
640	0.612133	-0.059186	0.003879	2.670000
641	0.612593	0.000898	-0.054355	2.670000
642	0.595640	0.145383	-0.047972	2.670000
643	0.539258	-0.244317	0.166540	2.670000
644	0.602594	-0.122514	0.009806	2.670000
645	0.598930	-0.117636	0.075301	2.670000
646	0.577045	-0.050499	-0.206625	2.670000
647	0.550391	-0.196346	0.191684	2.670000
648	0.608989	0.083219	0.020785	2.670000
649	0.604874	0.030754	-0.106805	2.670000
650	0.562236	-0.093971	0.230835	2.670000
651	0.577390	-0.140527	0.158424	2.670000
652	0.597622	-0.038696	0.139913	2.670000
653	0.511706	-0.079023	0.331869	2.670000
654	0.562472	-0.161188	0.189392	2.670000
655	0.574149	-0.178248	0.129635	2.670000
656	0.541133	-0.115845	0.268290	2.670000
657	0.589562	0.127405	-0.120039	2.670000
658	0.605811	-0.020989	-0.103813	2.670000
659	0.592858	-0.035943	0.159539	2.670000
660	0.546317	0.065857	0.274637	2.670000
661	0.540479	-0.166730	0.241472	2.670000
662	0.536339	-0.244755	-0.175101	2.670000
663	0.612881	-0.039467	-0.032310	2.670000
664	0.569338	0.071436	0.221304	2.670000
665	0.589489	-0.165065	0.059003	2.670000
666	0.604745	0.080678	-0.077460	2.670000
667	0.609629	0.077277	-0.024620	2.670000
668	0.578055	-0.101307	-0.183887	2.670000
669	0.514352	-0.103505	0.320864	2.670000
670	0.597329	0.013507	0.145741	2.670000
671	0.602141	-0.062260	0.108512	2.670000
672	0.596866	0.148040	0.007732	2.670000
673	0.547793	0.273740	0.056692	2.670000
674	0.604029	0.013422	-0.114867	2.670000
675	0.511613	0.319477	-0.120047	2.670000
676	0.532043	-0.200739	-0.234219	2.670000
677	0.606904	-0.003359	-0.099404	2.670000
678	0.595208	-0.152395	-0.026973	2.670000
679	0.605470	0.009831	0.107396	2.670000
680	0.572387	-0.078928	0.210638	2.670000
681	0.610280	0.044381	0.061751	2.670000
682	0.601585	-0.035320	0.122772	2.670000
683	0.608661	-0.052546	-0.070681	2.670000
684	0.605130	0.104539	0.033383	2.670000
685	0.569190	-0.217054	0.084472	2.670000
686	0.594459	0.031201	0.154500	2.670000
687	0.575803	-0.195039	0.092925	2.670000
688	0.556619	0.231629	0.121441	2.670000
689	0.601987	0.121225	0.033776	2.670000
690	0.613902	0.031731	0.018504	2.670000
691	0.567360	-0.100913	0.214813	2.670000
692	0.582713	0.183112	-0.071698	2.670000
693	0.613969	0.013808	0.032813	2.670000
694	0.573585	-0.198642	-0.098829	2.670000
695	0.580524	0.193580	-0.061189	2.670000
696	0.603506	0.088187	0.078923	2.670000
697	0.607293	0.092938	-0.027976	2.670000
698	0.599041	-0.005614	0.139080	2.670000
699	0.537951	-0.213144	0.208335	2.670000
700	0.582160	0.099693	0.171394	2.670000
701	0.614249	0.025413	0.016654	2.670000
702	0.562071	0.216107	-0.124896	2.670000
703	0.590575	-0.171590	-0.001756	2.670000
704	0.611195	-0.011706	0.067295	2.670000
705	0.609638	-0.045467	0.067079	2.670000
706	0.602224	0.056532	0.111156	2.670000
707	0.563279	-0.236099	-0.072099	2.670000
708	0.587359	0.052632	0.174540	2.670000
709	0.582405	-0.126323	-0.151896	2.670000
710	0.596998	0.134532	-0.060987	2.670000
711	0.579884	-0.005606	0.204763	2.670000
712	0.608049	-0.000708	0.092198	2.670000
713	0.606595	-0.097992	0.025798	2.670000
714	0.614249	0.012110	-0.027865	2.670000
715	0.582555	0.032644	0.194394	2.670000
716	0.605707	-0.070897	-0.079483	2.670000
717	0.613427	0.018814	0.039726	2.670000
718	0.608934	0.034674	-0.078880	2.670000
719	0.505901	0.343717	0.064402	2.670000
720	0.533247	0.112777	0.284875	2.670000
721	0.602715	0.089062	0.083833	2.670000
722	0.602561	0.074058	0.098289	2.670000
723	0.614117	-0.010816	0.031125	2.670000
724	0.607164	0.047716	-0.085440	2.670000
725	0.603672	0.062775	-0.099320	2.670000
726	0.574511	0.115164	-0.186815	2.670000
727	0.595946	-0.131307	0.076369	2.670000
728	0.582205	-0.078204	0.182062	2.670000
729	0.596588	-0.115308	0.094930	2.670000
730	0.611381	-0.016932	0.064431	2.670000
731	0.592707	0.160479	0.034208	2.670000
732	0.596500	0.121989	0.086784	2.670000
733	0.514816	-0.005661	-0.336388	2.670000
734	0.601021	-0.059154	-0.116186	2.670000
735	0.607057	-0.007355	-0.098245	2.670000
736	0.600701	-0.049504	-0.122200	2.670000
737	0.603994	-0.039284	-0.108965	2.670000
738	0.595123	0.141894	0.062604	2.670000
739	0.610929	-0.047541	-0.052258	2.670000
740	0.614034	-0.033669	-0.007361	2.670000
741	0.613935	0.025797	0.025357	2.670000
742	0.567142	0.067713	0.228013	2.670000
743	0.608641	-0.075271	-0.045991	2.670000
744	0.594916	0.154449	0.021092	2.670000
745	0.611432	-0.065994	-0.004571	2.670000
746	0.611689	0.052416	0.036256	2.670000
747	0.606161	-0.011381	-0.103267	2.670000
748	0.609199	0.069095	0.048249	2.670000
749	0.613833	0.019148	0.032673	2.670000
750	0.603681	-0.014285	0.116579	2.670000
751	0.601049	-0.071533	0.108849	2.670000
752	0.571628	-0.062093	0.218199	2.670000
753	0.604067	-0.114041	-0.017961	2.670000
754	0.613798	-0.038364	-0.002193	2.670000
755	0.597472	-0.145768	-0.001954	2.670000
756	0.595157	-0.154347	0.013804	2.670000
757	0.570581	-0.225108	-0.044600	2.670000
758	0.611913	-0.047377	0.039282	2.670000
759	0.469634	-0.082113	0.388492	2.670000
760	0.589961	0.052053	0.165714	2.670000
761	0.464335	-0.400267	-0.049036	2.670000
762	0.541482	-0.211644	0.200571	2.670000
763	0.594660	0.014993	-0.156141	2.670000
764	0.607022	0.011952	-0.098010	2.670000
765	0.582939	-0.176497	-0.085183	2.670000
766	0.593207	-0.090026	0.135001	2.670000
767	0.611409	-0.016441	-0.064295	2.670000
768	0.604602	0.106990	0.035136	2.670000
769	0.609047	-0.077034	-0.036773	2.670000
770	0.582690	-0.129919	0.147712	2.670000
771	0.577281	0.065706	-0.201628	2.670000
772	0.574680	-0.075217	-0.205695	2.670000
773	0.587090	-0.131585	0.127419	2.670000
774	0.600526	0.131997	0.013061	2.670000
775	0.573793	-0.156942	0.156064	2.670000
776	0.595807	-0.151596	0.016042	2.670000
777	0.580237	0.172945	0.107888	2.670000
778	0.576746	0.191001	0.095435	2.670000
779	0.614706	-0.018398	0.004781	2.670000
780	0.588593	0.063576	-0.166558	2.670000
781	0.613821	-0.004561	-0.037782	2.670000
782	0.611960	0.060940	0.004096	2.670000
783	0.586118	0.141990	0.120537	2.670000
784	0.614002	0.004679	0.034706	2.670000
785	0.609372	-0.075362	-0.034811	2.670000
786	0.610657	0.070612	0.018353	2.670000
787	0.605431	-0.103412	0.031370	2.670000
788	0.613061	-0.045424	-0.017844	2.670000
789	0.598708	0.104521	0.094067	2.670000
790	0.578867	-0.034358	0.204835	2.670000
791	0.597342	0.044729	-0.139309	2.670000
792	0.593941	0.148326	0.058810	2.670000
793	0.585456	0.068128	-0.175569	2.670000
794	0.602980	0.120954	0.003233	2.670000
795	0.613809	0.036875	-0.010159	2.670000
796	0.569602	-0.131356	-0.191114	2.670000
797	0.605191	0.102097	0.039307	2.670000
798	0.600643	-0.085083	0.101065	2.670000
799	0.602585	0.088050	0.085808	2.670000
800	0.606288	0.080977	0.063894	2.670000
801	0.609214	-0.011921	0.083315	2.670000
802	0.593372	0.143186	-0.075051	2.670000
803	0.588333	-0.071810	-0.164112	2.670000
804	0.614900	0.003604	0.010477	2.670000
805	0.612435	0.046405	-0.031548	2.670000
806	0.601521	-0.064517	0.110610	2.670000
807	0.544413	-0.140211	0.249361	2.670000
808	0.577281	-0.196325	0.080178	2.670000
809	0.611200	0.016750	0.066178	2.670000
810	0.593183	-0.034530	0.158640	2.670000
811	0.606981	-0.026995	-0.095238	2.670000
812	0.592208	-0.144790	0.080932	2.670000
813	0.570369	-0.084595	-0.213887	2.670000
814	0.559201	-0.069236	0.246426	2.670000
815	0.594307	0.015605	0.157418	2.670000
816	0.602815	0.048965	-0.111543	2.670000
817	0.595873	0.055375	0.141753	2.670000
818	0.599149	-0.115231	-0.077250	2.670000
819	0.568600	0.203111	0.116896	2.670000
820	0.539695	-0.002804	0.294866	2.670000
821	0.597017	-0.091850	0.115583	2.670000
822	0.605574	-0.077493	0.074163	2.670000
823	0.613766	-0.015428	0.035755	2.670000
824	0.585627	0.111900	-0.150811	2.670000
825	0.552924	-0.262129	-0.061549	2.670000
826	0.609234	-0.048319	0.068733	2.670000
827	0.585239	0.161642	0.097940	2.670000
828	0.610257	-0.074792	0.014757	2.670000
829	0.611334	-0.043659	-0.050886	2.670000
830	0.569816	0.071489	-0.220055	2.670000
831	0.607961	0.052966	0.076179	2.670000
832	0.603540	0.007928	-0.117907	2.670000
833	0.614496	-0.018923	0.016159	2.670000
834	0.579996	0.199101	-0.046775	2.670000
835	0.567303	-0.060552	-0.229621	2.670000
836	0.589777	-0.078016	-0.155888	2.670000
837	0.590602	0.151233	0.080884	2.670000
838	0.578830	0.195229	0.071178	2.670000
839	0.554123	0.216634	-0.155701	2.670000
840	0.610552	0.043284	0.059813	2.670000
841	0.540091	0.232476	-0.180226	2.670000
842	0.606584	-0.086879	0.052273	2.670000
843	0.588239	-0.162897	-0.075266	2.670000
844	0.596269	0.046086	-0.143402	2.670000
845	0.594636	0.021001	-0.155537	2.670000
846	0.599017	0.074964	0.117406	2.670000
847	0.594508	-0.156569	-0.016467	2.670000
848	0.586668	0.144402	0.114866	2.670000
849	0.560026	-0.236535	0.092991	2.670000
850	0.595195	0.141138	0.063621	2.670000
