1	0.606608	-0.091127	-0.044131	0.540000
2	0.378055	0.377438	0.304697	0.540000
3	0.462213	-0.053751	0.402113	0.540000
4	0.571012	-0.202689	0.105296	0.540000
5	0.531164	-0.199790	0.237011	0.540000
6	0.531399	-0.272503	-0.146907	0.540000
7	0.581543	-0.200048	0.003644	0.540000
8	0.430189	0.282540	0.336651	0.540000
9	0.566665	0.091018	0.220979	0.540000
10	0.485546	0.222478	-0.304916	0.540000
11	0.540175	0.265825	0.125591	0.540000
12	0.543666	0.191577	-0.214361	0.540000
13	0.609806	0.020365	0.077119	0.540000
14	0.575850	-0.213889	-0.029553	0.540000
15	0.558426	-0.150634	0.209032	0.540000
16	0.613993	0.027622	0.021776	0.540000
17	0.611237	-0.038908	-0.055681	0.540000
18	0.591963	-0.166543	0.008252	0.540000
19	0.545369	0.180215	0.219820	0.540000
20	0.449716	0.399202	0.128913	0.540000
21	0.613625	-0.035180	-0.021257	0.540000
22	0.583357	0.190381	0.040922	0.540000
23	0.606594	0.002291	-0.101308	0.540000
24	0.609966	-0.073736	-0.027016	0.540000
25	0.599321	-0.098553	0.096574	0.540000
26	0.614858	-0.010733	0.007686	0.540000
27	0.613177	-0.037739	0.028545	0.540000
28	0.598187	0.102761	-0.099186	0.540000
29	0.581250	0.144954	-0.139144	0.540000
30	0.591782	-0.137626	0.095282	0.540000
31	0.594445	0.037530	0.153139	0.540000
32	0.606150	0.050615	-0.090806	0.540000
33	0.580514	0.009782	-0.202811	0.540000
34	0.608597	0.024189	-0.085147	0.540000
35	0.613018	0.031712	-0.037792	0.540000
36	0.561518	0.139645	0.208378	0.540000
37	0.576465	0.104111	0.187280	0.540000
38	0.584262	-0.165613	-0.097134	0.540000
39	0.612354	-0.019258	0.053637	0.540000
40	0.606229	0.091499	-0.048364	0.540000
41	0.593054	0.133278	-0.093534	0.540000
42	0.557435	-0.136348	-0.221134	0.540000
43	0.612877	-0.048953	-0.014518	0.540000
44	0.612605	-0.052629	-0.013037	0.540000
45	0.589274	-0.164612	0.062322	0.540000
46	0.607270	-0.032378	0.091650	0.540000
47	0.559203	-0.188303	-0.173376	0.540000
48	0.607023	-0.091847	0.036225	0.540000
49	0.609605	0.072650	0.036453	0.540000
50	0.614122	0.021102	-0.025165	0.540000
51	0.611026	-0.058646	-0.037857	0.540000
52	0.612852	-0.035565	0.037044	0.540000
53	0.605530	-0.059545	0.089516	0.540000
54	0.579886	-0.091244	0.183389	0.540000
55	0.608113	0.082090	0.041045	0.540000
56	0.581430	0.005828	-0.200325	0.540000
57	0.606200	0.085461	0.058682	0.540000
58	0.610253	0.075087	0.013359	0.540000
59	0.603880	0.115400	0.015376	0.540000
60	0.557470	-0.248793	-0.074527	0.540000
61	0.559677	-0.228977	-0.112055	0.540000
62	0.591572	-0.167261	-0.017050	0.540000
63	0.609408	-0.054581	-0.062188	0.540000
64	0.610615	0.072050	0.013522	0.540000
65	0.606829	-0.014420	0.098874	0.540000
66	0.614248	0.028406	0.010845	0.540000
67	0.497923	-0.347053	0.099260	0.540000
68	0.610201	0.038217	-0.066475	0.540000
69	0.584507	-0.158571	-0.106922	0.540000
70	0.586963	0.146146	-0.111090	0.540000
71	0.545565	0.042903	-0.280611	0.540000
72	0.590988	-0.157774	0.063759	0.540000
73	0.573672	0.113192	0.190559	0.540000
74	0.611543	0.060370	-0.024403	0.540000
75	0.560098	-0.018198	0.253345	0.540000
76	0.610656	0.047585	-0.055311	0.540000
77	0.548169	-0.262618	-0.093634	0.540000
78	0.609187	0.056611	-0.062543	0.540000
79	0.603120	0.069395	0.098262	0.540000
80	0.578959	0.207414	0.003234	0.540000
81	0.581050	-0.165153	-0.115456	0.540000
82	0.601745	0.009345	-0.126654	0.540000
83	0.591028	0.051059	-0.162185	0.540000
84	0.605724	0.066202	0.083312	0.540000
85	0.570581	0.128855	-0.189893	0.540000
86	0.585509	0.161269	-0.096936	0.540000
87	0.606090	0.097379	0.037374	0.540000
88	0.518904	0.327846	-0.038471	0.540000
89	0.613401	0.044285	-0.001846	0.540000
90	0.598913	0.065871	-0.123245	0.540000
91	0.565005	0.174468	0.168982	0.540000
92	0.536764	0.108142	-0.280027	0.540000
93	0.583623	0.193180	0.017035	0.540000
94	0.612901	-0.034490	-0.037246	0.540000
95	0.573265	-0.216600	0.051740	0.540000
96	0.566842	-0.238538	-0.003865	0.540000
97	0.591754	-0.127379	0.108753	0.540000
98	0.612818	-0.045149	-0.025318	0.540000
99	0.582445	0.193967	-0.036877	0.540000
100	0.562979	0.040145	-0.244269	0.540000
101	0.595254	0.003305	-0.154555	0.540000
102	0.594904	0.142313	-0.063726	0.540000
103	0.608137	-0.081542	0.041778	0.540000
104	0.582344	-0.150482	0.128280	0.540000
105	0.568266	-0.179703	0.151675	0.540000
106	0.598864	-0.077178	-0.116749	0.540000
107	0.541787	0.269485	0.109863	0.540000
108	0.480157	0.243253	0.297493	0.540000
109	0.569727	-0.203667	0.110252	0.540000
110	0.601412	-0.060370	-0.113509	0.540000
111	0.588181	-0.175826	0.036779	0.540000
112	0.587430	-0.135961	0.121103	0.540000
113	0.471250	-0.189656	0.346669	0.540000
114	0.531017	0.188347	0.246518	0.540000
115	0.516999	0.104745	0.316173	0.540000
116	0.533202	0.170487	0.254667	0.540000
117	0.590436	0.171989	-0.005463	0.540000
118	0.600072	0.134365	-0.009226	0.540000
119	0.599636	0.131571	0.036749	0.540000
120	0.588740	0.166118	-0.063363	0.540000
121	0.586300	-0.135857	0.126571	0.540000
122	0.536721	-0.300009	0.012259	0.540000
123	0.596696	-0.095240	0.114492	0.540000
124	0.566215	-0.007513	0.239936	0.540000
125	0.542812	0.125396	0.260492	0.540000
126	0.572499	0.222849	0.028434	0.540000
127	0.577418	0.172518	-0.122684	0.540000
128	0.554436	0.171911	-0.203157	0.540000
129	0.611030	-0.039460	-0.057530	0.540000
130	0.578187	-0.081579	0.193054	0.540000
131	0.605501	-0.107601	0.003975	0.540000
132	0.614236	0.010602	0.028762	0.540000
133	0.590033	-0.169139	0.038440	0.540000
134	0.589060	0.157554	-0.080061	0.540000
135	0.556522	0.246163	0.088952	0.540000
136	0.613920	0.035652	-0.007476	0.540000
137	0.581352	0.000551	0.200635	0.540000
138	0.584175	0.011517	-0.191917	0.540000
139	0.613579	0.040679	-0.009543	0.540000
140	0.592870	0.112613	-0.118527	0.540000
141	0.598054	0.108527	-0.093693	0.540000
142	0.597912	-0.133343	-0.054274	0.540000
143	0.592765	0.020131	-0.162631	0.540000
144	0.582983	-0.088124	0.174898	0.540000
145	0.603981	-0.115876	-0.002044	0.540000
146	0.609870	-0.021407	-0.076327	0.540000
147	0.553590	-0.170190	-0.206877	0.540000
148	0.584651	-0.187468	-0.035548	0.540000
149	0.444528	-0.236149	-0.353346	0.540000
150	0.600942	0.095751	0.089026	0.540000
151	0.552522	-0.261559	-0.067316	0.540000
152	0.612677	-0.053391	-0.001058	0.540000
153	0.545975	0.235444	-0.157169	0.540000
154	0.613478	-0.006119	0.042811	0.540000
155	0.606750	-0.031636	-0.095284	0.540000
156	0.555183	-0.263528	0.023458	0.540000
157	0.438826	-0.290797	0.317952	0.540000
158	0.604119	-0.062791	0.096556	0.540000
159	0.596645	-0.144374	-0.037363	0.540000
160	0.572760	-0.128417	0.183521	0.540000
161	0.555825	-0.164588	0.205413	0.540000
162	0.557420	-0.168979	-0.197369	0.540000
163	0.543867	-0.077340	0.276499	0.540000
164	0.559974	-0.217727	-0.131337	0.540000
165	0.516001	-0.177763	0.283492	0.540000
166	0.611428	0.017603	-0.063802	0.540000
167	0.513392	0.009814	0.338463	0.540000
168	0.609816	0.008227	-0.079261	0.540000
169	0.604640	-0.104669	0.040985	0.540000
170	0.581702	-0.154044	-0.126958	0.540000
171	0.598045	-0.055875	-0.132081	0.540000
172	0.516633	-0.157829	-0.293948	0.540000
173	0.600040	-0.036301	-0.129844	0.540000
174	0.598752	0.070429	0.121495	0.540000
175	0.600287	0.120423	0.058127	0.540000
176	0.599347	-0.126796	-0.054138	0.540000
177	0.481278	-0.375274	0.075930	0.540000
178	0.596687	-0.143060	-0.041512	0.540000
179	0.583995	0.174920	0.081104	0.540000
180	0.607041	0.098058	0.010548	0.540000
181	0.593197	0.160552	-0.023762	0.540000
182	0.611642	0.004931	-0.063991	0.540000
183	0.606184	0.103411	0.008493	0.540000
184	0.610832	-0.071054	-0.007811	0.540000
185	0.606467	-0.101650	-0.009505	0.540000
186	0.604990	-0.097494	-0.052031	0.540000
187	0.607848	0.063613	-0.068555	0.540000
188	0.592146	0.162815	-0.032847	0.540000
189	0.563363	-0.144124	-0.200189	0.540000
190	0.589397	0.161966	0.067848	0.540000
191	0.564399	0.234274	0.069243	0.540000
192	0.579390	-0.192588	0.073770	0.540000
193	0.605775	0.074036	-0.076029	0.540000
194	0.600674	0.017805	0.130760	0.540000
195	0.583821	0.175124	0.081915	0.540000
196	0.592914	-0.049780	-0.155563	0.540000
197	0.567298	0.237443	0.004306	0.540000
198	0.592070	-0.129281	-0.104713	0.540000
199	0.564755	-0.015219	-0.242992	0.540000
200	0.610575	0.036951	0.063701	0.540000
201	0.614701	0.018637	-0.004555	0.540000
202	0.593313	0.102497	0.125296	0.540000
203	0.610615	-0.050746	-0.052910	0.540000
204	0.581128	-0.176367	-0.097008	0.540000
205	0.575812	0.215999	0.003222	0.540000
206	0.606312	-0.008018	0.102697	0.540000
207	0.532886	-0.034561	0.305062	0.540000
208	0.598912	0.114562	0.080033	0.540000
209	0.570476	-0.228473	-0.024134	0.540000
210	0.582491	-0.078052	0.181211	0.540000
211	0.604782	-0.001930	0.111622	0.540000
212	0.555365	-0.006671	0.264103	0.540000
213	0.553334	0.093141	0.251736	0.540000
214	0.592283	-0.054155	-0.156501	0.540000
215	0.556107	0.259447	0.040716	0.540000
216	0.605013	0.056643	0.094741	0.540000
217	0.601359	0.003775	-0.128756	0.540000
218	0.612209	-0.057658	0.010031	0.540000
219	0.576588	-0.091955	-0.193173	0.540000
220	0.560257	-0.207542	-0.145820	0.540000
221	0.576418	-0.021725	0.213297	0.540000
222	0.583854	0.020809	0.192110	0.540000
223	0.566910	0.230503	0.060875	0.540000
224	0.600163	0.075323	0.111156	0.540000
225	0.588354	0.162280	-0.075695	0.540000
226	0.576749	-0.176016	-0.120846	0.540000
227	0.611183	0.011938	-0.067367	0.540000
228	0.599628	-0.136561	-0.004693	0.540000
229	0.613322	-0.045383	0.001320	0.540000
230	0.598352	-0.056640	0.130354	0.540000
231	0.570253	-0.219422	0.069934	0.540000
232	0.604551	0.096736	-0.058180	0.540000
233	0.570027	0.179434	-0.145250	0.540000
234	0.597546	0.098441	-0.107111	0.540000
235	0.593088	0.028854	0.160121	0.540000
236	0.605340	-0.020409	-0.106641	0.540000
237	0.608829	-0.053110	-0.068789	0.540000
238	0.583151	0.146651	-0.129050	0.540000
239	0.570075	-0.120186	0.196964	0.540000
240	0.546096	-0.205222	0.194647	0.540000
241	0.614782	0.012151	-0.010998	0.540000
242	0.583885	0.057237	-0.184464	0.540000
243	0.587897	-0.056682	0.171433	0.540000
244	0.605764	-0.095196	0.047041	0.540000
245	0.595287	0.120562	0.096559	0.540000
246	0.596755	0.044616	-0.141838	0.540000
247	0.614886	0.008295	-0.008432	0.540000
248	0.611255	-0.066262	-0.014192	0.540000
249	0.565674	-0.239984	-0.025408	0.540000
250	0.506444	-0.137608	0.320630	0.540000
251	0.577260	0.070722	0.199985	0.540000
252	0.606728	-0.100519	0.001398	0.540000
253	0.583712	0.172544	-0.087941	0.540000
254	0.604863	0.107886	-0.026962	0.540000
255	0.605941	-0.075804	-0.072899	0.540000
256	0.606475	-0.079880	0.063497	0.540000
257	0.536887	-0.269560	0.131587	0.540000
258	0.608685	-0.043721	0.076259	0.540000
259	0.602890	-0.043537	-0.113369	0.540000
260	0.604974	-0.099476	0.048331	0.540000
261	0.586367	-0.122363	0.139378	0.540000
262	0.532703	-0.212116	0.222393	0.540000
263	0.614598	-0.005849	0.021444	0.540000
264	0.606494	-0.058451	0.083511	0.540000
265	0.551105	-0.224927	0.154649	0.540000
266	0.592683	-0.083690	-0.141237	0.540000
267	0.558927	-0.017314	0.255979	0.540000
268	0.599233	0.009919	-0.138010	0.540000
269	0.582740	-0.118897	0.156532	0.540000
270	0.587057	-0.161649	0.086364	0.540000
271	0.581988	0.196599	0.029393	0.540000
272	0.589490	-0.051309	0.167612	0.540000
273	0.598994	-0.137931	-0.020165	0.540000
274	0.586141	-0.138835	-0.124053	0.540000
275	0.533737	-0.158158	-0.261412	0.540000
276	0.489050	0.052558	-0.369179	0.540000
277	0.612575	0.049028	0.023933	0.540000
278	0.593516	0.142501	-0.075218	0.540000
279	0.612051	-0.027985	-0.053253	0.540000
280	0.610142	0.012453	0.076135	0.540000
281	0.613386	-0.021658	0.038902	0.540000
282	0.596605	0.096065	-0.114274	0.540000
283	0.578825	0.146223	-0.147665	0.540000
284	0.613949	-0.006139	-0.035404	0.540000
285	0.509742	-0.274309	-0.207708	0.540000
286	0.485358	0.169850	0.337348	0.540000
287	0.608863	-0.068997	-0.052444	0.540000
288	0.607348	0.007517	0.096421	0.540000
289	0.544495	0.066023	0.278193	0.540000
290	0.608402	0.072372	0.053243	0.540000
291	0.579442	0.174048	-0.110361	0.540000
292	0.604107	0.111943	-0.027365	0.540000
293	0.589212	0.084355	-0.154722	0.540000
294	0.609960	0.029845	0.072688	0.540000
295	0.614835	0.014096	-0.002136	0.540000
296	0.609110	0.071279	0.046143	0.540000
297	0.607322	0.096490	0.008674	0.540000
298	0.610002	0.039498	0.067545	0.540000
299	0.592023	0.023211	0.164907	0.540000
300	0.584132	-0.188513	-0.038443	0.540000
301	0.604583	0.112421	0.008115	0.540000
302	0.613263	0.045661	0.006995	0.540000
303	0.551627	0.199597	-0.184646	0.540000
304	0.543763	0.012917	-0.287019	0.540000
305	0.607492	0.077694	-0.056051	0.540000
306	0.595410	0.146190	0.048376	0.540000
307	0.607083	0.076380	-0.061978	0.540000
308	0.590616	-0.171080	-0.011352	0.540000
309	0.610030	0.032421	0.070973	0.540000
310	0.589966	0.167840	0.044661	0.540000
311	0.582427	0.159359	0.116657	0.540000
312	0.592749	-0.018668	0.162864	0.540000
313	0.533360	0.030765	-0.304641	0.540000
314	0.614743	-0.009689	0.014910	0.540000
315	0.614531	0.023928	-0.002135	0.540000
316	0.606873	0.002231	0.099624	0.540000
317	0.540627	-0.027616	0.291864	0.540000
318	0.500507	0.118663	0.337100	0.540000
319	0.607740	0.076294	-0.055289	0.540000
320	0.610702	0.025311	-0.068022	0.540000
321	0.573519	-0.043536	0.217729	0.540000
322	0.594411	0.122882	0.098999	0.540000
323	0.511021	0.321295	0.117693	0.540000
324	0.598859	-0.087903	-0.108934	0.540000
325	0.577347	-0.193625	-0.086051	0.540000
326	0.579090	-0.196519	0.065266	0.540000
327	0.612008	-0.032786	0.050955	0.540000
328	0.598172	-0.045134	-0.135567	0.540000
329	0.465903	0.044764	0.398943	0.540000
330	0.568499	0.209141	-0.106275	0.540000
331	0.587317	0.048258	0.175942	0.540000
332	0.590154	0.049939	-0.165679	0.540000
333	0.589753	-0.072521	0.158609	0.540000
334	0.600473	-0.111516	-0.072259	0.540000
335	0.583627	-0.193907	0.002207	0.540000
336	0.578324	0.137987	0.157244	0.540000
337	0.593195	0.017064	0.161412	0.540000
338	0.605739	0.042653	-0.097394	0.540000
339	0.589205	0.148491	0.094938	0.540000
340	0.586822	0.181400	-0.030960	0.540000
341	0.595211	0.113432	0.105272	0.540000
342	0.591336	-0.043766	-0.163193	0.540000
343	0.605420	-0.097999	-0.045687	0.540000
344	0.568230	0.231128	0.043810	0.540000
345	0.575196	-0.164917	-0.142047	0.540000
346	0.611248	-0.015558	-0.066024	0.540000
347	0.599320	0.077355	0.114264	0.540000
348	0.614927	-0.008611	0.003938	0.540000
349	0.611850	0.046365	0.041404	0.540000
350	0.609216	-0.077616	-0.032508	0.540000
351	0.598862	-0.136711	-0.029995	0.540000
352	0.612403	0.019834	0.052860	0.540000
353	0.569657	-0.229921	0.029195	0.540000
354	0.606120	-0.072032	0.075199	0.540000
355	0.612592	0.050418	0.020348	0.540000
356	0.611924	0.055249	0.026857	0.540000
357	0.583882	-0.065385	0.181745	0.540000
358	0.574611	0.090051	-0.199846	0.540000
359	0.596092	-0.111582	-0.102217	0.540000
360	0.613592	-0.013406	0.039377	0.540000
361	0.595199	-0.091487	0.124872	0.540000
362	0.597144	-0.146783	-0.009949	0.540000
363	0.557443	-0.259027	0.019696	0.540000
364	0.583295	-0.010251	0.194646	0.540000
365	0.609150	0.018515	0.082573	0.540000
366	0.600849	0.038734	-0.125319	0.540000
367	0.568599	-0.233979	0.013193	0.540000
368	0.607427	-0.095909	-0.007714	0.540000
369	0.603885	-0.110640	0.036154	0.540000
370	0.610858	0.000261	-0.071258	0.540000
371	0.610558	-0.069995	0.023334	0.540000
372	0.584656	-0.088102	0.169235	0.540000
373	0.575657	-0.069860	0.204851	0.540000
374	0.605741	-0.106317	0.000026	0.540000
375	0.600272	0.013291	0.133125	0.540000
376	0.601924	-0.041799	-0.119020	0.540000
377	0.602814	0.046074	-0.112773	0.540000
378	0.607899	-0.009433	-0.092710	0.540000
379	0.590621	-0.142269	0.095662	0.540000
380	0.609230	0.007506	0.083713	0.540000
381	0.557820	-0.233063	0.112886	0.540000
382	0.601985	-0.103371	-0.071789	0.540000
383	0.593686	-0.027120	-0.158196	0.540000
384	0.609541	0.018096	-0.079733	0.540000
385	0.582192	0.014508	-0.197654	0.540000
386	0.603531	0.117333	0.014417	0.540000
387	0.545863	0.280481	0.039863	0.540000
388	0.594690	0.112187	0.109465	0.540000
389	0.593183	0.030566	0.159450	0.540000
390	0.596138	0.079146	-0.128764	0.540000
391	0.608788	0.083868	-0.023849	0.540000
392	0.611895	0.030592	-0.053608	0.540000
393	0.597306	0.090144	-0.115434	0.540000
394	0.582456	0.038372	0.193642	0.540000
395	0.602645	0.099199	0.072133	0.540000
396	0.518491	0.010583	0.330576	0.540000
397	0.593832	0.134188	0.087076	0.540000
398	0.611041	-0.064301	0.026826	0.540000
399	0.609783	0.063992	0.047907	0.540000
400	0.604450	-0.103361	0.046706	0.540000
401	0.606102	0.040746	-0.095946	0.540000
402	0.604063	-0.070359	0.091554	0.540000
403	0.584813	0.140038	-0.128873	0.540000
404	0.607988	0.083030	0.041011	0.540000
405	0.562329	-0.239392	-0.068579	0.540000
406	0.591579	0.086087	-0.144387	0.540000
407	0.590972	-0.108746	-0.130963	0.540000
408	0.585210	0.187335	0.025686	0.540000
409	0.605966	0.103804	0.015949	0.540000
410	0.604336	0.046577	-0.104085	0.540000
411	0.614225	-0.029393	0.009430	0.540000
412	0.605198	-0.017505	0.107953	0.540000
413	0.589404	-0.172619	0.032101	0.540000
414	0.594554	-0.024120	0.155401	0.540000
415	0.596303	0.068177	0.134164	0.540000
416	0.566507	0.217650	0.099618	0.540000
417	0.584357	0.191567	-0.007358	0.540000
418	0.611756	0.055828	-0.029381	0.540000
419	0.602380	0.106206	-0.063904	0.540000
420	0.607194	-0.011075	0.097043	0.540000
421	0.563340	-0.132476	0.208141	0.540000
422	0.511512	0.114390	0.321708	0.540000
423	0.564973	-0.036758	0.240164	0.540000
424	0.594586	0.129360	-0.089213	0.540000
425	0.573395	0.203584	0.089423	0.540000
426	0.588057	0.117850	-0.136109	0.540000
427	0.583202	0.187055	0.055774	0.540000
428	0.585481	0.015430	0.187612	0.540000
429	0.603028	0.019409	-0.119186	0.540000
430	0.600032	-0.045797	-0.126843	0.540000
431	0.574643	-0.213703	0.048388	0.540000
432	0.597955	-0.097951	0.105266	0.540000
433	0.582552	-0.018863	0.196220	0.540000
434	0.497815	0.268694	0.241265	0.540000
435	0.610677	0.072551	-0.005946	0.540000
436	0.597604	0.079256	-0.121707	0.540000
437	0.600875	-0.022381	-0.129124	0.540000
438	0.563851	0.071030	-0.235057	0.540000
439	0.600725	0.079615	-0.104958	0.540000
440	0.470448	-0.295262	-0.264054	0.540000
441	0.517242	-0.321662	0.084968	0.540000
442	0.580687	-0.089095	0.181905	0.540000
443	0.531144	-0.150822	0.270858	0.540000
444	0.599295	0.050573	-0.128502	0.540000
445	0.606600	0.099759	0.017602	0.540000
446	0.590022	0.124551	-0.120774	0.540000
447	0.600088	-0.040832	0.128268	0.540000
448	0.597056	-0.124102	0.079671	0.540000
449	0.585991	0.067003	-0.174211	0.540000
450	0.534624	-0.207459	-0.222177	0.540000
451	0.605674	-0.080574	0.069942	0.540000
452	0.589255	-0.167947	-0.052885	0.540000
453	0.592506	-0.156498	0.051673	0.540000
454	0.584811	0.029324	0.188044	0.540000
455	0.549734	0.030591	0.274010	0.540000
456	0.599508	-0.112489	0.078498	0.540000
457	0.589149	-0.176423	0.001832	0.540000
458	0.558557	-0.089121	0.241448	0.540000
459	0.607562	-0.036876	-0.087941	0.540000
460	0.593458	-0.157405	0.035447	0.540000
461	0.565304	-0.220278	0.100666	0.540000
462	0.598231	-0.125383	0.067998	0.540000
463	0.612489	-0.046964	0.029608	0.540000
464	0.610617	-0.037262	0.063110	0.540000
465	0.592974	0.011033	0.162742	0.540000
466	0.609277	-0.042060	-0.072370	0.540000
467	0.593324	-0.161690	0.006927	0.540000
468	0.607812	-0.089494	-0.027931	0.540000
469	0.591438	-0.091497	0.141613	0.540000
470	0.601954	-0.012510	0.125379	0.540000
471	0.588487	-0.120101	-0.132228	0.540000
472	0.604744	-0.105066	-0.038349	0.540000
473	0.568798	-0.135594	0.190547	0.540000
474	0.613315	-0.013236	0.043525	0.540000
475	0.608613	-0.085575	0.022190	0.540000
476	0.604740	-0.111811	0.003583	0.540000
477	0.599441	-0.135710	-0.021868	0.540000
478	0.591173	-0.101655	-0.135669	0.540000
479	0.584709	-0.050016	0.183953	0.540000
480	0.562995	-0.225137	0.102836	0.540000
481	0.595517	-0.065432	0.138935	0.540000
482	0.576140	-0.128969	0.172204	0.540000
483	0.614255	0.017333	-0.024799	0.540000
484	0.613049	0.017228	0.045810	0.540000
485	0.595138	-0.149399	0.041421	0.540000
486	0.575331	-0.217260	-0.004169	0.540000
487	0.593633	-0.119000	-0.107999	0.540000
488	0.532360	-0.122204	-0.282637	0.540000
489	0.597261	0.140937	0.040511	0.540000
490	0.605789	0.103135	-0.024661	0.540000
491	0.573983	-0.032880	-0.218375	0.540000
492	0.597360	0.146154	0.005007	0.540000
493	0.603204	-0.068820	-0.098153	0.540000
494	0.593364	0.094168	-0.131442	0.540000
495	0.603728	-0.029276	-0.113490	0.540000
496	0.610549	-0.049722	-0.054613	0.540000
497	0.549611	-0.265682	-0.074607	0.540000
498	0.583529	0.008213	0.194041	0.540000
499	0.613297	0.013094	0.043828	0.540000
500	0.593124	0.148042	0.067173	0.540000
501	0.578458	0.072917	0.195689	0.540000
502	0.605280	-0.048023	0.097749	0.540000
503	0.609414	-0.071482	-0.041597	0.540000
504	0.613881	0.024769	-0.027609	0.540000
505	0.554293	0.128435	-0.233429	0.540000
506	0.598616	-0.133062	-0.046673	0.540000
507	0.560798	0.015276	0.251987	0.540000
508	0.612914	0.030488	-0.040400	0.540000
509	0.569160	0.073625	0.221045	0.540000
510	0.559080	0.082966	0.242428	0.540000
511	0.592625	0.164373	-0.001453	0.540000
512	0.611698	-0.061001	-0.018148	0.540000
513	0.607420	-0.062789	-0.072958	0.540000
514	0.612216	0.035566	-0.046390	0.540000
515	0.596864	-0.144700	0.032248	0.540000
516	0.574904	-0.037261	-0.215226	0.540000
517	0.593362	0.083969	-0.138188	0.540000
518	0.602202	-0.019316	-0.123306	0.540000
519	0.614703	-0.016691	-0.009290	0.540000
520	0.614659	0.003627	-0.020154	0.540000
521	0.613077	0.043810	0.021019	0.540000
522	0.596402	-0.031875	0.146675	0.540000
523	0.613365	0.035704	0.027078	0.540000
524	0.533717	0.192441	-0.237355	0.540000
525	0.576652	0.033448	-0.211136	0.540000
526	0.597914	-0.106983	-0.096323	0.540000
527	0.613433	-0.011109	0.042443	0.540000
528	0.612765	0.039309	0.034629	0.540000
529	0.560507	-0.176444	0.181451	0.540000
530	0.612157	0.043224	-0.040253	0.540000
531	0.602072	0.119985	0.036582	0.540000
532	0.499945	0.314634	0.171131	0.540000
533	0.605454	-0.020611	-0.105954	0.540000
534	0.602108	-0.090007	-0.087117	0.540000
535	0.609717	0.074834	0.029497	0.540000
536	0.611674	-0.016267	-0.061771	0.540000
537	0.574494	0.076560	0.205718	0.540000
538	0.594863	-0.103836	0.116540	0.540000
539	0.520748	0.085791	0.315731	0.540000
540	0.591496	0.168324	0.004924	0.540000
541	0.536442	0.282703	0.102637	0.540000
542	0.564234	-0.087554	-0.228472	0.540000
543	0.542556	0.208219	-0.201253	0.540000
544	0.575611	0.171799	0.131839	0.540000
545	0.602851	0.040506	-0.114694	0.540000
546	0.587667	-0.177316	0.037827	0.540000
547	0.610952	0.032316	0.062598	0.540000
548	0.595747	-0.152329	0.010307	0.540000
549	0.548367	-0.273265	-0.053337	0.540000
550	0.570796	0.082572	0.213540	0.540000
551	0.540891	0.292663	-0.003236	0.540000
552	0.604291	0.091405	-0.068575	0.540000
553	0.606982	-0.075227	0.064335	0.540000
554	0.580476	0.010530	-0.202883	0.540000
555	0.611584	-0.064162	0.008547	0.540000
556	0.606507	-0.040933	-0.093266	0.540000
557	0.613677	-0.007113	0.039683	0.540000
558	0.605204	-0.095566	-0.053111	0.540000
559	0.595076	0.154558	0.014862	0.540000
560	0.614376	0.027683	0.000792	0.540000
561	0.603242	-0.014862	0.118759	0.540000
562	0.578084	0.025699	0.208287	0.540000
563	0.613028	-0.044957	-0.020003	0.540000
564	0.593633	-0.100408	-0.125471	0.540000
565	0.614442	-0.008037	0.024923	0.540000
566	0.610671	-0.072614	0.005784	0.540000
567	0.600267	-0.107574	0.079574	0.540000
568	0.604726	0.100181	0.049946	0.540000
569	0.611113	-0.062905	-0.028450	0.540000
570	0.554924	0.122347	0.235193	0.540000
571	0.601752	0.032989	0.122601	0.540000
572	0.613879	-0.021721	-0.030094	0.540000
573	0.563983	-0.167834	0.178828	0.540000
574	0.580627	-0.199055	0.038397	0.540000
575	0.607055	-0.095933	0.022495	0.540000
576	0.609173	0.021451	0.081689	0.540000
577	0.609370	-0.071175	0.042750	0.540000
578	0.610494	0.012074	0.073324	0.540000
579	0.606479	-0.062540	0.080601	0.540000
580	0.558737	-0.253631	0.041346	0.540000
581	0.593483	-0.060121	0.149627	0.540000
582	0.574464	-0.037153	0.216416	0.540000
583	0.587164	0.003142	0.182903	0.540000
584	0.580811	0.100103	0.175678	0.540000
585	0.550594	-0.080743	0.261825	0.540000
586	0.578053	0.128576	0.165977	0.540000
587	0.606251	-0.042606	-0.094177	0.540000
588	0.574164	-0.218703	0.027014	0.540000
589	0.583037	-0.193100	0.031700	0.540000
590	0.606233	-0.029480	-0.099182	0.540000
591	0.599953	-0.125746	-0.049695	0.540000
592	0.591250	-0.157373	-0.062306	0.540000
593	0.612919	0.010202	-0.049506	0.540000
594	0.607896	0.014709	-0.092036	0.540000
595	0.604641	0.070707	-0.087376	0.540000
596	0.610209	-0.065034	-0.040506	0.540000
597	0.556283	0.032078	-0.260279	0.540000
598	0.553228	-0.039143	-0.265766	0.540000
599	0.611244	0.009568	-0.067190	0.540000
600	0.586147	0.121483	0.141063	0.540000
601	0.583708	0.155522	-0.115424	0.540000
602	0.613761	-0.033509	0.020001	0.540000
603	0.606515	0.041832	0.092814	0.540000
604	0.596139	0.034470	-0.147158	0.540000
605	0.599143	0.125711	-0.058728	0.540000
606	0.610198	-0.075001	0.016058	0.540000
607	0.548504	-0.277739	0.015142	0.540000
608	0.611886	0.057567	0.022503	0.540000
609	0.591093	0.106473	0.132278	0.540000
610	0.606098	0.087677	0.056413	0.540000
611	0.602744	-0.109051	-0.055067	0.540000
612	0.581969	-0.170740	-0.101907	0.540000
613	0.609077	-0.078526	-0.032925	0.540000
614	0.597883	-0.114568	0.087376	0.540000
615	0.614148	0.028258	-0.015758	0.540000
616	0.612198	0.057493	0.011535	0.540000
617	0.550562	0.036123	0.271665	0.540000
618	0.572876	0.053691	0.217152	0.540000
619	0.568472	-0.023037	0.233526	0.540000
620	0.596348	0.036884	0.145719	0.540000
621	0.602583	-0.057863	0.108493	0.540000
622	0.541562	0.001712	-0.291431	0.540000
623	0.603411	-0.118822	-0.001365	0.540000
624	0.609144	-0.016206	0.083101	0.540000
625	0.612948	-0.050153	-0.002178	0.540000
626	0.583960	-0.128614	0.143786	0.540000
627	0.599064	-0.108673	0.086816	0.540000
628	0.585538	0.109159	0.153148	0.540000
629	0.609186	0.084347	-0.001560	0.540000
630	0.575852	0.199643	-0.082234	0.540000
631	0.581162	-0.063035	-0.191057	0.540000
632	0.610412	-0.074785	-0.005479	0.540000
633	0.590992	0.130101	-0.109670	0.540000
634	0.613348	0.011605	0.043521	0.540000
635	0.544578	-0.241498	0.152772	0.540000
636	0.572969	0.133728	0.179021	0.540000
637	0.608933	0.086011	-0.005312	0.540000
638	0.574127	0.016905	0.219811	0.540000
639	0.571461	0.123136	-0.191037	0.540000
640	0.530567	0.310926	-0.007022	0.540000
641	0.613981	0.014907	0.032103	0.540000
642	0.571700	-0.101598	-0.202638	0.540000
643	0.597141	-0.146868	0.008783	0.540000
644	0.561737	-0.248288	0.032081	0.540000
645	0.591419	-0.006592	0.168540	0.540000
646	0.597368	0.094657	0.111428	0.540000
647	0.360911	-0.254418	0.428065	0.540000
648	0.607268	0.096572	0.011161	0.540000
649	0.575790	0.187089	0.108113	0.540000
650	0.533580	0.057697	-0.300314	0.540000
651	0.589570	0.092456	0.148606	0.540000
652	0.612226	0.015891	-0.056146	0.540000
653	0.601158	-0.097478	-0.085626	0.540000
654	0.593657	-0.116029	-0.111056	0.540000
655	0.594570	-0.110206	0.112097	0.540000
656	0.579972	0.130206	-0.157808	0.540000
657	0.531268	0.279723	-0.133168	0.540000
658	0.614294	0.012798	0.026532	0.540000
659	0.610093	0.059994	-0.049117	0.540000
660	0.597157	-0.079170	0.123937	0.540000
661	0.556483	-0.088665	0.246354	0.540000
662	0.614072	0.030483	0.014536	0.540000
663	0.576010	-0.043839	-0.210986	0.540000
664	0.572914	-0.136432	-0.177145	0.540000
665	0.522365	-0.319588	0.056770	0.540000
666	0.612086	0.019313	0.056597	0.540000
667	0.600179	0.050609	0.124292	0.540000
668	0.601811	0.126316	0.009661	0.540000
669	0.600987	-0.084493	0.099502	0.540000
670	0.607614	0.076106	0.056899	0.540000
671	0.612727	0.001330	-0.052807	0.540000
672	0.587945	-0.133407	0.121442	0.540000
673	0.554069	-0.250707	0.091536	0.540000
674	0.561564	0.031505	0.248753	0.540000
675	0.596305	-0.107387	-0.105417	0.540000
676	0.586703	-0.184201	-0.008638	0.540000
677	0.583936	-0.165034	0.100038	0.540000
678	0.601799	0.096829	0.081774	0.540000
679	0.600578	-0.051723	0.121883	0.540000
680	0.594610	-0.109210	0.112857	0.540000
681	0.599003	-0.126007	0.059515	0.540000
682	0.560621	-0.170812	0.186419	0.540000
683	0.446292	0.006440	0.423092	0.540000
684	0.603041	-0.107609	-0.054656	0.540000
685	0.591668	-0.080747	-0.147084	0.540000
686	0.594611	0.062331	0.144144	0.540000
687	0.519533	0.153042	0.291356	0.540000
688	0.580804	0.174199	0.102698	0.540000
689	0.516531	0.012810	-0.333551	0.540000
690	0.546965	-0.270222	0.077682	0.540000
691	0.603493	-0.116745	-0.019805	0.540000
692	0.579943	0.200628	-0.040490	0.540000
693	0.594460	-0.099104	-0.122557	0.540000
694	0.545985	-0.030441	-0.281422	0.540000
695	0.598983	0.041073	0.133256	0.540000
696	0.591586	0.110798	0.126393	0.540000
697	0.614562	-0.020571	0.010761	0.540000
698	0.588865	-0.077715	-0.159447	0.540000
699	0.580860	-0.113747	0.166997	0.540000
700	0.549047	-0.014518	-0.276698	0.540000
701	0.541451	-0.077605	-0.281129	0.540000
702	0.556599	-0.188135	0.181736	0.540000
703	0.553061	0.088498	0.254002	0.540000
704	0.602526	0.117761	0.036336	0.540000
705	0.611585	-0.008349	0.064183	0.540000
706	0.597500	0.144433	0.018907	0.540000
707	0.599004	-0.067812	-0.121738	0.540000
708	0.567585	-0.104939	0.212275	0.540000
709	0.529599	0.305393	-0.066967	0.540000
710	0.585298	-0.041072	-0.184295	0.540000
711	0.601356	0.126353	-0.025106	0.540000
712	0.614994	0.000878	-0.002665	0.540000
713	0.596006	-0.047120	0.144156	0.540000
714	0.582895	0.104021	0.166247	0.540000
715	0.603600	0.086539	-0.080017	0.540000
716	0.591360	-0.165052	0.035730	0.540000
717	0.613484	0.026375	-0.034154	0.540000
718	0.596676	0.021298	-0.147477	0.540000
719	0.600638	0.030365	0.128598	0.540000
720	0.606528	-0.054176	-0.086101	0.540000
721	0.612015	-0.059265	-0.012250	0.540000
722	0.587555	0.165987	0.073840	0.540000
723	0.609204	0.010098	0.083626	0.540000
724	0.607460	-0.020868	-0.093710	0.540000
725	0.608414	-0.054644	0.071214	0.540000
726	0.609690	-0.047347	-0.065278	0.540000
727	0.610179	0.050267	-0.058134	0.540000
728	0.608918	0.075954	0.040924	0.540000
729	0.546580	0.168850	-0.225753	0.540000
730	0.608791	0.087163	0.001243	0.540000
731	0.605982	0.099224	0.034144	0.540000
732	0.547931	-0.278724	0.017602	0.540000
733	0.573473	-0.219794	0.032315	0.540000
734	0.591059	-0.062852	0.157872	0.540000
735	0.601451	0.120232	-0.045012	0.540000
736	0.580128	-0.046624	0.198752	0.540000
737	0.613460	0.007863	0.042786	0.540000
738	0.609794	0.057982	-0.054903	0.540000
739	0.608734	-0.032933	0.081139	0.540000
740	0.521738	0.237914	0.222287	0.540000
741	0.579160	0.012606	0.206493	0.540000
742	0.485239	-0.049362	0.374608	0.540000
743	0.585049	0.166345	0.090950	0.540000
744	0.525262	0.094013	0.305756	0.540000
745	0.598437	0.115606	0.082054	0.540000
746	0.601595	0.089746	0.090855	0.540000
747	0.395880	0.456934	-0.112762	0.540000
748	0.594618	-0.041540	0.151423	0.540000
749	0.603086	0.111996	0.044370	0.540000
750	0.605611	0.022712	-0.104618	0.540000
751	0.503390	-0.233354	-0.265272	0.540000
752	0.578703	-0.206685	0.024677	0.540000
753	0.540705	-0.270985	0.111493	0.540000
754	0.582236	0.191475	0.050631	0.540000
755	0.613352	0.043937	-0.009695	0.540000
756	0.603049	-0.036781	-0.114911	0.540000
757	0.580452	0.188842	-0.075092	0.540000
758	0.531959	0.225366	-0.210842	0.540000
759	0.585187	-0.003968	-0.189119	0.540000
760	0.570268	-0.206747	-0.101366	0.540000
761	0.604056	-0.007515	0.115259	0.540000
762	0.613435	-0.036544	0.024217	0.540000
763	0.561817	0.237932	0.077298	0.540000
764	0.609096	0.051089	0.067946	0.540000
765	0.598488	-0.124155	-0.067987	0.540000
766	0.577481	-0.200722	0.066722	0.540000
767	0.607350	-0.091882	0.030154	0.540000
768	0.600200	-0.114486	-0.069846	0.540000
769	0.608829	-0.057555	0.065109	0.540000
770	0.608622	-0.038343	0.079590	0.540000
771	0.602099	0.087295	0.089899	0.540000
772	0.528331	0.132683	0.285459	0.540000
773	0.588707	-0.074771	0.161425	0.540000
774	0.566153	-0.058317	0.233012	0.540000
775	0.609254	0.043709	0.071585	0.540000
776	0.607641	0.030466	0.089830	0.540000
777	0.605874	-0.104373	-0.015729	0.540000
778	0.603570	-0.116829	-0.016699	0.540000
779	0.603790	-0.073051	0.091251	0.540000
780	0.590540	0.030702	0.168951	0.540000
781	0.614891	0.007781	-0.008544	0.540000
782	0.574476	-0.198146	0.094556	0.540000
783	0.596389	-0.140608	0.052681	0.540000
784	0.568495	-0.165893	0.165885	0.540000
785	0.588501	-0.176628	0.026336	0.540000
786	0.585000	-0.138748	0.129416	0.540000
787	0.614180	0.018493	-0.025796	0.540000
788	0.544310	-0.274260	0.082058	0.540000
789	0.599884	0.049177	0.126278	0.540000
790	0.612194	0.053270	-0.024601	0.540000
791	0.606690	-0.099143	-0.017961	0.540000
792	0.606952	-0.025369	0.095866	0.540000
793	0.585295	-0.186887	0.026970	0.540000
794	0.613875	-0.034990	0.012559	0.540000
795	0.603639	-0.046390	0.108135	0.540000
796	0.607308	-0.078331	-0.057151	0.540000
797	0.608409	0.069125	-0.057318	0.540000
798	0.564945	0.044160	0.238981	0.540000
799	0.602310	0.080772	-0.094466	0.540000
800	0.586900	-0.143850	-0.114367	0.540000
801	0.576268	-0.093508	-0.193382	0.540000
802	0.571635	-0.148875	-0.171156	0.540000
803	0.591991	0.150156	0.072278	0.540000
804	0.599131	0.133386	-0.038402	0.540000
805	0.598538	-0.102245	-0.097587	0.540000
806	0.558765	0.124837	-0.224550	0.540000
807	0.604828	0.095384	-0.057531	0.540000
808	0.597823	0.142424	0.023415	0.540000
809	0.606483	0.049415	-0.089228	0.540000
810	0.408237	-0.219945	-0.403970	0.540000
811	0.597374	-0.142902	0.030794	0.540000
812	0.538196	0.090432	0.283535	0.540000
813	0.602793	0.024396	0.119457	0.540000
814	0.586532	0.062899	0.173923	0.540000
815	0.612709	-0.019679	-0.049250	0.540000
816	0.592966	-0.144176	0.076354	0.540000
817	0.588315	0.047767	-0.172712	0.540000
818	0.595604	0.150642	0.028076	0.540000
819	0.602947	-0.101659	-0.065916	0.540000
820	0.601331	0.101346	-0.079714	0.540000
821	0.545424	0.005208	0.284095	0.540000
822	0.575025	-0.093759	-0.196929	0.540000
823	0.592766	0.100506	0.129431	0.540000
824	0.612241	0.038972	0.043216	0.540000
825	0.539923	-0.237294	-0.174355	0.540000
826	0.606951	-0.083148	-0.054052	0.540000
827	0.563668	0.190460	-0.155654	0.540000
828	0.610317	0.070595	-0.027469	0.540000
829	0.552503	-0.071407	0.260511	0.540000
830	0.593676	-0.155415	0.040256	0.540000
831	0.608518	0.017543	-0.087313	0.540000
832	0.586013	0.016352	0.185866	0.540000
833	0.565721	-0.166707	0.174338	0.540000
834	0.580632	0.064112	-0.192306	0.540000
835	0.576767	-0.210895	-0.032994	0.540000
836	0.604253	-0.088340	0.072792	0.540000
837	0.561747	0.242093	-0.063687	0.540000
838	0.588728	0.128622	0.122804	0.540000
839	0.573149	-0.161458	0.153808	0.540000
840	0.564878	0.063165	0.234836	0.540000
841	0.571300	0.094258	0.207259	0.540000
842	0.577035	0.194323	0.086570	0.540000
843	0.594682	-0.076966	-0.136584	0.540000
844	0.605837	-0.104646	-0.015350	0.540000
845	0.604196	0.066750	0.093365	0.540000
846	0.547666	-0.046972	0.275827	0.540000
847	0.581728	-0.068911	0.187267	0.540000
848	0.560565	0.131177	0.216297	0.540000
849	0.514843	-0.060489	0.330913	0.540000
850	0.489043	0.334395	0.165050	0.540000
