1	0.603549	0.074921	0.091329	1.590000
2	0.483516	0.267491	0.269975	1.590000
3	0.510749	0.313681	0.137714	1.590000
4	0.570567	0.213597	0.083993	1.590000
5	0.612249	-0.058109	0.000083	1.590000
6	0.607577	0.045298	-0.083803	1.590000
7	0.568982	0.012864	-0.233065	1.590000
8	0.583703	-0.182182	-0.065765	1.590000
9	0.142963	-0.291145	0.522514	1.590000
10	0.604006	-0.074851	0.088314	1.590000
11	0.596841	0.145412	-0.029354	1.590000
12	0.549677	0.213252	0.174939	1.590000
13	0.579921	0.204551	-0.008706	1.590000
14	0.489920	-0.266317	-0.259382	1.590000
15	0.531233	0.308156	-0.032511	1.590000
16	0.589976	0.034598	0.170164	1.590000
17	0.561776	-0.054988	0.244149	1.590000
18	0.597478	-0.125297	0.074472	1.590000
19	0.573298	0.119558	0.187776	1.590000
20	0.610928	-0.056699	-0.042157	1.590000
21	0.537504	0.264650	0.138834	1.590000
22	0.588985	0.169916	0.049493	1.590000
23	0.613694	0.036078	0.017420	1.590000
24	0.574801	0.114336	-0.186429	1.590000
25	0.592210	-0.089722	0.139509	1.590000
26	0.560769	0.139200	0.210682	1.590000
27	0.404548	0.458829	-0.063574	1.590000
28	0.610331	0.034571	0.067275	1.590000
29	0.470619	0.049641	0.392783	1.590000
30	0.585359	0.185703	-0.033074	1.590000
31	0.593163	0.147618	-0.067764	1.590000
32	0.593757	0.159324	-0.017148	1.590000
33	0.557149	0.182585	0.185670	1.590000
34	0.575577	-0.215527	0.022011	1.590000
35	0.586919	-0.010251	0.183428	1.590000
36	0.540604	0.043722	0.289932	1.590000
37	0.584960	-0.146838	0.120356	1.590000
38	0.602333	-0.111352	0.054958	1.590000
39	0.607088	-0.077020	0.061133	1.590000
40	0.588744	0.068761	-0.163945	1.590000
41	0.565478	0.175444	-0.166371	1.590000
42	0.600943	-0.130141	-0.012489	1.590000
43	0.531090	0.308635	0.030217	1.590000
44	0.589563	0.125574	0.121950	1.590000
45	0.606497	-0.056930	0.084531	1.590000
46	0.567881	-0.200121	-0.125248	1.590000
47	0.538131	-0.293318	0.051034	1.590000
48	0.606661	-0.046391	-0.089640	1.590000
49	0.597462	-0.100133	-0.106009	1.590000
50	0.609382	0.056263	-0.060934	1.590000
51	0.612848	-0.029650	-0.041992	1.590000
52	0.597247	0.084506	0.119916	1.590000
53	0.558209	0.000651	0.258123	1.590000
54	0.591567	-0.027833	-0.165826	1.590000
55	0.562337	-0.147297	-0.200764	1.590000
56	0.551022	0.244683	-0.121368	1.590000
57	0.580077	0.100988	0.177588	1.590000
58	0.563789	0.245417	0.011757	1.590000
59	0.590419	-0.167295	0.040535	1.590000
60	0.606820	0.070135	-0.071245	1.590000
61	0.614242	0.030529	-0.000290	1.590000
62	0.608360	-0.090099	0.002330	1.590000
63	0.601621	-0.100108	-0.079096	1.590000
64	0.563599	0.111399	0.219480	1.590000
65	0.606755	-0.072779	0.069111	1.590000
66	0.598414	0.071916	-0.122287	1.590000
67	0.614751	-0.016783	0.004927	1.590000
68	0.610198	-0.076201	0.008760	1.590000
69	0.609430	0.079928	-0.020763	1.590000
70	0.499587	0.345349	0.096807	1.590000
71	0.610741	0.047715	0.054258	1.590000
72	0.609446	0.081181	-0.014516	1.590000
73	0.536850	-0.009608	0.299874	1.590000
74	0.581148	-0.082993	0.183315	1.590000
75	0.608830	0.085097	0.017583	1.590000
76	0.571224	0.225876	0.030142	1.590000
77	0.614871	-0.006352	0.010865	1.590000
78	0.589507	-0.011927	0.174826	1.590000
79	0.605411	0.097752	0.046339	1.590000
80	0.566325	0.217311	0.101376	1.590000
81	0.551021	0.024363	0.272042	1.590000
82	0.612593	0.035807	0.040894	1.590000
83	0.574174	0.212129	0.059584	1.590000
84	0.608156	0.090650	0.012398	1.590000
85	0.565937	0.212031	-0.113943	1.590000
86	0.607012	0.012202	-0.098045	1.590000
87	0.595722	-0.031867	-0.149414	1.590000
88	0.611203	-0.052537	0.043542	1.590000
89	0.576245	0.146346	0.157319	1.590000
90	0.597425	-0.112117	-0.093476	1.590000
91	0.600954	-0.117552	-0.057105	1.590000
92	0.557381	-0.242484	-0.093560	1.590000
93	0.600686	-0.131542	-0.009922	1.590000
94	0.608799	0.027879	-0.082535	1.590000
95	0.586648	0.182714	-0.026171	1.590000
96	0.574254	0.161521	-0.149561	1.590000
97	0.609734	-0.003136	0.080246	1.590000
98	0.580236	0.161424	0.124471	1.590000
99	0.614211	0.023848	0.020036	1.590000
100	0.592911	-0.152071	0.059635	1.590000
101	0.573420	-0.134289	-0.177146	1.590000
102	0.592011	0.083468	-0.144158	1.590000
103	0.598541	0.140968	-0.010115	1.590000
104	0.599658	-0.107229	-0.084481	1.590000
105	0.593787	-0.136280	0.084079	1.590000
106	0.606600	0.081014	-0.060809	1.590000
107	0.609688	0.028219	-0.075563	1.590000
108	0.606014	0.067697	0.079936	1.590000
109	0.605533	-0.106078	0.017374	1.590000
110	0.444708	0.239955	0.350544	1.590000
111	0.606130	0.082720	0.063154	1.590000
112	0.606718	0.081106	-0.059501	1.590000
113	0.601449	0.082119	0.098696	1.590000
114	0.602526	0.121328	-0.021597	1.590000
115	0.614064	-0.032145	0.010825	1.590000
116	0.558647	0.255483	0.029449	1.590000
117	0.562772	-0.158139	0.191063	1.590000
118	0.593038	0.142936	0.078105	1.590000
119	0.574669	0.215013	0.041830	1.590000
120	0.600034	0.107847	-0.080953	1.590000
121	0.595430	0.099699	-0.117252	1.590000
122	0.607808	0.088110	0.032105	1.590000
123	0.597185	-0.050101	-0.138149	1.590000
124	0.604925	0.049642	0.099131	1.590000
125	0.538647	0.015812	0.296368	1.590000
126	0.593174	0.158106	0.037037	1.590000
127	0.609990	0.069560	0.036028	1.590000
128	0.540196	0.247705	0.158290	1.590000
129	0.597021	-0.101761	0.106935	1.590000
130	0.600456	-0.046637	0.124512	1.590000
131	0.612319	0.028867	-0.049566	1.590000
132	0.599754	0.054727	0.124600	1.590000
133	0.605297	0.010394	0.108319	1.590000
134	0.588496	-0.041697	0.173662	1.590000
135	0.599056	0.074339	0.117602	1.590000
136	0.574242	0.175046	0.133530	1.590000
137	0.522684	0.182920	0.267520	1.590000
138	0.575600	0.193394	-0.097509	1.590000
139	0.598777	-0.112140	-0.084355	1.590000
140	0.613712	-0.010630	0.038338	1.590000
141	0.556207	-0.015377	0.261959	1.590000
142	0.530733	-0.292525	-0.104771	1.590000
143	0.603629	0.007938	0.117446	1.590000
144	0.576843	-0.188635	-0.099470	1.590000
145	0.553199	0.263077	-0.054650	1.590000
146	0.554128	0.073961	-0.256313	1.590000
147	0.532905	0.306822	0.009883	1.590000
148	0.541052	0.228822	0.182011	1.590000
149	0.556537	0.115327	0.234928	1.590000
150	0.567221	-0.068469	0.227591	1.590000
151	0.607045	-0.089131	0.042161	1.590000
152	0.574410	0.185003	-0.118539	1.590000
153	0.578536	0.208534	0.005856	1.590000
154	0.547290	0.214207	-0.181147	1.590000
155	0.595906	0.151633	0.011316	1.590000
156	0.582160	0.140556	0.139853	1.590000
157	0.598587	0.007742	0.140920	1.590000
158	0.567811	-0.082524	-0.221371	1.590000
159	0.596472	0.072160	0.131298	1.590000
160	0.587433	0.176579	0.044354	1.590000
161	0.580902	0.140405	-0.145133	1.590000
162	0.576470	-0.205194	0.061671	1.590000
163	0.613575	0.040056	-0.012077	1.590000
164	0.604471	-0.057958	0.097370	1.590000
165	0.612404	0.056341	-0.003407	1.590000
166	0.612754	0.039075	-0.035072	1.590000
167	0.600352	0.084795	0.103019	1.590000
168	0.566247	0.193818	-0.141506	1.590000
169	0.542065	-0.249765	-0.148349	1.590000
170	0.578293	-0.206890	0.031614	1.590000
171	0.573810	0.157998	-0.154930	1.590000
172	0.531048	-0.252265	0.180488	1.590000
173	0.565570	-0.233837	-0.060635	1.590000
174	0.595028	0.148520	0.045925	1.590000
175	0.603236	-0.078066	0.090760	1.590000
176	0.593716	0.138863	-0.080273	1.590000
177	0.573697	0.128361	0.180609	1.590000
178	0.598754	-0.031290	-0.136894	1.590000
179	0.591847	0.093158	0.138794	1.590000
180	0.568814	0.097348	0.212601	1.590000
181	0.611302	0.065250	-0.016644	1.590000
182	0.557134	0.025781	0.259156	1.590000
183	0.550025	0.060601	0.268375	1.590000
184	0.549562	0.180346	-0.209001	1.590000
185	0.608820	0.084295	-0.021377	1.590000
186	0.561150	0.145212	-0.205546	1.590000
187	0.566532	0.192823	-0.141725	1.590000
188	0.507184	0.345327	-0.041701	1.590000
189	0.604589	-0.019297	0.111015	1.590000
190	0.606965	-0.067163	-0.072855	1.590000
191	0.559975	0.241479	0.079628	1.590000
192	0.593656	0.071447	-0.143852	1.590000
193	0.594682	-0.049482	-0.148760	1.590000
194	0.606448	-0.070992	0.073522	1.590000
195	0.606826	0.087796	0.047734	1.590000
196	0.595286	0.105215	-0.113091	1.590000
197	0.604128	0.114328	0.013557	1.590000
198	0.585955	-0.167785	0.082036	1.590000
199	0.611601	-0.064569	-0.000049	1.590000
200	0.599586	-0.106621	0.085752	1.590000
201	0.610035	-0.075737	0.018599	1.590000
202	0.612502	-0.053468	0.014418	1.590000
203	0.596315	0.145170	-0.039492	1.590000
204	0.592437	0.062300	0.152845	1.590000
205	0.605097	0.080779	0.074548	1.590000
206	0.592063	0.162887	-0.033981	1.590000
207	0.608631	0.087647	-0.010539	1.590000
208	0.542179	0.074747	-0.280498	1.590000
209	0.591765	0.151513	0.071292	1.590000
210	0.563932	0.038846	0.242275	1.590000
211	0.583294	-0.163323	-0.106390	1.590000
212	0.609002	0.071328	0.047482	1.590000
213	0.611983	0.031932	0.051793	1.590000
214	0.597684	0.136822	-0.047735	1.590000
215	0.578050	0.209832	0.007319	1.590000
216	0.545097	0.281893	-0.040385	1.590000
217	0.509188	0.342786	-0.038086	1.590000
218	0.605277	0.070215	-0.083273	1.590000
219	0.571157	-0.052419	-0.221939	1.590000
220	0.600365	-0.007973	-0.133129	1.590000
221	0.528616	-0.038857	0.311898	1.590000
222	0.588148	-0.030531	0.177129	1.590000
223	0.602673	0.109754	0.054444	1.590000
224	0.606445	0.091590	0.045389	1.590000
225	0.588086	0.124888	0.129549	1.590000
226	0.602005	0.123278	-0.024846	1.590000
227	0.569770	-0.228568	0.036655	1.590000
228	0.612990	0.015247	-0.047286	1.590000
229	0.566677	-0.196328	0.136224	1.590000
230	0.586067	0.112032	0.148993	1.590000
231	0.521013	0.326750	-0.002165	1.590000
232	0.598399	-0.043083	0.135232	1.590000
233	0.608593	0.000118	0.088539	1.590000
234	0.568275	0.144363	-0.185602	1.590000
235	0.614128	0.031470	-0.009037	1.590000
236	0.614556	0.018009	0.014904	1.590000
237	0.612992	0.016250	0.046924	1.590000
238	0.579398	0.040927	0.202109	1.590000
239	0.584286	0.026745	0.190052	1.590000
240	0.530053	0.201512	0.238037	1.590000
241	0.582047	-0.099189	0.172068	1.590000
242	0.571613	-0.150215	0.170055	1.590000
243	0.595691	-0.152895	0.000358	1.590000
244	0.561702	-0.088248	-0.234366	1.590000
245	0.597387	0.095926	-0.110236	1.590000
246	0.614034	-0.026106	0.022488	1.590000
247	0.564364	0.221973	0.102204	1.590000
248	0.574756	0.051044	0.212780	1.590000
249	0.564092	0.129010	0.208283	1.590000
250	0.611257	-0.037107	0.056678	1.590000
251	0.599858	0.121979	-0.059298	1.590000
252	0.608052	0.062389	0.067866	1.590000
253	0.609617	0.029513	-0.075637	1.590000
254	0.574287	0.218221	-0.028270	1.590000
255	0.609478	0.050570	-0.064839	1.590000
256	0.610068	0.003419	-0.077656	1.590000
257	0.609752	0.050167	0.062532	1.590000
258	0.572149	0.188566	0.123746	1.590000
259	0.484385	0.057014	-0.374628	1.590000
260	0.605856	0.024547	-0.102765	1.590000
261	0.593473	0.072112	-0.144273	1.590000
262	0.605105	0.108730	0.015838	1.590000
263	0.592770	0.088632	-0.137817	1.590000
264	0.612772	0.045476	-0.025823	1.590000
265	0.606797	-0.096326	0.027259	1.590000
266	0.602413	0.107379	0.061590	1.590000
267	0.576982	0.181292	-0.111578	1.590000
268	0.598357	0.006032	0.141979	1.590000
269	0.606803	0.094579	-0.032708	1.590000
270	0.591877	0.112342	-0.123635	1.590000
271	0.604746	-0.079409	-0.078751	1.590000
272	0.593020	-0.080956	-0.141417	1.590000
273	0.609416	0.080052	-0.020716	1.590000
274	0.614779	-0.014472	-0.007911	1.590000
275	0.606141	-0.064053	0.081944	1.590000
276	0.525320	-0.307204	-0.088820	1.590000
277	0.551724	0.105391	0.250436	1.590000
278	0.593743	-0.127401	0.097281	1.590000
279	0.613913	-0.036287	0.004374	1.590000
280	0.586167	0.129159	0.133981	1.590000
281	0.610766	0.071925	-0.004032	1.590000
282	0.564549	0.181176	0.163353	1.590000
283	0.544660	0.088526	0.271539	1.590000
284	0.609761	-0.035532	0.071787	1.590000
285	0.604537	-0.032379	0.108219	1.590000
286	0.605502	0.031770	0.102875	1.590000
287	0.599990	-0.134835	0.007530	1.590000
288	0.606404	0.102406	0.003523	1.590000
289	0.563947	0.241393	-0.043794	1.590000
290	0.605199	0.061921	-0.090139	1.590000
291	0.596296	0.144173	0.043247	1.590000
292	0.609131	0.084664	-0.004075	1.590000
293	0.614567	-0.019377	0.012533	1.590000
294	0.596180	0.146797	0.035283	1.590000
295	0.588238	-0.131983	-0.121578	1.590000
296	0.608466	0.037638	-0.081106	1.590000
297	0.609012	0.020514	0.083114	1.590000
298	0.597198	-0.059480	-0.134318	1.590000
299	0.573629	-0.169388	-0.143116	1.590000
300	0.563419	0.226353	-0.097714	1.590000
301	0.609236	0.079876	-0.026009	1.590000
302	0.600541	0.095775	0.091665	1.590000
303	0.577795	-0.062987	-0.201025	1.590000
304	0.568228	-0.223698	-0.072810	1.590000
305	0.604978	-0.090330	0.063770	1.590000
306	0.604315	-0.007885	-0.113870	1.590000
307	0.614373	0.027488	-0.003890	1.590000
308	0.609684	0.080181	0.008998	1.590000
309	0.533028	0.292553	0.092301	1.590000
310	0.600162	-0.033093	0.130138	1.590000
311	0.601356	0.067530	0.109709	1.590000
312	0.580683	0.030586	0.200242	1.590000
313	0.604678	0.089903	0.067136	1.590000
314	0.583126	0.170435	-0.095607	1.590000
315	0.592474	0.100484	-0.130775	1.590000
316	0.603459	0.089714	0.077551	1.590000
317	0.598309	0.041846	0.136015	1.590000
318	0.608258	0.075738	-0.050107	1.590000
319	0.609411	0.045470	0.069107	1.590000
320	0.562718	0.127112	-0.213111	1.590000
321	0.592139	-0.047294	-0.159248	1.590000
322	0.610832	-0.030924	0.064442	1.590000
323	0.493750	0.286206	0.229176	1.590000
324	0.598307	0.111789	0.088073	1.590000
325	0.606386	-0.102556	-0.001880	1.590000
326	0.588591	-0.135961	0.115325	1.590000
327	0.613926	-0.031661	-0.017805	1.590000
328	0.561433	-0.250729	0.012363	1.590000
329	0.511993	-0.022110	0.339999	1.590000
330	0.608338	-0.014409	0.089122	1.590000
331	0.598661	0.104626	0.094253	1.590000
332	0.581792	0.197888	-0.024149	1.590000
333	0.610857	0.070781	0.008320	1.590000
334	0.612862	0.003709	0.051103	1.590000
335	0.612223	0.004169	0.058231	1.590000
336	0.553543	0.121357	0.238929	1.590000
337	0.586993	0.047606	0.177196	1.590000
338	0.593822	0.032210	-0.156726	1.590000
339	0.612626	0.030333	0.044661	1.590000
340	0.517288	0.309244	-0.122499	1.590000
341	0.606422	0.096468	-0.034220	1.590000
342	0.612196	-0.058161	0.007647	1.590000
343	0.612961	0.002000	0.050003	1.590000
344	0.608505	0.010811	0.088488	1.590000
345	0.532183	0.235484	0.198882	1.590000
346	0.585186	-0.103798	0.158139	1.590000
347	0.612109	0.005402	0.059318	1.590000
348	0.610516	-0.073991	0.004467	1.590000
349	0.606839	0.062060	-0.078231	1.590000
350	0.544657	0.283274	-0.036472	1.590000
351	0.584211	0.163995	-0.100139	1.590000
352	0.541832	0.201844	0.209529	1.590000
353	0.573799	0.086849	0.203560	1.590000
354	0.565370	-0.061224	-0.234164	1.590000
355	0.580602	0.031635	0.200315	1.590000
356	0.589431	0.170833	0.040153	1.590000
357	0.556016	0.087484	-0.247826	1.590000
358	0.601528	0.064755	-0.110433	1.590000
359	0.611198	0.031893	-0.060369	1.590000
360	0.612974	0.034008	-0.036480	1.590000
361	0.589082	0.140088	0.107625	1.590000
362	0.614776	0.006868	0.015128	1.590000
363	0.614231	-0.023821	0.019447	1.590000
364	0.600113	0.106653	-0.081942	1.590000
365	0.594920	-0.067349	-0.140569	1.590000
366	0.586643	0.184374	-0.008988	1.590000
367	0.565952	-0.152241	-0.186402	1.590000
368	0.560226	-0.050573	0.248625	1.590000
369	0.612512	0.033955	-0.043600	1.590000
370	0.528268	-0.039092	-0.312457	1.590000
371	0.609946	0.013878	-0.077447	1.590000
372	0.585781	0.158102	0.100448	1.590000
373	0.584974	-0.035997	-0.186372	1.590000
374	0.551551	0.072261	-0.262289	1.590000
375	0.600062	0.000123	-0.134723	1.590000
376	0.597465	-0.000393	0.145811	1.590000
377	0.610724	0.010873	-0.071578	1.590000
378	0.608319	0.065918	0.061865	1.590000
379	0.604569	-0.068275	-0.089779	1.590000
380	0.593386	-0.112937	0.115597	1.590000
381	0.589294	0.046683	0.169640	1.590000
382	0.605914	-0.087027	-0.059328	1.590000
383	0.601703	0.054780	0.114795	1.590000
384	0.595506	0.116400	0.100241	1.590000
385	0.611973	0.060580	0.006667	1.590000
386	0.570510	0.161920	0.162866	1.590000
387	0.595552	-0.036050	0.149142	1.590000
388	0.601478	0.120315	0.044422	1.590000
389	0.589818	0.127107	-0.119095	1.590000
390	0.575606	0.023924	-0.215245	1.590000
391	0.587307	0.167579	-0.072198	1.590000
392	0.598563	-0.041450	0.135015	1.590000
393	0.608640	0.024412	0.084774	1.590000
394	0.604897	-0.079242	-0.077750	1.590000
395	0.585438	0.182785	0.045576	1.590000
396	0.596512	0.004962	-0.149578	1.590000
397	0.600122	-0.087130	0.102406	1.590000
398	0.610011	0.014921	-0.076738	1.590000
399	0.604530	0.108235	0.032454	1.590000
400	0.596723	0.128681	0.074755	1.590000
401	0.535704	0.087686	-0.289062	1.590000
402	0.610999	0.009448	-0.069394	1.590000
403	0.613813	-0.035435	0.014264	1.590000
404	0.594388	0.157884	0.000565	1.590000
405	0.601773	0.038156	-0.120992	1.590000
406	0.613244	0.019012	0.042374	1.590000
407	0.606957	0.097855	-0.015892	1.590000
408	0.583982	-0.168821	0.093218	1.590000
409	0.603944	0.112780	0.027508	1.590000
410	0.614988	0.003785	-0.000719	1.590000
411	0.572668	0.219934	0.043648	1.590000
412	0.612950	0.046071	0.019879	1.590000
413	0.579006	0.182660	0.098045	1.590000
414	0.558063	0.229434	0.118956	1.590000
415	0.608465	0.086788	-0.021528	1.590000
416	0.591465	-0.155770	0.064265	1.590000
417	0.589859	0.059311	0.163626	1.590000
418	0.600867	0.123666	-0.043484	1.590000
419	0.601614	0.079943	-0.099472	1.590000
420	0.595151	-0.123204	0.094027	1.590000
421	0.548288	-0.179392	0.213128	1.590000
422	0.567452	0.216624	0.096425	1.590000
423	0.611372	0.060882	-0.027250	1.590000
424	0.602867	-0.034386	-0.116593	1.590000
425	0.600718	0.131492	-0.008511	1.590000
426	0.468468	0.392462	0.068822	1.590000
427	0.519393	0.303823	0.127072	1.590000
428	0.614472	0.025177	-0.003905	1.590000
429	0.614863	0.012459	0.003650	1.590000
430	0.592451	0.146174	-0.076548	1.590000
431	0.566808	-0.140273	-0.193072	1.590000
432	0.605599	0.101535	-0.034138	1.590000
433	0.512053	-0.252479	0.228650	1.590000
434	0.561785	-0.010449	0.250026	1.590000
435	0.546668	0.126357	0.251820	1.590000
436	0.608932	0.058216	-0.063541	1.590000
437	0.526516	0.317118	-0.021033	1.590000
438	0.563457	0.242838	0.042083	1.590000
439	0.603976	-0.109814	-0.037134	1.590000
440	0.601903	0.040438	-0.119596	1.590000
441	0.592693	-0.126471	-0.104617	1.590000
442	0.571542	0.141248	0.177802	1.590000
443	0.547730	0.213797	0.180299	1.590000
444	0.605298	0.018480	0.107228	1.590000
445	0.610943	0.064524	0.028454	1.590000
446	0.546365	0.279368	0.040797	1.590000
447	0.555452	0.105838	-0.241859	1.590000
448	0.611543	0.016088	-0.063099	1.590000
449	0.613550	0.006161	0.041750	1.590000
450	0.612933	-0.026655	0.042747	1.590000
451	0.556959	-0.107927	-0.237430	1.590000
452	0.557974	0.182589	0.183170	1.590000
453	0.536039	-0.095087	0.286087	1.590000
454	0.605593	-0.043554	0.097903	1.590000
455	0.592277	0.112245	-0.121796	1.590000
456	0.597659	0.145007	-0.001244	1.590000
457	0.552426	0.156293	-0.220506	1.590000
458	0.613871	-0.009484	0.036022	1.590000
459	0.600736	0.014608	0.130871	1.590000
460	0.581054	0.145060	0.139853	1.590000
461	0.507142	0.345903	0.037195	1.590000
462	0.614561	-0.016205	-0.016651	1.590000
463	0.528688	0.130721	-0.285703	1.590000
464	0.585401	0.080958	-0.170226	1.590000
465	0.610064	0.059497	0.050066	1.590000
466	0.601617	0.127420	-0.006772	1.590000
467	0.580584	0.176751	0.099531	1.590000
468	0.601973	-0.125184	-0.013494	1.590000
469	0.593057	0.086392	0.138003	1.590000
470	0.522701	0.321967	-0.036684	1.590000
471	0.589222	0.169353	0.048596	1.590000
472	0.595776	0.064076	-0.138459	1.590000
473	0.598800	0.072864	-0.119808	1.590000
474	0.603120	0.062658	0.102690	1.590000
475	0.551831	0.258068	0.084313	1.590000
476	0.601327	0.127994	0.015764	1.590000
477	0.602815	0.085578	-0.086689	1.590000
478	0.592572	0.021664	0.163138	1.590000
479	0.529436	0.266348	0.164258	1.590000
480	0.582685	-0.054618	-0.188998	1.590000
481	0.574103	0.110991	-0.190555	1.590000
482	0.611982	-0.020253	0.057388	1.590000
483	0.548049	0.219049	0.172873	1.590000
484	0.611197	-0.067316	0.011474	1.590000
485	0.612694	0.045624	0.027389	1.590000
486	0.609766	0.013489	0.078918	1.590000
487	0.564899	0.169034	-0.174763	1.590000
488	0.613100	0.008363	-0.047577	1.590000
489	0.571087	0.228216	-0.001419	1.590000
490	0.601846	0.117388	-0.047189	1.590000
491	0.511251	-0.101002	0.326567	1.590000
492	0.582203	0.194922	-0.035641	1.590000
493	0.564512	0.169843	-0.175226	1.590000
494	0.612057	-0.023554	-0.055288	1.590000
495	0.585277	0.004366	0.188830	1.590000
496	0.593941	-0.045622	-0.152899	1.590000
497	0.598763	0.089925	-0.107801	1.590000
498	0.515374	-0.279370	0.185921	1.590000
499	0.614877	-0.012272	-0.000860	1.590000
500	0.569769	0.077333	0.218191	1.590000
501	0.600568	-0.106640	-0.078558	1.590000
502	0.563901	0.121872	-0.213043	1.590000
503	0.612435	0.053777	-0.016002	1.590000
504	0.610811	0.063919	0.032397	1.590000
505	0.610690	-0.029180	-0.066569	1.590000
506	0.595908	0.085162	-0.125959	1.590000
507	0.612498	-0.013921	0.053643	1.590000
508	0.555796	0.255986	-0.061534	1.590000
509	0.590081	-0.160495	0.065356	1.590000
510	0.600517	-0.131972	0.013699	1.590000
511	0.604683	-0.091114	-0.065431	1.590000
512	0.592716	-0.101934	0.128537	1.590000
513	0.599547	0.120769	-0.064679	1.590000
514	0.613787	0.010233	0.037224	1.590000
515	0.599314	0.005556	-0.137903	1.590000
516	0.570846	0.228657	0.008680	1.590000
517	0.593231	0.157248	0.039689	1.590000
518	0.584827	0.159701	0.103433	1.590000
519	0.614328	0.003200	-0.028556	1.590000
520	0.610476	-0.047809	0.057078	1.590000
521	0.608753	-0.083296	0.026591	1.590000
522	0.607343	-0.071072	-0.065639	1.590000
523	0.599927	0.127958	0.044043	1.590000
524	0.588522	0.005479	0.178429	1.590000
525	0.597870	0.001763	0.144129	1.590000
526	0.591980	0.126578	0.108456	1.590000
527	0.611343	0.045702	-0.048954	1.590000
528	0.580789	0.198740	-0.037577	1.590000
529	0.587154	0.068782	-0.169542	1.590000
530	0.607951	-0.068245	-0.062954	1.590000
531	0.609006	0.077499	0.036472	1.590000
532	0.612902	0.027533	0.042644	1.590000
533	0.540180	0.293971	0.003332	1.590000
534	0.541489	-0.262274	0.127384	1.590000
535	0.577664	-0.210630	0.012821	1.590000
536	0.551829	-0.010442	-0.271295	1.590000
537	0.564491	0.207334	0.128790	1.590000
538	0.547850	0.178947	-0.214624	1.590000
539	0.518245	0.328411	0.042348	1.590000
540	0.614577	0.014064	-0.017954	1.590000
541	0.601563	0.102361	-0.076607	1.590000
542	0.561563	0.243675	-0.059116	1.590000
543	0.560733	0.248228	0.046756	1.590000
544	0.542380	0.259768	0.128721	1.590000
545	0.606020	0.045335	-0.094388	1.590000
546	0.607169	-0.077114	-0.060207	1.590000
547	0.602564	0.073830	-0.098443	1.590000
548	0.576066	0.213822	-0.025562	1.590000
549	0.603705	-0.067798	0.095754	1.590000
550	0.547259	-0.013009	0.280292	1.590000
551	0.602805	0.111661	-0.048811	1.590000
552	0.594634	0.156561	0.011127	1.590000
553	0.559375	0.240544	0.086389	1.590000
554	0.586784	0.000548	-0.184146	1.590000
555	0.611328	-0.053658	0.040291	1.590000
556	0.612891	-0.050408	0.007012	1.590000
557	0.589522	-0.112828	0.134009	1.590000
558	0.574416	0.198254	0.094694	1.590000
559	0.597178	-0.020338	0.145567	1.590000
560	0.613807	0.038150	0.003317	1.590000
561	0.600638	0.059687	-0.117882	1.590000
562	0.592203	0.163055	-0.030555	1.590000
563	0.612278	-0.054270	-0.019900	1.590000
564	0.583152	-0.193583	0.026151	1.590000
565	0.586342	0.168721	0.077213	1.590000
566	0.604570	0.111573	-0.016478	1.590000
567	0.599611	-0.127864	-0.048400	1.590000
568	0.592671	-0.149284	-0.068413	1.590000
569	0.518184	0.122133	-0.307887	1.590000
570	0.598606	-0.101148	-0.098314	1.590000
571	0.600406	-0.087039	-0.100807	1.590000
572	0.612736	-0.051133	0.012842	1.590000
573	0.613120	0.031718	-0.036087	1.590000
574	0.459895	0.180324	0.366340	1.590000
575	0.614845	-0.000722	0.013770	1.590000
576	0.590800	-0.043350	-0.165231	1.590000
577	0.591747	0.129960	-0.105692	1.590000
578	0.604835	0.111242	-0.004994	1.590000
579	0.597653	0.145035	0.000721	1.590000
580	0.601634	0.117218	0.050211	1.590000
581	0.613382	-0.028443	0.034337	1.590000
582	0.579024	0.205659	-0.025712	1.590000
583	0.541423	0.240209	-0.165488	1.590000
584	0.586419	0.145272	-0.115036	1.590000
585	0.593446	0.131101	-0.094125	1.590000
586	0.613853	-0.028615	-0.024294	1.590000
587	0.582589	0.188409	-0.057599	1.590000
588	0.552675	-0.179028	-0.201802	1.590000
589	0.609847	-0.056357	0.055991	1.590000
590	0.604785	-0.095142	0.058381	1.590000
591	0.584503	0.111883	-0.155124	1.590000
592	0.612469	0.054937	-0.009385	1.590000
593	0.605110	-0.001406	0.109839	1.590000
594	0.583644	0.193840	-0.003289	1.590000
595	0.612358	-0.056907	-0.002160	1.590000
596	0.555973	0.207426	0.161534	1.590000
597	0.612067	-0.032817	-0.050217	1.590000
598	0.609912	-0.030043	-0.073007	1.590000
599	0.598945	0.036993	0.134615	1.590000
600	0.610163	-0.076095	0.011655	1.590000
601	0.610611	0.066584	0.030744	1.590000
602	0.601989	-0.094025	-0.083627	1.590000
603	0.606931	0.096498	-0.023398	1.590000
604	0.598063	0.076563	0.121179	1.590000
605	0.605575	-0.073303	0.078294	1.590000
606	0.597222	0.144886	0.023640	1.590000
607	0.602615	-0.010798	0.122326	1.590000
608	0.612014	-0.059920	-0.008562	1.590000
609	0.602360	-0.122322	0.020619	1.590000
610	0.595124	0.131771	0.081782	1.590000
611	0.613064	0.004899	0.048519	1.590000
612	0.612592	-0.008176	0.053751	1.590000
613	0.609391	0.081055	0.017256	1.590000
614	0.611746	0.057754	-0.025615	1.590000
615	0.583043	0.193927	-0.026043	1.590000
616	0.585653	0.070479	0.173977	1.590000
617	0.611849	0.056575	0.025783	1.590000
618	0.607883	-0.072238	0.059032	1.590000
619	0.566081	0.046687	-0.235792	1.590000
620	0.610336	-0.063798	0.040549	1.590000
621	0.559803	0.211309	0.142104	1.590000
622	0.608064	0.058555	-0.071099	1.590000
623	0.592766	0.071234	-0.147576	1.590000
624	0.606403	-0.087123	0.053946	1.590000
625	0.605501	-0.034019	0.102155	1.590000
626	0.600920	-0.128561	0.024333	1.590000
627	0.606501	0.059656	-0.082602	1.590000
628	0.566898	0.234127	0.045121	1.590000
629	0.601329	0.117158	-0.053875	1.590000
630	0.577414	0.203963	0.056720	1.590000
631	0.594023	-0.087059	0.133350	1.590000
632	0.611230	-0.062723	0.026252	1.590000
633	0.601171	0.098344	-0.084537	1.590000
634	0.592586	0.138618	0.088611	1.590000
635	0.606469	0.099638	0.022208	1.590000
636	0.611256	0.030392	-0.060558	1.590000
637	0.606672	0.100861	-0.000759	1.590000
638	0.587876	0.063489	-0.169105	1.590000
639	0.566446	0.238792	-0.018516	1.590000
640	0.544621	0.276590	0.071488	1.590000
641	0.610090	0.063050	-0.045162	1.590000
642	0.565704	-0.012939	-0.240907	1.590000
643	0.585734	0.048591	-0.181050	1.590000
644	0.594191	-0.158399	-0.008449	1.590000
645	0.578784	-0.204546	0.037347	1.590000
646	0.561171	-0.108026	0.227249	1.590000
647	0.578617	-0.031846	0.205945	1.590000
648	0.605935	0.039645	-0.097445	1.590000
649	0.601830	0.121618	0.035137	1.590000
650	0.593321	0.149868	-0.061119	1.590000
651	0.600094	0.112720	-0.073527	1.590000
652	0.614633	0.017206	-0.012458	1.590000
653	0.573600	-0.221661	0.008618	1.590000
654	0.598324	-0.070226	0.123699	1.590000
655	0.583459	0.015983	0.193765	1.590000
656	0.519723	-0.130756	0.301689	1.590000
657	0.597917	-0.009072	0.143660	1.590000
658	0.575581	0.146981	0.159149	1.590000
659	0.602136	0.114085	-0.051400	1.590000
660	0.612483	0.033661	0.044227	1.590000
661	0.567827	0.088151	0.219150	1.590000
662	0.544490	-0.266493	0.103619	1.590000
663	0.592818	0.039925	0.158740	1.590000
664	0.557568	0.259085	0.014745	1.590000
665	0.606880	0.099465	-0.005351	1.590000
666	0.591668	-0.147807	0.079415	1.590000
667	0.597670	0.056882	-0.133342	1.590000
668	0.524299	0.260232	-0.188719	1.590000
669	0.600038	0.133609	0.018114	1.590000
670	0.578943	0.145109	-0.148300	1.590000
671	0.605039	-0.105302	-0.032617	1.590000
672	0.613745	-0.035818	0.016102	1.590000
673	0.586222	0.088718	0.163394	1.590000
674	0.537168	0.297780	-0.031662	1.590000
675	0.603428	-0.055748	-0.104839	1.590000
676	0.603517	0.021454	-0.116327	1.590000
677	0.568901	0.145130	-0.183068	1.590000
678	0.525639	0.319056	-0.011494	1.590000
679	0.574429	0.216956	-0.034446	1.590000
680	0.584247	0.009575	0.191803	1.590000
681	0.592657	-0.097529	-0.132178	1.590000
682	0.610130	0.035038	0.068837	1.590000
683	0.596875	0.118138	-0.089490	1.590000
684	0.597416	0.125912	-0.073930	1.590000
685	0.592231	0.024468	-0.163977	1.590000
686	0.584416	0.188513	0.033852	1.590000
687	0.602029	0.121844	0.030668	1.590000
688	0.532323	-0.210430	-0.224893	1.590000
689	0.591399	0.129460	-0.108225	1.590000
690	0.598866	0.132589	-0.044773	1.590000
691	0.611860	-0.035411	-0.050969	1.590000
692	0.570672	-0.008579	0.229097	1.590000
693	0.600731	-0.012345	-0.131131	1.590000
694	0.568413	0.234579	0.010203	1.590000
695	0.588623	0.164304	-0.068935	1.590000
696	0.601037	0.126234	-0.032326	1.590000
697	0.602795	0.116386	0.036299	1.590000
698	0.592267	0.056071	-0.155886	1.590000
699	0.614390	0.011272	-0.024953	1.590000
700	0.550432	0.211012	-0.175281	1.590000
701	0.597604	-0.049826	-0.136426	1.590000
702	0.601659	-0.127369	-0.002897	1.590000
703	0.614605	-0.011544	0.018767	1.590000
704	0.604502	-0.070455	0.088536	1.590000
705	0.538361	-0.228316	-0.190432	1.590000
706	0.573693	0.070374	-0.210115	1.590000
707	0.590081	-0.047712	0.166591	1.590000
708	0.608483	-0.067399	0.058575	1.590000
709	0.601060	0.127922	-0.024249	1.590000
710	0.463614	0.400201	-0.055915	1.590000
711	0.456671	0.302802	0.279262	1.590000
712	0.594588	0.047063	0.149916	1.590000
713	0.539834	-0.222066	-0.193627	1.590000
714	0.460850	0.076405	-0.400006	1.590000
715	0.591775	0.164424	-0.031501	1.590000
716	0.609691	0.033783	0.073217	1.590000
717	0.600391	0.132503	-0.014077	1.590000
718	0.613782	0.038642	0.001885	1.590000
719	0.430122	0.188910	-0.396904	1.590000
720	0.412741	0.443320	0.106477	1.590000
721	0.589231	0.161823	-0.069610	1.590000
722	0.598459	0.102443	-0.097861	1.590000
723	0.605066	-0.060415	-0.092034	1.590000
724	0.601246	-0.016457	-0.128287	1.590000
725	0.602030	-0.106381	-0.066844	1.590000
726	0.591621	0.136295	0.098147	1.590000
727	0.601761	0.124356	0.025390	1.590000
728	0.560974	0.196886	0.157383	1.590000
729	0.613235	0.037703	-0.027328	1.590000
730	0.614100	-0.014910	-0.029727	1.590000
731	0.613929	-0.035638	0.006820	1.590000
732	0.574845	-0.109055	0.189435	1.590000
733	0.614967	-0.005158	0.003772	1.590000
734	0.607240	0.094651	0.022930	1.590000
735	0.582921	0.171138	-0.095606	1.590000
736	0.604080	0.100219	-0.057168	1.590000
737	0.548948	0.271404	0.056751	1.590000
738	0.590080	-0.136753	0.106441	1.590000
739	0.540943	-0.256521	0.140721	1.590000
740	0.553657	-0.083685	0.254335	1.590000
741	0.590152	0.071688	0.157501	1.590000
742	0.594613	-0.069170	-0.140984	1.590000
743	0.610794	-0.061217	0.037519	1.590000
744	0.576442	0.153368	0.149728	1.590000
745	0.605283	-0.055933	0.093426	1.590000
746	0.601963	0.123925	0.022557	1.590000
747	0.491017	0.248006	-0.274991	1.590000
748	0.577197	0.209880	0.031927	1.590000
749	0.566607	0.199156	0.132358	1.590000
750	0.595582	0.133082	-0.076130	1.590000
751	0.581467	0.112153	-0.165959	1.590000
752	0.557370	0.114828	-0.233190	1.590000
753	0.604792	0.030040	0.107468	1.590000
754	0.538116	0.003073	0.297737	1.590000
755	0.555232	0.228768	0.132693	1.590000
756	0.548909	0.254680	0.109826	1.590000
757	0.575085	0.176845	-0.127388	1.590000
758	0.604950	-0.029274	-0.106788	1.590000
759	0.594283	-0.026150	-0.156105	1.590000
760	0.591128	-0.156436	0.065728	1.590000
761	0.557753	0.070914	0.249214	1.590000
762	0.558359	0.094018	0.240043	1.590000
763	0.566054	-0.044364	0.236305	1.590000
764	0.550750	0.273445	-0.011261	1.590000
765	0.468555	0.240567	-0.317504	1.590000
766	0.575646	0.191587	-0.100752	1.590000
767	0.599905	-0.111839	0.076359	1.590000
768	0.583093	-0.180626	-0.074847	1.590000
769	0.602854	0.084959	0.087027	1.590000
770	0.562567	0.169362	0.181823	1.590000
771	0.610484	0.053697	-0.051493	1.590000
772	0.607706	-0.077099	0.054540	1.590000
773	0.573590	0.161703	-0.151894	1.590000
774	0.611765	0.062012	0.011118	1.590000
775	0.600765	0.106138	0.077726	1.590000
776	0.582101	-0.137867	-0.142746	1.590000
777	0.597296	0.144546	0.023863	1.590000
778	0.534951	0.234596	0.192399	1.590000
779	0.564343	-0.159558	-0.185159	1.590000
780	0.586620	0.059752	-0.174732	1.590000
781	0.573036	0.138459	-0.175167	1.590000
782	0.590654	0.140644	0.097840	1.590000
783	0.604086	0.090729	-0.071224	1.590000
784	0.599167	-0.114152	-0.078694	1.590000
785	0.593897	-0.110416	-0.115409	1.590000
786	0.582851	0.147213	-0.129760	1.590000
787	0.613661	0.024005	-0.032685	1.590000
788	0.526938	0.214477	-0.233583	1.590000
789	0.613801	0.038248	-0.003260	1.590000
790	0.605029	0.050411	-0.098099	1.590000
791	0.557315	0.254793	-0.052012	1.590000
792	0.599904	0.126317	0.048830	1.590000
793	0.597883	0.000918	-0.144083	1.590000
794	0.614579	-0.002179	-0.022652	1.590000
795	0.556676	0.220807	-0.139933	1.590000
796	0.598506	0.107040	0.092510	1.590000
797	0.601910	0.123453	-0.026253	1.590000
798	0.544454	0.274312	-0.080916	1.590000
799	0.571754	0.089879	-0.207953	1.590000
800	0.604461	-0.048093	-0.102662	1.590000
801	0.599412	0.112316	0.079472	1.590000
802	0.606528	-0.099199	0.022557	1.590000
803	0.612185	0.054297	-0.022511	1.590000
804	0.593060	-0.141346	0.080782	1.590000
805	0.609522	-0.014128	-0.080677	1.590000
806	0.610767	-0.058690	0.041765	1.590000
807	0.590692	0.121440	-0.120664	1.590000
808	0.592883	-0.155778	-0.049479	1.590000
809	0.601178	-0.039198	0.123587	1.590000
810	0.546862	0.274888	0.060032	1.590000
811	0.610758	0.056640	0.044627	1.590000
812	0.606914	0.049666	0.086104	1.590000
813	0.612523	-0.028171	-0.047404	1.590000
814	0.570611	0.197780	-0.116240	1.590000
815	0.614874	0.009541	-0.007995	1.590000
816	0.613242	0.014024	0.044300	1.590000
817	0.522196	0.223606	-0.235661	1.590000
818	0.491106	0.360161	-0.085577	1.590000
819	0.582998	0.189854	-0.047895	1.590000
820	0.614033	0.030683	-0.015720	1.590000
821	0.594475	-0.157380	0.007446	1.590000
822	0.602085	-0.110809	-0.058649	1.590000
823	0.594830	-0.151834	0.036719	1.590000
824	0.609174	0.084297	0.005128	1.590000
825	0.611199	-0.023681	-0.064029	1.590000
826	0.591809	0.078461	-0.147752	1.590000
827	0.542529	-0.093736	-0.274045	1.590000
828	0.614615	0.018954	0.010689	1.590000
829	0.578294	0.105793	0.180580	1.590000
830	0.606996	0.030189	-0.094177	1.590000
831	0.596041	0.151386	-0.006542	1.590000
832	0.593694	-0.102441	0.123522	1.590000
833	0.588188	0.127790	-0.126213	1.590000
834	0.585031	0.189457	0.008333	1.590000
835	0.614642	-0.007068	0.019752	1.590000
836	0.517944	-0.141196	0.300038	1.590000
837	0.604096	-0.084086	0.078885	1.590000
838	0.577639	-0.194272	0.082565	1.590000
839	0.573691	-0.124278	-0.183464	1.590000
840	0.567031	0.237760	-0.013067	1.590000
841	0.602896	0.091279	0.080057	1.590000
842	0.612472	0.055248	0.007081	1.590000
843	0.508068	-0.342817	-0.050681	1.590000
844	0.543729	-0.233245	0.167871	1.590000
845	0.608374	-0.081822	-0.037565	1.590000
846	0.531989	0.245839	0.186483	1.590000
847	0.595913	-0.068132	0.135905	1.590000
848	0.525858	0.299255	0.110204	1.590000
849	0.596534	0.080576	0.126014	1.590000
850	0.591428	0.158018	-0.058893	1.590000
