1	0.559216	0.194836	-0.165957	-0.570000
2	0.539866	0.283557	0.079784	-0.570000
3	0.471831	0.186923	0.347362	-0.570000
4	0.492477	0.346662	0.124565	-0.570000
5	0.571444	-0.226937	0.013269	-0.570000
6	0.562937	-0.244399	0.039946	-0.570000
7	0.594477	-0.105255	-0.117233	-0.570000
8	0.559743	0.019440	-0.254037	-0.570000
9	0.572668	-0.098223	-0.201564	-0.570000
10	0.604386	0.089008	0.070854	-0.570000
11	0.614016	0.026822	-0.022136	-0.570000
12	0.576387	0.211673	0.034603	-0.570000
13	0.523445	0.138566	-0.291599	-0.570000
14	0.465667	0.397678	0.056844	-0.570000
15	0.567623	0.226221	-0.069661	-0.570000
16	0.602925	-0.031169	0.117198	-0.570000
17	0.583233	-0.169222	0.097099	-0.570000
18	0.612953	-0.042653	-0.026348	-0.570000
19	0.586696	-0.134829	0.125833	-0.570000
20	0.594072	0.035987	-0.154945	-0.570000
21	0.604324	0.104438	-0.045933	-0.570000
22	0.603262	0.043830	-0.111260	-0.570000
23	0.504940	0.349272	-0.035635	-0.570000
24	0.578451	0.104934	0.180579	-0.570000
25	0.576149	0.091178	0.194843	-0.570000
26	0.614163	-0.001032	-0.032053	-0.570000
27	0.572720	-0.102271	0.199394	-0.570000
28	0.590561	0.149483	0.084366	-0.570000
29	0.610828	-0.033495	-0.063185	-0.570000
30	0.551223	0.207136	-0.177405	-0.570000
31	0.614335	0.021229	0.019155	-0.570000
32	0.596953	0.112683	-0.095783	-0.570000
33	0.591814	0.110843	0.125281	-0.570000
34	0.567352	0.107334	-0.211697	-0.570000
35	0.612249	0.037317	0.044537	-0.570000
36	0.585725	-0.119362	0.144582	-0.570000
37	0.614526	-0.020414	0.012887	-0.570000
38	0.613660	-0.029499	-0.027866	-0.570000
39	0.531851	0.267745	0.153858	-0.570000
40	0.593573	0.116410	-0.111107	-0.570000
41	0.592714	0.134700	0.093655	-0.570000
42	0.608893	0.014753	-0.085189	-0.570000
43	0.601899	-0.036792	0.120783	-0.570000
44	0.604495	0.034857	0.107685	-0.570000
45	0.597085	0.000152	-0.147358	-0.570000
46	0.589044	0.176778	-0.001353	-0.570000
47	0.545764	0.219552	-0.179343	-0.570000
48	0.609497	0.064307	-0.051019	-0.570000
49	0.515393	0.329726	0.062252	-0.570000
50	0.598228	0.130099	-0.058499	-0.570000
51	0.600678	0.009094	0.131637	-0.570000
52	0.582648	-0.065788	-0.185521	-0.570000
53	0.610121	0.034673	-0.069103	-0.570000
54	0.505747	0.183492	0.297953	-0.570000
55	0.582486	0.135268	-0.143658	-0.570000
56	0.541428	0.206680	-0.205824	-0.570000
57	0.565450	0.232131	-0.067874	-0.570000
58	0.596508	0.039047	-0.144495	-0.570000
59	0.608431	0.086535	0.023411	-0.570000
60	0.575456	-0.157289	-0.149450	-0.570000
61	0.606314	0.099495	0.026634	-0.570000
62	0.609816	-0.074759	0.027573	-0.570000
63	0.597483	0.119793	0.082999	-0.570000
64	0.526248	0.045332	-0.315012	-0.570000
65	0.609204	0.068527	0.048981	-0.570000
66	0.566705	0.220893	-0.090977	-0.570000
67	0.614958	0.007187	-0.000715	-0.570000
68	0.610602	-0.054856	-0.048792	-0.570000
69	0.603907	0.046396	-0.106624	-0.570000
70	0.515104	-0.127083	-0.311034	-0.570000
71	0.606419	-0.086472	-0.054802	-0.570000
72	0.609086	-0.085071	-0.001642	-0.570000
73	0.581706	0.180712	-0.084772	-0.570000
74	0.515368	0.184172	0.280539	-0.570000
75	0.528276	0.215815	0.229288	-0.570000
76	0.591353	0.161607	0.049095	-0.570000
77	0.592768	0.132360	-0.096602	-0.570000
78	0.600836	-0.032848	0.127053	-0.570000
79	0.587967	0.159928	0.083322	-0.570000
80	0.608822	-0.025099	-0.083248	-0.570000
81	0.564400	0.109995	0.218125	-0.570000
82	0.579845	0.192894	-0.069254	-0.570000
83	0.591552	-0.159648	0.052956	-0.570000
84	0.606169	-0.017644	0.102337	-0.570000
85	0.608945	-0.084703	-0.015370	-0.570000
86	0.597403	0.120024	-0.083240	-0.570000
87	0.606291	0.099617	0.026696	-0.570000
88	0.608036	0.086990	0.030823	-0.570000
89	0.582915	0.191415	0.042370	-0.570000
90	0.602080	0.045601	-0.116813	-0.570000
91	0.530640	0.018197	0.310347	-0.570000
92	0.552242	0.192625	-0.190131	-0.570000
93	0.596781	0.142102	0.043405	-0.570000
94	0.520944	0.314846	0.087832	-0.570000
95	0.598970	0.079019	0.114959	-0.570000
96	0.589493	0.044145	0.169631	-0.570000
97	0.555955	0.260106	0.038522	-0.570000
98	0.578168	0.093896	0.187430	-0.570000
99	0.546999	0.078210	0.270000	-0.570000
100	0.608482	0.025788	-0.085494	-0.570000
101	0.543425	-0.241164	0.157335	-0.570000
102	0.596908	0.109277	-0.099921	-0.570000
103	0.570556	0.212174	0.087595	-0.570000
104	0.527021	0.304194	0.089108	-0.570000
105	0.590084	0.149735	-0.087208	-0.570000
106	0.570838	0.160718	-0.162907	-0.570000
107	0.550593	0.222388	0.160050	-0.570000
108	0.562440	0.221402	0.113432	-0.570000
109	0.610186	-0.025513	0.072435	-0.570000
110	0.586173	-0.125899	0.137022	-0.570000
111	0.541949	-0.169293	0.236340	-0.570000
112	0.580721	0.193090	-0.060866	-0.570000
113	0.453520	0.377689	-0.172902	-0.570000
114	0.566151	0.205549	-0.124290	-0.570000
115	0.536033	0.300388	0.025700	-0.570000
116	0.457332	0.371738	-0.175737	-0.570000
117	0.525360	0.244712	0.205762	-0.570000
118	0.614989	0.001611	-0.003367	-0.570000
119	0.589766	0.148609	0.091196	-0.570000
120	0.572060	0.225770	0.000688	-0.570000
121	0.585494	0.188123	-0.005596	-0.570000
122	0.613902	0.035383	0.009895	-0.570000
123	0.611517	-0.049622	0.042544	-0.570000
124	0.607407	-0.094517	-0.018654	-0.570000
125	0.551386	0.243379	0.122332	-0.570000
126	0.603260	0.045410	0.110636	-0.570000
127	0.589939	0.160178	0.067377	-0.570000
128	0.539959	0.293642	0.021061	-0.570000
129	0.551513	0.254853	0.095435	-0.570000
130	0.588669	0.177491	-0.013805	-0.570000
131	0.582624	-0.008367	-0.196735	-0.570000
132	0.558081	-0.225965	0.125342	-0.570000
133	0.595079	-0.032736	0.151771	-0.570000
134	0.591122	0.092001	0.142602	-0.570000
135	0.604685	0.107214	-0.032960	-0.570000
136	0.535767	-0.031043	-0.300359	-0.570000
137	0.601608	0.036497	-0.122312	-0.570000
138	0.584389	-0.041313	0.187105	-0.570000
139	0.614489	-0.017267	0.018153	-0.570000
140	0.611020	0.026763	-0.064522	-0.570000
141	0.597246	-0.132489	0.062998	-0.570000
142	0.601873	0.123607	-0.026355	-0.570000
143	0.559227	0.177976	-0.183887	-0.570000
144	0.591230	0.099568	-0.136960	-0.570000
145	0.589839	0.128533	-0.117448	-0.570000
146	0.575379	0.210812	0.052171	-0.570000
147	0.613423	0.024772	-0.036381	-0.570000
148	0.607845	0.071448	0.060367	-0.570000
149	0.608270	-0.082751	0.037210	-0.570000
150	0.509406	0.308536	-0.153416	-0.570000
151	0.507706	0.315622	-0.144368	-0.570000
152	0.606721	0.089283	0.046301	-0.570000
153	0.596005	0.094079	0.118964	-0.570000
154	0.607165	-0.006104	0.097662	-0.570000
155	0.614932	0.007490	-0.005298	-0.570000
156	0.610094	-0.073306	0.025221	-0.570000
157	0.611691	-0.022264	0.059689	-0.570000
158	0.541231	0.224214	-0.187141	-0.570000
159	0.586729	0.072704	-0.169375	-0.570000
160	0.598892	0.125689	0.061284	-0.570000
161	0.605979	0.023277	-0.102336	-0.570000
162	0.506610	0.317119	0.144936	-0.570000
163	0.601569	0.083420	-0.096853	-0.570000
164	0.605285	0.069629	0.083708	-0.570000
165	0.597187	0.000872	0.146941	-0.570000
166	0.613513	0.029923	-0.030515	-0.570000
167	0.449675	0.407697	-0.098996	-0.570000
168	0.591052	0.168422	-0.022732	-0.570000
169	0.614219	0.028848	0.011281	-0.570000
170	0.588374	0.070252	-0.164640	-0.570000
171	0.591780	-0.075139	-0.149584	-0.570000
172	0.593462	-0.099122	0.127292	-0.570000
173	0.599595	-0.034404	-0.132388	-0.570000
174	0.536121	0.277526	0.117382	-0.570000
175	0.506312	0.335205	0.097527	-0.570000
176	0.489104	0.372631	-0.012207	-0.570000
177	0.580850	0.189861	0.069219	-0.570000
178	0.584711	-0.112720	-0.153727	-0.570000
179	0.614885	0.003669	0.011297	-0.570000
180	0.605758	-0.005343	0.106085	-0.570000
181	0.569795	-0.223989	-0.058206	-0.570000
182	0.445702	0.162439	-0.391393	-0.570000
183	0.593912	0.052578	0.150761	-0.570000
184	0.586291	0.153642	0.104316	-0.570000
185	0.566308	0.239818	0.002703	-0.570000
186	0.524866	-0.109502	-0.301247	-0.570000
187	0.602976	-0.101995	-0.065132	-0.570000
188	0.577447	0.211523	-0.006146	-0.570000
189	0.611173	-0.056538	0.038674	-0.570000
190	0.539378	0.293840	0.030893	-0.570000
191	0.611361	-0.031857	-0.058719	-0.570000
192	0.596418	0.149911	0.006078	-0.570000
193	0.568872	-0.094419	0.213764	-0.570000
194	0.562466	0.244670	0.044653	-0.570000
195	0.594065	0.159051	0.003767	-0.570000
196	0.539429	0.252615	0.153060	-0.570000
197	0.592260	0.025638	0.163695	-0.570000
198	0.602209	-0.112209	-0.054570	-0.570000
199	0.550582	-0.116361	0.248082	-0.570000
200	0.586126	0.093345	0.161145	-0.570000
201	0.596870	0.066499	0.132471	-0.570000
202	0.591709	0.029718	-0.164991	-0.570000
203	0.539123	0.136586	-0.262518	-0.570000
204	0.556140	0.206761	0.161813	-0.570000
205	0.583206	0.110288	0.161034	-0.570000
206	0.605922	0.092999	-0.049346	-0.570000
207	0.572988	-0.202197	-0.095004	-0.570000
208	0.575751	0.080614	0.200591	-0.570000
209	0.592706	0.151280	-0.063552	-0.570000
210	0.518824	0.225695	-0.241057	-0.570000
211	0.526936	0.316030	-0.026239	-0.570000
212	0.551611	0.271340	-0.018031	-0.570000
213	0.450666	0.377264	0.181100	-0.570000
214	0.605967	-0.078075	-0.070236	-0.570000
215	0.571749	0.110333	-0.197875	-0.570000
216	0.591531	0.132011	0.104350	-0.570000
217	0.551630	0.187289	-0.197109	-0.570000
218	0.567791	0.031056	-0.234252	-0.570000
219	0.594082	-0.143963	-0.067569	-0.570000
220	0.597475	-0.136597	-0.050887	-0.570000
221	0.566623	0.127656	-0.202157	-0.570000
222	0.591864	0.164695	0.028242	-0.570000
223	0.603215	-0.016779	-0.118637	-0.570000
224	0.574928	-0.212781	-0.049055	-0.570000
225	0.579045	0.162450	0.128615	-0.570000
226	0.573853	0.128777	-0.179819	-0.570000
227	0.571334	0.186487	0.130480	-0.570000
228	0.604009	0.086575	-0.076834	-0.570000
229	0.588263	0.066946	0.166405	-0.570000
230	0.612005	0.031196	-0.051983	-0.570000
231	0.567106	-0.226344	0.073374	-0.570000
232	0.589121	0.026145	0.174579	-0.570000
233	0.519644	-0.162236	-0.286137	-0.570000
234	0.548871	0.242669	-0.134453	-0.570000
235	0.574124	-0.012120	-0.220135	-0.570000
236	0.605928	0.079947	-0.068443	-0.570000
237	0.596384	0.111009	0.101132	-0.570000
238	0.613124	-0.039813	0.026821	-0.570000
239	0.602298	-0.121583	-0.026061	-0.570000
240	0.575506	-0.051384	0.210659	-0.570000
241	0.598933	0.139660	-0.000050	-0.570000
242	0.580040	0.150847	0.137926	-0.570000
243	0.562172	0.064070	-0.241003	-0.570000
244	0.561010	0.197662	-0.156275	-0.570000
245	0.607104	0.030223	-0.093465	-0.570000
246	0.614647	-0.008633	-0.018977	-0.570000
247	0.595103	0.115856	-0.103219	-0.570000
248	0.609553	-0.011418	0.080870	-0.570000
249	0.607531	0.076238	-0.057605	-0.570000
250	0.548477	0.256068	-0.108752	-0.570000
251	0.520713	0.304179	-0.120656	-0.570000
252	0.569461	0.232144	-0.006978	-0.570000
253	0.524967	0.319997	0.015377	-0.570000
254	0.584007	-0.007933	0.192609	-0.570000
255	0.610355	-0.052219	-0.054446	-0.570000
256	0.601433	-0.007876	-0.128223	-0.570000
257	0.609988	0.078353	-0.000459	-0.570000
258	0.607738	-0.085614	0.039361	-0.570000
259	0.587492	0.180026	0.025873	-0.570000
260	0.487984	0.066460	-0.368347	-0.570000
261	0.606031	0.062412	-0.084004	-0.570000
262	0.589694	0.144183	-0.098478	-0.570000
263	0.600925	0.112137	0.067376	-0.570000
264	0.606021	-0.099843	0.031541	-0.570000
265	0.609733	0.058557	-0.054975	-0.570000
266	0.585857	-0.158328	0.099641	-0.570000
267	0.596698	0.100257	-0.110115	-0.570000
268	0.577317	0.099966	-0.186913	-0.570000
269	0.489539	0.264887	-0.261556	-0.570000
270	0.515532	0.313356	-0.119414	-0.570000
271	0.585660	0.105099	-0.155505	-0.570000
272	0.602883	0.116958	-0.032839	-0.570000
273	0.604283	-0.068233	-0.091712	-0.570000
274	0.612110	-0.049694	-0.032825	-0.570000
275	0.612104	0.058964	0.008790	-0.570000
276	0.603946	-0.109474	-0.038596	-0.570000
277	0.595135	0.142655	-0.060735	-0.570000
278	0.579127	0.205949	0.020539	-0.570000
279	0.594755	0.112784	-0.108498	-0.570000
280	0.586538	0.157599	-0.096752	-0.570000
281	0.610117	-0.056929	0.052355	-0.570000
282	0.597689	0.002212	-0.144871	-0.570000
283	0.594020	-0.142857	-0.070406	-0.570000
284	0.606223	-0.078288	-0.067748	-0.570000
285	0.598871	-0.067446	-0.122595	-0.570000
286	0.504428	0.283459	-0.208396	-0.570000
287	0.597761	0.027697	0.141913	-0.570000
288	0.563074	0.222892	0.107198	-0.570000
289	0.611744	0.062091	-0.011773	-0.570000
290	0.520605	0.258777	-0.200574	-0.570000
291	0.598087	0.133295	-0.052431	-0.570000
292	0.581242	-0.023071	0.199626	-0.570000
293	0.586853	0.048317	0.177465	-0.570000
294	0.520971	0.324250	-0.040942	-0.570000
295	0.581437	-0.105944	-0.170093	-0.570000
296	0.602005	-0.037112	-0.120159	-0.570000
297	0.608912	-0.002469	0.086287	-0.570000
298	0.576073	0.104271	0.188395	-0.570000
299	0.554188	0.226436	0.140811	-0.570000
300	0.611390	0.044163	-0.049766	-0.570000
301	0.610364	0.059979	-0.045636	-0.570000
302	0.563420	0.226546	0.097265	-0.570000
303	0.583029	0.195705	0.001515	-0.570000
304	0.603955	0.076123	-0.087571	-0.570000
305	0.580684	0.108493	0.171056	-0.570000
306	0.607860	0.023526	-0.090429	-0.570000
307	0.599209	0.068733	0.120204	-0.570000
308	0.566544	0.238021	-0.024479	-0.570000
309	0.439511	0.361635	-0.232970	-0.570000
310	0.586729	0.151810	0.104533	-0.570000
311	0.496547	0.179105	0.315575	-0.570000
312	0.540772	0.196325	0.217364	-0.570000
313	0.607827	0.053752	-0.076693	-0.570000
314	0.610845	0.065107	0.029228	-0.570000
315	0.599066	-0.017970	-0.137918	-0.570000
316	0.594843	0.156128	-0.003341	-0.570000
317	0.542398	0.287379	-0.037980	-0.570000
318	0.535110	0.291417	-0.083415	-0.570000
319	0.529908	0.233843	-0.206736	-0.570000
320	0.535233	0.250534	0.170245	-0.570000
321	0.408805	0.447073	0.105967	-0.570000
322	0.571811	0.226060	0.012423	-0.570000
323	0.582791	0.195932	0.013797	-0.570000
324	0.597935	0.143772	0.005315	-0.570000
325	0.602065	0.047037	-0.116322	-0.570000
326	0.591992	-0.147142	0.078227	-0.570000
327	0.521301	-0.169678	0.278712	-0.570000
328	0.587863	-0.093445	0.154631	-0.570000
329	0.603647	-0.114867	0.025323	-0.570000
330	0.609581	0.070427	0.040932	-0.570000
331	0.579980	0.181701	-0.093984	-0.570000
332	0.533962	0.303669	0.029912	-0.570000
333	0.585082	0.188278	-0.021342	-0.570000
334	0.605574	-0.023441	-0.104669	-0.570000
335	0.604796	-0.030457	0.107328	-0.570000
336	0.605499	0.106520	0.015806	-0.570000
337	0.574005	0.100421	0.196619	-0.570000
338	0.611136	0.064675	-0.023565	-0.570000
339	0.534032	0.155159	-0.262603	-0.570000
340	0.580440	0.061114	-0.193853	-0.570000
341	0.612188	-0.038117	-0.044703	-0.570000
342	0.545137	0.136746	0.249703	-0.570000
343	0.600884	0.080011	0.103740	-0.570000
344	0.611080	-0.030109	0.062445	-0.570000
345	0.607441	-0.085795	0.043348	-0.570000
346	0.598111	0.137156	0.040949	-0.570000
347	0.595118	-0.030593	-0.152066	-0.570000
348	0.612713	0.002741	-0.052923	-0.570000
349	0.606937	-0.097895	-0.016418	-0.570000
350	0.553235	0.254267	-0.086627	-0.570000
351	0.614662	-0.001508	-0.020335	-0.570000
352	0.598506	0.114167	0.083553	-0.570000
353	0.607513	-0.090731	0.030336	-0.570000
354	0.556344	0.215825	-0.148746	-0.570000
355	0.552409	-0.004678	-0.270274	-0.570000
356	0.606202	0.100712	-0.024512	-0.570000
357	0.597615	0.144276	-0.016298	-0.570000
358	0.614873	-0.011122	-0.005689	-0.570000
359	0.599550	-0.018292	-0.135757	-0.570000
360	0.567248	0.177514	0.157935	-0.570000
361	0.597356	0.064554	-0.131237	-0.570000
362	0.588049	-0.107413	-0.144518	-0.570000
363	0.590253	0.172194	0.013266	-0.570000
364	0.576033	0.212710	0.034139	-0.570000
365	0.614213	-0.005048	-0.030686	-0.570000
366	0.593319	0.080510	0.140412	-0.570000
367	0.612408	0.046291	-0.032229	-0.570000
368	0.599017	-0.110541	-0.084759	-0.570000
369	0.608425	-0.070425	0.055539	-0.570000
370	0.593982	0.144897	-0.066451	-0.570000
371	0.577020	0.193479	-0.088540	-0.570000
372	0.534744	0.287218	-0.098889	-0.570000
373	0.602921	0.109728	-0.051684	-0.570000
374	0.580850	0.066290	-0.190903	-0.570000
375	0.608359	0.089102	-0.013617	-0.570000
376	0.612426	0.039219	-0.040263	-0.570000
377	0.614828	0.014509	-0.000964	-0.570000
378	0.543014	0.146424	-0.248839	-0.570000
379	0.584473	0.189102	-0.029267	-0.570000
380	0.611707	0.005837	-0.063290	-0.570000
381	0.606234	0.071998	0.074305	-0.570000
382	0.613160	-0.010554	-0.046346	-0.570000
383	0.610299	-0.069598	0.030265	-0.570000
384	0.608803	0.050153	-0.071190	-0.570000
385	0.576273	-0.028041	-0.212951	-0.570000
386	0.608400	0.072435	0.053179	-0.570000
387	0.591328	0.131155	0.106555	-0.570000
388	0.603117	0.089142	-0.080803	-0.570000
389	0.598697	0.134690	-0.040567	-0.570000
390	0.579354	0.186477	-0.088317	-0.570000
391	0.611304	-0.014159	-0.065813	-0.570000
392	0.597326	0.146295	-0.004915	-0.570000
393	0.602057	0.120645	-0.034599	-0.570000
394	0.608206	-0.079090	0.045332	-0.570000
395	0.591516	-0.055879	0.158782	-0.570000
396	0.595764	0.148006	-0.037212	-0.570000
397	0.527763	0.304309	0.084184	-0.570000
398	0.607150	0.093568	0.028957	-0.570000
399	0.583461	0.184882	-0.060135	-0.570000
400	0.545575	0.252017	0.130615	-0.570000
401	0.569527	0.194359	0.126841	-0.570000
402	0.607460	0.091659	-0.028570	-0.570000
403	0.528023	0.294956	-0.111436	-0.570000
404	0.501106	0.272602	0.229796	-0.570000
405	0.609007	0.085637	-0.001244	-0.570000
406	0.575466	0.216287	-0.016865	-0.570000
407	0.586823	0.162674	0.086026	-0.570000
408	0.538039	0.249633	0.162551	-0.570000
409	0.543848	0.205194	0.200873	-0.570000
410	0.611669	0.018881	0.061071	-0.570000
411	0.614999	0.000164	0.001347	-0.570000
412	0.603746	0.045803	0.107784	-0.570000
413	0.601069	0.108651	0.071668	-0.570000
414	0.610773	0.025625	0.067268	-0.570000
415	0.573086	0.206882	-0.083652	-0.570000
416	0.498434	0.360225	-0.005141	-0.570000
417	0.540161	0.201932	0.213717	-0.570000
418	0.580962	0.031841	0.199234	-0.570000
419	0.589461	0.115827	0.131701	-0.570000
420	0.559940	0.027254	-0.252882	-0.570000
421	0.570408	0.228975	-0.020745	-0.570000
422	0.543549	0.168156	-0.233459	-0.570000
423	0.543774	0.286918	-0.014584	-0.570000
424	0.413464	0.442804	0.105816	-0.570000
425	0.554361	0.217153	0.154123	-0.570000
426	0.569845	0.005449	-0.231241	-0.570000
427	0.611755	0.009650	-0.062356	-0.570000
428	0.570653	0.118692	-0.196195	-0.570000
429	0.579082	0.184231	-0.094593	-0.570000
430	0.590750	0.011384	-0.170618	-0.570000
431	0.579743	-0.204838	-0.012804	-0.570000
432	0.577926	-0.127256	0.167428	-0.570000
433	0.614326	0.025110	0.014087	-0.570000
434	0.584441	-0.184418	-0.051411	-0.570000
435	0.552023	0.011770	-0.270844	-0.570000
436	0.575176	0.009999	0.217479	-0.570000
437	0.546706	0.181134	0.215703	-0.570000
438	0.594199	0.133438	0.085714	-0.570000
439	0.611870	0.057599	0.022853	-0.570000
440	0.614116	0.000889	0.032955	-0.570000
441	0.584253	0.149313	0.120745	-0.570000
442	0.612217	-0.050554	-0.029330	-0.570000
443	0.544065	-0.112873	-0.263588	-0.570000
444	0.553674	0.248429	-0.099767	-0.570000
445	0.610574	0.069815	-0.023469	-0.570000
446	0.571475	0.035976	-0.224382	-0.570000
447	0.591072	-0.058650	-0.159435	-0.570000
448	0.591575	0.164508	0.034661	-0.570000
449	0.585874	0.161291	0.094665	-0.570000
450	0.589157	-0.174824	0.023562	-0.570000
451	0.536861	-0.282889	-0.099893	-0.570000
452	0.591354	-0.168869	0.002901	-0.570000
453	0.613106	0.046334	0.013380	-0.570000
454	0.586975	0.176962	-0.048686	-0.570000
455	0.565073	0.194993	-0.144550	-0.570000
456	0.611243	0.000818	-0.067873	-0.570000
457	0.600025	0.130166	0.035378	-0.570000
458	0.608712	-0.060435	-0.063579	-0.570000
459	0.572073	-0.225476	-0.010877	-0.570000
460	0.606944	-0.038117	0.091605	-0.570000
461	0.606541	0.045959	0.090670	-0.570000
462	0.537408	0.298424	0.019008	-0.570000
463	0.588608	-0.075418	-0.161487	-0.570000
464	0.549631	0.208890	-0.180266	-0.570000
465	0.569690	0.200802	-0.115570	-0.570000
466	0.574199	0.175407	0.133238	-0.570000
467	0.603381	0.105181	0.055622	-0.570000
468	0.590943	0.108963	-0.130914	-0.570000
469	0.601037	0.085896	0.097988	-0.570000
470	0.570540	0.024134	0.228313	-0.570000
471	0.612933	-0.006936	-0.049894	-0.570000
472	0.594199	0.020037	-0.157324	-0.570000
473	0.594216	0.081774	-0.135812	-0.570000
474	0.576251	0.213605	0.023078	-0.570000
475	0.590178	0.171565	0.021912	-0.570000
476	0.584608	-0.073357	0.176288	-0.570000
477	0.613573	-0.036426	-0.020657	-0.570000
478	0.593209	-0.067290	-0.147647	-0.570000
479	0.601596	-0.048937	-0.117951	-0.570000
480	0.581840	0.185785	-0.071914	-0.570000
481	0.599043	0.053051	-0.128677	-0.570000
482	0.600400	0.006937	-0.133028	-0.570000
483	0.568736	0.225753	-0.061643	-0.570000
484	0.591188	0.162092	-0.049479	-0.570000
485	0.611852	-0.049209	0.037948	-0.570000
486	0.614074	0.028843	0.017485	-0.570000
487	0.612517	0.054359	0.009634	-0.570000
488	0.594417	-0.110215	0.112901	-0.570000
489	0.587946	0.012629	-0.179957	-0.570000
490	0.564343	0.213722	-0.118595	-0.570000
491	0.600135	0.112552	0.073449	-0.570000
492	0.586395	0.171025	-0.071529	-0.570000
493	0.606032	-0.027831	-0.100874	-0.570000
494	0.583720	0.160199	-0.108774	-0.570000
495	0.613035	-0.013747	-0.047160	-0.570000
496	0.614639	0.020866	0.002886	-0.570000
497	0.578678	-0.045223	0.203252	-0.570000
498	0.538221	0.295729	-0.032987	-0.570000
499	0.611942	0.061249	0.000854	-0.570000
500	0.610984	0.004612	0.070014	-0.570000
501	0.546558	0.280837	-0.025102	-0.570000
502	0.578452	0.033020	-0.206224	-0.570000
503	0.598039	-0.052133	-0.133629	-0.570000
504	0.606562	0.100867	-0.011536	-0.570000
505	0.606040	-0.097462	-0.037969	-0.570000
506	0.581021	0.174717	-0.100566	-0.570000
507	0.606026	0.043818	-0.095066	-0.570000
508	0.604307	0.080877	0.080600	-0.570000
509	0.604615	0.111376	0.016164	-0.570000
510	0.588697	0.126018	0.125620	-0.570000
511	0.601876	0.115276	-0.051780	-0.570000
512	0.609514	-0.037097	0.073086	-0.570000
513	0.583332	0.058126	0.185931	-0.570000
514	0.560185	0.233203	0.100170	-0.570000
515	0.600894	0.129372	0.020353	-0.570000
516	0.591207	0.059286	0.158696	-0.570000
517	0.544742	0.276964	0.069083	-0.570000
518	0.600186	0.084787	0.103986	-0.570000
519	0.559550	0.080036	0.242329	-0.570000
520	0.609689	0.068511	0.042548	-0.570000
521	0.613164	0.046687	-0.008654	-0.570000
522	0.502348	0.324108	0.144311	-0.570000
523	0.507347	0.314968	0.147033	-0.570000
524	0.578420	0.208257	-0.016855	-0.570000
525	0.606406	0.098644	0.027685	-0.570000
526	0.591762	0.165646	0.024571	-0.570000
527	0.611995	-0.000566	-0.060716	-0.570000
528	0.605727	0.092629	0.052345	-0.570000
529	0.609349	0.024306	0.079549	-0.570000
530	0.577463	0.136005	-0.162063	-0.570000
531	0.481225	0.380626	-0.042096	-0.570000
532	0.556919	0.254599	0.056968	-0.570000
533	0.605778	0.057098	0.089433	-0.570000
534	0.601281	-0.117060	0.054618	-0.570000
535	0.573381	0.051315	0.216394	-0.570000
536	0.607845	0.003390	0.093480	-0.570000
537	0.613032	0.035054	0.034470	-0.570000
538	0.598187	0.080300	-0.118106	-0.570000
539	0.570106	0.190679	-0.129793	-0.570000
540	0.515346	0.335259	0.015639	-0.570000
541	0.466125	0.224878	0.332238	-0.570000
542	0.363075	0.209140	0.450180	-0.570000
543	0.603772	0.060105	0.100357	-0.570000
544	0.608534	0.083992	-0.029269	-0.570000
545	0.528498	0.313393	0.026438	-0.570000
546	0.569674	0.144633	-0.181047	-0.570000
547	0.592138	-0.157628	0.052448	-0.570000
548	0.610318	0.074183	-0.015287	-0.570000
549	0.612211	-0.006745	-0.058114	-0.570000
550	0.597751	-0.017222	0.143606	-0.570000
551	0.564412	-0.179128	-0.166063	-0.570000
552	0.606413	0.085575	-0.056263	-0.570000
553	0.550197	0.243181	0.127952	-0.570000
554	0.608210	0.081683	0.040413	-0.570000
555	0.612643	-0.032739	-0.042687	-0.570000
556	0.531437	0.203074	0.233581	-0.570000
557	0.608632	0.083147	-0.029634	-0.570000
558	0.598742	-0.094516	0.103923	-0.570000
559	0.600278	0.091629	-0.097445	-0.570000
560	0.539819	0.244725	-0.164102	-0.570000
561	0.577327	-0.094023	-0.189944	-0.570000
562	0.614937	0.005608	0.006767	-0.570000
563	0.612007	0.057175	-0.020075	-0.570000
564	0.596481	0.093393	0.117103	-0.570000
565	0.610020	0.010440	-0.077407	-0.570000
566	0.552918	-0.141019	-0.229390	-0.570000
567	0.589811	0.171838	-0.028624	-0.570000
568	0.575256	0.184301	0.115492	-0.570000
569	0.578958	0.069503	-0.195454	-0.570000
570	0.601491	0.118246	-0.049515	-0.570000
571	0.591038	0.166976	0.031905	-0.570000
572	0.611232	-0.054063	0.041197	-0.570000
573	0.577264	0.197056	0.078483	-0.570000
574	0.603137	-0.112344	-0.042775	-0.570000
575	0.487012	0.348599	-0.139726	-0.570000
576	0.533423	0.243214	-0.185828	-0.570000
577	0.559058	0.191279	-0.170564	-0.570000
578	0.578367	0.174741	0.114817	-0.570000
579	0.575673	0.126637	-0.175468	-0.570000
580	0.606119	0.023320	-0.101497	-0.570000
581	0.610801	0.062859	-0.034580	-0.570000
582	0.605784	-0.061329	0.086545	-0.570000
583	0.607987	-0.019597	-0.090515	-0.570000
584	0.599711	0.091399	-0.101083	-0.570000
585	0.593448	0.153787	-0.048928	-0.570000
586	0.599876	0.135337	0.007637	-0.570000
587	0.560435	0.131048	-0.216711	-0.570000
588	0.607543	-0.030650	0.090424	-0.570000
589	0.575124	-0.187387	-0.111101	-0.570000
590	0.605281	0.050819	0.096320	-0.570000
591	0.596553	0.084320	-0.123447	-0.570000
592	0.579339	0.087314	-0.186997	-0.570000
593	0.585949	0.177521	-0.058099	-0.570000
594	0.584088	0.163418	-0.101790	-0.570000
595	0.587944	0.170977	0.057564	-0.570000
596	0.601118	0.127390	-0.025563	-0.570000
597	0.581741	-0.144992	0.137037	-0.570000
598	0.610470	-0.020613	0.071597	-0.570000
599	0.536080	0.262833	-0.147520	-0.570000
600	0.574239	0.212093	0.059088	-0.570000
601	0.610236	0.007791	-0.075998	-0.570000
602	0.612160	0.037285	-0.045767	-0.570000
603	0.548075	-0.019550	-0.278310	-0.570000
604	0.596873	0.148056	-0.006830	-0.570000
605	0.593035	0.016755	0.162032	-0.570000
606	0.592728	0.152363	-0.060692	-0.570000
607	0.587808	0.104536	0.147578	-0.570000
608	0.599922	-0.082661	0.107171	-0.570000
609	0.606642	-0.100944	-0.004552	-0.570000
610	0.601465	0.126322	-0.022518	-0.570000
611	0.608978	0.078210	-0.035417	-0.570000
612	0.588142	0.070306	-0.165442	-0.570000
613	0.578783	0.193346	0.076504	-0.570000
614	0.608745	0.083930	-0.024706	-0.570000
615	0.591010	-0.010799	-0.169751	-0.570000
616	0.577114	-0.200526	0.070385	-0.570000
617	0.558530	0.077599	0.245454	-0.570000
618	0.601155	0.103342	-0.078473	-0.570000
619	0.600309	0.110853	-0.074604	-0.570000
620	0.600727	0.122677	-0.047989	-0.570000
621	0.523330	0.315983	0.067124	-0.570000
622	0.569438	0.211342	-0.096437	-0.570000
623	0.610510	0.061847	0.040958	-0.570000
624	0.534348	0.236462	0.191790	-0.570000
625	0.598416	0.006776	0.141694	-0.570000
626	0.569415	0.197504	0.122407	-0.570000
627	0.611104	-0.069117	0.000601	-0.570000
628	0.574523	0.219400	0.003447	-0.570000
629	0.567878	0.204721	0.117598	-0.570000
630	0.566413	0.222324	0.089290	-0.570000
631	0.605667	-0.057196	0.090118	-0.570000
632	0.598345	0.128351	0.061107	-0.570000
633	0.574390	0.090168	-0.200426	-0.570000
634	0.586935	0.181634	0.027238	-0.570000
635	0.560684	0.087419	-0.237101	-0.570000
636	0.548861	0.189057	-0.203061	-0.570000
637	0.514570	0.336090	-0.022050	-0.570000
638	0.445931	0.269373	0.326817	-0.570000
639	0.578062	-0.209689	-0.009959	-0.570000
640	0.604188	0.063410	-0.095714	-0.570000
641	0.567933	0.126638	0.199098	-0.570000
642	0.536092	0.193109	-0.231386	-0.570000
643	0.574363	0.202585	-0.085391	-0.570000
644	0.609098	0.032425	0.078573	-0.570000
645	0.605577	-0.060103	-0.088817	-0.570000
646	0.607405	0.089357	0.036054	-0.570000
647	0.596202	-0.073224	0.131931	-0.570000
648	0.567540	0.212967	-0.103770	-0.570000
649	0.593031	-0.080031	-0.141895	-0.570000
650	0.614666	0.019522	-0.005467	-0.570000
651	0.606790	0.095960	0.028680	-0.570000
652	0.605754	0.053448	0.091820	-0.570000
653	0.597591	0.129704	0.065473	-0.570000
654	0.607522	0.090700	0.030255	-0.570000
655	0.578649	-0.163877	-0.128585	-0.570000
656	0.597352	-0.117541	-0.087059	-0.570000
657	0.558207	-0.013536	-0.257772	-0.570000
658	0.608455	0.046030	-0.076736	-0.570000
659	0.447946	0.183737	-0.379223	-0.570000
660	0.595563	-0.012203	-0.152907	-0.570000
661	0.597828	0.143805	0.012119	-0.570000
662	0.581325	-0.088098	0.180348	-0.570000
663	0.608914	0.077517	-0.037938	-0.570000
664	0.558133	-0.238221	-0.099818	-0.570000
665	0.473910	-0.300078	-0.252167	-0.570000
666	0.590958	0.168165	-0.026717	-0.570000
667	0.586401	0.044176	-0.180022	-0.570000
668	0.587456	-0.060802	-0.171532	-0.570000
669	0.554409	-0.113449	-0.240801	-0.570000
670	0.586884	0.075313	-0.167689	-0.570000
671	0.599783	0.072313	0.115134	-0.570000
672	0.545674	-0.275943	-0.065733	-0.570000
673	0.604172	0.105355	-0.045840	-0.570000
674	0.572398	-0.214693	-0.067026	-0.570000
675	0.596213	0.141288	-0.052848	-0.570000
676	0.601131	0.101784	-0.080667	-0.570000
677	0.534624	0.136567	-0.271572	-0.570000
678	0.463728	0.402236	-0.037242	-0.570000
679	0.568057	0.194117	-0.133623	-0.570000
680	0.607251	-0.082514	-0.051606	-0.570000
681	0.586854	0.182730	-0.020904	-0.570000
682	0.599614	-0.063727	0.120939	-0.570000
683	0.601259	0.037132	0.123829	-0.570000
684	0.486157	0.361095	-0.107176	-0.570000
685	0.579607	0.119436	-0.167380	-0.570000
686	0.526780	0.257920	-0.184946	-0.570000
687	0.574141	0.204106	-0.083232	-0.570000
688	0.450179	0.363432	-0.208520	-0.570000
689	0.601365	-0.001656	-0.128773	-0.570000
690	0.584852	0.168149	-0.088879	-0.570000
691	0.608913	-0.086250	0.003347	-0.570000
692	0.504559	-0.216758	0.276877	-0.570000
693	0.579492	0.173224	-0.111387	-0.570000
694	0.572534	0.222073	-0.033372	-0.570000
695	0.569704	0.166595	-0.160959	-0.570000
696	0.591004	0.169835	-0.009783	-0.570000
697	0.598815	0.139655	0.011928	-0.570000
698	0.586877	0.138586	-0.120807	-0.570000
699	0.586839	-0.131636	-0.128518	-0.570000
700	0.605655	0.093162	-0.052229	-0.570000
701	0.605873	0.074802	0.074478	-0.570000
702	0.507249	0.248629	-0.243119	-0.570000
703	0.599052	-0.135744	-0.030582	-0.570000
704	0.614861	0.008071	0.010309	-0.570000
705	0.570284	0.222246	-0.060064	-0.570000
706	0.555530	0.016900	-0.263298	-0.570000
707	0.611209	-0.023838	-0.063880	-0.570000
708	0.604326	0.105631	0.043094	-0.570000
709	0.573780	0.007622	0.221231	-0.570000
710	0.611307	0.041947	0.052626	-0.570000
711	0.577981	0.126555	0.167771	-0.570000
712	0.601308	0.104100	0.076265	-0.570000
713	0.561898	0.222647	0.113684	-0.570000
714	0.598253	0.001979	0.142527	-0.570000
715	0.601558	0.119093	-0.046578	-0.570000
716	0.608881	0.079359	-0.034506	-0.570000
717	0.614543	0.012903	-0.019890	-0.570000
718	0.603034	0.119164	-0.019373	-0.570000
719	0.593243	-0.083447	-0.139014	-0.570000
720	0.601460	0.033988	0.123759	-0.570000
721	0.585590	0.187889	-0.002699	-0.570000
722	0.584774	0.113368	0.153009	-0.570000
723	0.588733	0.088145	0.154431	-0.570000
724	0.584207	-0.149845	-0.120309	-0.570000
725	0.606580	0.073676	-0.069692	-0.570000
726	0.596037	-0.005759	0.151431	-0.570000
727	0.603494	0.049559	0.107534	-0.570000
728	0.606327	0.093705	0.042563	-0.570000
729	0.542962	0.285545	0.043378	-0.570000
730	0.612093	0.020407	0.056130	-0.570000
731	0.535060	0.179534	0.244343	-0.570000
732	0.610602	0.023604	0.069519	-0.570000
733	0.514794	0.029769	0.335151	-0.570000
734	0.606629	-0.101089	-0.002726	-0.570000
735	0.502067	0.354001	-0.028927	-0.570000
736	0.481388	0.374954	0.076810	-0.570000
737	0.245692	0.243162	0.508657	-0.570000
738	0.608586	0.088184	-0.008462	-0.570000
739	0.613517	0.036963	0.021349	-0.570000
740	0.547466	0.202657	0.193484	-0.570000
741	0.602799	0.106946	-0.058489	-0.570000
742	0.613206	-0.044063	0.016192	-0.570000
743	0.554702	0.170537	-0.203587	-0.570000
744	0.478399	0.270879	-0.275652	-0.570000
745	0.496752	0.258740	0.254001	-0.570000
746	0.563164	0.241221	0.053701	-0.570000
747	0.611844	0.009326	0.061518	-0.570000
748	0.592056	0.158029	0.052165	-0.570000
749	0.560840	0.237092	0.086436	-0.570000
750	0.397372	0.231063	-0.408571	-0.570000
751	0.605561	-0.050279	-0.094830	-0.570000
752	0.604266	0.106588	0.041557	-0.570000
753	0.579076	-0.066215	0.196243	-0.570000
754	0.508084	-0.307583	0.159588	-0.570000
755	0.584980	-0.173443	-0.077079	-0.570000
756	0.568637	-0.026988	0.232699	-0.570000
757	0.452691	0.320513	0.265644	-0.570000
758	0.609079	-0.084767	-0.007878	-0.570000
759	0.594143	-0.006311	0.158680	-0.570000
760	0.613049	-0.007457	0.048378	-0.570000
761	0.583589	0.129909	-0.144127	-0.570000
762	0.578915	-0.094269	-0.184923	-0.570000
763	0.532205	0.163920	-0.260985	-0.570000
764	0.479011	0.164213	-0.349010	-0.570000
765	0.524350	0.186951	-0.261402	-0.570000
766	0.606639	0.081214	0.060156	-0.570000
767	0.594579	0.157047	-0.006034	-0.570000
768	0.524531	0.280807	0.155691	-0.570000
769	0.586033	-0.186519	-0.001112	-0.570000
770	0.523233	-0.268457	-0.179952	-0.570000
771	0.564721	0.152253	-0.190089	-0.570000
772	0.546377	0.281259	0.024310	-0.570000
773	0.573480	-0.091433	-0.202448	-0.570000
774	0.603550	0.068896	-0.095949	-0.570000
775	0.588589	0.092523	0.152404	-0.570000
776	0.598441	-0.141740	0.001851	-0.570000
777	0.593134	-0.025825	-0.160468	-0.570000
778	0.611340	0.035645	-0.056721	-0.570000
779	0.502407	0.305052	-0.180983	-0.570000
780	0.566804	0.237941	-0.018488	-0.570000
781	0.579815	0.005840	-0.204953	-0.570000
782	0.515712	0.331338	-0.049809	-0.570000
783	0.601881	-0.085236	0.093268	-0.570000
784	0.584790	-0.185572	-0.042524	-0.570000
785	0.585758	-0.017330	0.186582	-0.570000
786	0.566139	0.188352	0.149116	-0.570000
787	0.588139	0.013897	-0.179232	-0.570000
788	0.545567	-0.045623	-0.280180	-0.570000
789	0.575337	0.154394	-0.152886	-0.570000
790	0.491612	0.360760	-0.079969	-0.570000
791	0.613758	-0.004670	-0.038785	-0.570000
792	0.610878	0.057565	-0.041699	-0.570000
793	0.607532	-0.000330	0.095548	-0.570000
794	0.560858	-0.012035	-0.252029	-0.570000
795	0.551758	0.061760	-0.264526	-0.570000
796	0.489574	-0.008395	-0.372117	-0.570000
797	0.612987	0.043662	0.023782	-0.570000
798	0.604592	0.100386	-0.051144	-0.570000
799	0.524345	0.265602	-0.180949	-0.570000
800	0.614355	-0.009727	0.026414	-0.570000
801	0.610178	-0.023759	0.073100	-0.570000
802	0.598121	-0.027188	0.140488	-0.570000
803	0.521853	0.245715	-0.213351	-0.570000
804	0.582054	0.181321	0.080997	-0.570000
805	0.551465	0.267508	-0.050507	-0.570000
806	0.594104	-0.027010	-0.156638	-0.570000
807	0.613350	0.033933	0.029578	-0.570000
808	0.606477	0.101055	0.014086	-0.570000
809	0.610412	0.067531	-0.032583	-0.570000
810	0.609799	0.012244	0.078867	-0.570000
811	0.611710	0.062701	0.010240	-0.570000
812	0.606698	-0.098717	0.019936	-0.570000
813	0.589053	0.166332	0.059795	-0.570000
814	0.605474	0.105015	0.024445	-0.570000
815	0.539988	0.020272	-0.293644	-0.570000
816	0.597243	0.126829	0.073758	-0.570000
817	0.576358	0.172586	-0.127480	-0.570000
818	0.600340	-0.096433	0.092292	-0.570000
819	0.581389	0.046943	0.194957	-0.570000
820	0.586617	0.139043	0.121541	-0.570000
821	0.593108	0.121414	0.108197	-0.570000
822	0.599518	0.057995	-0.124254	-0.570000
823	0.604576	0.111974	0.013221	-0.570000
824	0.588282	0.155592	0.089109	-0.570000
825	0.562922	0.204014	0.140434	-0.570000
826	0.605233	0.024746	-0.106326	-0.570000
827	0.610785	0.071022	-0.011091	-0.570000
828	0.598526	0.140693	-0.014040	-0.570000
829	0.575951	0.124383	0.176165	-0.570000
830	0.594178	0.153218	0.041251	-0.570000
831	0.603980	0.105017	-0.049041	-0.570000
832	0.549846	0.186898	0.202395	-0.570000
833	0.561812	0.230770	0.096631	-0.570000
834	0.470685	0.337834	0.206273	-0.570000
835	0.590981	-0.124939	0.115572	-0.570000
836	0.569967	0.221615	0.065186	-0.570000
837	0.606459	0.086898	0.053678	-0.570000
838	0.599202	-0.111083	-0.082723	-0.570000
839	0.613313	0.006787	0.045013	-0.570000
840	0.528307	0.230554	-0.214386	-0.570000
841	0.520994	0.292315	-0.146090	-0.570000
842	0.485304	0.294120	0.237064	-0.570000
843	0.588530	0.164430	-0.069432	-0.570000
844	0.566874	0.232162	0.054581	-0.570000
845	0.539921	0.262782	-0.132877	-0.570000
846	0.599708	0.034613	-0.131822	-0.570000
847	0.603424	-0.079028	0.088650	-0.570000
848	0.587784	0.064845	0.168908	-0.570000
849	0.387703	0.198096	0.434361	-0.570000
850	0.586134	0.054311	0.178107	-0.570000
