1	0.603543	0.060215	-0.101661	2.180000
2	0.542358	-0.060262	-0.283622	2.180000
3	0.607306	0.096282	0.011574	2.180000
4	0.575407	0.157515	0.149403	2.180000
5	0.593906	0.027179	0.157359	2.180000
6	0.565111	0.239544	-0.038641	2.180000
7	0.582545	0.196001	0.021222	2.180000
8	0.571596	-0.178062	-0.140702	2.180000
9	0.566526	-0.034035	-0.236885	2.180000
10	0.596078	-0.045287	-0.144446	2.180000
11	0.585342	0.182031	-0.049639	2.180000
12	0.605774	-0.091849	-0.053161	2.180000
13	0.542106	0.139804	-0.254561	2.180000
14	0.581160	0.152569	-0.131153	2.180000
15	0.596825	-0.037051	-0.143710	2.180000
16	0.608023	-0.028230	-0.087958	2.180000
17	0.582278	0.051606	-0.191086	2.180000
18	0.532735	-0.290520	0.100084	2.180000
19	0.610838	-0.071426	0.000735	2.180000
20	0.596580	-0.059784	0.136905	2.180000
21	0.610206	0.075347	-0.014015	2.180000
22	0.601701	-0.095915	-0.083553	2.180000
23	0.603447	-0.103250	-0.058449	2.180000
24	0.601072	-0.129533	0.012575	2.180000
25	0.611013	0.007484	-0.069514	2.180000
26	0.528526	0.140672	-0.281241	2.180000
27	0.574735	-0.185355	-0.116396	2.180000
28	0.535075	-0.257631	-0.159832	2.180000
29	0.593508	-0.109131	0.118591	2.180000
30	0.555416	-0.222845	0.141698	2.180000
31	0.565342	-0.200260	0.136047	2.180000
32	0.608878	-0.080639	0.031463	2.180000
33	0.589264	-0.101474	0.143861	2.180000
34	0.611862	-0.061827	-0.005173	2.180000
35	0.612729	0.040342	0.034072	2.180000
36	0.614097	-0.032926	0.005028	2.180000
37	0.561428	-0.205229	0.144583	2.180000
38	0.611770	0.016449	-0.060757	2.180000
39	0.601454	-0.007611	0.128141	2.180000
40	0.599811	0.133225	-0.026519	2.180000
41	0.604451	0.105479	-0.041685	2.180000
42	0.606113	0.104155	0.002025	2.180000
43	0.614678	-0.004347	-0.019427	2.180000
44	0.605444	-0.007901	-0.107703	2.180000
45	0.587794	0.040791	0.176238	2.180000
46	0.557897	0.043682	-0.255084	2.180000
47	0.606023	0.074811	0.073243	2.180000
48	0.612402	-0.021394	0.052264	2.180000
49	0.603506	0.071675	-0.094175	2.180000
50	0.606814	0.093503	-0.035481	2.180000
51	0.611507	0.053612	-0.037554	2.180000
52	0.594339	-0.091527	-0.128877	2.180000
53	0.612766	0.021753	-0.047643	2.180000
54	0.611820	-0.037299	-0.050104	2.180000
55	0.613963	0.035222	-0.005833	2.180000
56	0.608208	0.074407	-0.052643	2.180000
57	0.612862	0.039175	-0.033015	2.180000
58	0.601354	0.125828	0.027673	2.180000
59	0.613880	-0.005448	-0.036697	2.180000
60	0.601893	0.124504	0.021182	2.180000
61	0.554247	-0.015634	-0.266065	2.180000
62	0.590698	-0.026504	-0.169110	2.180000
63	0.599376	0.092625	0.101953	2.180000
64	0.566796	-0.074082	0.226889	2.180000
65	0.593148	-0.020987	-0.161120	2.180000
66	0.584678	0.075918	0.174965	2.180000
67	0.607344	-0.082076	-0.051202	2.180000
68	0.597004	-0.072275	0.128793	2.180000
69	0.608204	-0.059282	-0.069272	2.180000
70	0.575581	0.153174	0.153196	2.180000
71	0.614792	0.009723	0.012683	2.180000
72	0.604726	-0.090145	-0.066371	2.180000
73	0.512331	-0.338683	-0.032190	2.180000
74	0.612401	-0.054890	0.013287	2.180000
75	0.612825	0.019358	-0.047913	2.180000
76	0.611621	0.062828	0.014050	2.180000
77	0.606851	-0.099764	0.001907	2.180000
78	0.603513	-0.007726	-0.118058	2.180000
79	0.588260	0.162900	-0.075092	2.180000
80	0.524953	0.287562	-0.141272	2.180000
81	0.400434	0.390573	-0.255598	2.180000
82	0.604147	-0.023014	-0.112702	2.180000
83	0.586303	0.167537	-0.080035	2.180000
84	0.610666	-0.069890	-0.020676	2.180000
85	0.603977	-0.031051	-0.111683	2.180000
86	0.554316	-0.260414	-0.056067	2.180000
87	0.575459	-0.123095	-0.178661	2.180000
88	0.549692	0.260773	-0.089781	2.180000
89	0.588156	0.177134	-0.030348	2.180000
90	0.609468	-0.051072	0.064536	2.180000
91	0.610709	-0.050303	-0.052238	2.180000
92	0.598176	-0.124427	-0.070206	2.180000
93	0.577938	-0.202661	-0.056050	2.180000
94	0.600795	-0.032521	0.127327	2.180000
95	0.557766	-0.194974	-0.170608	2.180000
96	0.613071	-0.023728	0.042490	2.180000
97	0.577056	-0.016743	0.212017	2.180000
98	0.611882	-0.051092	0.034862	2.180000
99	0.588199	0.174205	-0.043581	2.180000
100	0.591952	-0.075708	-0.148614	2.180000
101	0.604770	0.048384	-0.100685	2.180000
102	0.608192	-0.073761	0.053724	2.180000
103	0.614382	-0.015690	0.022671	2.180000
104	0.594046	-0.158676	-0.012505	2.180000
105	0.598501	0.030677	-0.138130	2.180000
106	0.610355	0.058035	0.048209	2.180000
107	0.608204	-0.075056	-0.051764	2.180000
108	0.602114	0.121403	0.030735	2.180000
109	0.509360	-0.019408	0.344094	2.180000
110	0.522680	-0.093032	0.310444	2.180000
111	0.507269	-0.068784	-0.340841	2.180000
112	0.526814	-0.316823	-0.017752	2.180000
113	0.609001	-0.085303	0.008170	2.180000
114	0.573445	0.165944	0.147814	2.180000
115	0.497812	0.106020	0.345207	2.180000
116	0.593001	-0.054987	0.153464	2.180000
117	0.487617	0.195436	0.319781	2.180000
118	0.608682	0.064508	-0.059745	2.180000
119	0.596710	-0.143937	-0.038002	2.180000
120	0.591246	0.169267	0.001247	2.180000
121	0.547950	0.248550	-0.127275	2.180000
122	0.542360	0.245726	-0.153915	2.180000
123	0.610833	0.009945	-0.070772	2.180000
124	0.584788	0.056223	-0.181898	2.180000
125	0.597311	-0.091799	0.114096	2.180000
126	0.599704	0.125193	-0.053920	2.180000
127	0.560677	0.247406	-0.051544	2.180000
128	0.591960	-0.151972	0.068653	2.180000
129	0.596543	-0.053189	-0.139758	2.180000
130	0.603385	0.037477	0.112900	2.180000
131	0.604067	0.098213	-0.060681	2.180000
132	0.597386	-0.061835	-0.132408	2.180000
133	0.569618	0.109270	-0.204499	2.180000
134	0.541634	-0.048042	0.287315	2.180000
135	0.535033	-0.086020	0.290802	2.180000
136	0.599870	-0.135573	-0.000811	2.180000
137	0.610043	-0.077533	-0.007821	2.180000
138	0.612485	-0.047837	-0.028253	2.180000
139	0.612392	-0.008208	0.055982	2.180000
140	0.593887	0.154448	-0.040855	2.180000
141	0.611565	0.049776	-0.041657	2.180000
142	0.596163	-0.146040	0.038559	2.180000
143	0.583025	-0.069714	0.182886	2.180000
144	0.589852	-0.060431	0.163241	2.180000
145	0.600650	-0.066856	-0.113909	2.180000
146	0.568802	-0.127288	0.196182	2.180000
147	0.598527	-0.119724	0.075209	2.180000
148	0.551423	0.173006	-0.210301	2.180000
149	0.580562	0.101235	-0.175852	2.180000
150	0.590573	0.110010	0.131707	2.180000
151	0.520961	0.258736	0.199702	2.180000
152	0.565739	-0.120374	-0.208983	2.180000
153	0.580123	0.138797	0.149725	2.180000
154	0.567184	0.224521	0.078217	2.180000
155	0.606647	-0.029850	0.096509	2.180000
156	0.609645	-0.065410	-0.047747	2.180000
157	0.614235	0.005690	0.030136	2.180000
158	0.581061	0.114002	-0.166123	2.180000
159	0.599536	-0.078516	0.112324	2.180000
160	0.570050	0.195479	0.122703	2.180000
161	0.596539	-0.139234	-0.054592	2.180000
162	0.593125	-0.161071	0.021997	2.180000
163	0.603337	0.015989	-0.118128	2.180000
164	0.604411	-0.110615	0.026021	2.180000
165	0.609086	-0.084628	0.008807	2.180000
166	0.595465	0.058933	0.142031	2.180000
167	0.592810	0.162835	-0.016893	2.180000
168	0.605641	-0.040149	0.099058	2.180000
169	0.613824	0.011974	-0.036077	2.180000
170	0.600507	-0.000627	-0.132723	2.180000
171	0.597401	0.143139	0.029128	2.180000
172	0.601304	-0.082825	0.098988	2.180000
173	0.611837	-0.003251	-0.062209	2.180000
174	0.602837	0.036092	0.116233	2.180000
175	0.594825	0.082547	-0.132641	2.180000
176	0.587593	0.179138	0.029484	2.180000
177	0.573014	-0.218840	-0.044596	2.180000
178	0.581745	0.045378	-0.194264	2.180000
179	0.590800	0.146192	0.088365	2.180000
180	0.602092	0.094032	-0.082874	2.180000
181	0.476710	0.380483	0.078777	2.180000
182	0.608222	-0.042891	0.080324	2.180000
183	0.570115	-0.012457	-0.230301	2.180000
184	0.555360	0.252302	-0.078383	2.180000
185	0.582284	-0.151032	0.127906	2.180000
186	0.610658	-0.023603	-0.069023	2.180000
187	0.595909	0.088779	-0.123435	2.180000
188	0.603365	0.118607	0.010428	2.180000
189	0.582385	0.112022	-0.162802	2.180000
190	0.565450	-0.099901	-0.220251	2.180000
191	0.523752	0.275992	-0.166544	2.180000
192	0.556769	-0.258253	-0.039228	2.180000
193	0.517175	-0.303916	-0.135609	2.180000
194	0.579631	-0.101477	-0.178760	2.180000
195	0.613846	0.026295	-0.026953	2.180000
196	0.613583	-0.005332	0.041376	2.180000
197	0.593876	0.154437	-0.041060	2.180000
198	0.603676	-0.106731	0.049075	2.180000
199	0.591972	-0.165311	-0.021588	2.180000
200	0.565404	-0.142286	0.195699	2.180000
201	0.585402	-0.175957	0.067591	2.180000
202	0.567507	-0.236950	0.003878	2.180000
203	0.606744	0.042084	0.091191	2.180000
204	0.613140	0.016129	0.044994	2.180000
205	0.594011	0.157494	0.023900	2.180000
206	0.497370	0.273231	0.237051	2.180000
207	0.581022	-0.201059	0.014636	2.180000
208	0.600200	-0.125927	-0.046121	2.180000
209	0.606664	-0.100309	0.011017	2.180000
210	0.571518	-0.183938	0.133263	2.180000
211	0.556637	-0.017875	0.260885	2.180000
212	0.609208	-0.043779	-0.071928	2.180000
213	0.608187	0.010424	0.090692	2.180000
214	0.588995	0.105223	-0.142260	2.180000
215	0.587208	0.055383	-0.174197	2.180000
216	0.604252	-0.001562	-0.114463	2.180000
217	0.576707	0.006039	-0.213537	2.180000
218	0.599592	0.113140	0.076900	2.180000
219	0.558411	0.006367	0.257607	2.180000
220	0.602402	0.098210	-0.075446	2.180000
221	0.601329	0.060005	-0.114142	2.180000
222	0.613219	-0.034334	0.031764	2.180000
223	0.609611	-0.021513	-0.078334	2.180000
224	0.610024	0.020349	0.075373	2.180000
225	0.601259	-0.110070	-0.067802	2.180000
226	0.602760	0.101869	0.067290	2.180000
227	0.607726	0.092597	-0.017874	2.180000
228	0.602302	0.103034	0.069577	2.180000
229	0.556594	0.260074	-0.028099	2.180000
230	0.575657	-0.176124	-0.125796	2.180000
231	0.535021	-0.292407	-0.080471	2.180000
232	0.558117	-0.257620	0.019033	2.180000
233	0.602473	0.098976	0.073855	2.180000
234	0.597450	-0.133644	0.058466	2.180000
235	0.544275	-0.143330	0.247883	2.180000
236	0.608298	-0.024119	0.087273	2.180000
237	0.600519	-0.121191	-0.053988	2.180000
238	0.612110	0.048856	-0.034044	2.180000
239	0.609336	0.070655	0.044074	2.180000
240	0.594784	-0.153638	0.029205	2.180000
241	0.576469	-0.196597	0.085197	2.180000
242	0.588939	-0.164735	0.065098	2.180000
243	0.591173	0.044067	0.163700	2.180000
244	0.611571	-0.054223	0.035584	2.180000
245	0.579677	-0.135087	-0.154760	2.180000
246	0.598394	0.120465	0.075087	2.180000
247	0.610646	-0.010238	0.072334	2.180000
248	0.609481	0.060941	-0.055176	2.180000
249	0.576622	0.100515	0.188757	2.180000
250	0.571300	-0.138432	0.180771	2.180000
251	0.607518	0.093408	0.020530	2.180000
252	0.590174	-0.003942	-0.172928	2.180000
253	0.609052	0.051376	-0.068127	2.180000
254	0.583378	0.149857	-0.124248	2.180000
255	0.580536	0.111276	0.169765	2.180000
256	0.589835	-0.102342	0.140875	2.180000
257	0.568122	0.169414	0.163591	2.180000
258	0.602507	0.029365	-0.119784	2.180000
259	0.609914	0.067401	-0.041078	2.180000
260	0.582219	0.042124	-0.193575	2.180000
261	0.610030	-0.070804	-0.032790	2.180000
262	0.582633	0.164552	-0.108104	2.180000
263	0.605121	-0.109746	0.003075	2.180000
264	0.577795	-0.188716	-0.093614	2.180000
265	0.591815	-0.136050	-0.097319	2.180000
266	0.583066	0.122765	0.152276	2.180000
267	0.595619	0.147367	0.041780	2.180000
268	0.579694	-0.200274	-0.045504	2.180000
269	0.577311	0.200687	-0.068275	2.180000
270	0.597835	0.011688	-0.143813	2.180000
271	0.614463	-0.024393	-0.008076	2.180000
272	0.605416	-0.079215	-0.073626	2.180000
273	0.612786	-0.009622	0.051237	2.180000
274	0.612876	0.050613	0.006777	2.180000
275	0.580212	-0.197284	0.051560	2.180000
276	0.613228	0.016665	-0.043579	2.180000
277	0.571155	-0.134688	0.184027	2.180000
278	0.612874	0.040047	0.031732	2.180000
279	0.611249	-0.061013	-0.029607	2.180000
280	0.546091	-0.219530	0.178371	2.180000
281	0.612704	0.017701	-0.050049	2.180000
282	0.592934	-0.026360	-0.161120	2.180000
283	0.609727	0.023783	-0.076763	2.180000
284	0.601964	0.069872	0.104799	2.180000
285	0.580600	0.201278	0.024824	2.180000
286	0.559759	-0.140966	0.212186	2.180000
287	0.611296	0.016397	-0.065372	2.180000
288	0.609577	-0.074180	-0.033732	2.180000
289	0.574178	-0.206531	-0.076746	2.180000
290	0.610289	-0.075460	-0.008828	2.180000
291	0.592134	-0.142746	-0.085008	2.180000
292	0.581771	0.130592	-0.150709	2.180000
293	0.596994	-0.137880	-0.053033	2.180000
294	0.603995	0.081130	-0.082660	2.180000
295	0.604239	0.101655	-0.052793	2.180000
296	0.571602	0.128800	-0.186834	2.180000
297	0.597511	-0.129978	0.065659	2.180000
298	0.602842	0.085523	-0.086560	2.180000
299	0.571675	-0.220031	0.054767	2.180000
300	0.557948	-0.115897	-0.231273	2.180000
301	0.610356	-0.067056	0.034549	2.180000
302	0.592622	0.164088	-0.009992	2.180000
303	0.600775	0.131375	-0.005964	2.180000
304	0.605372	0.047833	-0.097274	2.180000
305	0.555062	0.049551	-0.260146	2.180000
306	0.610121	-0.061698	0.046593	2.180000
307	0.583276	-0.042970	-0.190178	2.180000
308	0.587220	-0.177561	0.043238	2.180000
309	0.560790	-0.243276	-0.067505	2.180000
310	0.603130	-0.113799	0.038848	2.180000
311	0.604658	0.105974	0.037185	2.180000
312	0.609956	0.026897	-0.073862	2.180000
313	0.613731	-0.002896	-0.039379	2.180000
314	0.598856	-0.111245	0.084979	2.180000
315	0.586040	-0.184145	0.029547	2.180000
316	0.571931	-0.219996	-0.052165	2.180000
317	0.586723	-0.171486	-0.067631	2.180000
318	0.555921	-0.052401	0.257742	2.180000
319	0.591751	-0.156582	0.059478	2.180000
320	0.595147	-0.149232	0.041891	2.180000
321	0.594632	0.155833	0.018798	2.180000
322	0.592985	0.062714	-0.150536	2.180000
323	0.548890	-0.033117	-0.275405	2.180000
324	0.592343	0.091374	0.137859	2.180000
325	0.607604	0.055344	-0.077325	2.180000
326	0.595187	0.144134	-0.056598	2.180000
327	0.542875	0.068871	0.280657	2.180000
328	0.543764	-0.022358	-0.286436	2.180000
329	0.569486	-0.165344	0.163010	2.180000
330	0.608535	0.078012	-0.042707	2.180000
331	0.608163	-0.072038	-0.056332	2.180000
332	0.574727	-0.182657	-0.120623	2.180000
333	0.596283	0.017332	-0.149570	2.180000
334	0.584330	0.190964	0.017787	2.180000
335	0.588144	0.174231	-0.044210	2.180000
336	0.593433	-0.129676	-0.096157	2.180000
337	0.515682	-0.335105	0.001231	2.180000
338	0.598341	0.083231	0.115264	2.180000
339	0.606965	0.098403	0.011616	2.180000
340	0.605363	0.044688	-0.098813	2.180000
341	0.610354	0.015168	-0.073910	2.180000
342	0.614191	0.028491	0.013536	2.180000
343	0.610764	0.068851	0.021254	2.180000
344	0.611320	-0.045414	-0.049498	2.180000
345	0.604611	-0.000890	-0.112562	2.180000
346	0.579234	-0.032611	0.204083	2.180000
347	0.610526	-0.053806	0.050871	2.180000
348	0.564225	-0.080416	0.231102	2.180000
349	0.565426	-0.241125	-0.019415	2.180000
350	0.598775	-0.134318	-0.040653	2.180000
351	0.611581	-0.036420	0.053549	2.180000
352	0.601277	-0.109256	-0.068953	2.180000
353	0.604566	-0.058006	-0.096748	2.180000
354	0.598388	-0.124479	0.068278	2.180000
355	0.589649	-0.140487	-0.103937	2.180000
356	0.586437	-0.175596	-0.059012	2.180000
357	0.609056	-0.001583	-0.085280	2.180000
358	0.598936	0.019459	0.138280	2.180000
359	0.606505	0.099075	0.023684	2.180000
360	0.598944	0.126154	0.059802	2.180000
361	0.573765	-0.182319	-0.125611	2.180000
362	0.597419	0.105969	-0.100429	2.180000
363	0.540181	-0.016667	-0.293517	2.180000
364	0.610237	0.026987	0.071467	2.180000
365	0.604480	0.110339	-0.025573	2.180000
366	0.599780	-0.030916	0.132413	2.180000
367	0.605232	0.018169	0.107650	2.180000
368	0.610423	-0.071146	-0.023375	2.180000
369	0.608738	0.064236	0.059467	2.180000
370	0.607917	0.012000	0.092292	2.180000
371	0.591614	0.148006	-0.079451	2.180000
372	0.577398	0.152357	-0.147052	2.180000
373	0.614726	-0.014257	-0.011558	2.180000
374	0.610405	0.065613	0.036407	2.180000
375	0.600538	0.097169	0.090210	2.180000
376	0.595889	-0.150471	-0.022355	2.180000
377	0.585767	0.183247	0.039021	2.180000
378	0.583795	-0.097191	0.167220	2.180000
379	0.614323	0.022991	-0.017415	2.180000
380	0.596194	-0.142120	-0.050795	2.180000
381	0.610285	-0.068394	0.033161	2.180000
382	0.608295	0.011740	0.089800	2.180000
383	0.608044	-0.061129	-0.069073	2.180000
384	0.594838	0.134946	-0.078630	2.180000
385	0.609609	-0.078077	0.022486	2.180000
386	0.599944	-0.126875	0.046855	2.180000
387	0.588835	0.176739	0.016163	2.180000
388	0.605378	0.025345	-0.105357	2.180000
389	0.598637	-0.084467	-0.112801	2.180000
390	0.613298	0.025558	-0.037918	2.180000
391	0.612018	0.002182	-0.060452	2.180000
392	0.530552	0.219665	-0.220197	2.180000
393	0.587063	0.174439	0.056149	2.180000
394	0.604157	-0.114147	0.013769	2.180000
395	0.590640	-0.129934	-0.111741	2.180000
396	0.555745	-0.172701	-0.198863	2.180000
397	0.596659	-0.108180	-0.102567	2.180000
398	0.606542	0.038456	-0.094093	2.180000
399	0.602136	0.033768	-0.120484	2.180000
400	0.583003	0.147720	-0.128497	2.180000
401	0.607405	0.083327	0.048384	2.180000
402	0.588477	0.004198	-0.178613	2.180000
403	0.612054	-0.036319	-0.047912	2.180000
404	0.596052	0.133421	0.071731	2.180000
405	0.591989	-0.135786	0.096626	2.180000
406	0.569247	-0.128896	-0.193827	2.180000
407	0.557240	-0.259953	0.011511	2.180000
408	0.587519	-0.181686	-0.006095	2.180000
409	0.554848	0.250932	-0.086036	2.180000
410	0.595371	0.043228	0.147951	2.180000
411	0.602107	-0.101104	-0.073964	2.180000
412	0.580808	-0.036252	0.198931	2.180000
413	0.610020	-0.041319	-0.066280	2.180000
414	0.603402	-0.100045	0.064205	2.180000
415	0.600143	-0.037544	-0.129010	2.180000
416	0.597072	-0.145203	0.025426	2.180000
417	0.611033	0.044389	0.053786	2.180000
418	0.610877	-0.036471	0.061028	2.180000
419	0.611012	-0.042494	-0.055536	2.180000
420	0.586740	-0.180209	0.038546	2.180000
421	0.548649	-0.269374	0.068171	2.180000
422	0.559816	-0.034489	0.252273	2.180000
423	0.593883	0.014425	0.159122	2.180000
424	0.612622	-0.029360	-0.045358	2.180000
425	0.607262	0.077653	0.058551	2.180000
426	0.600640	0.125487	0.041343	2.180000
427	0.555913	0.162442	-0.206879	2.180000
428	0.613427	0.040287	-0.017576	2.180000
429	0.587350	-0.174105	0.054147	2.180000
430	0.586947	0.047619	-0.177343	2.180000
431	0.544833	0.171700	0.227817	2.180000
432	0.589578	-0.023610	-0.173393	2.180000
433	0.547424	-0.273500	0.061231	2.180000
434	0.610333	0.015237	-0.074068	2.180000
435	0.614629	-0.021053	0.003580	2.180000
436	0.544300	0.215643	-0.188310	2.180000
437	0.612882	0.026774	-0.043399	2.180000
438	0.609103	-0.064433	-0.055376	2.180000
439	0.611187	-0.023404	0.064249	2.180000
440	0.603871	0.111341	-0.034184	2.180000
441	0.602615	-0.015654	0.121798	2.180000
442	0.563567	0.245397	-0.019931	2.180000
443	0.593905	-0.152741	0.046603	2.180000
444	0.593611	-0.095646	-0.129240	2.180000
445	0.603802	0.027218	-0.113611	2.180000
446	0.610109	-0.009845	0.076776	2.180000
447	0.582440	0.173523	0.094227	2.180000
448	0.610815	0.036374	-0.061704	2.180000
449	0.552018	0.097979	0.252787	2.180000
450	0.584909	-0.014562	0.189457	2.180000
451	0.614181	-0.020454	-0.024263	2.180000
452	0.581700	-0.196814	-0.033377	2.180000
453	0.556076	-0.138191	0.223400	2.180000
454	0.586021	0.065276	0.174765	2.180000
455	0.597216	-0.129559	0.069085	2.180000
456	0.606844	-0.099378	0.009453	2.180000
457	0.604287	-0.101619	-0.052307	2.180000
458	0.591106	-0.116442	-0.123531	2.180000
459	0.612444	-0.052099	0.020554	2.180000
460	0.605347	-0.022676	-0.106141	2.180000
461	0.612133	-0.022653	-0.054817	2.180000
462	0.549945	-0.212549	0.174952	2.180000
463	0.578557	-0.200214	0.058409	2.180000
464	0.586729	-0.178461	0.046113	2.180000
465	0.614206	-0.027333	-0.015150	2.180000
466	0.604975	-0.002246	0.110570	2.180000
467	0.610957	-0.055010	-0.043943	2.180000
468	0.596781	-0.118820	-0.089213	2.180000
469	0.606576	0.080469	-0.061768	2.180000
470	0.610511	0.042874	0.060527	2.180000
471	0.592834	-0.036373	0.159530	2.180000
472	0.600876	-0.113755	-0.065059	2.180000
473	0.563227	-0.198829	0.146518	2.180000
474	0.613616	0.026614	0.031494	2.180000
475	0.603862	0.116398	0.005217	2.180000
476	0.604198	-0.047771	-0.104342	2.180000
477	0.604180	-0.110594	0.030986	2.180000
478	0.581421	0.173038	0.101155	2.180000
479	0.559229	0.231112	-0.109886	2.180000
480	0.587809	-0.180264	0.014517	2.180000
481	0.553162	-0.055045	-0.263071	2.180000
482	0.612167	0.050406	-0.030585	2.180000
483	0.594854	0.099914	-0.119964	2.180000
484	0.602667	-0.057575	-0.108180	2.180000
485	0.603553	-0.116713	-0.018078	2.180000
486	0.605696	0.040853	-0.098429	2.180000
487	0.608819	0.084889	-0.018917	2.180000
488	0.593176	0.152605	-0.055490	2.180000
489	0.572534	0.071987	0.212715	2.180000
490	0.610807	0.001749	0.071674	2.180000
491	0.572688	-0.160888	-0.156105	2.180000
492	0.608484	0.067330	-0.058645	2.180000
493	0.595071	0.147016	-0.050025	2.180000
494	0.602647	-0.026426	0.119765	2.180000
495	0.609185	-0.071801	0.044306	2.180000
496	0.607542	-0.024683	0.092242	2.180000
497	0.580849	0.019813	0.201114	2.180000
498	0.602919	-0.018138	0.119935	2.180000
499	0.614773	-0.012902	-0.010589	2.180000
500	0.612600	-0.019042	-0.050829	2.180000
501	0.597253	-0.146677	-0.000509	2.180000
502	0.607362	0.017322	-0.095057	2.180000
503	0.588017	-0.150474	0.099090	2.180000
504	0.608482	0.089190	0.004405	2.180000
505	0.569748	-0.155605	0.171462	2.180000
506	0.574805	0.206644	0.071569	2.180000
507	0.599830	-0.132364	-0.030151	2.180000
508	0.583831	-0.085745	-0.173247	2.180000
509	0.612591	0.049470	-0.022574	2.180000
510	0.611746	-0.039290	-0.049482	2.180000
511	0.594445	-0.069356	-0.141597	2.180000
512	0.584560	-0.191064	-0.003051	2.180000
513	0.612242	-0.027055	-0.051500	2.180000
514	0.610894	-0.063569	0.031513	2.180000
515	0.597107	0.129813	-0.069549	2.180000
516	0.607582	-0.041347	-0.085786	2.180000
517	0.605755	-0.020613	-0.104213	2.180000
518	0.612797	0.051341	0.008289	2.180000
519	0.610836	0.014297	0.069996	2.180000
520	0.564951	-0.225627	-0.090264	2.180000
521	0.598246	-0.048098	-0.134211	2.180000
522	0.611934	-0.045918	-0.040661	2.180000
523	0.569174	0.011133	-0.232683	2.180000
524	0.605406	0.007182	-0.107967	2.180000
525	0.582884	0.110170	0.162278	2.180000
526	0.563505	0.048621	-0.241503	2.180000
527	0.608933	-0.038821	0.076929	2.180000
528	0.582113	-0.150157	0.129702	2.180000
529	0.602871	-0.118749	0.025881	2.180000
530	0.571844	-0.163481	0.156504	2.180000
531	0.457628	-0.407471	0.052620	2.180000
532	0.598387	-0.044946	0.134675	2.180000
533	0.614306	-0.024305	-0.016214	2.180000
534	0.605000	-0.061516	0.091735	2.180000
535	0.598238	-0.067869	0.125421	2.180000
536	0.529536	-0.166936	0.264479	2.180000
537	0.574913	-0.213949	-0.043880	2.180000
538	0.590831	-0.142741	0.093644	2.180000
539	0.577328	0.207613	-0.042585	2.180000
540	0.585232	-0.081040	-0.170765	2.180000
541	0.614587	-0.019082	0.011973	2.180000
542	0.609378	0.082959	0.001022	2.180000
543	0.580658	0.096011	-0.178446	2.180000
544	0.599355	-0.003950	-0.137780	2.180000
545	0.607043	0.098239	0.008517	2.180000
546	0.609683	0.043014	-0.068276	2.180000
547	0.585377	0.024419	0.186983	2.180000
548	0.579691	-0.085364	0.186807	2.180000
549	0.610673	-0.032542	-0.065148	2.180000
550	0.613795	0.009321	-0.037339	2.180000
551	0.548622	0.091584	-0.262394	2.180000
552	0.611922	0.061109	0.006498	2.180000
553	0.565095	0.186298	-0.155519	2.180000
554	0.585891	0.180910	-0.047199	2.180000
555	0.600842	0.127628	0.030413	2.180000
556	0.566613	0.143677	0.191132	2.180000
557	0.609194	-0.079396	0.028358	2.180000
558	0.612793	-0.042093	0.030627	2.180000
559	0.611139	-0.049641	0.047639	2.180000
560	0.593571	-0.134131	-0.088924	2.180000
561	0.607799	-0.017067	0.092273	2.180000
562	0.598473	-0.100835	0.099436	2.180000
563	0.594527	-0.155427	0.024586	2.180000
564	0.611500	0.065363	0.004590	2.180000
565	0.613737	0.021078	0.033285	2.180000
566	0.549857	0.018913	-0.274817	2.180000
567	0.593442	0.018045	0.160395	2.180000
568	0.607619	-0.072202	0.061737	2.180000
569	0.604340	-0.046451	0.104120	2.180000
570	0.585080	-0.154876	0.109178	2.180000
571	0.569927	-0.226708	-0.044857	2.180000
572	0.611169	-0.047338	0.049564	2.180000
573	0.586235	0.080562	-0.167519	2.180000
574	0.579046	0.168035	0.121223	2.180000
575	0.578196	-0.201639	0.057062	2.180000
576	0.607281	-0.093429	0.026564	2.180000
577	0.596504	-0.149358	-0.009992	2.180000
578	0.611291	0.029411	0.060689	2.180000
579	0.608938	-0.070711	0.049185	2.180000
580	0.609180	-0.084207	-0.005872	2.180000
581	0.612509	0.054651	0.008404	2.180000
582	0.593348	0.113739	0.115009	2.180000
583	0.580125	-0.143898	-0.144824	2.180000
584	0.611421	0.063243	0.019747	2.180000
585	0.594887	-0.063108	0.142660	2.180000
586	0.585572	0.162420	0.094606	2.180000
587	0.614211	-0.029968	-0.008454	2.180000
588	0.577474	-0.167977	-0.128576	2.180000
589	0.603020	-0.065475	-0.101510	2.180000
590	0.569627	0.231662	0.009094	2.180000
591	0.607503	-0.003693	0.095662	2.180000
592	0.599622	-0.081576	-0.109652	2.180000
593	0.612894	0.003238	-0.050751	2.180000
594	0.609597	-0.069008	-0.043062	2.180000
595	0.610542	0.047594	-0.056551	2.180000
596	0.607752	-0.058629	0.073653	2.180000
597	0.614518	0.023192	0.007416	2.180000
598	0.602290	-0.048301	0.114622	2.180000
599	0.601813	0.029353	0.123227	2.180000
600	0.599282	0.102658	-0.092455	2.180000
601	0.614927	0.007896	-0.005294	2.180000
602	0.597092	-0.056514	-0.136058	2.180000
603	0.593085	0.053703	0.153593	2.180000
604	0.593925	-0.136167	0.083286	2.180000
605	0.572459	0.122231	0.188615	2.180000
606	0.611381	0.052287	0.041280	2.180000
607	0.601878	-0.122917	-0.029315	2.180000
608	0.605914	-0.102083	0.025936	2.180000
609	0.580313	-0.064144	-0.193256	2.180000
610	0.610684	0.067325	0.027514	2.180000
611	0.530765	-0.184606	-0.249868	2.180000
612	0.613836	-0.013854	-0.035189	2.180000
613	0.609737	-0.047950	-0.064392	2.180000
614	0.592273	0.035190	0.161861	2.180000
615	0.557553	0.200499	-0.164803	2.180000
616	0.580062	-0.155365	0.132721	2.180000
617	0.612448	0.013957	0.054205	2.180000
618	0.566761	-0.219473	-0.094012	2.180000
619	0.608309	-0.056054	0.071016	2.180000
620	0.607438	-0.070536	-0.065340	2.180000
621	0.613648	-0.019208	-0.035950	2.180000
622	0.607627	0.080133	-0.050927	2.180000
623	0.606135	0.029365	0.099815	2.180000
624	0.601732	0.091593	0.088060	2.180000
625	0.590168	0.069401	0.158461	2.180000
626	0.593322	-0.115999	-0.112864	2.180000
627	0.592647	-0.121490	-0.110612	2.180000
628	0.598380	-0.132547	0.050967	2.180000
629	0.603713	-0.044915	-0.108342	2.180000
630	0.573836	-0.186611	-0.118800	2.180000
631	0.586786	-0.183074	-0.019776	2.180000
632	0.606055	-0.028659	0.100506	2.180000
633	0.605629	-0.106679	0.007607	2.180000
634	0.574478	-0.129665	-0.177164	2.180000
635	0.588773	0.177490	0.008272	2.180000
636	0.601242	-0.119367	0.049840	2.180000
637	0.607367	-0.095176	0.016490	2.180000
638	0.589303	-0.055091	0.167070	2.180000
639	0.596952	0.128249	0.073661	2.180000
640	0.588154	-0.179694	0.003140	2.180000
641	0.611842	0.010745	0.061315	2.180000
642	0.601539	0.044570	-0.119953	2.180000
643	0.606609	0.087169	-0.051494	2.180000
644	0.538009	-0.155009	0.254447	2.180000
645	0.610111	0.002282	0.077360	2.180000
646	0.570193	0.018213	0.229725	2.180000
647	0.607027	-0.003606	0.098639	2.180000
648	0.495140	-0.300872	-0.206246	2.180000
649	0.609793	0.023965	-0.076177	2.180000
650	0.610904	0.069417	-0.014230	2.180000
651	0.608590	0.033099	-0.082140	2.180000
652	0.609154	-0.061844	0.057724	2.180000
653	0.610652	-0.049420	-0.053724	2.180000
654	0.605850	-0.083156	0.065238	2.180000
655	0.571745	0.143588	-0.175257	2.180000
656	0.602401	-0.123815	0.002727	2.180000
657	0.571579	-0.075909	-0.213916	2.180000
658	0.612450	-0.047495	-0.029570	2.180000
659	0.597163	-0.104936	-0.103006	2.180000
660	0.544549	-0.195248	0.208734	2.180000
661	0.592437	-0.134363	-0.095865	2.180000
662	0.614803	0.013687	-0.007412	2.180000
663	0.553961	-0.061810	-0.259868	2.180000
664	0.558644	0.047200	-0.252813	2.180000
665	0.597122	0.003545	-0.147166	2.180000
666	0.570652	-0.228182	-0.022682	2.180000
667	0.605112	0.001719	0.109822	2.180000
668	0.560421	-0.224347	0.117564	2.180000
669	0.607330	-0.052875	-0.081111	2.180000
670	0.517323	-0.331237	-0.029734	2.180000
671	0.562928	-0.238672	-0.066125	2.180000
672	0.610356	0.049253	0.057141	2.180000
673	0.604279	0.104123	0.047232	2.180000
674	0.560570	0.141578	0.209623	2.180000
675	0.557297	-0.232691	0.116190	2.180000
676	0.613183	0.046429	0.008697	2.180000
677	0.613878	0.015657	0.033664	2.180000
678	0.602339	0.024320	0.121744	2.180000
679	0.600305	0.128127	0.037980	2.180000
680	0.584102	-0.177960	-0.073348	2.180000
681	0.588087	0.104868	-0.146224	2.180000
682	0.599279	-0.006107	0.138032	2.180000
683	0.614484	0.020130	-0.015126	2.180000
684	0.601967	-0.115890	-0.049302	2.180000
685	0.590919	-0.055657	-0.161066	2.180000
686	0.589949	-0.053224	0.165385	2.180000
687	0.597762	-0.097877	-0.106422	2.180000
688	0.595779	0.128346	-0.082459	2.180000
689	0.584576	-0.112109	-0.154684	2.180000
690	0.613058	-0.010489	-0.047691	2.180000
691	0.591674	0.157290	0.058370	2.180000
692	0.491563	0.318260	-0.187885	2.180000
693	0.602289	-0.001301	-0.124384	2.180000
694	0.614991	-0.003158	-0.000873	2.180000
695	0.607644	-0.030902	-0.089660	2.180000
696	0.606243	0.062768	-0.082187	2.180000
697	0.600037	-0.096247	-0.094432	2.180000
698	0.602905	0.053260	0.109059	2.180000
699	0.598563	-0.114318	-0.082939	2.180000
700	0.613590	0.025723	0.032726	2.180000
701	0.605038	0.055823	0.095069	2.180000
702	0.608427	-0.020342	-0.087340	2.180000
703	0.590035	-0.173359	-0.005487	2.180000
704	0.604515	-0.048308	0.102239	2.180000
705	0.574315	0.201858	0.087409	2.180000
706	0.545908	-0.016376	0.282739	2.180000
707	0.609334	-0.034498	0.075807	2.180000
708	0.602051	-0.122653	0.026766	2.180000
709	0.604476	0.096440	-0.059443	2.180000
710	0.575487	0.169109	0.135802	2.180000
711	0.568481	-0.234286	-0.012817	2.180000
712	0.504863	-0.258403	-0.237836	2.180000
713	0.605788	-0.018175	-0.104480	2.180000
714	0.592543	-0.018353	-0.163647	2.180000
715	0.606053	0.057551	-0.087252	2.180000
716	0.595358	0.061489	-0.141395	2.180000
717	0.583828	-0.182071	0.064957	2.180000
718	0.598623	0.021605	0.139314	2.180000
719	0.597269	-0.113541	0.092752	2.180000
720	0.597161	0.146194	0.015839	2.180000
721	0.604094	-0.093341	0.067699	2.180000
722	0.599431	-0.123367	0.060731	2.180000
723	0.614931	-0.001396	0.009134	2.180000
724	0.614341	0.014889	-0.024270	2.180000
725	0.607346	0.025522	0.093296	2.180000
726	0.562893	-0.207856	0.134806	2.180000
727	0.585221	0.094392	-0.163805	2.180000
728	0.604379	-0.111924	0.020587	2.180000
729	0.563961	-0.211378	-0.124469	2.180000
730	0.614302	-0.014379	0.025524	2.180000
731	0.605441	-0.101012	-0.038250	2.180000
732	0.605335	-0.034159	0.103091	2.180000
733	0.605149	-0.097091	-0.050916	2.180000
734	0.534305	-0.272165	-0.136634	2.180000
735	0.602520	-0.117505	0.037253	2.180000
736	0.613123	0.020267	-0.043532	2.180000
737	0.520751	0.025656	-0.326168	2.180000
738	0.557224	-0.259990	-0.011491	2.180000
739	0.535865	-0.300531	0.027472	2.180000
740	0.605008	0.108313	0.021403	2.180000
741	0.612384	-0.056193	0.007259	2.180000
742	0.612486	0.021692	-0.051142	2.180000
743	0.514859	0.231382	0.244146	2.180000
744	0.571102	-0.191923	0.123421	2.180000
745	0.559200	-0.241068	0.086064	2.180000
746	0.583485	-0.120769	0.152267	2.180000
747	0.614086	-0.030731	-0.013385	2.180000
748	0.594120	-0.157069	0.023992	2.180000
749	0.614881	-0.001010	-0.012067	2.180000
750	0.608550	0.082464	-0.033033	2.180000
751	0.593774	-0.086817	0.134610	2.180000
752	0.557680	0.201128	-0.163601	2.180000
753	0.603378	0.023943	-0.116561	2.180000
754	0.554549	0.192481	0.183442	2.180000
755	0.603226	0.031408	-0.115570	2.180000
756	0.554373	0.266017	0.011419	2.180000
757	0.583117	0.150047	-0.125241	2.180000
758	0.595323	0.149559	0.038046	2.180000
759	0.552575	0.233196	-0.136034	2.180000
760	0.613244	0.028730	-0.036483	2.180000
761	0.562302	0.186783	-0.164784	2.180000
762	0.610435	-0.074077	-0.010337	2.180000
763	0.586442	0.114339	-0.145731	2.180000
764	0.610139	0.069256	-0.034046	2.180000
765	0.597243	-0.099327	-0.107983	2.180000
766	0.611106	0.057228	0.038722	2.180000
767	0.608400	-0.070234	0.056049	2.180000
768	0.612757	0.052462	0.001347	2.180000
769	0.570573	0.195112	0.120843	2.180000
770	0.614681	0.012327	-0.015487	2.180000
771	0.555184	-0.258904	-0.054449	2.180000
772	0.612833	-0.006558	0.051166	2.180000
773	0.579193	-0.197189	-0.062264	2.180000
774	0.565202	-0.233833	0.063979	2.180000
775	0.487098	-0.369404	0.067091	2.180000
776	0.587053	0.060497	-0.173014	2.180000
777	0.603450	0.040043	-0.111667	2.180000
778	0.505226	0.324813	-0.132167	2.180000
779	0.555819	-0.203445	0.167032	2.180000
780	0.583048	0.118564	-0.155637	2.180000
781	0.582990	-0.163299	0.108079	2.180000
782	0.609885	0.010029	-0.078512	2.180000
783	0.611878	-0.060721	-0.011952	2.180000
784	0.598197	-0.124852	-0.069261	2.180000
785	0.606853	0.099739	0.002650	2.180000
786	0.565207	0.217965	-0.106103	2.180000
787	0.602149	-0.123883	0.017151	2.180000
788	0.564075	-0.042466	0.241332	2.180000
789	0.602008	-0.065222	0.107505	2.180000
790	0.606005	0.078617	-0.069298	2.180000
791	0.565970	0.233755	-0.057113	2.180000
792	0.605917	0.084222	-0.063216	2.180000
793	0.555791	-0.263286	-0.001364	2.180000
794	0.606840	-0.018170	0.098182	2.180000
795	0.594836	-0.149441	-0.045414	2.180000
796	0.582201	-0.198155	0.000925	2.180000
797	0.611863	0.041120	-0.046446	2.180000
798	0.580524	0.168963	-0.112552	2.180000
799	0.586292	-0.182562	0.034026	2.180000
800	0.609095	0.024929	0.081282	2.180000
801	0.586670	-0.125042	-0.135677	2.180000
802	0.606205	0.051248	0.090081	2.180000
803	0.611504	-0.056521	0.033059	2.180000
804	0.541488	-0.139637	0.255963	2.180000
805	0.614474	-0.023956	0.008536	2.180000
806	0.603178	0.013871	0.119201	2.180000
807	0.608854	-0.060812	0.061838	2.180000
808	0.610963	-0.051287	0.048155	2.180000
809	0.593692	-0.017430	-0.159533	2.180000
810	0.600665	0.121880	-0.050708	2.180000
811	0.604170	0.005219	-0.114790	2.180000
812	0.586215	0.083578	-0.166107	2.180000
813	0.572746	-0.167386	-0.148892	2.180000
814	0.601831	-0.126478	0.005215	2.180000
815	0.612479	0.055360	-0.005446	2.180000
816	0.607712	-0.084773	-0.041527	2.180000
817	0.565896	-0.220342	0.097139	2.180000
818	0.560268	-0.133977	0.215348	2.180000
819	0.604757	0.054551	-0.097563	2.180000
820	0.607772	0.021304	-0.091564	2.180000
821	0.610210	-0.066197	0.038561	2.180000
822	0.612134	0.058021	0.012278	2.180000
823	0.610060	-0.050302	-0.059341	2.180000
824	0.602155	-0.122954	0.022745	2.180000
825	0.598687	-0.058543	-0.127954	2.180000
826	0.602123	0.020677	-0.123474	2.180000
827	0.607209	0.027563	-0.093610	2.180000
828	0.578199	-0.204849	0.044130	2.180000
829	0.609499	-0.070165	0.042571	2.180000
830	0.614086	0.021046	0.026083	2.180000
831	0.563676	-0.126490	-0.210936	2.180000
832	0.583784	-0.190869	-0.031463	2.180000
833	0.515654	-0.329578	0.060863	2.180000
834	0.601979	-0.116958	-0.046558	2.180000
835	0.571593	-0.061056	0.218583	2.180000
836	0.603361	-0.089545	-0.078497	2.180000
837	0.607278	-0.003300	0.097099	2.180000
838	0.577718	-0.210589	0.010916	2.180000
839	0.610575	0.073614	0.001990	2.180000
840	0.588955	-0.175989	0.019603	2.180000
841	0.610021	0.014843	0.076674	2.180000
842	0.595429	-0.077240	0.133131	2.180000
843	0.614536	0.012324	0.020448	2.180000
844	0.604926	0.110814	-0.003060	2.180000
845	0.578470	-0.110020	0.177464	2.180000
846	0.601031	-0.123082	0.042871	2.180000
847	0.578490	0.155428	0.139343	2.180000
848	0.494932	-0.113164	0.347076	2.180000
849	0.582651	0.069364	0.184205	2.180000
850	0.611794	0.059470	-0.019920	2.180000
