1	0.204623	0.545606	0.196642	1.150000
2	0.294138	0.500281	-0.203537	1.150000
3	0.380154	0.413516	-0.250426	1.150000
4	0.062183	0.582396	0.187545	1.150000
5	0.138722	0.593015	0.085525	1.150000
6	0.266472	0.547716	0.084999	1.150000
7	0.218626	0.549061	-0.170175	1.150000
8	-0.043406	0.580366	0.198787	1.150000
9	-0.052780	0.582642	-0.189650	1.150000
10	0.020255	0.612807	0.047780	1.150000
11	0.203661	0.535517	-0.223537	1.150000
12	0.221538	0.573707	-0.002423	1.150000
13	0.077023	0.608573	-0.043943	1.150000
14	-0.040440	0.610871	-0.058532	1.150000
15	0.263345	0.553730	-0.047518	1.150000
16	0.024103	0.605335	0.105893	1.150000
17	0.168826	0.585050	-0.086253	1.150000
18	-0.092414	0.565812	-0.222580	1.150000
19	0.438150	0.384625	-0.195737	1.150000
20	0.222230	0.565847	-0.093039	1.150000
21	0.223068	0.572658	-0.022992	1.150000
22	-0.028089	0.594570	-0.154671	1.150000
23	0.178482	0.584886	-0.065398	1.150000
24	0.294976	0.533405	0.081814	1.150000
25	0.091329	0.607236	-0.033889	1.150000
26	-0.304481	0.525713	-0.095616	1.150000
27	-0.114029	0.585924	-0.148039	1.150000
28	0.351093	0.504877	0.007569	1.150000
29	0.264824	0.545552	-0.102304	1.150000
30	0.188756	0.566842	0.145899	1.150000
31	0.044911	0.604783	-0.102203	1.150000
32	-0.019282	0.610480	-0.071882	1.150000
33	0.210692	0.517516	0.256927	1.150000
34	0.238045	0.555338	0.114713	1.150000
35	0.162572	0.593115	-0.003041	1.150000
36	0.125639	0.601113	-0.033209	1.150000
37	0.340896	0.478706	-0.181261	1.150000
38	0.248028	0.562266	0.023745	1.150000
39	0.144862	0.590098	0.094996	1.150000
40	-0.282282	0.541740	-0.071133	1.150000
41	0.080605	0.609049	-0.028053	1.150000
42	-0.026750	0.614397	-0.005127	1.150000
43	0.243038	0.551734	0.121437	1.150000
44	-0.032552	0.613911	0.016677	1.150000
45	0.012113	0.614796	0.010228	1.150000
46	0.366925	0.453828	0.193987	1.150000
47	0.357683	0.497901	0.048807	1.150000
48	0.053558	0.584145	0.184747	1.150000
49	0.016518	0.606088	0.103000	1.150000
50	-0.105456	0.592548	0.126455	1.150000
51	0.042931	0.603389	-0.110924	1.150000
52	-0.132598	0.591896	-0.101496	1.150000
53	0.067970	0.610744	0.024431	1.150000
54	-0.202948	0.569693	-0.111746	1.150000
55	0.168793	0.561831	-0.184608	1.150000
56	0.043801	0.613345	0.010724	1.150000
57	0.245453	0.550907	0.120328	1.150000
58	0.005002	0.552441	-0.270202	1.150000
59	0.170175	0.584392	0.088042	1.150000
60	0.143767	0.589400	0.100818	1.150000
61	0.184595	0.567850	0.147298	1.150000
62	0.217034	0.574748	-0.028040	1.150000
63	0.497027	0.360062	-0.039300	1.150000
64	0.225620	0.566988	-0.076453	1.150000
65	0.147377	0.597011	-0.009090	1.150000
66	0.087095	0.603833	-0.077620	1.150000
67	0.032394	0.604395	-0.109003	1.150000
68	0.090344	0.607990	0.020266	1.150000
69	0.145309	0.535080	0.266082	1.150000
70	0.056142	0.598449	0.130123	1.150000
71	0.220618	0.569237	-0.074309	1.150000
72	0.209729	0.521515	-0.249522	1.150000
73	0.000449	0.612653	0.053679	1.150000
74	0.185729	0.560124	0.173179	1.150000
75	0.072232	0.607498	-0.062883	1.150000
76	0.039263	0.607427	-0.087837	1.150000
77	-0.017630	0.602477	0.122212	1.150000
78	-0.229407	0.530377	0.210470	1.150000
79	0.070442	0.608854	0.050599	1.150000
80	-0.058003	0.596905	-0.136252	1.150000
81	-0.068779	0.607090	0.070259	1.150000
82	0.222266	0.536470	-0.202541	1.150000
83	0.184433	0.566358	-0.153128	1.150000
84	0.156185	0.586251	0.100701	1.150000
85	-0.178246	0.575357	-0.124168	1.150000
86	0.108120	0.604967	-0.023455	1.150000
87	-0.079223	0.605402	0.073733	1.150000
88	-0.171762	0.581286	0.104063	1.150000
89	-0.055465	0.612466	0.005847	1.150000
90	-0.104419	0.605473	-0.026901	1.150000
91	-0.132667	0.563620	-0.207262	1.150000
92	0.082765	0.584719	0.171692	1.150000
93	-0.231570	0.550601	0.146419	1.150000
94	-0.199637	0.581608	0.010104	1.150000
95	-0.132704	0.600396	0.011787	1.150000
96	0.004262	0.551802	0.271516	1.150000
97	-0.142408	0.587926	-0.110853	1.150000
98	-0.090882	0.480365	-0.373115	1.150000
99	-0.221070	0.567091	-0.088094	1.150000
100	0.099273	0.606832	-0.011182	1.150000
101	0.124000	0.586348	-0.138002	1.150000
102	-0.156379	0.553251	0.218366	1.150000
103	0.024676	0.613307	-0.038355	1.150000
104	-0.057606	0.585017	0.180725	1.150000
105	-0.005868	0.609565	0.081369	1.150000
106	-0.145154	0.582644	-0.132973	1.150000
107	-0.164125	0.587008	-0.081909	1.150000
108	-0.133537	0.593088	0.092952	1.150000
109	-0.284804	0.391734	0.379021	1.150000
110	0.177412	0.584067	-0.074937	1.150000
111	-0.067980	0.590916	0.156273	1.150000
112	-0.110753	0.561220	0.225813	1.150000
113	0.045644	0.599825	-0.127872	1.150000
114	0.059285	0.596956	0.135477	1.150000
115	0.047970	0.604748	-0.101013	1.150000
116	-0.143940	0.572504	-0.172469	1.150000
117	-0.042230	0.605165	-0.101081	1.150000
118	0.322442	0.522195	0.039603	1.150000
119	0.480458	0.383560	0.016331	1.150000
120	0.113864	0.599385	-0.077446	1.150000
121	-0.005088	0.600072	0.134582	1.150000
122	0.091762	0.607283	-0.031817	1.150000
123	0.301694	0.535839	-0.009063	1.150000
124	-0.050267	0.602884	0.110586	1.150000
125	-0.060736	0.607281	-0.075799	1.150000
126	0.331198	0.502000	-0.128563	1.150000
127	-0.077579	0.607975	-0.050726	1.150000
128	0.199985	0.556232	0.169813	1.150000
129	0.111280	0.604637	0.015978	1.150000
130	0.215832	0.573803	-0.048906	1.150000
131	0.321700	0.508257	-0.128098	1.150000
132	-0.080140	0.588145	-0.160899	1.150000
133	0.062955	0.542605	-0.282563	1.150000
134	0.307153	0.491941	-0.204636	1.150000
135	0.185203	0.582067	0.071573	1.150000
136	0.206199	0.570761	0.099692	1.150000
137	-0.012062	0.614240	0.028074	1.150000
138	0.155280	0.585102	-0.108483	1.150000
139	0.111672	0.599500	-0.079713	1.150000
140	0.092648	0.573213	-0.202652	1.150000
141	0.107349	0.605046	0.024910	1.150000
142	0.340099	0.510653	-0.042328	1.150000
143	0.241243	0.541760	0.162857	1.150000
144	0.089323	0.606740	0.045963	1.150000
145	-0.264833	0.554754	0.018352	1.150000
146	0.092040	0.605588	0.054923	1.150000
147	-0.087273	0.598515	-0.111301	1.150000
148	0.234741	0.525885	-0.215794	1.150000
149	0.233481	0.560971	-0.094992	1.150000
150	0.201129	0.574896	-0.085244	1.150000
151	-0.115591	0.600721	-0.063233	1.150000
152	0.116129	0.574384	0.186607	1.150000
153	-0.055264	0.591112	0.160491	1.150000
154	0.093438	0.572815	-0.203413	1.150000
155	-0.016956	0.607367	-0.095091	1.150000
156	0.167903	0.559099	0.193500	1.150000
157	-0.300834	0.477367	0.244631	1.150000
158	0.180421	0.586508	0.041007	1.150000
159	0.141903	0.574629	-0.167005	1.150000
160	0.218102	0.563437	0.114870	1.150000
161	0.133254	0.598985	-0.041050	1.150000
162	-0.177728	0.571266	0.142451	1.150000
163	-0.130649	0.573980	0.178052	1.150000
164	0.018415	0.608254	0.088957	1.150000
165	0.159871	0.593856	-0.000922	1.150000
166	0.007550	0.566654	-0.238895	1.150000
167	0.055810	0.594932	-0.145485	1.150000
168	-0.183910	0.585132	0.044979	1.150000
169	0.016397	0.613685	-0.036698	1.150000
170	0.077124	0.594146	-0.138805	1.150000
171	0.150053	0.596074	-0.020118	1.150000
172	0.182923	0.564695	0.160883	1.150000
173	0.247512	0.535214	-0.174668	1.150000
174	0.385861	0.446690	0.172639	1.150000
175	0.232520	0.554377	-0.129714	1.150000
176	-0.173153	0.586882	0.061748	1.150000
177	0.021449	0.612031	0.056413	1.150000
178	0.005374	0.589207	0.176158	1.150000
179	-0.167321	0.575456	0.138127	1.150000
180	0.169665	0.552151	-0.211113	1.150000
181	0.038550	0.604940	-0.103858	1.150000
182	-0.001133	0.593925	-0.159615	1.150000
183	0.041145	0.581260	0.196645	1.150000
184	-0.140112	0.598759	-0.009039	1.150000
185	-0.050234	0.612666	-0.018505	1.150000
186	-0.016957	0.614632	-0.012852	1.150000
187	-0.024773	0.597571	-0.143250	1.150000
188	-0.002209	0.614871	0.012391	1.150000
189	-0.182407	0.584273	0.059813	1.150000
190	0.268313	0.516974	-0.197412	1.150000
191	-0.007582	0.556187	0.262343	1.150000
192	-0.048110	0.613069	-0.007525	1.150000
193	0.001682	0.595460	-0.153786	1.150000
194	-0.068762	0.598527	0.123542	1.150000
195	-0.144847	0.562494	0.202101	1.150000
196	-0.062623	0.611680	0.012305	1.150000
197	-0.207672	0.576660	-0.050605	1.150000
198	-0.009152	0.614474	0.023723	1.150000
199	-0.206606	0.556367	0.161228	1.150000
200	0.241639	0.556299	0.101818	1.150000
201	-0.083115	0.608562	0.031126	1.150000
202	-0.122251	0.601934	0.030914	1.150000
203	-0.215594	0.561183	-0.129684	1.150000
204	-0.101898	0.590797	-0.137117	1.150000
205	0.064733	0.597829	-0.128979	1.150000
206	0.066489	0.611220	0.014637	1.150000
207	-0.051282	0.612254	0.027216	1.150000
208	-0.161808	0.521327	0.283305	1.150000
209	-0.157123	0.550056	0.225777	1.150000
210	-0.103305	0.599287	-0.091699	1.150000
211	-0.216236	0.557745	-0.142786	1.150000
212	0.019991	0.599724	-0.134745	1.150000
213	-0.186273	0.585614	0.024152	1.150000
214	0.117546	0.603639	-0.005329	1.150000
215	0.395654	0.451564	-0.133315	1.150000
216	0.284014	0.500176	-0.217680	1.150000
217	0.114768	0.597062	0.092573	1.150000
218	0.174787	0.569529	-0.152678	1.150000
219	0.159019	0.593500	-0.026375	1.150000
220	0.216942	0.556855	-0.145167	1.150000
221	0.185264	0.577004	-0.104729	1.150000
222	0.117154	0.603603	0.012797	1.150000
223	0.223752	0.572844	-0.003133	1.150000
224	0.216601	0.554168	-0.155587	1.150000
225	0.311236	0.513526	0.132846	1.150000
226	-0.058766	0.611063	-0.037065	1.150000
227	0.155251	0.594574	-0.024570	1.150000
228	0.088151	0.570585	0.211865	1.150000
229	0.109211	0.604792	0.022918	1.150000
230	-0.108610	0.583479	-0.161187	1.150000
231	-0.117173	0.563909	-0.215643	1.150000
232	0.341904	0.487950	-0.152417	1.150000
233	0.230664	0.569987	0.011559	1.150000
234	0.225178	0.572031	0.017321	1.150000
235	0.246242	0.563374	0.014111	1.150000
236	0.068617	0.596370	0.133638	1.150000
237	-0.041648	0.613500	-0.010406	1.150000
238	-0.027971	0.612217	0.051315	1.150000
239	0.177866	0.588429	0.018430	1.150000
240	0.186977	0.585827	0.008418	1.150000
241	0.406096	0.417965	-0.196509	1.150000
242	0.302668	0.520742	-0.124279	1.150000
243	0.290524	0.535710	0.082680	1.150000
244	-0.034843	0.607119	-0.091744	1.150000
245	0.028513	0.609797	0.074566	1.150000
246	0.060913	0.611134	-0.032086	1.150000
247	0.183485	0.561576	-0.170852	1.150000
248	0.107911	0.604814	0.027941	1.150000
249	0.084611	0.607285	-0.047654	1.150000
250	0.439904	0.426677	-0.051541	1.150000
251	0.096770	0.602586	0.075832	1.150000
252	0.056921	0.595243	0.143772	1.150000
253	0.043463	0.609605	0.068689	1.150000
254	-0.065659	0.609969	-0.043038	1.150000
255	-0.048318	0.612773	0.019999	1.150000
256	0.060566	0.611955	-0.008262	1.150000
257	0.149736	0.595672	-0.031284	1.150000
258	-0.034526	0.611172	0.059175	1.150000
259	0.384549	0.411321	0.247311	1.150000
260	0.235883	0.541744	0.170580	1.150000
261	0.209578	0.541858	0.201722	1.150000
262	0.074650	0.606586	-0.068598	1.150000
263	0.092426	0.596570	-0.117417	1.150000
264	0.030315	0.612489	-0.046510	1.150000
265	-0.021971	0.613389	-0.038685	1.150000
266	-0.117363	0.603370	0.019904	1.150000
267	0.217359	0.486248	-0.307478	1.150000
268	-0.080726	0.584902	-0.172039	1.150000
269	0.157529	0.588546	-0.083804	1.150000
270	0.228622	0.570575	0.020019	1.150000
271	0.093993	0.589382	0.148389	1.150000
272	-0.103685	0.606192	-0.002458	1.150000
273	-0.001273	0.602872	0.121528	1.150000
274	-0.003895	0.595537	0.153446	1.150000
275	0.084964	0.594531	-0.132435	1.150000
276	0.312903	0.529432	0.004293	1.150000
277	0.238191	0.559965	0.089048	1.150000
278	0.160807	0.592284	-0.039566	1.150000
279	0.053625	0.610943	-0.045805	1.150000
280	-0.049361	0.568248	-0.229962	1.150000
281	0.069059	0.610360	0.030271	1.150000
282	-0.139239	0.587422	0.117361	1.150000
283	-0.066236	0.586919	-0.171360	1.150000
284	0.159868	0.557831	-0.203695	1.150000
285	-0.019605	0.607690	-0.092483	1.150000
286	0.083582	0.601815	-0.095174	1.150000
287	0.085167	0.603541	-0.081916	1.150000
288	0.035429	0.594129	0.154858	1.150000
289	0.012654	0.611288	0.066273	1.150000
290	-0.176734	0.567541	0.157758	1.150000
291	-0.063377	0.593284	0.149073	1.150000
292	-0.136430	0.584705	0.133160	1.150000
293	-0.039495	0.613118	-0.027420	1.150000
294	-0.150569	0.572181	-0.167818	1.150000
295	0.155736	0.594147	-0.030998	1.150000
296	0.072325	0.609389	0.040489	1.150000
297	-0.078602	0.554197	0.254778	1.150000
298	-0.004382	0.586320	0.185567	1.150000
299	-0.078417	0.588547	-0.160276	1.150000
300	-0.024624	0.604783	0.108884	1.150000
301	-0.180757	0.585220	0.055400	1.150000
302	-0.250873	0.555432	-0.082361	1.150000
303	-0.150463	0.568696	0.179362	1.150000
304	0.145430	0.587628	-0.108481	1.150000
305	-0.067593	0.610075	-0.038276	1.150000
306	-0.022793	0.614493	-0.010177	1.150000
307	-0.057743	0.610633	-0.044921	1.150000
308	-0.149236	0.571255	-0.172108	1.150000
309	-0.149772	0.593818	0.056333	1.150000
310	0.008439	0.599111	-0.138633	1.150000
311	-0.126370	0.599921	-0.048487	1.150000
312	-0.055323	0.610544	0.048990	1.150000
313	0.129713	0.588857	0.121023	1.150000
314	-0.046164	0.611975	0.039756	1.150000
315	0.047232	0.508441	0.342756	1.150000
316	-0.090335	0.603212	0.078738	1.150000
317	-0.101434	0.598338	0.099638	1.150000
318	0.023308	0.612651	-0.048383	1.150000
319	-0.005704	0.614954	-0.004855	1.150000
320	0.091497	0.607996	0.013954	1.150000
321	0.082384	0.594417	0.134559	1.150000
322	0.206785	0.579188	0.002577	1.150000
323	0.347225	0.503599	0.063623	1.150000
324	0.100855	0.604363	-0.052905	1.150000
325	-0.067537	0.601539	0.108695	1.150000
326	0.171479	0.587419	0.061313	1.150000
327	0.235327	0.546229	-0.156460	1.150000
328	0.063711	0.610756	-0.033816	1.150000
329	-0.109717	0.604963	-0.014369	1.150000
330	0.209304	0.554535	-0.164036	1.150000
331	0.235335	0.567658	-0.024637	1.150000
332	0.018750	0.614095	-0.027573	1.150000
333	0.086836	0.605038	-0.067920	1.150000
334	0.106160	0.598182	-0.095568	1.150000
335	0.222343	0.566240	0.090334	1.150000
336	0.167974	0.557304	-0.198549	1.150000
337	-0.018503	0.597936	-0.142670	1.150000
338	0.453042	0.412138	-0.055856	1.150000
339	-0.013970	0.610883	-0.069654	1.150000
340	0.236775	0.521687	0.223620	1.150000
341	0.001634	0.578526	-0.208639	1.150000
342	0.047698	0.606151	-0.092363	1.150000
343	-0.021073	0.606734	-0.098256	1.150000
344	0.058566	0.585949	-0.177368	1.150000
345	0.175097	0.578677	0.112691	1.150000
346	0.415675	0.445208	-0.085027	1.150000
347	0.321392	0.467471	0.237493	1.150000
348	0.125243	0.584003	0.146561	1.150000
349	0.094932	0.604631	0.060281	1.150000
350	-0.032514	0.593525	0.157784	1.150000
351	0.065066	0.602968	0.102083	1.150000
352	0.256026	0.540823	0.142079	1.150000
353	0.250669	0.558447	0.059388	1.150000
354	0.344406	0.509494	-0.005085	1.150000
355	0.186389	0.572293	0.126354	1.150000
356	0.089261	0.605475	-0.060478	1.150000
357	0.055968	0.612446	0.001721	1.150000
358	-0.047782	0.605754	-0.094890	1.150000
359	0.084784	0.609004	-0.012271	1.150000
360	0.209811	0.577405	0.028414	1.150000
361	0.027844	0.598371	-0.139292	1.150000
362	0.345802	0.488048	0.143020	1.150000
363	0.090126	0.596200	0.121031	1.150000
364	0.090423	0.538543	0.282878	1.150000
365	-0.031768	0.614045	0.012841	1.150000
366	-0.134859	0.585183	0.132659	1.150000
367	0.046875	0.608127	-0.078800	1.150000
368	0.034789	0.613996	0.004868	1.150000
369	0.182280	0.586478	0.032290	1.150000
370	0.159523	0.581701	-0.120008	1.150000
371	0.015783	0.599418	0.136653	1.150000
372	-0.005333	0.609013	0.085435	1.150000
373	0.075970	0.609993	-0.019043	1.150000
374	-0.056077	0.611778	-0.028430	1.150000
375	-0.010782	0.614859	-0.007590	1.150000
376	-0.075572	0.589089	0.159650	1.150000
377	0.029289	0.613479	-0.031796	1.150000
378	0.071423	0.610838	0.000984	1.150000
379	0.018849	0.612035	0.057294	1.150000
380	0.047129	0.613165	0.005703	1.150000
381	0.068238	0.611122	-0.009925	1.150000
382	0.052694	0.611394	0.040564	1.150000
383	0.055710	0.608028	0.073640	1.150000
384	0.019956	0.613726	0.034167	1.150000
385	0.063576	0.587398	-0.170724	1.150000
386	0.191916	0.583726	-0.025632	1.150000
387	0.093538	0.604142	-0.066991	1.150000
388	0.088799	0.574187	0.201615	1.150000
389	0.010906	0.614278	0.027724	1.150000
390	-0.003631	0.605579	0.107171	1.150000
391	-0.081073	0.609293	0.020352	1.150000
392	0.051037	0.607115	-0.083854	1.150000
393	0.036835	0.591327	-0.164927	1.150000
394	0.033509	0.582360	-0.194830	1.150000
395	0.077365	0.608234	0.047859	1.150000
396	0.031919	0.594385	0.154636	1.150000
397	0.008580	0.607386	0.096093	1.150000
398	0.109270	0.575592	0.187027	1.150000
399	-0.178792	0.583020	0.079661	1.150000
400	0.001352	0.614809	0.015278	1.150000
401	-0.119624	0.603157	-0.010782	1.150000
402	-0.125565	0.601425	0.027319	1.150000
403	0.081314	0.599195	0.112156	1.150000
404	0.165537	0.579815	0.120981	1.150000
405	0.084105	0.609179	0.007237	1.150000
406	-0.048699	0.573086	-0.217775	1.150000
407	-0.004387	0.614910	0.009572	1.150000
408	-0.136962	0.575483	-0.168183	1.150000
409	-0.158759	0.591155	0.059633	1.150000
410	0.135467	0.591509	0.099956	1.150000
411	0.180376	0.581915	0.084048	1.150000
412	-0.115853	0.550874	0.247672	1.150000
413	-0.096544	0.606879	0.024525	1.150000
414	-0.066218	0.611096	0.020032	1.150000
415	-0.076170	0.608027	-0.052220	1.150000
416	-0.150872	0.596095	-0.011550	1.150000
417	-0.146846	0.596777	0.022783	1.150000
418	0.022025	0.614305	0.019219	1.150000
419	-0.018868	0.603697	0.115841	1.150000
420	0.058127	0.576938	0.204912	1.150000
421	0.113746	0.558420	0.231202	1.150000
422	-0.032094	0.614020	-0.013215	1.150000
423	-0.005830	0.604683	0.112022	1.150000
424	-0.113281	0.592988	-0.117292	1.150000
425	0.111811	0.603301	0.041843	1.150000
426	-0.209814	0.552249	-0.170949	1.150000
427	0.158943	0.586294	0.096029	1.150000
428	0.175087	0.561758	0.178878	1.150000
429	0.095663	0.604765	0.057731	1.150000
430	-0.182026	0.584730	-0.056411	1.150000
431	0.309059	0.517182	-0.123411	1.150000
432	-0.068764	0.583060	-0.183134	1.150000
433	-0.099624	0.606609	0.018055	1.150000
434	-0.007652	0.604318	0.113872	1.150000
435	0.321696	0.520647	-0.060532	1.150000
436	0.262292	0.476881	-0.286378	1.150000
437	0.320180	0.473459	-0.227040	1.150000
438	0.104296	0.604922	-0.037647	1.150000
439	0.075707	0.559969	-0.242751	1.150000
440	0.179355	0.582783	-0.080132	1.150000
441	0.079808	0.609710	0.010466	1.150000
442	-0.077641	0.593919	-0.139490	1.150000
443	-0.146842	0.545468	-0.243160	1.150000
444	0.504321	0.351191	0.023447	1.150000
445	0.259650	0.555513	-0.047035	1.150000
446	0.107380	0.604208	-0.040344	1.150000
447	0.080195	0.607688	0.050095	1.150000
448	0.120225	0.597173	0.084587	1.150000
449	0.059136	0.609269	0.059322	1.150000
450	-0.020003	0.607620	-0.092857	1.150000
451	-0.010615	0.611765	0.062096	1.150000
452	0.142823	0.590012	-0.098552	1.150000
453	0.337576	0.512879	-0.034963	1.150000
454	0.258845	0.489291	0.267990	1.150000
455	0.094262	0.605542	-0.051557	1.150000
456	0.092570	0.594702	-0.126431	1.150000
457	-0.169179	0.536995	0.247467	1.150000
458	0.011969	0.614197	-0.029041	1.150000
459	-0.001508	0.609940	-0.078713	1.150000
460	0.134923	0.581706	0.147102	1.150000
461	0.149425	0.574376	0.161213	1.150000
462	0.312700	0.450431	0.278489	1.150000
463	0.201621	0.571156	0.106557	1.150000
464	0.265418	0.547927	-0.086919	1.150000
465	0.021962	0.614166	-0.023297	1.150000
466	-0.124481	0.593636	-0.101615	1.150000
467	-0.056165	0.609954	-0.055010	1.150000
468	0.338517	0.499758	0.117785	1.150000
469	0.011981	0.610945	-0.069479	1.150000
470	0.224614	0.544102	0.178119	1.150000
471	0.329206	0.469843	0.221576	1.150000
472	0.275449	0.525037	0.163370	1.150000
473	0.107595	0.585874	0.152969	1.150000
474	0.140977	0.590680	-0.097200	1.150000
475	0.056641	0.609128	0.063083	1.150000
476	-0.120083	0.602941	-0.016342	1.150000
477	-0.077039	0.585902	0.170321	1.150000
478	0.063724	0.608326	-0.064056	1.150000
479	0.203823	0.569083	-0.113251	1.150000
480	0.088370	0.596315	-0.121755	1.150000
481	0.169841	0.590636	-0.022981	1.150000
482	0.250147	0.559039	0.055918	1.150000
483	0.233436	0.568038	0.032633	1.150000
484	-0.051664	0.597657	-0.135506	1.150000
485	-0.213208	0.566862	-0.106932	1.150000
486	0.220419	0.548639	0.169220	1.150000
487	0.022274	0.611733	0.059258	1.150000
488	0.070402	0.606080	-0.077045	1.150000
489	0.183351	0.586704	0.019660	1.150000
490	0.116663	0.599488	-0.072311	1.150000
491	0.139290	0.594374	-0.074451	1.150000
492	-0.035434	0.610505	-0.065213	1.150000
493	-0.144553	0.585128	0.122287	1.150000
494	0.062975	0.566416	0.231154	1.150000
495	0.195996	0.578521	0.071586	1.150000
496	0.104998	0.545225	-0.264443	1.150000
497	0.052271	0.585859	-0.179615	1.150000
498	0.238360	0.557613	-0.102360	1.150000
499	0.232911	0.566632	0.053901	1.150000
500	-0.000442	0.614512	-0.024494	1.150000
501	-0.111749	0.601493	0.062795	1.150000
502	-0.126661	0.597172	0.074619	1.150000
503	-0.192185	0.562011	0.159481	1.150000
504	0.147181	0.578023	-0.149842	1.150000
505	0.049887	0.608930	0.070291	1.150000
506	-0.140666	0.585527	0.124884	1.150000
507	-0.037387	0.588900	-0.173275	1.150000
508	0.031163	0.610059	0.071285	1.150000
509	-0.120820	0.598966	0.069769	1.150000
510	-0.142264	0.581393	0.141308	1.150000
511	-0.009409	0.600101	0.134222	1.150000
512	-0.027458	0.607177	0.093848	1.150000
513	-0.228789	0.570396	0.023005	1.150000
514	0.065459	0.583786	0.182028	1.150000
515	-0.255329	0.559483	0.003277	1.150000
516	0.215426	0.574524	-0.041701	1.150000
517	-0.068176	0.579443	-0.194481	1.150000
518	-0.023523	0.604312	0.111706	1.150000
519	-0.083586	0.596845	-0.122531	1.150000
520	0.103590	0.580668	-0.174122	1.150000
521	-0.203509	0.580302	-0.007642	1.150000
522	0.092665	0.607958	0.005045	1.150000
523	-0.092601	0.604327	0.066621	1.150000
524	-0.076804	0.610098	-0.010340	1.150000
525	-0.043301	0.596049	0.145176	1.150000
526	-0.009739	0.569053	0.233042	1.150000
527	0.124019	0.602365	0.000261	1.150000
528	-0.157565	0.594300	-0.014336	1.150000
529	0.025534	0.613071	0.041443	1.150000
530	-0.029327	0.612937	-0.040909	1.150000
531	-0.160346	0.593493	0.016744	1.150000
532	-0.053110	0.611634	-0.036171	1.150000
533	0.219171	0.571640	0.058451	1.150000
534	0.372790	0.488891	0.015431	1.150000
535	-0.074407	0.568780	0.221761	1.150000
536	0.146095	0.536881	0.261993	1.150000
537	-0.042681	0.613173	0.020552	1.150000
538	0.032899	0.535743	0.300203	1.150000
539	0.061444	0.611922	-0.001116	1.150000
540	-0.142556	0.592722	-0.081137	1.150000
541	0.084853	0.590034	-0.151277	1.150000
542	0.291606	0.512106	0.175893	1.150000
543	0.207191	0.572269	0.088345	1.150000
544	0.392274	0.449342	-0.149792	1.150000
545	0.021172	0.594871	-0.154614	1.150000
546	0.044294	0.613383	-0.004915	1.150000
547	0.246593	0.561144	-0.050342	1.150000
548	0.134425	0.589147	-0.114285	1.150000
549	0.180946	0.573803	-0.127413	1.150000
550	-0.012207	0.614446	0.023078	1.150000
551	0.412068	0.452085	-0.063597	1.150000
552	0.088214	0.592603	-0.138799	1.150000
553	0.209550	0.575915	-0.051344	1.150000
554	0.033752	0.613600	0.024089	1.150000
555	0.049506	0.605498	-0.095639	1.150000
556	0.002018	0.614628	0.021305	1.150000
557	-0.009829	0.557844	-0.258724	1.150000
558	0.139445	0.598436	0.025593	1.150000
559	0.354400	0.490998	-0.107456	1.150000
560	-0.025049	0.609901	0.074954	1.150000
561	0.158469	0.582405	-0.117972	1.150000
562	-0.003490	0.593636	0.160654	1.150000
563	0.049884	0.598507	0.132385	1.150000
564	-0.072082	0.604123	0.089801	1.150000
565	-0.043816	0.608420	-0.078299	1.150000
566	0.044483	0.608930	-0.073825	1.150000
567	0.420591	0.447863	-0.027330	1.150000
568	0.198419	0.576952	0.077337	1.150000
569	0.130038	0.574739	0.176039	1.150000
570	-0.096853	0.604926	0.053930	1.150000
571	-0.093714	0.606775	0.035597	1.150000
572	0.127004	0.598817	0.059270	1.150000
573	0.159527	0.592900	0.035301	1.150000
574	0.107325	0.578258	0.179789	1.150000
575	0.239387	0.564818	0.043588	1.150000
576	0.163733	0.589159	-0.065641	1.150000
577	0.133253	0.598527	-0.047266	1.150000
578	-0.136546	0.579421	0.154438	1.150000
579	-0.120760	0.602175	0.032056	1.150000
580	0.001208	0.602632	-0.122711	1.150000
581	0.099232	0.592302	0.132498	1.150000
582	-0.038340	0.602038	0.119604	1.150000
583	0.201399	0.578794	0.051587	1.150000
584	0.268627	0.523960	0.177567	1.150000
585	0.190389	0.584691	0.010659	1.150000
586	-0.021358	0.613962	0.028633	1.150000
587	-0.066408	0.597346	0.130356	1.150000
588	-0.062720	0.604914	-0.091489	1.150000
589	-0.000168	0.613606	0.041389	1.150000
590	0.016467	0.603892	-0.115189	1.150000
591	0.140462	0.584901	-0.128010	1.150000
592	0.240810	0.559525	0.084660	1.150000
593	0.071508	0.610723	-0.011358	1.150000
594	-0.103279	0.582559	-0.167881	1.150000
595	-0.243736	0.551495	0.121121	1.150000
596	0.104441	0.599002	0.092273	1.150000
597	0.170739	0.590233	-0.026419	1.150000
598	0.191240	0.576757	-0.094886	1.150000
599	0.277721	0.529099	-0.145430	1.150000
600	0.114284	0.601027	-0.062692	1.150000
601	-0.071655	0.608411	-0.054095	1.150000
602	-0.139900	0.568930	0.187006	1.150000
603	0.201003	0.552617	0.180104	1.150000
604	-0.107302	0.567390	0.211612	1.150000
605	0.096583	0.599084	-0.099974	1.150000
606	0.039780	0.613226	-0.024426	1.150000
607	-0.032531	0.575071	-0.215547	1.150000
608	0.048514	0.595067	0.147534	1.150000
609	0.043764	0.599573	0.129698	1.150000
610	-0.085923	0.596955	0.120361	1.150000
611	0.001761	0.593730	0.160334	1.150000
612	-0.199664	0.572847	0.101022	1.150000
613	-0.270295	0.550922	-0.040627	1.150000
614	-0.210154	0.566535	-0.114449	1.150000
615	0.235229	0.536742	-0.186547	1.150000
616	0.050829	0.593952	0.151204	1.150000
617	0.021200	0.614521	0.011832	1.150000
618	0.153036	0.592301	-0.063125	1.150000
619	-0.106875	0.605564	0.009723	1.150000
620	-0.076868	0.610073	-0.011294	1.150000
621	-0.093098	0.607862	0.007831	1.150000
622	-0.233254	0.563160	0.081657	1.150000
623	-0.006349	0.607000	0.098670	1.150000
624	0.007244	0.611064	0.069092	1.150000
625	-0.064827	0.582782	0.185438	1.150000
626	-0.181472	0.585099	-0.054333	1.150000
627	-0.231439	0.569392	0.021299	1.150000
628	0.057833	0.612268	0.002848	1.150000
629	-0.167822	0.581359	-0.109921	1.150000
630	-0.237846	0.551843	0.130855	1.150000
631	0.132775	0.598877	0.044064	1.150000
632	0.062147	0.559026	0.248703	1.150000
633	-0.090058	0.570533	0.211204	1.150000
634	-0.087632	0.608175	0.025867	1.150000
635	-0.121901	0.598814	0.069190	1.150000
636	-0.103844	0.605632	0.025511	1.150000
637	-0.057676	0.610080	-0.051965	1.150000
638	0.010095	0.613834	0.036484	1.150000
639	0.366617	0.463113	-0.171299	1.150000
640	0.374278	0.487296	-0.026134	1.150000
641	0.086759	0.575722	0.198096	1.150000
642	-0.062899	0.606046	0.083529	1.150000
643	0.246189	0.555749	-0.093588	1.150000
644	0.122114	0.599693	-0.060680	1.150000
645	0.040219	0.574288	-0.216335	1.150000
646	-0.054938	0.606515	-0.085712	1.150000
647	-0.147873	0.559891	-0.207077	1.150000
648	0.435574	0.370795	-0.225857	1.150000
649	0.269905	0.542065	-0.107433	1.150000
650	0.122224	0.588788	-0.128900	1.150000
651	0.129386	0.601091	-0.013195	1.150000
652	0.031057	0.607995	0.087191	1.150000
653	-0.055787	0.570092	-0.223848	1.150000
654	0.145954	0.592927	-0.073214	1.150000
655	-0.041124	0.602129	-0.118213	1.150000
656	-0.369686	0.470368	0.142518	1.150000
657	0.315855	0.434892	-0.298881	1.150000
658	0.375293	0.451593	0.182875	1.150000
659	0.179387	0.587852	-0.021805	1.150000
660	0.209580	0.510165	0.272089	1.150000
661	-0.073088	0.587190	0.167604	1.150000
662	-0.029838	0.595007	0.152647	1.150000
663	0.048099	0.613114	-0.001730	1.150000
664	-0.066882	0.610899	-0.023529	1.150000
665	0.438430	0.429983	-0.033449	1.150000
666	0.425835	0.443632	-0.008952	1.150000
667	0.330941	0.473796	0.210287	1.150000
668	0.141390	0.596675	-0.047044	1.150000
669	0.180831	0.587316	0.024195	1.150000
670	-0.139818	0.590304	0.101081	1.150000
671	-0.124372	0.583460	-0.149436	1.150000
672	0.087488	0.607226	0.042982	1.150000
673	-0.003940	0.614563	-0.022855	1.150000
674	0.077640	0.462044	0.398387	1.150000
675	0.170290	0.580914	0.108467	1.150000
676	0.083907	0.605225	0.069906	1.150000
677	0.131670	0.521294	0.298564	1.150000
678	0.166056	0.585804	-0.086510	1.150000
679	-0.027553	0.559327	-0.254203	1.150000
680	-0.044494	0.604047	0.106642	1.150000
681	0.198218	0.546028	0.201960	1.150000
682	-0.015711	0.609422	0.081138	1.150000
683	0.200545	0.545109	0.202147	1.150000
684	0.311887	0.510595	-0.142282	1.150000
685	0.237883	0.560993	-0.083209	1.150000
686	0.161107	0.557471	0.203704	1.150000
687	0.021679	0.604335	-0.111957	1.150000
688	0.093221	0.607491	0.022127	1.150000
689	-0.043924	0.574823	-0.214183	1.150000
690	0.119304	0.588320	0.133681	1.150000
691	0.049874	0.600318	0.123918	1.150000
692	-0.127441	0.437678	-0.412821	1.150000
693	0.171558	0.588646	-0.047847	1.150000
694	0.090638	0.594892	0.126938	1.150000
695	0.179783	0.577185	-0.112962	1.150000
696	0.107527	0.590944	0.132092	1.150000
697	-0.189417	0.583205	0.047097	1.150000
698	0.122694	0.508328	0.323688	1.150000
699	0.218742	0.531515	0.218790	1.150000
700	0.105602	0.571764	-0.200397	1.150000
701	0.000085	0.609719	-0.080424	1.150000
702	0.254269	0.513385	0.223625	1.150000
703	0.264894	0.524504	-0.181526	1.150000
704	0.114573	0.572635	-0.192838	1.150000
705	-0.077827	0.483332	0.372233	1.150000
706	-0.116238	0.562951	0.218633	1.150000
707	-0.077413	0.609816	-0.018873	1.150000
708	0.166253	0.592064	-0.006711	1.150000
709	0.250482	0.532818	-0.177731	1.150000
710	0.085604	0.606924	-0.050407	1.150000
711	0.123163	0.584503	-0.146327	1.150000
712	0.031089	0.610174	0.070330	1.150000
713	-0.078185	0.609024	0.034663	1.150000
714	-0.046335	0.603035	0.111478	1.150000
715	-0.221570	0.568168	0.079477	1.150000
716	-0.116348	0.596004	0.097298	1.150000
717	-0.187634	0.571670	0.127325	1.150000
718	-0.080159	0.584548	0.173504	1.150000
719	-0.075832	0.607305	-0.060454	1.150000
720	0.007262	0.614062	-0.033161	1.150000
721	0.048023	0.601304	0.119803	1.150000
722	-0.034430	0.526288	0.316324	1.150000
723	-0.197534	0.582411	0.001636	1.150000
724	0.157648	0.593490	0.033792	1.150000
725	-0.091298	0.606880	0.039826	1.150000
726	-0.115479	0.604056	0.002407	1.150000
727	-0.326092	0.510054	0.108321	1.150000
728	0.185810	0.351461	0.469227	1.150000
729	0.137354	0.569277	-0.187838	1.150000
730	0.151667	0.557291	0.211303	1.150000
731	-0.106882	0.605059	0.026547	1.150000
732	-0.088290	0.608611	-0.004686	1.150000
733	-0.025949	0.614309	0.013261	1.150000
734	-0.098765	0.570110	0.208436	1.150000
735	-0.106301	0.582028	-0.167834	1.150000
736	0.178651	0.584278	-0.070202	1.150000
737	-0.026501	0.611491	-0.060008	1.150000
738	-0.115104	0.598448	0.082681	1.150000
739	0.248476	0.537828	0.165003	1.150000
740	0.034281	0.563177	0.244707	1.150000
741	-0.009117	0.510041	0.343511	1.150000
742	-0.252958	0.552086	-0.097151	1.150000
743	-0.128752	0.597246	-0.070320	1.150000
744	0.066918	0.586146	0.173723	1.150000
745	0.117863	0.596449	-0.092635	1.150000
746	0.252054	0.241136	0.506505	1.150000
747	-0.028111	0.578742	-0.206136	1.150000
748	0.290427	0.541405	0.027537	1.150000
749	0.162305	0.549991	0.222242	1.150000
750	0.154598	0.595242	0.003478	1.150000
751	0.203391	0.568238	-0.118165	1.150000
752	0.113472	0.594915	-0.106891	1.150000
753	0.039878	0.610452	-0.063109	1.150000
754	-0.034042	0.564263	-0.242226	1.150000
755	0.324237	0.521833	-0.028026	1.150000
756	0.192897	0.569961	-0.127121	1.150000
757	0.095400	0.570370	-0.209289	1.150000
758	0.079215	0.593388	-0.140856	1.150000
759	0.132428	0.547835	-0.246099	1.150000
760	0.159890	0.589722	-0.069914	1.150000
761	-0.062438	0.563870	-0.237439	1.150000
762	0.011504	0.573739	-0.221170	1.150000
763	0.338157	0.409680	-0.309898	1.150000
764	0.160620	0.592464	-0.037586	1.150000
765	0.157197	0.593910	-0.028010	1.150000
766	-0.150673	0.527656	0.277672	1.150000
767	0.124511	0.587587	-0.132152	1.150000
768	-0.066858	0.602302	-0.104821	1.150000
769	-0.199077	0.514628	-0.271572	1.150000
770	0.011558	0.608760	0.086619	1.150000
771	0.282556	0.545704	-0.024385	1.150000
772	0.288124	0.540154	-0.058675	1.150000
773	0.103390	0.601262	-0.077585	1.150000
774	-0.119632	0.599044	0.071132	1.150000
775	-0.041788	0.612295	-0.039669	1.150000
776	0.224988	0.570721	-0.043399	1.150000
777	0.145824	0.596266	0.037786	1.150000
778	0.284736	0.457460	0.296447	1.150000
779	0.406020	0.393389	-0.242111	1.150000
780	0.117860	0.602573	0.035213	1.150000
781	0.177655	0.586710	0.049351	1.150000
782	0.050454	0.608297	-0.075191	1.150000
783	0.025001	0.614448	0.007328	1.150000
784	0.057595	0.611313	0.034708	1.150000
785	-0.061182	0.609178	-0.058175	1.150000
786	0.101699	0.573367	0.197820	1.150000
787	0.493808	0.343425	0.128209	1.150000
788	0.104354	0.564099	0.221647	1.150000
789	-0.014820	0.546315	0.282038	1.150000
790	0.144438	0.597422	-0.021206	1.150000
791	-0.049943	0.575276	0.211633	1.150000
792	-0.026852	0.613396	0.035348	1.150000
793	0.074034	0.605730	-0.076385	1.150000
794	0.060154	0.611740	0.019521	1.150000
795	0.098283	0.601360	-0.083255	1.150000
796	0.257529	0.557162	0.038394	1.150000
797	0.122520	0.599381	-0.062897	1.150000
798	0.126835	0.596635	0.078515	1.150000
799	0.007843	0.605505	-0.107363	1.150000
800	-0.039099	0.613634	0.012242	1.150000
801	0.029858	0.571808	0.224431	1.150000
802	0.148853	0.556728	-0.214760	1.150000
803	0.084978	0.599875	-0.105612	1.150000
804	0.122082	0.595783	-0.091455	1.150000
805	0.008692	0.614451	0.024492	1.150000
806	0.018621	0.579384	0.205407	1.150000
807	-0.001063	0.594098	0.158971	1.150000
808	-0.180778	0.576946	0.112595	1.150000
809	-0.007791	0.613525	-0.041856	1.150000
810	0.126860	0.582105	-0.152596	1.150000
811	0.207315	0.554154	-0.167806	1.150000
812	0.112698	0.590565	-0.129451	1.150000
813	-0.040059	0.609797	-0.069055	1.150000
814	-0.153270	0.582942	0.122114	1.150000
815	-0.336253	0.512390	0.051143	1.150000
816	0.013872	0.599311	0.137328	1.150000
817	-0.128839	0.599867	0.042249	1.150000
818	-0.026653	0.596155	-0.148709	1.150000
819	0.071935	0.610484	0.018972	1.150000
820	-0.078591	0.594149	0.137970	1.150000
821	-0.281204	0.539021	0.092767	1.150000
822	0.153474	0.583257	0.120343	1.150000
823	-0.079218	0.609788	-0.010374	1.150000
824	-0.175768	0.528610	0.260580	1.150000
825	-0.249962	0.558744	0.059573	1.150000
826	-0.174772	0.523505	0.271334	1.150000
827	0.030070	0.606185	-0.099298	1.150000
828	0.060393	0.605725	0.087609	1.150000
829	0.024843	0.574577	0.217874	1.150000
830	-0.137137	0.589050	-0.111526	1.150000
831	-0.093355	0.601284	-0.089261	1.150000
832	-0.088302	0.608486	-0.013111	1.150000
833	-0.112851	0.600849	-0.066860	1.150000
834	-0.153357	0.587443	0.098070	1.150000
835	0.175633	0.577936	0.115619	1.150000
836	0.062445	0.588380	0.167733	1.150000
837	0.028059	0.614110	0.017496	1.150000
838	-0.079006	0.600817	-0.104889	1.150000
839	-0.216652	0.573441	0.049527	1.150000
840	0.008387	0.603012	0.120547	1.150000
841	-0.056993	0.600241	0.121193	1.150000
842	0.168919	0.523049	0.275883	1.150000
843	0.195625	0.583035	0.005114	1.150000
844	0.032171	0.608586	0.082545	1.150000
845	0.081983	0.601899	0.096025	1.150000
846	-0.067766	0.480476	0.377857	1.150000
847	-0.169925	0.586474	-0.073478	1.150000
848	-0.082791	0.598644	-0.114002	1.150000
849	0.163220	0.583668	0.104480	1.150000
850	0.306297	0.329042	0.419689	1.150000
