1	0.613415	-0.014778	0.041583	0.880000
2	0.610495	0.057764	-0.046730	0.880000
3	0.530688	0.309278	-0.030690	0.880000
4	0.541072	-0.065382	-0.284940	0.880000
5	0.547781	-0.249406	0.126322	0.880000
6	0.492109	-0.364115	0.058938	0.880000
7	0.545730	-0.278462	0.053511	0.880000
8	0.607628	-0.035661	-0.087988	0.880000
9	0.536698	-0.288158	0.084529	0.880000
10	0.548842	0.128036	0.246180	0.880000
11	0.522090	0.074966	0.316271	0.880000
12	0.607001	-0.088348	-0.044374	0.880000
13	0.529218	-0.175470	0.259545	0.880000
14	0.599426	-0.136558	0.016293	0.880000
15	0.544443	-0.281398	-0.051209	0.880000
16	0.574634	-0.210990	-0.059193	0.880000
17	0.534171	-0.277021	0.127067	0.880000
18	0.518233	-0.297206	0.146044	0.880000
19	0.570677	0.221005	0.060909	0.880000
20	0.575443	-0.166963	0.138613	0.880000
21	0.611955	0.024661	-0.055929	0.880000
22	0.592550	-0.141325	-0.084478	0.880000
23	0.606356	0.076561	0.068527	0.880000
24	0.540892	-0.258076	0.138049	0.880000
25	0.507439	-0.300349	-0.174704	0.880000
26	0.592124	-0.086949	-0.141614	0.880000
27	0.595377	-0.051966	0.145089	0.880000
28	0.367344	0.173645	-0.461661	0.880000
29	0.527181	-0.285072	0.137984	0.880000
30	0.593440	-0.159653	0.023765	0.880000
31	0.592138	-0.144173	0.082535	0.880000
32	0.596755	-0.031781	-0.145251	0.880000
33	0.574673	-0.217213	0.028188	0.880000
34	0.604207	0.011051	-0.114177	0.880000
35	0.580745	0.043633	0.197627	0.880000
36	0.610775	-0.065116	-0.030638	0.880000
37	0.537848	-0.209113	-0.212642	0.880000
38	0.561382	-0.164750	-0.189561	0.880000
39	0.564187	-0.217907	-0.111509	0.880000
40	0.591100	0.160583	-0.055131	0.880000
41	0.563590	-0.106040	0.222141	0.880000
42	0.600052	-0.124721	-0.051057	0.880000
43	0.600001	-0.120156	-0.061532	0.880000
44	0.596520	-0.092273	-0.117790	0.880000
45	0.572210	-0.178282	-0.137899	0.880000
46	0.563965	0.220326	0.107816	0.880000
47	0.605139	0.005026	0.109576	0.880000
48	0.604724	-0.100155	0.050030	0.880000
49	0.568772	-0.006110	0.233851	0.880000
50	0.608334	-0.062730	-0.064960	0.880000
51	0.591562	-0.117720	-0.120089	0.880000
52	0.605876	-0.054280	-0.090518	0.880000
53	0.532944	-0.305181	-0.032565	0.880000
54	0.510350	-0.317743	-0.129644	0.880000
55	0.550899	-0.080627	0.261218	0.880000
56	0.606928	-0.072547	-0.067829	0.880000
57	0.610461	-0.074522	-0.002913	0.880000
58	0.606992	0.058780	0.079564	0.880000
59	0.592071	0.106074	0.128159	0.880000
60	0.548629	-0.243925	-0.133162	0.880000
61	0.535935	-0.301657	0.001381	0.880000
62	0.593323	0.084995	-0.137726	0.880000
63	0.613918	0.034551	0.011646	0.880000
64	0.598852	-0.077939	-0.116302	0.880000
65	0.590622	0.143889	-0.093205	0.880000
66	0.591508	0.140277	0.093088	0.880000
67	0.606294	0.016772	-0.101739	0.880000
68	0.610145	0.042925	-0.064078	0.880000
69	0.541560	-0.144232	0.253248	0.880000
70	0.575608	-0.210628	0.050357	0.880000
71	0.500720	0.355923	0.028681	0.880000
72	0.609464	-0.072921	0.038223	0.880000
73	0.604695	0.087042	-0.070655	0.880000
74	0.606620	0.029343	0.096829	0.880000
75	0.563594	0.007568	0.246026	0.880000
76	0.494532	0.106390	0.349777	0.880000
77	0.572997	-0.150474	0.165097	0.880000
78	0.603261	-0.006227	-0.119427	0.880000
79	0.606753	-0.010777	-0.099799	0.880000
80	0.597878	-0.055945	-0.132802	0.880000
81	0.595619	-0.141179	-0.059424	0.880000
82	0.547687	0.145595	-0.238884	0.880000
83	0.608706	0.085984	-0.017580	0.880000
84	0.605298	-0.051691	0.095744	0.880000
85	0.608863	0.003111	0.086612	0.880000
86	0.504257	-0.345801	0.066118	0.880000
87	0.518615	-0.091054	-0.317762	0.880000
88	0.597051	0.100874	-0.107607	0.880000
89	0.593567	0.139856	-0.079643	0.880000
90	0.597896	0.069722	-0.126032	0.880000
91	0.600182	-0.032253	0.130253	0.880000
92	0.601717	-0.120207	0.041379	0.880000
93	0.614206	0.021556	0.022625	0.880000
94	0.600162	0.090496	-0.099201	0.880000
95	0.609831	-0.056042	0.056480	0.880000
96	0.551999	0.205037	-0.177430	0.880000
97	0.591744	-0.122943	-0.113796	0.880000
98	0.524546	0.218646	-0.235097	0.880000
99	0.539925	-0.153389	0.251351	0.880000
100	0.110356	-0.580632	0.170037	0.880000
101	0.586083	-0.029160	0.184068	0.880000
102	0.586185	-0.126792	0.136148	0.880000
103	0.579565	0.137740	0.152832	0.880000
104	0.611382	0.044786	-0.049305	0.880000
105	0.603428	0.078864	-0.088770	0.880000
106	0.548272	0.219279	-0.171871	0.880000
107	0.611425	0.057782	-0.032341	0.880000
108	0.587487	0.117414	0.138916	0.880000
109	0.432171	-0.297504	-0.320850	0.880000
110	0.582930	-0.139911	0.137269	0.880000
111	0.597774	-0.090705	-0.112536	0.880000
112	0.614113	-0.009931	0.031485	0.880000
113	0.559832	0.239157	-0.087273	0.880000
114	0.579754	0.203310	0.027848	0.880000
115	0.588581	0.096859	-0.149720	0.880000
116	0.596681	0.148937	-0.003797	0.880000
117	0.532228	0.304179	-0.049329	0.880000
118	0.595578	0.078833	0.131518	0.880000
119	0.591455	0.156770	0.061877	0.880000
120	0.573145	0.172567	0.141245	0.880000
121	0.571814	-0.226113	-0.011281	0.880000
122	0.567779	-0.233326	0.037559	0.880000
123	0.548378	-0.253498	-0.115088	0.880000
124	0.562202	-0.140385	0.206024	0.880000
125	0.548055	-0.229175	-0.159185	0.880000
126	0.613024	0.037611	0.031804	0.880000
127	0.516597	0.108385	0.315604	0.880000
128	0.609189	-0.079155	-0.029124	0.880000
129	0.609631	-0.040711	-0.070127	0.880000
130	0.588028	-0.110086	0.142581	0.880000
131	0.488930	-0.306274	-0.213001	0.880000
132	0.567776	-0.236321	-0.002764	0.880000
133	0.599453	0.059688	0.123768	0.880000
134	0.604825	-0.101810	-0.045235	0.880000
135	0.609621	-0.081162	-0.000654	0.880000
136	0.583968	0.091463	-0.169826	0.880000
137	0.554985	-0.224604	-0.140606	0.880000
138	0.599741	0.133481	0.026794	0.880000
139	0.603716	0.035058	0.111906	0.880000
140	0.608036	-0.083488	0.039330	0.880000
141	0.573846	0.056036	0.213976	0.880000
142	0.565319	-0.239329	-0.036898	0.880000
143	0.613842	-0.022187	-0.030514	0.880000
144	0.541071	-0.283992	0.069390	0.880000
145	0.594449	-0.156590	0.018314	0.880000
146	0.561238	-0.245999	0.052170	0.880000
147	0.574780	-0.168114	-0.139968	0.880000
148	0.590196	-0.133074	0.110384	0.880000
149	0.580124	-0.081401	-0.187229	0.880000
150	0.607715	-0.079391	-0.051035	0.880000
151	0.598528	0.072702	-0.121261	0.880000
152	0.610871	0.071124	-0.001674	0.880000
153	0.614900	0.007870	-0.007808	0.880000
154	0.606262	0.016403	0.101995	0.880000
155	0.610466	-0.001915	-0.074512	0.880000
156	0.548625	-0.277635	-0.012433	0.880000
157	0.526705	-0.216521	-0.232218	0.880000
158	0.613222	-0.025424	-0.039209	0.880000
159	0.609986	-0.066711	0.041132	0.880000
160	0.597502	-0.062258	0.131683	0.880000
161	0.548950	0.132225	0.243712	0.880000
162	0.580360	-0.193865	-0.061834	0.880000
163	0.609222	-0.034173	0.076852	0.880000
164	0.601266	-0.042997	-0.121881	0.880000
165	0.562977	-0.223630	-0.106168	0.880000
166	0.595879	0.140980	-0.057251	0.880000
167	0.591633	-0.158597	-0.055162	0.880000
168	0.572700	-0.062310	-0.215307	0.880000
169	0.603774	0.116078	0.014425	0.880000
170	0.554509	-0.265182	-0.020581	0.880000
171	0.611555	-0.056462	0.032205	0.880000
172	0.563125	0.130342	-0.210062	0.880000
173	0.573738	0.081140	-0.206072	0.880000
174	0.580884	0.040678	-0.197850	0.880000
175	0.602373	0.120635	-0.028624	0.880000
176	0.525797	0.124352	0.293768	0.880000
177	0.614970	0.005313	0.002929	0.880000
178	0.559173	-0.254905	0.023957	0.880000
179	0.589448	-0.075548	0.158330	0.880000
180	0.563057	0.218685	0.115626	0.880000
181	0.589904	0.047147	-0.167379	0.880000
182	0.607493	-0.064365	-0.070955	0.880000
183	0.614563	0.012821	-0.019322	0.880000
184	0.596992	0.144891	0.028854	0.880000
185	0.499229	-0.339314	0.117733	0.880000
186	0.614861	-0.005595	-0.011801	0.880000
187	0.532292	-0.257772	-0.168655	0.880000
188	0.582533	-0.021327	-0.196025	0.880000
189	0.607558	0.046684	-0.083177	0.880000
190	0.596863	0.081401	0.123911	0.880000
191	0.601353	-0.083520	-0.098103	0.880000
192	0.577135	0.178742	0.114854	0.880000
193	0.609327	-0.033063	0.076500	0.880000
194	0.607491	-0.035237	-0.089096	0.880000
195	0.582139	0.168431	-0.104737	0.880000
196	0.610832	-0.007850	-0.071046	0.880000
197	0.601410	0.078816	-0.101581	0.880000
198	0.531517	-0.258646	0.169756	0.880000
199	0.612119	-0.059267	0.004797	0.880000
200	0.608369	-0.050457	0.074607	0.880000
201	0.595767	0.128532	0.082258	0.880000
202	0.614494	0.022763	0.010195	0.880000
203	0.594803	0.100107	-0.120055	0.880000
204	0.577245	0.199443	0.072361	0.880000
205	0.600360	-0.125848	-0.044212	0.880000
206	0.558260	-0.087531	0.242712	0.880000
207	0.604123	0.031504	0.110760	0.880000
208	0.599993	-0.134910	-0.005672	0.880000
209	0.604046	0.115212	0.008914	0.880000
210	0.588459	-0.005816	-0.178625	0.880000
211	0.603817	-0.096252	-0.066073	0.880000
212	0.523073	0.306759	0.102560	0.880000
213	0.583830	0.177792	0.075878	0.880000
214	0.522529	0.270320	0.179208	0.880000
215	0.611719	0.040526	0.048806	0.880000
216	0.593814	-0.158772	-0.020021	0.880000
217	0.607387	-0.007476	0.096177	0.880000
218	0.582396	-0.189800	0.054915	0.880000
219	0.602820	-0.106183	0.059646	0.880000
220	0.576558	-0.211224	0.034493	0.880000
221	0.479011	-0.385180	0.020250	0.880000
222	0.551220	-0.269429	-0.042299	0.880000
223	0.602772	-0.046279	0.112913	0.880000
224	0.577187	0.095591	0.189584	0.880000
225	0.607604	0.079180	0.052654	0.880000
226	0.600952	0.130133	-0.012145	0.880000
227	0.611983	-0.055480	0.024969	0.880000
228	0.602496	-0.119766	-0.029670	0.880000
229	0.595269	-0.147691	-0.045467	0.880000
230	0.575548	-0.192943	-0.098703	0.880000
231	0.601444	-0.125811	-0.025720	0.880000
232	0.507129	-0.133153	-0.321426	0.880000
233	0.607253	-0.081116	0.053745	0.880000
234	0.610705	0.066614	-0.028764	0.880000
235	0.574655	-0.183537	-0.119626	0.880000
236	0.578433	-0.192958	-0.080045	0.880000
237	0.600542	-0.116361	-0.063520	0.880000
238	0.614948	-0.003672	0.007131	0.880000
239	0.588943	-0.146530	-0.099497	0.880000
240	0.609742	0.032439	-0.073400	0.880000
241	0.604749	-0.060252	-0.094196	0.880000
242	0.601629	-0.127461	0.004584	0.880000
243	0.567544	-0.212457	0.104789	0.880000
244	0.596040	-0.055231	-0.141106	0.880000
245	0.611087	-0.064701	0.024729	0.880000
246	0.552120	-0.268922	0.032705	0.880000
247	0.601001	0.014200	0.129694	0.880000
248	0.604290	-0.111038	-0.026994	0.880000
249	0.613020	-0.010031	-0.048279	0.880000
250	0.577067	-0.149067	-0.151649	0.880000
251	0.586657	-0.137002	0.123648	0.880000
252	0.612972	0.048114	0.013222	0.880000
253	0.611559	-0.012159	0.063821	0.880000
254	0.537047	-0.298741	0.023662	0.880000
255	0.588941	-0.172996	0.038031	0.880000
256	0.586043	-0.067029	-0.174027	0.880000
257	0.602591	-0.075529	-0.096977	0.880000
258	0.585086	-0.181185	-0.055417	0.880000
259	0.604302	-0.022321	0.112007	0.880000
260	0.613284	-0.038451	0.025095	0.880000
261	0.612976	0.030775	0.039221	0.880000
262	0.591086	-0.124844	0.115138	0.880000
263	0.569774	-0.100242	0.208648	0.880000
264	0.601315	-0.079576	-0.101553	0.880000
265	0.510659	-0.302574	-0.160938	0.880000
266	0.612837	-0.021310	-0.046922	0.880000
267	0.575182	-0.185239	0.114356	0.880000
268	0.608018	-0.075064	0.053888	0.880000
269	0.597581	0.117402	-0.085669	0.880000
270	0.582625	-0.188347	-0.057435	0.880000
271	0.548628	0.277335	-0.017835	0.880000
272	0.600721	0.125130	0.041250	0.880000
273	0.583311	-0.187628	0.052626	0.880000
274	0.595502	0.071824	-0.135809	0.880000
275	0.575738	-0.032104	-0.213823	0.880000
276	0.604255	0.108228	-0.037250	0.880000
277	0.602681	0.056867	-0.108473	0.880000
278	0.587355	0.180781	0.023608	0.880000
279	0.613412	0.044171	0.000288	0.880000
280	0.612395	-0.020159	0.052825	0.880000
281	0.607014	0.011447	-0.098124	0.880000
282	0.598280	-0.140554	-0.023033	0.880000
283	0.566594	0.238762	-0.013733	0.880000
284	0.574454	0.013177	-0.219213	0.880000
285	0.595991	-0.123028	0.088789	0.880000
286	0.593664	0.156953	0.033968	0.880000
287	0.611889	-0.001484	0.061760	0.880000
288	0.585346	-0.087027	0.167394	0.880000
289	0.578366	-0.046736	0.203797	0.880000
290	0.613865	-0.027086	-0.025718	0.880000
291	0.614169	0.026376	-0.018036	0.880000
292	0.587274	0.125727	-0.132389	0.880000
293	0.602958	0.048340	0.111041	0.880000
294	0.547962	0.037246	-0.276723	0.880000
295	0.613632	0.021868	0.034676	0.880000
296	0.613205	0.023364	-0.040735	0.880000
297	0.609089	-0.047587	-0.070508	0.880000
298	0.597622	-0.140744	-0.035557	0.880000
299	0.611400	0.047174	0.046801	0.880000
300	0.612961	-0.050037	-0.000156	0.880000
301	0.552662	0.204056	-0.176495	0.880000
302	0.610221	0.003389	-0.076441	0.880000
303	0.608839	-0.080212	0.033256	0.880000
304	0.529433	-0.148699	0.275344	0.880000
305	0.495401	-0.215133	0.294144	0.880000
306	0.610446	-0.074523	-0.005151	0.880000
307	0.608954	-0.080089	0.031395	0.880000
308	0.610287	-0.070434	0.028532	0.880000
309	0.604067	0.089489	0.072940	0.880000
310	0.584477	0.179166	-0.067162	0.880000
311	0.577622	-0.065394	-0.200753	0.880000
312	0.609767	0.041599	-0.068406	0.880000
313	0.376808	-0.474032	0.107401	0.880000
314	0.581587	-0.177164	-0.092705	0.880000
315	0.566346	-0.159658	0.178849	0.880000
316	0.511608	0.340203	0.027265	0.880000
317	0.480214	0.263181	0.279920	0.880000
318	0.600432	0.130002	-0.028376	0.880000
319	0.604925	0.105875	-0.032886	0.880000
320	0.597355	0.081792	0.121252	0.880000
321	0.575905	0.129149	0.172856	0.880000
322	0.612327	0.007317	0.056812	0.880000
323	0.595789	0.150685	-0.023558	0.880000
324	0.602826	0.040304	-0.114897	0.880000
325	0.587690	-0.018319	0.180306	0.880000
326	0.586342	-0.179445	-0.047202	0.880000
327	0.559649	-0.254983	-0.001423	0.880000
328	0.498055	-0.308453	0.187144	0.880000
329	0.597619	-0.110443	-0.094229	0.880000
330	0.612847	-0.050922	-0.007067	0.880000
331	0.591712	0.167234	-0.011618	0.880000
332	0.600016	-0.047311	0.126361	0.880000
333	0.613998	0.027208	0.022150	0.880000
334	0.595163	-0.147713	-0.046769	0.880000
335	0.591030	-0.139942	0.096564	0.880000
336	0.588879	-0.176237	-0.019672	0.880000
337	0.590147	0.043470	0.167515	0.880000
338	0.594513	0.033448	-0.153818	0.880000
339	0.614847	-0.013564	-0.001941	0.880000
340	0.530734	-0.128463	-0.282919	0.880000
341	0.608780	-0.058647	0.064594	0.880000
342	0.610405	0.014898	-0.073548	0.880000
343	0.600932	-0.109832	0.071015	0.880000
344	0.601588	-0.126717	-0.016133	0.880000
345	0.600493	-0.049903	0.123054	0.880000
346	0.606150	-0.020072	-0.102001	0.880000
347	0.596316	-0.010924	0.150044	0.880000
348	0.598442	-0.137413	-0.034789	0.880000
349	0.602609	-0.100668	-0.070380	0.880000
350	0.577226	-0.204382	-0.057125	0.880000
351	0.608893	-0.024488	0.082911	0.880000
352	0.607754	0.094051	0.003818	0.880000
353	0.590305	-0.099389	-0.141022	0.880000
354	0.590046	-0.161856	0.062240	0.880000
355	0.613280	0.005528	0.045626	0.880000
356	0.602765	-0.092665	0.079449	0.880000
357	0.599463	-0.106928	0.086229	0.880000
358	0.569832	-0.212340	0.091805	0.880000
359	0.598053	0.002108	-0.143363	0.880000
360	0.551907	0.042512	-0.267985	0.880000
361	0.566945	-0.214848	-0.103142	0.880000
362	0.613504	-0.014279	0.040430	0.880000
363	0.609107	0.082824	-0.018819	0.880000
364	0.610047	0.054199	0.055945	0.880000
365	0.605996	-0.062670	0.084058	0.880000
366	0.493665	-0.365925	0.024881	0.880000
367	0.608106	-0.045488	0.079768	0.880000
368	0.605572	0.057926	-0.090287	0.880000
369	0.608796	-0.067524	-0.055077	0.880000
370	0.612183	-0.018846	0.055694	0.880000
371	0.596585	-0.146312	0.030073	0.880000
372	0.571284	-0.203183	0.102840	0.880000
373	0.608024	-0.020062	0.090165	0.880000
374	0.600981	-0.120637	0.049942	0.880000
375	0.579478	-0.204840	0.021692	0.880000
376	0.606387	-0.101392	-0.015485	0.880000
377	0.587671	-0.100908	-0.150617	0.880000
378	0.586192	0.183663	0.029520	0.880000
379	0.590055	0.077187	0.155249	0.880000
380	0.592326	0.137896	-0.091429	0.880000
381	0.611617	-0.034303	0.054521	0.880000
382	0.586108	-0.107980	0.151797	0.880000
383	0.614101	-0.031480	-0.010653	0.880000
384	0.583081	0.026429	-0.193761	0.880000
385	0.609904	-0.021213	-0.076103	0.880000
386	0.610564	-0.073508	-0.005721	0.880000
387	0.613760	0.037785	-0.009798	0.880000
388	0.611103	0.068624	-0.008276	0.880000
389	0.601985	-0.035291	0.120804	0.880000
390	0.593109	-0.160765	-0.024536	0.880000
391	0.598118	-0.076290	-0.121078	0.880000
392	0.578344	0.024628	-0.207693	0.880000
393	0.590714	0.137921	-0.101290	0.880000
394	0.566732	-0.033015	-0.236538	0.880000
395	0.611945	-0.057525	0.020966	0.880000
396	0.582354	-0.036979	0.194219	0.880000
397	0.596593	-0.016047	0.148474	0.880000
398	0.612091	0.053113	0.027356	0.880000
399	0.609575	-0.060266	-0.054878	0.880000
400	0.576104	0.214351	0.019579	0.880000
401	0.609985	0.052885	-0.057853	0.880000
402	0.582262	-0.128435	0.150667	0.880000
403	0.456468	-0.370619	0.180287	0.880000
404	0.613936	-0.012872	0.033787	0.880000
405	0.589485	-0.012355	0.174872	0.880000
406	0.612980	-0.012306	0.048259	0.880000
407	0.609799	-0.002077	0.079788	0.880000
408	0.600330	0.131719	-0.021888	0.880000
409	0.601109	0.129956	0.002237	0.880000
410	0.502960	-0.270022	0.228789	0.880000
411	0.571682	-0.130043	0.185724	0.880000
412	0.610713	0.029768	0.066099	0.880000
413	0.592353	0.058803	-0.154550	0.880000
414	0.595205	0.154614	-0.007067	0.880000
415	0.585322	-0.029860	-0.186365	0.880000
416	0.608051	-0.086766	-0.031148	0.880000
417	0.610349	0.058332	-0.047917	0.880000
418	0.543357	-0.244462	0.152402	0.880000
419	0.541859	-0.246212	-0.154900	0.880000
420	0.609645	0.079394	-0.015967	0.880000
421	0.535981	0.266845	-0.140508	0.880000
422	0.598149	0.107081	0.094745	0.880000
423	0.607333	-0.055836	0.079080	0.880000
424	0.591566	0.092234	0.140599	0.880000
425	0.511591	0.328382	0.093087	0.880000
426	0.554897	0.154835	-0.215268	0.880000
427	0.559530	0.152932	-0.204361	0.880000
428	0.585969	0.127777	-0.136154	0.880000
429	0.614099	0.019475	0.026974	0.880000
430	0.603670	0.117440	-0.003936	0.880000
431	0.605829	-0.096975	0.042327	0.880000
432	0.530408	-0.310506	-0.021882	0.880000
433	0.507190	-0.343231	0.056353	0.880000
434	0.578935	-0.199892	0.055700	0.880000
435	0.592617	0.098263	-0.131813	0.880000
436	0.598539	0.130472	-0.054342	0.880000
437	0.592211	-0.156431	-0.055145	0.880000
438	0.596706	-0.148630	0.008737	0.880000
439	0.602172	0.001162	0.124952	0.880000
440	0.563242	-0.221369	0.109451	0.880000
441	0.578678	-0.208222	0.000249	0.880000
442	0.556970	-0.233411	0.116314	0.880000
443	0.567179	0.017720	0.237104	0.880000
444	0.560795	0.221157	-0.121754	0.880000
445	0.587066	0.180426	-0.032023	0.880000
446	0.612591	0.014630	-0.052371	0.880000
447	0.596563	0.009469	-0.149157	0.880000
448	0.599171	-0.129461	0.049585	0.880000
449	0.590076	-0.040249	-0.168567	0.880000
450	0.570830	-0.122138	0.193547	0.880000
451	0.608290	-0.071827	-0.055221	0.880000
452	0.607228	-0.094486	0.023911	0.880000
453	0.531315	0.054768	-0.304844	0.880000
454	0.585746	-0.187357	0.004928	0.880000
455	0.591022	-0.135488	-0.102764	0.880000
456	0.588246	0.028229	-0.177185	0.880000
457	0.606191	-0.090707	-0.050301	0.880000
458	0.609426	-0.024816	0.078798	0.880000
459	0.601320	0.025425	-0.126460	0.880000
460	0.601695	-0.072969	-0.104227	0.880000
461	0.567423	-0.237181	0.001238	0.880000
462	0.593700	0.011405	-0.160049	0.880000
463	0.600056	0.134341	0.010486	0.880000
464	0.570265	0.073528	0.218211	0.880000
465	0.587322	-0.151834	0.101118	0.880000
466	0.595848	-0.104062	-0.111182	0.880000
467	0.503886	-0.250164	-0.248478	0.880000
468	0.611174	0.015359	0.066745	0.880000
469	0.562195	-0.235634	-0.081477	0.880000
470	0.573178	-0.187692	-0.120266	0.880000
471	0.593637	-0.110054	-0.117081	0.880000
472	0.585995	-0.185880	-0.016851	0.880000
473	0.614915	0.004627	-0.009114	0.880000
474	0.612818	0.044968	0.025624	0.880000
475	0.502078	-0.354364	-0.023861	0.880000
476	0.562085	-0.128937	-0.213685	0.880000
477	0.602003	-0.113568	0.054036	0.880000
478	0.588061	-0.061446	-0.169215	0.880000
479	0.605572	-0.062582	-0.087123	0.880000
480	0.579047	-0.066849	0.196114	0.880000
481	0.603585	0.104795	-0.054112	0.880000
482	0.606534	0.098561	0.025047	0.880000
483	0.593831	0.102931	-0.122456	0.880000
484	0.599240	-0.052961	0.127794	0.880000
485	0.607833	0.074215	-0.057059	0.880000
486	0.498986	-0.329686	-0.143336	0.880000
487	0.603394	-0.004948	-0.118811	0.880000
488	0.590795	-0.170824	-0.002478	0.880000
489	0.600922	0.033524	0.126468	0.880000
490	0.604724	0.094640	0.059808	0.880000
491	0.538429	0.179228	0.237058	0.880000
492	0.579791	0.195791	-0.061105	0.880000
493	0.612611	-0.004192	-0.053992	0.880000
494	0.609698	0.036646	-0.071770	0.880000
495	0.603291	0.017403	-0.118160	0.880000
496	0.576089	-0.085717	-0.197482	0.880000
497	0.549964	0.257467	-0.097338	0.880000
498	0.610897	-0.025084	-0.066340	0.880000
499	0.611515	-0.039424	-0.052153	0.880000
500	0.607902	-0.083434	0.041467	0.880000
501	0.593244	0.159576	-0.028674	0.880000
502	0.614621	0.015688	-0.014841	0.880000
503	0.614768	-0.000830	0.016871	0.880000
504	0.613446	-0.034756	-0.026467	0.880000
505	0.614265	0.021925	-0.020554	0.880000
506	0.583907	-0.192326	-0.016976	0.880000
507	0.596449	0.103068	-0.108858	0.880000
508	0.591702	-0.167594	-0.005103	0.880000
509	0.595255	-0.088871	0.126484	0.880000
510	0.604604	-0.099440	0.052831	0.880000
511	0.613193	-0.003518	-0.046975	0.880000
512	0.613706	0.039133	0.007671	0.880000
513	0.575670	-0.187882	0.107377	0.880000
514	0.597861	0.137808	-0.042376	0.880000
515	0.603486	-0.092945	-0.073419	0.880000
516	0.569927	-0.017421	0.230445	0.880000
517	0.600816	0.034734	0.126642	0.880000
518	0.587139	-0.169837	0.068181	0.880000
519	0.582803	-0.192783	0.037425	0.880000
520	0.583460	0.186009	0.056570	0.880000
521	0.607833	-0.074614	-0.056541	0.880000
522	0.613607	-0.033168	-0.024717	0.880000
523	0.609133	-0.073828	-0.041608	0.880000
524	0.578973	0.188016	0.087553	0.880000
525	0.527739	-0.271724	-0.160879	0.880000
526	0.477639	-0.386868	0.020467	0.880000
527	0.613330	0.005714	0.044932	0.880000
528	0.558899	0.230489	-0.112835	0.880000
529	0.608140	0.086131	-0.031185	0.880000
530	0.612052	0.018648	0.057179	0.880000
531	0.614412	0.026763	-0.002498	0.880000
532	0.604287	-0.108600	0.035610	0.880000
533	0.604472	-0.086951	0.072650	0.880000
534	0.423078	-0.444161	-0.044170	0.880000
535	0.507316	-0.337868	0.081858	0.880000
536	0.456304	-0.401638	0.093267	0.880000
537	0.603983	0.112226	-0.028890	0.880000
538	0.598054	0.117375	0.082341	0.880000
539	0.613868	-0.014427	-0.034402	0.880000
540	0.577726	0.053515	0.203946	0.880000
541	0.531604	0.263725	0.161467	0.880000
542	0.530165	0.224143	0.216588	0.880000
543	0.545193	0.282289	-0.036096	0.880000
544	0.553088	0.148765	-0.224026	0.880000
545	0.609259	-0.076733	0.033780	0.880000
546	0.582834	0.194829	0.023892	0.880000
547	0.588438	-0.128964	0.123832	0.880000
548	0.612436	-0.036703	-0.042429	0.880000
549	0.574494	-0.204426	0.079951	0.880000
550	0.513546	-0.275952	0.195822	0.880000
551	0.609335	0.077290	0.031017	0.880000
552	0.589251	0.086956	0.153122	0.880000
553	0.596668	-0.017534	-0.148002	0.880000
554	0.609988	-0.068456	-0.038121	0.880000
555	0.588946	-0.176740	0.011429	0.880000
556	0.565890	-0.208495	-0.120512	0.880000
557	0.530763	-0.212732	0.226409	0.880000
558	0.562241	-0.080843	0.235743	0.880000
559	0.599609	0.130261	0.041548	0.880000
560	0.606048	0.049497	-0.092094	0.880000
561	0.598259	-0.124131	-0.070016	0.880000
562	0.603406	-0.118697	-0.006132	0.880000
563	0.554007	-0.251441	-0.089881	0.880000
564	0.601957	0.111001	-0.059600	0.880000
565	0.611876	0.032558	-0.052662	0.880000
566	0.592297	-0.141027	-0.086722	0.880000
567	0.602609	0.088333	0.085349	0.880000
568	0.583975	-0.173619	0.083993	0.880000
569	0.608063	-0.076873	0.050746	0.880000
570	0.574889	-0.209172	-0.063049	0.880000
571	0.568885	-0.101825	0.210301	0.880000
572	0.594750	-0.151415	-0.039633	0.880000
573	0.600520	-0.087504	0.099721	0.880000
574	0.570344	-0.136873	-0.184929	0.880000
575	0.613780	0.033780	0.018912	0.880000
576	0.565544	0.008170	0.241491	0.880000
577	0.595946	0.149161	0.028703	0.880000
578	0.558447	-0.086751	0.242562	0.880000
579	0.602471	-0.122432	0.016260	0.880000
580	0.572317	-0.204795	-0.093471	0.880000
581	0.613054	0.001965	0.048845	0.880000
582	0.597981	-0.140619	0.029490	0.880000
583	0.590880	0.107292	0.132569	0.880000
584	0.592097	-0.165996	-0.009549	0.880000
585	0.614164	0.012470	0.029540	0.880000
586	0.528862	-0.092001	0.300109	0.880000
587	0.590397	-0.172177	-0.003425	0.880000
588	0.591128	-0.090006	-0.143845	0.880000
589	0.586571	-0.038231	-0.180825	0.880000
590	0.612938	-0.030415	-0.040086	0.880000
591	0.613991	-0.013818	0.032386	0.880000
592	0.598901	0.057878	-0.127252	0.880000
593	0.599834	0.097716	-0.094210	0.880000
594	0.602999	0.077524	0.092774	0.880000
595	0.602563	0.112868	-0.049025	0.880000
596	0.595254	-0.125139	-0.090764	0.880000
597	0.596449	-0.026384	-0.147572	0.880000
598	0.608549	-0.025471	-0.085117	0.880000
599	0.606091	-0.045043	0.094075	0.880000
600	0.599803	0.106314	-0.084611	0.880000
601	0.606006	0.012617	-0.104031	0.880000
602	0.612749	0.034155	-0.039963	0.880000
603	0.611228	-0.005400	-0.067796	0.880000
604	0.609802	0.040673	0.068650	0.880000
605	0.578537	0.194999	-0.074130	0.880000
606	0.604633	-0.066829	-0.090431	0.880000
607	0.581033	0.199041	-0.031747	0.880000
608	0.544603	-0.106291	0.265207	0.880000
609	0.596801	-0.145943	0.027474	0.880000
610	0.592761	0.044427	0.157754	0.880000
611	0.598475	0.140103	0.020596	0.880000
612	0.558787	0.003532	-0.256846	0.880000
613	0.613566	0.024631	-0.033980	0.880000
614	0.602112	-0.087802	0.089312	0.880000
615	0.580446	-0.196605	-0.051512	0.880000
616	0.571064	-0.228266	0.002307	0.880000
617	0.588786	-0.169622	0.052764	0.880000
618	0.608097	0.084266	0.036639	0.880000
619	0.598923	0.044941	0.132273	0.880000
620	0.605207	0.019967	-0.107473	0.880000
621	0.609327	0.082481	-0.011955	0.880000
622	0.607547	-0.024875	0.092157	0.880000
623	0.582751	-0.025822	0.194833	0.880000
624	0.575201	-0.156894	0.150841	0.880000
625	0.607642	-0.094664	-0.005919	0.880000
626	0.597052	-0.032429	-0.143881	0.880000
627	0.591675	-0.120578	0.116647	0.880000
628	0.606381	0.031405	0.097675	0.880000
629	0.611986	0.060326	0.007680	0.880000
630	0.614258	-0.017489	0.024610	0.880000
631	0.513245	-0.335449	0.047736	0.880000
632	0.591135	-0.166067	0.034734	0.880000
633	0.611148	0.051100	0.045959	0.880000
634	0.590894	0.163446	-0.048523	0.880000
635	0.610344	-0.059099	0.047037	0.880000
636	0.604136	-0.034200	-0.109885	0.880000
637	0.571708	-0.149013	0.170792	0.880000
638	0.614392	-0.009430	0.025664	0.880000
639	0.505757	0.046880	-0.346752	0.880000
640	0.576860	0.092072	-0.192304	0.880000
641	0.563693	-0.188610	-0.157802	0.880000
642	0.592103	0.040635	0.161209	0.880000
643	0.609921	0.078020	0.011562	0.880000
644	0.503454	-0.281094	-0.213881	0.880000
645	0.556265	-0.255796	-0.057988	0.880000
646	0.500115	-0.188601	0.304203	0.880000
647	0.573149	-0.217999	0.046919	0.880000
648	0.573391	-0.201038	0.095033	0.880000
649	0.594567	0.033164	-0.153673	0.880000
650	0.610882	-0.070786	-0.006088	0.880000
651	0.574251	-0.213297	-0.054451	0.880000
652	0.607240	-0.030952	0.092341	0.880000
653	0.610100	-0.067064	0.038792	0.880000
654	0.596455	-0.140109	-0.053256	0.880000
655	0.596728	-0.141263	-0.046743	0.880000
656	0.586662	-0.048304	0.178098	0.880000
657	0.606871	0.099172	0.009902	0.880000
658	0.587503	0.068737	0.168345	0.880000
659	0.606403	0.014780	-0.101400	0.880000
660	0.544074	-0.249788	-0.140765	0.880000
661	0.610043	0.023730	0.074229	0.880000
662	0.550509	-0.260626	0.085082	0.880000
663	0.601436	0.120990	0.043137	0.880000
664	0.567919	-0.212721	0.102190	0.880000
665	0.567653	-0.231710	0.048010	0.880000
666	0.489393	-0.372435	-0.003409	0.880000
667	0.610266	-0.053817	-0.053892	0.880000
668	0.553294	-0.265656	0.038960	0.880000
669	0.582363	-0.079068	-0.181183	0.880000
670	0.562487	0.033736	0.246365	0.880000
671	0.593654	-0.079154	-0.139768	0.880000
672	0.609314	-0.009720	0.082867	0.880000
673	0.562605	-0.222295	-0.110839	0.880000
674	0.580113	0.141187	-0.147512	0.880000
675	0.594257	-0.157553	0.016151	0.880000
676	0.550859	-0.184033	0.202264	0.880000
677	0.612695	0.014181	-0.051270	0.880000
678	0.612793	-0.043174	0.029089	0.880000
679	0.608729	0.030627	-0.082077	0.880000
680	0.607919	-0.069369	-0.062029	0.880000
681	0.560805	-0.096983	0.233060	0.880000
682	0.598935	0.107090	-0.089629	0.880000
683	0.602262	-0.117661	0.040757	0.880000
684	0.517858	-0.314972	0.104121	0.880000
685	0.588879	-0.177288	0.003872	0.880000
686	0.572970	0.125512	0.184869	0.880000
687	0.614730	0.017175	0.006081	0.880000
688	0.484102	-0.267309	0.269103	0.880000
689	0.614745	-0.005833	-0.016734	0.880000
690	0.600251	-0.127993	0.039262	0.880000
691	0.606281	-0.045189	-0.092773	0.880000
692	0.602921	-0.011352	-0.120759	0.880000
693	0.613317	0.043687	0.012616	0.880000
694	0.586437	-0.055917	0.176608	0.880000
695	0.585053	0.104818	0.157960	0.880000
696	0.563680	-0.210547	-0.127124	0.880000
697	0.606794	0.030872	-0.095253	0.880000
698	0.598105	-0.142564	-0.013059	0.880000
699	0.607936	-0.029693	0.088075	0.880000
700	0.585157	-0.150895	-0.114224	0.880000
701	0.557289	-0.067821	-0.251107	0.880000
702	0.614384	-0.021204	0.017528	0.880000
703	0.594388	-0.147024	-0.057547	0.880000
704	0.604952	0.109820	0.014044	0.880000
705	0.559977	0.214963	0.135799	0.880000
706	0.593635	-0.009215	-0.160430	0.880000
707	0.576758	0.138965	0.162061	0.880000
708	0.571032	0.180263	-0.140188	0.880000
709	0.574282	0.206562	-0.075878	0.880000
710	0.573161	-0.163596	-0.151487	0.880000
711	0.578330	-0.140082	-0.155358	0.880000
712	0.598116	-0.114077	0.086421	0.880000
713	0.614828	0.013930	0.004160	0.880000
714	0.558697	0.015564	0.256593	0.880000
715	0.613135	0.043265	0.020447	0.880000
716	0.604788	0.087148	-0.069728	0.880000
717	0.600148	0.105988	-0.082547	0.880000
718	0.614685	-0.019092	0.004810	0.880000
719	0.607622	-0.063509	0.070616	0.880000
720	0.560592	-0.054856	0.246885	0.880000
721	0.602145	0.040461	0.118360	0.880000
722	0.600490	0.118168	-0.060606	0.880000
723	0.569660	0.144997	0.180801	0.880000
724	0.599331	0.077411	0.114172	0.880000
725	0.580454	0.118227	-0.165290	0.880000
726	0.590587	-0.105342	-0.135406	0.880000
727	0.601861	0.059022	0.111823	0.880000
728	0.613319	-0.029977	0.034141	0.880000
729	0.601194	0.067482	0.110619	0.880000
730	0.579179	-0.205953	0.018974	0.880000
731	0.570735	-0.070251	-0.218063	0.880000
732	0.613370	-0.044733	0.000832	0.880000
733	0.514909	0.171878	0.289053	0.880000
734	0.583068	-0.103799	0.165780	0.880000
735	0.606238	-0.057119	0.086243	0.880000
736	0.607099	-0.095535	0.022997	0.880000
737	0.546477	-0.014586	-0.281737	0.880000
738	0.569802	-0.133862	-0.188763	0.880000
739	0.503475	-0.314323	-0.161055	0.880000
740	0.599304	-0.131400	-0.042350	0.880000
741	0.609492	-0.001646	-0.082105	0.880000
742	0.542562	0.286915	0.039132	0.880000
743	0.614207	-0.031212	-0.000958	0.880000
744	0.554838	-0.051905	0.260164	0.880000
745	0.593109	0.015059	0.161926	0.880000
746	0.599116	0.133130	-0.039514	0.880000
747	0.592484	0.160515	-0.037713	0.880000
748	0.522364	0.167935	-0.277774	0.880000
749	0.603020	-0.033909	0.115939	0.880000
750	0.600213	0.115619	-0.067834	0.880000
751	0.611168	-0.059173	-0.034594	0.880000
752	0.587522	-0.161753	0.082941	0.880000
753	0.520230	-0.322230	0.061263	0.880000
754	0.499857	-0.272767	0.232307	0.880000
755	0.609877	-0.051280	0.060372	0.880000
756	0.597766	0.028876	-0.141658	0.880000
757	0.581555	-0.158669	-0.121833	0.880000
758	0.590314	-0.066100	0.159328	0.880000
759	0.573818	0.005770	0.221189	0.880000
760	0.476416	-0.084353	-0.379654	0.880000
761	0.560681	-0.243580	-0.067314	0.880000
762	0.575344	-0.195749	0.094268	0.880000
763	0.556384	-0.213329	-0.152161	0.880000
764	0.547656	0.228910	0.160928	0.880000
765	0.602096	-0.123210	0.022913	0.880000
766	0.600702	0.049863	-0.122050	0.880000
767	0.604867	-0.055844	-0.096140	0.880000
768	0.591804	-0.103733	-0.131274	0.880000
769	0.612424	-0.045942	-0.032415	0.880000
770	0.577850	-0.168677	-0.125946	0.880000
771	0.604084	0.031440	0.110991	0.880000
772	0.550455	-0.231809	0.146592	0.880000
773	0.560277	-0.202695	0.152410	0.880000
774	0.577357	-0.197727	-0.076076	0.880000
775	0.554802	-0.028809	0.263798	0.880000
776	0.613376	0.010533	0.043410	0.880000
777	0.611657	0.056734	0.029705	0.880000
778	0.539095	-0.285301	-0.078776	0.880000
779	0.609839	-0.074641	0.027394	0.880000
780	0.559546	-0.255212	0.000087	0.880000
781	0.584729	-0.127981	0.141202	0.880000
782	0.567033	-0.169174	0.167568	0.880000
783	0.610924	0.058917	-0.039061	0.880000
784	0.587303	0.067643	-0.169482	0.880000
785	0.580082	-0.162980	0.123157	0.880000
786	0.594863	-0.024280	-0.154185	0.880000
787	0.601799	-0.060497	0.111367	0.880000
788	0.599311	-0.046528	-0.129950	0.880000
789	0.591408	0.152414	-0.072328	0.880000
790	0.591121	0.033662	0.166338	0.880000
791	0.610429	-0.009005	-0.074299	0.880000
792	0.613447	-0.028361	-0.033217	0.880000
793	0.520562	-0.297134	0.137666	0.880000
794	0.568321	-0.191379	-0.136418	0.880000
795	0.578343	0.132438	-0.161878	0.880000
796	0.580260	0.203409	0.012146	0.880000
797	0.581984	-0.066845	0.187219	0.880000
798	0.604984	0.035625	0.104641	0.880000
799	0.602692	-0.097666	0.073812	0.880000
800	0.584365	0.056092	-0.183291	0.880000
801	0.586670	-0.177652	0.049833	0.880000
802	0.595093	-0.074979	-0.135895	0.880000
803	0.599169	0.027864	0.135815	0.880000
804	0.600213	0.133210	0.014978	0.880000
805	0.548926	0.276690	-0.018651	0.880000
806	0.598274	0.130501	-0.057125	0.880000
807	0.566815	0.185350	-0.150303	0.880000
808	0.520983	0.237466	0.224526	0.880000
809	0.584261	-0.159555	-0.106797	0.880000
810	0.573286	-0.210043	-0.073828	0.880000
811	0.584210	-0.189984	-0.028799	0.880000
812	0.570233	-0.172961	-0.152131	0.880000
813	0.614798	0.009775	0.012384	0.880000
814	0.609431	0.038461	-0.073072	0.880000
815	0.595487	-0.007800	-0.153491	0.880000
816	0.576245	-0.132726	-0.168967	0.880000
817	0.588757	0.132165	0.118841	0.880000
818	0.579519	-0.117152	-0.169287	0.880000
819	0.471612	-0.142876	0.367959	0.880000
820	0.610555	-0.073679	0.004355	0.880000
821	0.595926	-0.093930	-0.119476	0.880000
822	0.563436	0.034529	0.244075	0.880000
823	0.608332	0.041026	-0.080461	0.880000
824	0.544724	0.110181	-0.263365	0.880000
825	0.597782	0.053252	-0.134335	0.880000
826	0.583574	-0.060365	0.184453	0.880000
827	0.582095	-0.161628	0.115180	0.880000
828	0.487846	-0.205962	-0.312747	0.880000
829	0.606576	0.067956	-0.075320	0.880000
830	0.585674	0.159141	0.099422	0.880000
831	0.601892	0.113182	0.056039	0.880000
832	0.614474	0.009379	0.023629	0.880000
833	0.610711	-0.057883	-0.043667	0.880000
834	0.525412	-0.085666	0.307942	0.880000
835	0.509165	-0.341070	0.051451	0.880000
836	0.548639	-0.273239	-0.050610	0.880000
837	0.577715	-0.093488	-0.189026	0.880000
838	0.514716	0.261665	0.211716	0.880000
839	0.591944	0.124673	0.110830	0.880000
840	0.600907	-0.048188	0.121710	0.880000
841	0.583427	-0.094597	0.169969	0.880000
842	0.610729	-0.059184	0.041628	0.880000
843	0.463702	-0.399418	-0.060585	0.880000
844	0.605518	-0.062114	0.087837	0.880000
845	0.612119	-0.012714	0.058078	0.880000
846	0.603189	-0.019679	0.118323	0.880000
847	0.581927	-0.050961	-0.192326	0.880000
848	0.590078	0.044257	0.167553	0.880000
849	0.473684	-0.257607	0.295783	0.880000
850	0.519050	0.176857	0.278448	0.880000
