1	0.593909	-0.156753	0.030420	2.600000
2	0.570780	-0.091400	0.209954	2.600000
3	0.589548	0.164990	-0.058615	2.600000
4	0.611150	0.061299	0.031034	2.600000
5	0.562483	-0.127300	0.213617	2.600000
6	0.567200	-0.174355	0.161585	2.600000
7	0.528575	-0.254770	-0.184190	2.600000
8	0.454604	-0.356361	0.211110	2.600000
9	0.582530	-0.156524	-0.119934	2.600000
10	0.583391	-0.181990	0.068991	2.600000
11	0.577224	-0.055822	-0.204748	2.600000
12	0.585457	0.154166	-0.108159	2.600000
13	0.602888	-0.061764	0.104574	2.600000
14	0.595974	0.123229	-0.088626	2.600000
15	0.611543	-0.064721	0.007205	2.600000
16	0.567424	-0.181397	0.152809	2.600000
17	0.565020	-0.242470	-0.013628	2.600000
18	0.605646	-0.083325	0.066896	2.600000
19	0.597036	-0.043908	-0.140874	2.600000
20	0.611401	-0.047283	0.046666	2.600000
21	0.567832	0.209463	0.109164	2.600000
22	0.607514	-0.085779	-0.042349	2.600000
23	0.585045	-0.188735	0.018056	2.600000
24	0.598493	-0.136142	-0.038690	2.600000
25	0.607843	0.032291	-0.087804	2.600000
26	0.611388	-0.058623	0.031509	2.600000
27	0.567176	0.085343	-0.221929	2.600000
28	0.533774	-0.174083	-0.251010	2.600000
29	0.605483	0.107311	0.009963	2.600000
30	0.545901	0.283210	-0.002988	2.600000
31	0.605861	-0.091448	-0.052868	2.600000
32	0.594102	0.096391	0.126399	2.600000
33	0.610178	0.055710	0.052957	2.600000
34	0.598635	0.024020	0.138869	2.600000
35	0.582887	0.024084	0.194649	2.600000
36	0.580746	-0.158028	0.126435	2.600000
37	0.597741	-0.077474	-0.122181	2.600000
38	0.558661	0.024177	-0.256006	2.600000
39	0.605494	0.106382	-0.016892	2.600000
40	0.592752	0.084245	-0.140615	2.600000
41	0.592694	-0.131189	-0.098633	2.600000
42	0.520076	0.233283	0.230922	2.600000
43	0.571386	0.203714	-0.101213	2.600000
44	0.594257	0.108977	0.114925	2.600000
45	0.513646	0.137275	0.309110	2.600000
46	0.487853	-0.361593	-0.097343	2.600000
47	0.608017	0.063678	-0.066971	2.600000
48	0.596912	-0.101015	-0.108244	2.600000
49	0.582346	-0.195052	-0.032444	2.600000
50	0.549225	0.056866	-0.270819	2.600000
51	0.570328	0.104118	0.205208	2.600000
52	0.582237	0.062238	0.188020	2.600000
53	0.572183	0.206882	0.089619	2.600000
54	0.548519	0.270227	0.065796	2.600000
55	0.570403	0.212575	0.087619	2.600000
56	0.602131	0.041269	-0.118153	2.600000
57	0.591216	-0.167148	-0.027383	2.600000
58	0.610690	0.028055	0.067053	2.600000
59	0.612647	-0.016081	-0.051289	2.600000
60	0.521046	0.287246	0.155646	2.600000
61	0.561441	0.237403	-0.081544	2.600000
62	0.614845	0.006544	-0.012157	2.600000
63	0.567932	-0.180074	0.152483	2.600000
64	0.510021	-0.154399	0.307025	2.600000
65	0.614993	0.002790	-0.000523	2.600000
66	0.509125	-0.337019	-0.073725	2.600000
67	0.594883	0.057895	-0.144869	2.600000
68	0.604677	0.107043	-0.033653	2.600000
69	0.536677	0.289643	0.079435	2.600000
70	0.590907	0.145088	0.089460	2.600000
71	0.601808	-0.123303	0.029128	2.600000
72	0.515759	-0.188335	-0.277032	2.600000
73	0.577537	0.051723	0.204942	2.600000
74	0.593122	0.027098	0.160305	2.600000
75	0.587784	0.160403	0.083704	2.600000
76	0.588955	0.170628	-0.047357	2.600000
77	0.596490	-0.105269	-0.106501	2.600000
78	0.581939	0.033411	-0.196102	2.600000
79	0.609518	0.070484	0.041772	2.600000
80	0.607780	0.068630	0.064174	2.600000
81	0.569893	0.221917	0.064808	2.600000
82	0.606682	-0.040702	0.092222	2.600000
83	0.596218	0.011461	0.150392	2.600000
84	0.606461	-0.077688	0.066296	2.600000
85	0.600704	0.131444	0.010087	2.600000
86	0.591858	-0.096756	-0.136261	2.600000
87	0.571794	-0.166159	-0.153842	2.600000
88	0.598161	0.046600	0.135119	2.600000
89	0.542851	0.108445	-0.267914	2.600000
90	0.418712	0.083243	-0.442692	2.600000
91	0.600325	0.087147	-0.101193	2.600000
92	0.580485	-0.128523	0.157301	2.600000
93	0.593950	-0.017933	0.158513	2.600000
94	0.612000	0.042230	0.043567	2.600000
95	0.611777	0.054058	-0.032121	2.600000
96	0.609788	-0.063868	-0.048011	2.600000
97	0.607635	-0.077386	0.054918	2.600000
98	0.591631	0.159213	0.053373	2.600000
99	0.555857	0.259622	0.042954	2.600000
100	0.581457	-0.118187	-0.161754	2.600000
101	0.589080	-0.126072	-0.123757	2.600000
102	0.614942	-0.007730	0.003326	2.600000
103	0.602753	-0.121719	0.009881	2.600000
104	0.599062	-0.074963	-0.117176	2.600000
105	0.549713	0.231319	-0.150107	2.600000
106	0.608066	-0.069135	-0.060835	2.600000
107	0.561903	-0.183092	0.170197	2.600000
108	0.614314	0.006529	0.028289	2.600000
109	0.575323	-0.112872	-0.185710	2.600000
110	0.479423	-0.153944	-0.353100	2.600000
111	0.438220	-0.317811	-0.291864	2.600000
112	0.561421	-0.085339	-0.236112	2.600000
113	0.589641	0.098171	-0.144607	2.600000
114	0.608574	-0.037682	0.080266	2.600000
115	0.600477	0.003438	-0.132816	2.600000
116	0.612890	0.049948	-0.009808	2.600000
117	0.459960	-0.284633	-0.292653	2.600000
118	0.563050	-0.154464	0.193237	2.600000
119	0.604455	0.111498	-0.020687	2.600000
120	0.583758	0.104151	0.163109	2.600000
121	0.611484	0.064991	-0.009429	2.600000
122	0.594889	-0.101470	0.118474	2.600000
123	0.614057	-0.005091	-0.033669	2.600000
124	0.609844	-0.077936	-0.015550	2.600000
125	0.566843	-0.123516	0.204103	2.600000
126	0.598250	0.114226	-0.085288	2.600000
127	0.592747	-0.158995	0.039961	2.600000
128	0.598111	-0.026067	-0.140742	2.600000
129	0.613973	-0.001631	-0.035491	2.600000
130	0.596115	-0.098022	0.115168	2.600000
131	0.559974	-0.120316	0.224004	2.600000
132	0.586401	-0.012726	-0.184925	2.600000
133	0.579325	-0.158194	0.132596	2.600000
134	0.614356	0.026697	-0.008887	2.600000
135	0.556237	0.244737	0.094496	2.600000
136	0.609502	-0.055707	0.060246	2.600000
137	0.606035	-0.101656	-0.024743	2.600000
138	0.601064	-0.104070	0.078208	2.600000
139	0.569192	0.205662	0.109312	2.600000
140	0.604586	0.036897	0.106485	2.600000
141	0.550815	-0.021455	0.272705	2.600000
142	0.523461	-0.082570	-0.312083	2.600000
143	0.594329	0.150199	0.049382	2.600000
144	0.601444	0.128241	0.006687	2.600000
145	0.596761	-0.095863	0.113630	2.600000
146	0.511198	0.339643	-0.039292	2.600000
147	0.543438	0.287587	0.013927	2.600000
148	0.558025	0.239206	-0.098049	2.600000
149	0.601237	-0.030944	0.125623	2.600000
150	0.587808	0.084935	-0.159664	2.600000
151	0.575537	0.150696	-0.155796	2.600000
152	0.608687	-0.076579	-0.043142	2.600000
153	0.609684	0.079578	-0.013346	2.600000
154	0.571602	0.218560	0.061053	2.600000
155	0.597014	0.020954	0.146150	2.600000
156	0.573489	0.220429	-0.027327	2.600000
157	0.545715	0.281213	0.036599	2.600000
158	0.609280	0.083324	0.007718	2.600000
159	0.591691	-0.160100	-0.049947	2.600000
160	0.605515	0.106527	-0.015141	2.600000
161	0.599371	0.137153	0.012971	2.600000
162	0.613545	-0.028249	-0.031453	2.600000
163	0.573467	0.193655	0.108897	2.600000
164	0.555748	0.251813	0.077198	2.600000
165	0.583740	0.089874	0.171450	2.600000
166	0.606346	0.092301	0.045274	2.600000
167	0.610215	-0.027491	-0.071463	2.600000
168	0.611501	-0.024012	-0.060950	2.600000
169	0.608739	0.087510	0.001904	2.600000
170	0.578813	0.185717	0.093323	2.600000
171	0.472572	0.295474	0.259993	2.600000
172	0.581881	-0.085543	0.179782	2.600000
173	0.598980	-0.102121	0.094968	2.600000
174	0.591881	0.061290	0.155389	2.600000
175	0.600042	-0.059768	-0.120841	2.600000
176	0.558562	-0.091255	-0.240636	2.600000
177	0.556150	0.236044	-0.114917	2.600000
178	0.613418	-0.023255	0.037452	2.600000
179	0.605695	0.000215	0.106578	2.600000
180	0.611267	-0.031004	0.060136	2.600000
181	0.525271	-0.071881	-0.311686	2.600000
182	0.610354	0.035409	-0.066624	2.600000
183	0.609356	-0.040795	0.072433	2.600000
184	0.600171	0.024144	0.132050	2.600000
185	0.590681	0.120135	0.122019	2.600000
186	0.560710	0.026303	-0.251271	2.600000
187	0.610757	0.050144	-0.051833	2.600000
188	0.613909	0.009186	-0.035448	2.600000
189	0.604900	0.048227	-0.099977	2.600000
190	0.614811	-0.001570	-0.015161	2.600000
191	0.612744	-0.040705	0.033368	2.600000
192	0.609306	0.007505	-0.083157	2.600000
193	0.614659	0.020448	-0.000791	2.600000
194	0.568266	-0.007557	-0.235036	2.600000
195	0.598214	0.086045	0.113849	2.600000
196	0.612277	0.047036	0.033605	2.600000
197	0.607313	0.096815	0.004709	2.600000
198	0.555572	-0.199336	-0.172712	2.600000
199	0.582840	-0.194233	-0.028206	2.600000
200	0.579881	-0.199744	-0.045453	2.600000
201	0.610226	0.073413	-0.021431	2.600000
202	0.561857	0.156291	-0.195230	2.600000
203	0.560621	0.198085	-0.157136	2.600000
204	0.603165	-0.118919	0.016587	2.600000
205	0.597191	0.133375	0.061640	2.600000
206	0.600539	-0.010389	-0.132172	2.600000
207	0.596432	0.062772	-0.136212	2.600000
208	0.562703	-0.242789	-0.051421	2.600000
209	0.595385	0.149424	0.037601	2.600000
210	0.611155	-0.057669	0.037267	2.600000
211	0.583665	0.123996	-0.148948	2.600000
212	0.578795	0.201952	0.049361	2.600000
213	0.604468	-0.111309	-0.021310	2.600000
214	0.496168	0.185764	0.312304	2.600000
215	0.566569	0.218923	0.096426	2.600000
216	0.610326	0.036427	-0.066337	2.600000
217	0.604845	0.046057	0.101325	2.600000
218	0.609834	-0.077857	-0.016288	2.600000
219	0.605952	-0.075388	0.073237	2.600000
220	0.608970	-0.082371	-0.024400	2.600000
221	0.598560	-0.140552	0.014011	2.600000
222	0.535769	-0.147362	0.263556	2.600000
223	0.610157	-0.006817	-0.076724	2.600000
224	0.583710	0.010411	-0.193389	2.600000
225	0.613147	-0.036963	0.030151	2.600000
226	0.587670	-0.156297	0.091871	2.600000
227	0.611307	-0.029835	0.060326	2.600000
228	0.589832	0.121510	0.124732	2.600000
229	0.612056	-0.051355	0.031230	2.600000
230	0.597710	0.012357	0.144275	2.600000
231	0.539981	-0.179600	0.233217	2.600000
232	0.614218	0.030245	-0.006838	2.600000
233	0.566795	0.028288	0.236999	2.600000
234	0.603016	0.049013	-0.110428	2.600000
235	0.604907	-0.054313	0.096759	2.600000
236	0.544627	-0.249366	0.139365	2.600000
237	0.608884	-0.038787	0.077336	2.600000
238	0.610061	-0.053006	0.056932	2.600000
239	0.605797	-0.090658	0.054921	2.600000
240	0.569925	-0.053797	0.224759	2.600000
241	0.600907	0.043080	-0.123611	2.600000
242	0.591122	-0.053835	-0.160939	2.600000
243	0.578128	0.208535	-0.022494	2.600000
244	0.589858	-0.024288	0.172346	2.600000
245	0.601098	-0.097387	-0.086149	2.600000
246	0.609988	0.073327	-0.027622	2.600000
247	0.578444	0.194154	0.077020	2.600000
248	0.605459	-0.097626	-0.045968	2.600000
249	0.529750	-0.155593	0.270889	2.600000
250	0.595732	-0.004936	-0.152656	2.600000
251	0.610523	-0.058684	0.045202	2.600000
252	0.608076	0.008096	0.091667	2.600000
253	0.599148	-0.130547	0.046947	2.600000
254	0.604182	0.074998	0.086977	2.600000
255	0.608040	0.092001	0.006981	2.600000
256	0.577695	0.166258	0.129816	2.600000
257	0.610347	0.055913	0.050743	2.600000
258	0.594603	0.025782	0.154943	2.600000
259	0.586265	0.086127	0.164621	2.600000
260	0.591226	-0.095394	-0.139916	2.600000
261	0.599026	-0.025439	0.136914	2.600000
262	0.559371	-0.227858	0.115803	2.600000
263	0.613241	0.045496	0.009542	2.600000
264	0.611636	-0.012360	0.063033	2.600000
265	0.519795	0.309573	0.110467	2.600000
266	0.606873	0.083266	-0.054748	2.600000
267	0.596426	0.149283	0.014683	2.600000
268	0.512328	-0.060587	0.334775	2.600000
269	0.576832	0.012338	0.212927	2.600000
270	0.613346	0.009865	0.043982	2.600000
271	0.608753	-0.066631	-0.056614	2.600000
272	0.592231	0.150448	-0.069666	2.600000
273	0.551618	0.262673	-0.070320	2.600000
274	0.595117	0.118753	0.099795	2.600000
275	0.606861	-0.079087	0.060750	2.600000
276	0.594300	-0.157871	0.010458	2.600000
277	0.604475	0.042768	0.104910	2.600000
278	0.611837	-0.042616	-0.045434	2.600000
279	0.585578	-0.137666	0.127950	2.600000
280	0.606591	0.018123	-0.099720	2.600000
281	0.609885	0.002658	-0.079112	2.600000
282	0.608481	0.075876	-0.047096	2.600000
283	0.593021	0.155331	-0.049226	2.600000
284	0.609388	0.009794	0.082315	2.600000
285	0.601786	-0.000824	-0.126797	2.600000
286	0.590258	0.077785	0.154174	2.600000
287	0.584640	-0.102112	-0.161226	2.600000
288	0.588135	0.090462	0.155367	2.600000
289	0.611183	0.049045	-0.047692	2.600000
290	0.588618	0.177456	0.016203	2.600000
291	0.578275	-0.191198	-0.085246	2.600000
292	0.595858	0.145282	0.045508	2.600000
293	0.614507	0.020989	-0.012849	2.600000
294	0.604517	-0.060730	-0.095376	2.600000
295	0.608018	-0.058911	-0.071195	2.600000
296	0.601983	-0.112977	0.055472	2.600000
297	0.604471	0.067855	0.090748	2.600000
298	0.606306	0.090404	-0.049454	2.600000
299	0.613864	-0.032928	0.017672	2.600000
300	0.610834	-0.047071	-0.053770	2.600000
301	0.593170	0.151463	-0.058596	2.600000
302	0.567987	0.000249	0.235829	2.600000
303	0.599431	0.124528	0.058309	2.600000
304	0.556254	-0.253337	-0.068022	2.600000
305	0.584580	-0.190869	-0.007737	2.600000
306	0.608642	-0.025172	0.084534	2.600000
307	0.612474	0.054317	-0.012247	2.600000
308	0.591610	0.152794	-0.069836	2.600000
309	0.610272	0.074676	-0.014707	2.600000
310	0.610795	0.070106	0.015481	2.600000
311	0.582953	-0.079737	0.178976	2.600000
312	0.599204	0.052280	-0.128241	2.600000
313	0.570125	-0.217933	-0.075418	2.600000
314	0.537823	0.128077	-0.269385	2.600000
315	0.541613	-0.107378	-0.270833	2.600000
316	0.583975	-0.079121	-0.175891	2.600000
317	0.571261	0.199532	0.109879	2.600000
318	0.587451	0.021172	-0.180770	2.600000
319	0.610697	-0.013517	-0.071358	2.600000
320	0.587321	0.069158	0.168808	2.600000
321	0.614771	0.016735	0.001260	2.600000
322	0.554307	-0.101126	0.246459	2.600000
323	0.595974	0.139798	-0.059133	2.600000
324	0.490077	0.341614	-0.146117	2.600000
325	0.574245	-0.131272	0.176735	2.600000
326	0.524112	-0.076304	0.312584	2.600000
327	0.588929	-0.175399	0.024952	2.600000
328	0.546516	-0.278882	-0.042072	2.600000
329	0.502818	-0.338625	0.103599	2.600000
330	0.585252	-0.038723	0.184946	2.600000
331	0.590070	0.165828	-0.050432	2.600000
332	0.610986	-0.002689	-0.070103	2.600000
333	0.611335	-0.052403	0.041820	2.600000
334	0.612444	0.031805	0.046108	2.600000
335	0.605269	-0.093605	-0.055791	2.600000
336	0.546709	-0.250974	-0.127853	2.600000
337	0.583323	-0.189797	0.043999	2.600000
338	0.610278	-0.067441	0.035178	2.600000
339	0.569790	-0.034206	-0.228899	2.600000
340	0.614821	0.007677	-0.012716	2.600000
341	0.607453	-0.053936	0.079481	2.600000
342	0.582404	0.061320	0.187804	2.600000
343	0.605659	0.054590	0.091769	2.600000
344	0.602276	0.068479	-0.103922	2.600000
345	0.591361	0.144877	0.086763	2.600000
346	0.583263	0.151103	0.123279	2.600000
347	0.606002	0.017262	0.103386	2.600000
348	0.602307	0.095763	-0.079251	2.600000
349	0.558853	-0.185434	0.177545	2.600000
350	0.610962	-0.069090	0.013326	2.600000
351	0.609190	-0.021223	0.081625	2.600000
352	0.605108	-0.050120	0.097759	2.600000
353	0.553281	-0.129484	0.235243	2.600000
354	0.568027	0.088222	-0.218603	2.600000
355	0.577896	0.079636	-0.194728	2.600000
356	0.562008	0.248791	-0.021807	2.600000
357	0.593507	0.158821	0.027392	2.600000
358	0.613677	0.039959	0.005415	2.600000
359	0.611394	0.041351	0.052084	2.600000
360	0.605729	0.080688	0.069327	2.600000
361	0.597144	-0.105858	0.102168	2.600000
362	0.608014	-0.085875	0.034202	2.600000
363	0.613741	-0.018879	-0.034502	2.600000
364	0.606866	0.079858	-0.059681	2.600000
365	0.610191	-0.018996	0.074368	2.600000
366	0.613533	0.022814	0.035802	2.600000
367	0.613569	-0.038829	-0.015828	2.600000
368	0.597893	0.143778	-0.008787	2.600000
369	0.608032	0.091966	0.008032	2.600000
370	0.609268	-0.065206	0.052593	2.600000
371	0.592289	-0.158982	-0.046297	2.600000
372	0.614116	0.006442	0.032326	2.600000
373	0.603107	-0.082632	0.087514	2.600000
374	0.607276	-0.061036	-0.075600	2.600000
375	0.514820	0.258305	0.215555	2.600000
376	0.605789	0.012386	-0.105317	2.600000
377	0.610910	-0.070254	-0.008880	2.600000
378	0.610441	0.002655	0.074699	2.600000
379	0.614919	0.009983	-0.000198	2.600000
380	0.601772	-0.126018	-0.014643	2.600000
381	0.607060	0.096222	-0.021074	2.600000
382	0.531966	0.170657	0.257125	2.600000
383	0.609328	0.082175	-0.013835	2.600000
384	0.593602	0.082684	0.137932	2.600000
385	0.601966	0.123862	-0.022800	2.600000
386	0.609918	0.013430	0.077745	2.600000
387	0.600469	-0.046175	0.124618	2.600000
388	0.611141	0.061952	-0.029898	2.600000
389	0.599580	0.098224	0.095297	2.600000
390	0.611869	-0.054764	0.029017	2.600000
391	0.611162	0.016189	-0.066663	2.600000
392	0.605613	0.070814	-0.080273	2.600000
393	0.608105	0.055083	0.073476	2.600000
394	0.566626	-0.226867	-0.075441	2.600000
395	0.597420	-0.045780	0.138630	2.600000
396	0.610411	-0.016164	0.073223	2.600000
397	0.613775	-0.009224	0.037679	2.600000
398	0.608258	-0.026465	-0.086872	2.600000
399	0.611121	-0.040758	-0.055628	2.600000
400	0.599185	-0.138138	-0.010986	2.600000
401	0.587064	-0.027619	-0.181158	2.600000
402	0.562485	-0.082562	-0.234561	2.600000
403	0.563646	-0.242604	0.040887	2.600000
404	0.607776	0.013369	0.093029	2.600000
405	0.590089	0.133622	-0.110294	2.600000
406	0.590205	0.168946	-0.036604	2.600000
407	0.564177	0.147532	0.195354	2.600000
408	0.595944	0.090917	0.121694	2.600000
409	0.604074	0.077489	0.085532	2.600000
410	0.594507	0.025384	-0.155375	2.600000
411	0.582804	-0.168650	-0.100608	2.600000
412	0.589078	-0.018965	-0.175648	2.600000
413	0.611998	-0.015099	0.058784	2.600000
414	0.609098	-0.020253	-0.082552	2.600000
415	0.564668	-0.063614	-0.235221	2.600000
416	0.585166	0.054948	0.181072	2.600000
417	0.614495	-0.024903	0.000465	2.600000
418	0.489356	0.159207	-0.336762	2.600000
419	0.543682	-0.270500	-0.097286	2.600000
420	0.502886	-0.221010	-0.276559	2.600000
421	0.589060	-0.038626	-0.172456	2.600000
422	0.608051	0.087351	0.029474	2.600000
423	0.578215	0.072054	0.196725	2.600000
424	0.578534	0.172752	0.116962	2.600000
425	0.576631	0.211799	-0.029375	2.600000
426	0.553378	0.091666	-0.252181	2.600000
427	0.582312	0.195534	-0.030068	2.600000
428	0.582824	0.117463	-0.157300	2.600000
429	0.601677	0.061177	0.111655	2.600000
430	0.583808	-0.025720	0.191655	2.600000
431	0.604606	-0.108455	-0.030227	2.600000
432	0.595757	-0.147902	0.037728	2.600000
433	0.542982	-0.254687	-0.136126	2.600000
434	0.567908	-0.234411	0.027512	2.600000
435	0.603819	0.113246	0.028344	2.600000
436	0.611042	0.069440	0.005583	2.600000
437	0.601233	0.115022	0.059276	2.600000
438	0.583646	-0.153903	0.117881	2.600000
439	0.556008	-0.100463	0.242872	2.600000
440	0.570877	-0.220143	-0.062141	2.600000
441	0.555785	-0.260450	0.038647	2.600000
442	0.574630	-0.203510	0.081296	2.600000
443	0.562087	-0.113883	0.222068	2.600000
444	0.586383	-0.081871	-0.166365	2.600000
445	0.600150	0.083711	-0.105059	2.600000
446	0.613557	-0.040354	0.012021	2.600000
447	0.567588	0.031599	0.234670	2.600000
448	0.588403	0.178225	-0.015587	2.600000
449	0.612026	0.044708	0.040621	2.600000
450	0.613712	-0.004396	-0.039542	2.600000
451	0.609574	-0.064413	0.049950	2.600000
452	0.478628	0.051614	0.382723	2.600000
453	0.614316	0.017110	0.023414	2.600000
454	0.610366	-0.008714	-0.074850	2.600000
455	0.606930	0.046515	0.087735	2.600000
456	0.599377	-0.134546	-0.029487	2.600000
457	0.609493	-0.058592	-0.057531	2.600000
458	0.613237	-0.039504	0.024605	2.600000
459	0.612534	0.046253	0.029792	2.600000
460	0.603735	0.056065	0.102889	2.600000
461	0.549358	0.006984	0.276373	2.600000
462	0.578257	0.094753	-0.186722	2.600000
463	0.542333	0.061712	-0.283358	2.600000
464	0.579993	0.194802	-0.062332	2.600000
465	0.596337	0.129544	-0.076329	2.600000
466	0.611547	0.064472	-0.008890	2.600000
467	0.569128	0.123980	-0.197350	2.600000
468	0.608068	0.067996	0.062091	2.600000
469	0.612017	-0.059411	0.011447	2.600000
470	0.601915	-0.118171	0.044253	2.600000
471	0.609108	-0.010137	0.084321	2.600000
472	0.598703	-0.102694	-0.096094	2.600000
473	0.592940	-0.012281	-0.162778	2.600000
474	0.611618	0.006469	0.064082	2.600000
475	0.608245	0.012639	-0.090017	2.600000
476	0.600941	0.059572	0.116388	2.600000
477	0.596727	0.125497	0.079954	2.600000
478	0.608926	-0.031107	-0.080412	2.600000
479	0.614079	0.033314	-0.004686	2.600000
480	0.611529	-0.065160	0.003318	2.600000
481	0.610688	-0.042746	0.058807	2.600000
482	0.582041	-0.181887	-0.079813	2.600000
483	0.599220	-0.119867	-0.069222	2.600000
484	0.611331	-0.066389	-0.009558	2.600000
485	0.597038	0.091497	0.115755	2.600000
486	0.532116	0.073132	0.299549	2.600000
487	0.611528	-0.037417	0.053463	2.600000
488	0.551826	0.222599	0.155443	2.600000
489	0.578275	0.022239	0.208156	2.600000
490	0.600307	-0.018359	0.132359	2.600000
491	0.594100	-0.140758	0.073871	2.600000
492	0.582847	0.118460	-0.156464	2.600000
493	0.591876	0.102818	-0.131669	2.600000
494	0.602228	0.041051	0.117734	2.600000
495	0.608643	0.043301	-0.076833	2.600000
496	0.589392	-0.036924	-0.171695	2.600000
497	0.613031	-0.031720	-0.037577	2.600000
498	0.568774	-0.057122	0.226844	2.600000
499	0.610051	0.077839	0.001877	2.600000
500	0.600485	0.132786	0.003185	2.600000
501	0.610699	0.072226	0.007383	2.600000
502	0.606962	0.008887	0.098707	2.600000
503	0.608780	0.049654	0.071737	2.600000
504	0.607811	0.059016	0.072854	2.600000
505	0.608736	-0.081918	0.030902	2.600000
506	0.520225	-0.080874	-0.317884	2.600000
507	0.594140	-0.032225	0.155513	2.600000
508	0.610115	-0.074101	0.022218	2.600000
509	0.609710	-0.074492	0.030483	2.600000
510	0.576022	-0.209910	0.048590	2.600000
511	0.553241	-0.058985	-0.262049	2.600000
512	0.599352	-0.101938	-0.092796	2.600000
513	0.612550	0.034519	-0.042607	2.600000
514	0.608779	0.076118	-0.042646	2.600000
515	0.600001	-0.011206	-0.134531	2.600000
516	0.581546	0.177155	-0.092979	2.600000
517	0.611755	-0.033386	0.053532	2.600000
518	0.597525	-0.127903	0.069498	2.600000
519	0.609236	-0.059391	0.059410	2.600000
520	0.589002	0.111459	-0.137401	2.600000
521	0.612830	0.036540	0.036459	2.600000
522	0.609952	0.056905	0.054270	2.600000
523	0.571468	-0.005475	0.227198	2.600000
524	0.591758	-0.136151	-0.097523	2.600000
525	0.559015	-0.241749	0.085348	2.600000
526	0.592226	-0.165812	-0.000638	2.600000
527	0.566368	-0.236819	-0.037005	2.600000
528	0.606875	-0.068105	-0.072730	2.600000
529	0.604914	-0.053835	-0.096983	2.600000
530	0.581385	0.200336	-0.009043	2.600000
531	0.606615	0.027736	0.097335	2.600000
532	0.612725	0.014586	0.050792	2.600000
533	0.607717	-0.091212	-0.024198	2.600000
534	0.563449	-0.048263	-0.241704	2.600000
535	0.520687	-0.035610	-0.325334	2.600000
536	0.517317	-0.136664	-0.303201	2.600000
537	0.573567	-0.013430	-0.221507	2.600000
538	0.606720	0.031314	-0.095581	2.600000
539	0.530686	0.052792	0.306285	2.600000
540	0.583022	0.158430	0.114934	2.600000
541	0.602846	-0.057935	0.106980	2.600000
542	0.610858	0.050030	0.050745	2.600000
543	0.594513	0.122690	0.098619	2.600000
544	0.606926	0.013614	-0.098390	2.600000
545	0.582263	-0.195783	0.029395	2.600000
546	0.586944	-0.123305	0.136079	2.600000
547	0.520945	-0.175628	0.275674	2.600000
548	0.611640	-0.030427	-0.056528	2.600000
549	0.551459	-0.194671	-0.190320	2.600000
550	0.590018	-0.147924	0.090676	2.600000
551	0.607831	0.048496	-0.080088	2.600000
552	0.612875	-0.023552	0.045332	2.600000
553	0.598387	0.090230	0.109620	2.600000
554	0.593861	0.063185	0.146840	2.600000
555	0.605627	-0.056573	0.090775	2.600000
556	0.614024	0.000602	-0.034625	2.600000
557	0.568063	-0.127191	-0.198374	2.600000
558	0.574814	-0.076852	0.204713	2.600000
559	0.580402	-0.169140	0.112916	2.600000
560	0.609592	-0.051266	-0.063198	2.600000
561	0.613806	-0.037709	-0.006724	2.600000
562	0.576179	-0.206870	0.058716	2.600000
563	0.571220	0.227608	-0.011272	2.600000
564	0.567779	0.192196	0.137525	2.600000
565	0.612877	0.009500	-0.050168	2.600000
566	0.568862	-0.019951	0.232857	2.600000
567	0.569837	0.188932	-0.133477	2.600000
568	0.592162	0.119020	-0.115771	2.600000
569	0.613396	-0.013182	-0.042383	2.600000
570	0.550672	-0.179158	0.207095	2.600000
571	0.586864	0.020529	-0.182742	2.600000
572	0.612312	0.056740	0.008900	2.600000
573	0.604192	0.015242	0.113775	2.600000
574	0.601940	-0.022683	0.124010	2.600000
575	0.604248	-0.048119	0.103892	2.600000
576	0.604298	0.001468	-0.114224	2.600000
577	0.606547	0.021440	-0.099331	2.600000
578	0.599512	0.054190	-0.125991	2.600000
579	0.592357	0.121771	-0.111847	2.600000
580	0.585282	0.145384	-0.120554	2.600000
581	0.599733	-0.037043	-0.131046	2.600000
582	0.596399	-0.144656	-0.040095	2.600000
583	0.581412	0.086502	0.180840	2.600000
584	0.602448	-0.087256	-0.087563	2.600000
585	0.592635	-0.042491	-0.158756	2.600000
586	0.599806	0.097041	-0.095081	2.600000
587	0.610910	0.039505	-0.058762	2.600000
588	0.585008	0.027275	0.187740	2.600000
589	0.549362	0.275335	-0.024839	2.600000
590	0.600544	0.123933	-0.047040	2.600000
591	0.613902	-0.010454	0.035209	2.600000
592	0.604835	-0.098493	0.051947	2.600000
593	0.564434	-0.145649	-0.196026	2.600000
594	0.544218	-0.066170	-0.278699	2.600000
595	0.559341	0.255650	0.002492	2.600000
596	0.536554	0.299903	-0.019823	2.600000
597	0.614074	0.021264	0.026182	2.600000
598	0.614037	-0.030388	-0.016130	2.600000
599	0.557981	0.022877	0.257603	2.600000
600	0.543140	-0.080290	0.277088	2.600000
601	0.594017	0.092617	0.129579	2.600000
602	0.611780	0.002826	-0.062788	2.600000
603	0.591273	0.148252	0.081503	2.600000
604	0.613734	0.032350	0.022562	2.600000
605	0.595086	-0.000208	-0.155233	2.600000
606	0.568831	-0.189757	-0.136559	2.600000
607	0.606439	-0.100757	-0.017454	2.600000
608	0.614507	-0.017828	-0.016981	2.600000
609	0.606874	0.025643	0.096287	2.600000
610	0.610676	-0.020181	0.069946	2.600000
611	0.599549	0.114392	-0.075368	2.600000
612	0.604752	-0.097151	0.055327	2.600000
613	0.612097	0.001330	-0.059672	2.600000
614	0.604349	0.103295	0.048140	2.600000
615	0.534238	-0.279676	0.120816	2.600000
616	0.609082	-0.077320	-0.035580	2.600000
617	0.579256	-0.173106	0.112793	2.600000
618	0.605161	-0.074741	-0.080122	2.600000
619	0.587071	-0.075413	-0.166990	2.600000
620	0.614790	0.016078	-0.000279	2.600000
621	0.598714	0.120144	0.073016	2.600000
622	0.607993	0.053654	0.075440	2.600000
623	0.602779	0.036309	-0.116463	2.600000
624	0.604483	-0.056515	-0.098139	2.600000
625	0.598670	-0.140449	0.009682	2.600000
626	0.607312	-0.069250	-0.067837	2.600000
627	0.605641	-0.057035	-0.090391	2.600000
628	0.606519	0.091001	0.045587	2.600000
629	0.612190	0.045994	0.036517	2.600000
630	0.564792	-0.141987	0.197674	2.600000
631	0.572475	-0.108103	-0.197006	2.600000
632	0.479646	-0.380539	-0.057921	2.600000
633	0.527246	-0.293952	-0.117594	2.600000
634	0.602343	-0.042088	-0.116778	2.600000
635	0.600792	-0.028334	0.128338	2.600000
636	0.581474	0.196154	0.040460	2.600000
637	0.614906	0.010146	0.003637	2.600000
638	0.611565	-0.046937	0.044840	2.600000
639	0.600491	0.132787	-0.001840	2.600000
640	0.570211	0.213074	-0.087661	2.600000
641	0.540061	0.255729	-0.145472	2.600000
642	0.592649	0.139267	0.087158	2.600000
643	0.568550	-0.198576	0.124673	2.600000
644	0.552471	-0.248792	-0.105371	2.600000
645	0.609041	-0.002536	-0.085369	2.600000
646	0.586657	-0.096258	0.157457	2.600000
647	0.587116	-0.175521	0.052075	2.600000
648	0.561435	-0.112865	-0.224226	2.600000
649	0.611691	-0.014049	-0.062145	2.600000
650	0.586690	0.174266	0.060422	2.600000
651	0.607966	0.075281	0.054172	2.600000
652	0.573353	-0.216101	-0.052834	2.600000
653	0.579934	0.029313	0.202588	2.600000
654	0.576007	-0.211472	-0.041485	2.600000
655	0.606025	-0.058243	0.086987	2.600000
656	0.573953	-0.108601	0.192378	2.600000
657	0.598355	-0.022094	-0.140386	2.600000
658	0.594864	-0.078035	0.135177	2.600000
659	0.610852	0.070338	0.011720	2.600000
660	0.613796	-0.031778	-0.021672	2.600000
661	0.607040	0.098623	-0.000960	2.600000
662	0.600931	0.124253	0.040838	2.600000
663	0.598018	-0.069558	-0.125545	2.600000
664	0.608051	-0.091786	0.008643	2.600000
665	0.593185	-0.158796	0.033763	2.600000
666	0.545050	0.234427	-0.161833	2.600000
667	0.555976	0.241379	-0.104170	2.600000
668	0.614678	0.004606	-0.019346	2.600000
669	0.542781	-0.270014	0.103473	2.600000
670	0.586330	0.131245	0.131213	2.600000
671	0.612165	0.020299	0.055385	2.600000
672	0.599412	0.137384	-0.007494	2.600000
673	0.521229	-0.283865	0.161142	2.600000
674	0.608077	0.084627	-0.036126	2.600000
675	0.402484	0.002886	0.464998	2.600000
676	0.601517	0.062547	-0.111758	2.600000
677	0.578240	-0.165047	-0.128932	2.600000
678	0.605922	0.096241	0.042670	2.600000
679	0.590400	-0.000971	0.172198	2.600000
680	0.607783	0.092346	0.017243	2.600000
681	0.610720	-0.025748	-0.067697	2.600000
682	0.504497	-0.348065	-0.050583	2.600000
683	0.611792	-0.010464	-0.061851	2.600000
684	0.606796	0.035937	0.093445	2.600000
685	0.541198	-0.291299	-0.021789	2.600000
686	0.573212	-0.115413	-0.190611	2.600000
687	0.598261	-0.005021	0.142419	2.600000
688	0.595258	-0.057419	-0.143515	2.600000
689	0.594775	0.079858	0.134500	2.600000
690	0.542665	0.219219	0.188899	2.600000
691	0.579574	-0.062115	0.196115	2.600000
692	0.520071	0.006618	0.328188	2.600000
693	0.535322	-0.156582	0.259109	2.600000
694	0.584152	-0.149968	0.120421	2.600000
695	0.576414	-0.057079	-0.206675	2.600000
696	0.592400	0.144475	-0.080092	2.600000
697	0.585842	0.131512	-0.133112	2.600000
698	0.594934	-0.056730	0.145120	2.600000
699	0.589040	0.173047	-0.036207	2.600000
700	0.601577	0.123909	0.031243	2.600000
701	0.605861	0.105058	0.010982	2.600000
702	0.526880	0.255870	0.187492	2.600000
703	0.584814	0.170310	0.084923	2.600000
704	0.574731	-0.091598	0.198794	2.600000
705	0.602599	0.117163	0.037047	2.600000
706	0.540198	0.228817	-0.184536	2.600000
707	0.599201	0.118270	0.072077	2.600000
708	0.604157	-0.110179	0.032859	2.600000
709	0.599911	0.115115	-0.071275	2.600000
710	0.589965	-0.065250	0.160962	2.600000
711	0.562912	0.153454	0.194440	2.600000
712	0.614341	0.016140	-0.023431	2.600000
713	0.599642	0.120188	0.064879	2.600000
714	0.590668	-0.165334	-0.044732	2.600000
715	0.578865	-0.195898	-0.069026	2.600000
716	0.587265	-0.167642	-0.072391	2.600000
717	0.603591	-0.076568	-0.089665	2.600000
718	0.543937	0.281465	0.055991	2.600000
719	0.536996	-0.015192	-0.299381	2.600000
720	0.525581	-0.139660	0.287201	2.600000
721	0.612454	0.049102	-0.026717	2.600000
722	0.604270	-0.075459	0.085955	2.600000
723	0.561646	-0.237380	-0.080181	2.600000
724	0.612111	-0.054355	-0.024304	2.600000
725	0.554714	-0.043265	-0.262004	2.600000
726	0.613972	-0.024748	0.025507	2.600000
727	0.604855	0.095822	-0.056513	2.600000
728	0.521965	-0.122918	-0.301112	2.600000
729	0.586134	0.067487	-0.173545	2.600000
730	0.608173	-0.014602	0.090209	2.600000
731	0.610156	-0.070158	-0.031823	2.600000
732	0.614944	-0.001385	-0.008173	2.600000
733	0.609291	0.082921	-0.010657	2.600000
734	0.583697	0.185740	-0.054987	2.600000
735	0.596145	0.026737	0.148733	2.600000
736	0.585569	-0.104924	0.155964	2.600000
737	0.592822	-0.083805	0.140583	2.600000
738	0.489205	-0.164933	-0.334216	2.600000
739	0.586787	-0.051975	-0.176649	2.600000
740	0.598449	-0.131617	-0.052543	2.600000
741	0.605027	0.106530	-0.028622	2.600000
742	0.501230	0.070067	0.349405	2.600000
743	0.554891	0.129587	0.231362	2.600000
744	0.601753	-0.042163	0.119750	2.600000
745	0.582336	-0.154061	0.123995	2.600000
746	0.591114	0.151620	0.076296	2.600000
747	0.595518	0.070283	-0.136542	2.600000
748	0.572392	-0.005614	-0.224856	2.600000
749	0.449575	0.148687	0.392427	2.600000
750	0.584059	-0.182763	-0.060814	2.600000
751	0.607250	-0.097230	-0.004275	2.600000
752	0.584750	-0.189827	-0.016081	2.600000
753	0.574962	0.067160	-0.207685	2.600000
754	0.376390	-0.326116	-0.360837	2.600000
755	0.612673	0.036817	0.038752	2.600000
756	0.610686	0.022346	0.069198	2.600000
757	0.610848	0.005384	-0.071143	2.600000
758	0.608735	0.087296	-0.006811	2.600000
759	0.596358	-0.132540	-0.070821	2.600000
760	0.593221	-0.161658	-0.013428	2.600000
761	0.603707	0.012217	-0.116678	2.600000
762	0.599363	-0.082518	0.110361	2.600000
763	0.593820	0.121597	-0.104003	2.600000
764	0.604720	0.058295	0.095604	2.600000
765	0.607611	-0.095028	-0.001931	2.600000
766	0.592134	-0.115945	-0.118994	2.600000
767	0.606492	0.092853	-0.042081	2.600000
768	0.504676	0.319434	0.146591	2.600000
769	0.590038	-0.163590	-0.057603	2.600000
770	0.538300	-0.035275	0.295320	2.600000
771	0.528176	0.296273	0.107130	2.600000
772	0.600526	0.132633	-0.001470	2.600000
773	0.609753	-0.052842	-0.060286	2.600000
774	0.585951	-0.186750	0.003259	2.600000
775	0.570662	0.122759	0.193649	2.600000
776	0.605261	-0.073501	0.080510	2.600000
777	0.587925	0.084167	0.159642	2.600000
778	0.604100	-0.032786	0.110511	2.600000
779	0.543317	0.273764	-0.089918	2.600000
780	0.596960	-0.104714	-0.104398	2.600000
781	0.580387	-0.195725	-0.055386	2.600000
782	0.581101	0.188089	-0.071898	2.600000
783	0.607793	0.093507	0.008315	2.600000
784	0.599531	0.055591	0.125288	2.600000
785	0.565255	-0.058550	0.235124	2.600000
786	0.572359	-0.082498	0.209344	2.600000
787	0.564078	-0.062767	0.236858	2.600000
788	0.562063	-0.161922	-0.189976	2.600000
789	0.612477	-0.024329	-0.050045	2.600000
790	0.599371	-0.071557	-0.117726	2.600000
791	0.579757	-0.184038	0.090755	2.600000
792	0.573537	0.064973	0.212270	2.600000
793	0.591213	0.053111	-0.160847	2.600000
794	0.600830	-0.042730	0.124109	2.600000
795	0.603105	-0.101040	-0.065423	2.600000
796	0.579153	-0.200437	-0.051301	2.600000
797	0.594215	-0.148146	-0.056445	2.600000
798	0.587880	-0.137864	-0.116688	2.600000
799	0.612188	0.056597	0.015733	2.600000
800	0.554506	0.140157	0.226061	2.600000
801	0.596547	0.119494	0.089874	2.600000
802	0.549962	0.185014	0.203804	2.600000
803	0.575807	0.119612	0.179901	2.600000
804	0.598860	-0.085972	0.110458	2.600000
805	0.561342	0.249954	-0.025369	2.600000
806	0.498817	0.203102	-0.296911	2.600000
807	0.588362	0.159625	0.081084	2.600000
808	0.595952	-0.028871	-0.149107	2.600000
809	0.597406	0.078926	0.122890	2.600000
810	0.592280	0.153697	0.061696	2.600000
811	0.607080	-0.009534	0.097918	2.600000
812	0.581897	-0.193704	-0.045819	2.600000
813	0.590386	-0.036535	0.168329	2.600000
814	0.605268	0.096671	-0.050302	2.600000
815	0.539501	0.271722	-0.115459	2.600000
816	0.591666	-0.149004	0.077161	2.600000
817	0.587474	0.179839	-0.027509	2.600000
818	0.582554	-0.111149	-0.162794	2.600000
819	0.602212	-0.055951	0.111515	2.600000
820	0.578763	-0.192481	-0.078801	2.600000
821	0.591276	-0.150632	-0.076991	2.600000
822	0.606612	-0.076838	-0.065903	2.600000
823	0.612642	0.035224	0.040670	2.600000
824	0.607560	0.052692	-0.079497	2.600000
825	0.574233	0.146873	-0.164042	2.600000
826	0.568544	0.158200	0.173075	2.600000
827	0.608258	0.061233	-0.067065	2.600000
828	0.612065	-0.003089	-0.059932	2.600000
829	0.601280	-0.129146	-0.002837	2.600000
830	0.605562	-0.063427	-0.086583	2.600000
831	0.609134	0.066249	0.052839	2.600000
832	0.544869	0.210635	0.192290	2.600000
833	0.606096	0.102323	-0.020066	2.600000
834	0.555301	-0.241312	0.107863	2.600000
835	0.607396	0.092417	-0.027462	2.600000
836	0.612059	-0.045312	0.039437	2.600000
837	0.536004	-0.164003	-0.253036	2.600000
838	0.585486	-0.036531	0.184652	2.600000
839	0.594021	0.050832	0.150932	2.600000
840	0.549354	0.034854	0.274264	2.600000
841	0.614670	0.009778	-0.017609	2.600000
842	0.614830	0.004905	0.013589	2.600000
843	0.572306	-0.100277	-0.201581	2.600000
844	0.472374	-0.296214	-0.259509	2.600000
845	0.589255	-0.034340	-0.172698	2.600000
846	0.574321	0.120366	0.184098	2.600000
847	0.601153	0.096883	0.086335	2.600000
848	0.501929	0.352369	-0.046129	2.600000
849	0.601083	-0.109833	0.069719	2.600000
850	0.578145	-0.094160	0.187368	2.600000
