1	0.601879	0.064130	-0.108874	1.580000
2	0.575394	-0.131816	-0.172543	1.580000
3	0.504935	-0.296148	0.188579	1.580000
4	0.607529	0.073644	0.060912	1.580000
5	0.528476	-0.040256	0.311957	1.580000
6	0.564216	0.236372	0.063351	1.580000
7	0.584393	-0.002529	0.191581	1.580000
8	0.546018	0.048377	0.278836	1.580000
9	0.593138	0.113705	-0.116120	1.580000
10	0.585990	-0.137722	-0.125987	1.580000
11	0.611484	-0.061474	-0.023082	1.580000
12	0.588160	0.024327	0.178049	1.580000
13	0.613707	-0.033855	-0.021037	1.580000
14	0.590261	0.100718	-0.140259	1.580000
15	0.612182	0.002739	-0.058738	1.580000
16	0.570859	0.228001	-0.018981	1.580000
17	0.575304	-0.166846	0.139331	1.580000
18	0.611317	-0.058918	-0.032338	1.580000
19	0.609516	0.079408	0.020253	1.580000
20	0.595233	0.001601	0.154662	1.580000
21	0.595767	0.095384	-0.119117	1.580000
22	0.598848	0.121811	-0.069048	1.580000
23	0.591690	0.166599	-0.019290	1.580000
24	0.604957	0.106794	0.029095	1.580000
25	0.534992	0.241903	-0.183007	1.580000
26	0.610171	-0.038802	0.066409	1.580000
27	0.499904	-0.345376	0.095063	1.580000
28	0.550281	0.225964	0.156065	1.580000
29	0.612617	0.015175	-0.051911	1.580000
30	0.594646	-0.154592	-0.026891	1.580000
31	0.609912	0.010813	-0.078203	1.580000
32	0.614215	0.024147	-0.019554	1.580000
33	0.568363	0.052053	0.229084	1.580000
34	0.584274	-0.189977	-0.027520	1.580000
35	0.614023	0.032990	0.010594	1.580000
36	0.610966	0.016507	0.068363	1.580000
37	0.558191	0.146661	-0.212459	1.580000
38	0.590850	0.064571	-0.157960	1.580000
39	0.613753	0.036803	-0.013314	1.580000
40	0.602569	0.106569	0.061473	1.580000
41	0.602136	0.102424	0.071880	1.580000
42	0.590428	0.046914	0.165585	1.580000
43	0.517006	0.019212	0.332507	1.580000
44	0.614537	0.011835	-0.020705	1.580000
45	0.507680	-0.314491	0.146905	1.580000
46	0.578184	-0.019686	0.208665	1.580000
47	0.608320	0.011804	-0.089624	1.580000
48	0.605002	-0.108721	-0.019428	1.580000
49	0.598647	-0.117868	-0.077162	1.580000
50	0.591954	0.152434	0.067668	1.580000
51	0.562424	0.170929	0.180796	1.580000
52	0.597519	-0.122904	0.078046	1.580000
53	0.523533	-0.128553	-0.295993	1.580000
54	0.590639	-0.169873	-0.022657	1.580000
55	0.538030	-0.039361	-0.295296	1.580000
56	0.527043	-0.221805	-0.226392	1.580000
57	0.605129	0.093865	0.056865	1.580000
58	0.575091	0.006707	0.217830	1.580000
59	0.556996	0.256281	-0.047963	1.580000
60	0.600585	-0.012486	-0.131782	1.580000
61	0.432645	-0.312996	-0.305084	1.580000
62	0.597202	0.119879	-0.084873	1.580000
63	0.537246	0.298532	0.021678	1.580000
64	0.602472	0.119422	0.031485	1.580000
65	0.560758	-0.121477	-0.221402	1.580000
66	0.603731	-0.095634	-0.067737	1.580000
67	0.573032	0.222649	0.016936	1.580000
68	0.604595	0.017079	-0.111349	1.580000
69	0.567629	-0.219507	-0.088537	1.580000
70	0.609881	-0.077481	0.016321	1.580000
71	0.610871	-0.010359	0.070386	1.580000
72	0.581035	-0.079281	-0.185304	1.580000
73	0.590238	0.159932	-0.065317	1.580000
74	0.580509	-0.004950	-0.203002	1.580000
75	0.611440	-0.050829	-0.042220	1.580000
76	0.580283	0.076746	-0.188698	1.580000
77	0.533143	0.255704	-0.169112	1.580000
78	0.584323	-0.182705	0.058402	1.580000
79	0.607463	-0.080813	-0.051799	1.580000
80	0.610651	0.052314	0.050921	1.580000
81	0.601099	0.110174	-0.069041	1.580000
82	0.575175	0.112501	-0.186393	1.580000
83	0.558382	0.254442	0.041157	1.580000
84	0.567894	0.152901	-0.179840	1.580000
85	0.601944	-0.113360	-0.055115	1.580000
86	0.577783	0.188311	0.094504	1.580000
87	0.605792	0.091948	-0.052784	1.580000
88	0.597055	-0.011009	0.147068	1.580000
89	0.562529	-0.064140	0.240151	1.580000
90	0.464611	-0.374898	-0.147692	1.580000
91	0.479411	0.117231	0.366943	1.580000
92	0.593506	0.059657	0.149723	1.580000
93	0.543791	-0.136263	0.252881	1.580000
94	0.592091	-0.164859	-0.021804	1.580000
95	0.603723	-0.114985	0.022852	1.580000
96	0.607514	0.092219	-0.025440	1.580000
97	0.590684	0.110219	0.131030	1.580000
98	0.591659	0.150732	0.073785	1.580000
99	0.601783	-0.126368	-0.010624	1.580000
100	0.523858	-0.180865	0.266618	1.580000
101	0.607214	0.083569	-0.050328	1.580000
102	0.608885	-0.086224	-0.007048	1.580000
103	0.607655	-0.092415	0.020986	1.580000
104	0.605652	0.099114	-0.039837	1.580000
105	0.608107	-0.000160	0.091823	1.580000
106	0.563073	0.235734	0.074852	1.580000
107	0.562970	0.215031	0.122685	1.580000
108	0.441406	0.416130	0.101101	1.580000
109	0.608447	0.012447	-0.088669	1.580000
110	0.559242	-0.011595	-0.255614	1.580000
111	0.567742	-0.218191	0.091029	1.580000
112	0.613719	0.038832	-0.008118	1.580000
113	0.555073	0.163099	-0.208608	1.580000
114	0.553382	0.217533	-0.157076	1.580000
115	0.482357	0.362004	0.120458	1.580000
116	0.494873	0.244213	-0.271452	1.580000
117	0.356821	0.500280	-0.024968	1.580000
118	0.608271	0.001552	0.090712	1.580000
119	0.571551	-0.227040	-0.002718	1.580000
120	0.531291	-0.173509	0.256612	1.580000
121	0.571067	0.079926	0.213820	1.580000
122	0.506422	0.316749	0.146394	1.580000
123	0.591346	-0.060192	0.157834	1.580000
124	0.599624	-0.082742	0.108763	1.580000
125	0.534832	0.134755	0.272067	1.580000
126	0.550156	0.169669	0.216253	1.580000
127	0.594596	0.023740	-0.155295	1.580000
128	0.613175	0.047322	0.001460	1.580000
129	0.556947	-0.028306	-0.259295	1.580000
130	0.593031	0.156216	0.046219	1.580000
131	0.604326	0.072864	-0.087782	1.580000
132	0.568300	0.162931	-0.169450	1.580000
133	0.598504	0.027360	0.138815	1.580000
134	0.604642	-0.039127	-0.105367	1.580000
135	0.612231	-0.054216	-0.021431	1.580000
136	0.559570	0.046303	-0.250922	1.580000
137	0.605004	-0.061957	-0.091415	1.580000
138	0.590444	0.170631	0.022048	1.580000
139	0.599031	-0.135874	-0.030408	1.580000
140	0.613646	-0.020371	0.035344	1.580000
141	0.602330	0.121930	-0.023585	1.580000
142	0.612231	-0.006142	-0.057973	1.580000
143	0.575028	0.164301	-0.143432	1.580000
144	0.586974	-0.052261	-0.175943	1.580000
145	0.604312	0.092937	0.066292	1.580000
146	0.600182	-0.063617	0.118151	1.580000
147	0.614817	0.003325	0.014618	1.580000
148	0.610150	-0.044407	0.063005	1.580000
149	0.599734	0.103924	0.087998	1.580000
150	0.611471	-0.024850	-0.060919	1.580000
151	0.602411	0.077287	-0.096707	1.580000
152	0.606224	-0.102839	-0.011925	1.580000
153	0.602078	0.116651	0.046041	1.580000
154	0.611068	0.042643	0.054793	1.580000
155	0.602805	-0.042846	0.114083	1.580000
156	0.610080	0.077263	0.007612	1.580000
157	0.569305	-0.232624	0.001574	1.580000
158	0.598916	0.112632	-0.082698	1.580000
159	0.612013	0.031576	-0.051658	1.580000
160	0.612317	0.046526	-0.033587	1.580000
161	0.611778	-0.056501	0.027571	1.580000
162	0.587681	0.165072	0.074881	1.580000
163	0.583385	-0.146622	0.128017	1.580000
164	0.606837	-0.046147	-0.088569	1.580000
165	0.610906	0.021252	-0.067585	1.580000
166	0.585236	0.154642	-0.108671	1.580000
167	0.604284	-0.034454	-0.108989	1.580000
168	0.602892	0.110526	0.050306	1.580000
169	0.612424	0.032949	0.045567	1.580000
170	0.592590	0.071000	-0.148394	1.580000
171	0.594796	0.013743	-0.155735	1.580000
172	0.595736	0.042483	-0.146693	1.580000
173	0.594176	0.153357	-0.040762	1.580000
174	0.603586	-0.077728	0.088701	1.580000
175	0.608608	-0.056607	0.067953	1.580000
176	0.611176	0.025216	0.063667	1.580000
177	0.587538	0.135712	-0.120855	1.580000
178	0.607748	-0.092945	0.015129	1.580000
179	0.604840	0.027317	-0.107923	1.580000
180	0.522477	-0.110689	0.304943	1.580000
181	0.614295	0.027952	-0.009235	1.580000
182	0.599965	0.125172	-0.050980	1.580000
183	0.597959	0.130708	-0.059875	1.580000
184	0.605852	-0.057518	0.088659	1.580000
185	0.558307	-0.087551	-0.242597	1.580000
186	0.610601	-0.003732	-0.073332	1.580000
187	0.597849	0.030955	0.140865	1.580000
188	0.595690	0.037325	0.148274	1.580000
189	0.613942	-0.000212	-0.036060	1.580000
190	0.592017	0.166228	0.010416	1.580000
191	0.604227	0.016237	0.113451	1.580000
192	0.570374	-0.019704	-0.229150	1.580000
193	0.580726	-0.121860	0.161655	1.580000
194	0.607314	0.066236	0.070767	1.580000
195	0.614232	0.008688	-0.029478	1.580000
196	0.610543	0.057464	0.046475	1.580000
197	0.522041	-0.294087	0.138604	1.580000
198	0.509035	-0.001004	0.345120	1.580000
199	0.503170	-0.062594	0.348032	1.580000
200	0.605042	-0.087846	0.066578	1.580000
201	0.576266	-0.068720	-0.203520	1.580000
202	0.610724	-0.000430	-0.072392	1.580000
203	0.543061	0.270033	-0.101941	1.580000
204	0.602469	0.094256	0.079821	1.580000
205	0.519825	0.203209	0.258288	1.580000
206	0.599610	0.045520	0.128920	1.580000
207	0.600536	-0.042442	-0.125619	1.580000
208	0.592357	0.002725	-0.165320	1.580000
209	0.579862	0.139541	-0.150045	1.580000
210	0.496803	0.291895	-0.214962	1.580000
211	0.591805	0.166742	0.013760	1.580000
212	0.575855	0.021462	-0.214839	1.580000
213	0.418233	0.450880	0.003619	1.580000
214	0.569816	0.216373	-0.081960	1.580000
215	0.607589	-0.095029	-0.005434	1.580000
216	0.612825	-0.029089	-0.042716	1.580000
217	0.591872	0.163921	0.032281	1.580000
218	0.574819	0.075300	0.205274	1.580000
219	0.599324	0.116742	0.073529	1.580000
220	0.587817	0.046508	0.174739	1.580000
221	0.610737	0.050065	0.052143	1.580000
222	0.606834	0.030765	-0.095034	1.580000
223	0.518608	0.279048	0.177210	1.580000
224	0.604240	-0.068500	-0.091796	1.580000
225	0.610331	0.069025	0.030930	1.580000
226	0.610965	-0.060305	0.036202	1.580000
227	0.601255	-0.061438	0.113765	1.580000
228	0.613699	-0.036506	0.016289	1.580000
229	0.571808	0.151034	-0.168671	1.580000
230	0.596010	-0.077411	-0.130400	1.580000
231	0.600757	-0.042057	0.124691	1.580000
232	0.580639	0.040055	-0.198693	1.580000
233	0.610701	0.019337	-0.069967	1.580000
234	0.582140	-0.055876	-0.190303	1.580000
235	0.587615	0.003740	-0.181437	1.580000
236	0.579785	0.177819	-0.102245	1.580000
237	0.569122	0.200728	-0.118463	1.580000
238	0.613275	-0.033275	-0.031797	1.580000
239	0.612049	-0.047993	-0.036305	1.580000
240	0.612346	-0.007236	-0.056613	1.580000
241	0.574012	0.170126	-0.140684	1.580000
242	0.604612	0.030299	-0.108403	1.580000
243	0.590295	0.078155	-0.153844	1.580000
244	0.570268	0.212748	-0.088077	1.580000
245	0.571229	-0.223153	0.046104	1.580000
246	0.599874	0.040573	0.129345	1.580000
247	0.607553	0.093732	0.017840	1.580000
248	0.613032	0.044469	-0.020971	1.580000
249	0.588189	-0.073317	0.163962	1.580000
250	0.603613	-0.089150	-0.077002	1.580000
251	0.609609	-0.051168	-0.063114	1.580000
252	0.611231	-0.067073	-0.011076	1.580000
253	0.589633	-0.081531	-0.154629	1.580000
254	0.611348	-0.046424	-0.048198	1.580000
255	0.594960	0.041890	0.149974	1.580000
256	0.595295	-0.080337	0.131892	1.580000
257	0.600693	-0.010332	0.131478	1.580000
258	0.586712	-0.165336	0.081599	1.580000
259	0.579839	0.042495	-0.200515	1.580000
260	0.580442	0.001159	-0.203250	1.580000
261	0.590715	-0.127976	-0.113589	1.580000
262	0.614407	0.025317	0.009365	1.580000
263	0.556854	0.242333	0.097022	1.580000
264	0.600665	0.101703	-0.084164	1.580000
265	0.571934	-0.135835	0.180734	1.580000
266	0.614671	0.019120	0.006217	1.580000
267	0.599393	-0.079880	-0.112123	1.580000
268	0.582117	0.019654	0.197431	1.580000
269	0.596995	-0.067093	-0.131609	1.580000
270	0.581869	-0.093829	0.175641	1.580000
271	0.613423	-0.037341	0.023312	1.580000
272	0.606589	-0.006831	-0.101135	1.580000
273	0.599286	-0.109670	0.083988	1.580000
274	0.598324	-0.022178	-0.140504	1.580000
275	0.594338	-0.015933	-0.157269	1.580000
276	0.599792	0.135805	-0.005599	1.580000
277	0.604283	-0.091125	-0.069018	1.580000
278	0.605298	-0.009446	-0.108398	1.580000
279	0.608528	-0.069289	-0.055837	1.580000
280	0.601217	0.018637	-0.128123	1.580000
281	0.610209	-0.049094	0.058820	1.580000
282	0.613776	0.021067	-0.032554	1.580000
283	0.589827	-0.053816	0.165630	1.580000
284	0.614706	-0.012676	0.014185	1.580000
285	0.601898	-0.015935	-0.125261	1.580000
286	0.586335	0.030346	-0.183072	1.580000
287	0.614297	0.029267	0.002832	1.580000
288	0.592554	0.114869	-0.117940	1.580000
289	0.589026	0.137434	-0.111290	1.580000
290	0.608156	-0.016380	-0.090016	1.580000
291	0.613219	-0.002467	0.046701	1.580000
292	0.603601	-0.006394	0.117685	1.580000
293	0.586192	-0.096972	0.158745	1.580000
294	0.612602	-0.046394	-0.028134	1.580000
295	0.612458	0.027237	-0.048769	1.580000
296	0.607099	0.006384	0.098059	1.580000
297	0.599131	0.126235	-0.057723	1.580000
298	0.612401	0.043739	-0.035738	1.580000
299	0.594971	0.145987	-0.054057	1.580000
300	0.613470	-0.038524	-0.019878	1.580000
301	0.612126	0.020903	0.055589	1.580000
302	0.577447	-0.067072	0.200702	1.580000
303	0.592246	-0.126519	0.107061	1.580000
304	0.512754	-0.009035	0.339451	1.580000
305	0.606475	-0.027907	0.098153	1.580000
306	0.613496	0.014691	0.040402	1.580000
307	0.584154	0.106889	-0.159888	1.580000
308	0.601513	0.124422	-0.030436	1.580000
309	0.535028	0.086973	-0.290526	1.580000
310	0.601247	0.124397	0.035395	1.580000
311	0.580440	0.202814	0.013475	1.580000
312	0.590584	0.119185	0.123414	1.580000
313	0.596194	0.003317	-0.150887	1.580000
314	0.606688	0.043490	-0.090900	1.580000
315	0.504906	-0.299202	0.183774	1.580000
316	0.570904	0.133892	-0.185382	1.580000
317	0.597987	0.130068	-0.060979	1.580000
318	0.594966	0.155599	0.005406	1.580000
319	0.565026	0.172080	-0.171344	1.580000
320	0.600166	0.111390	-0.074955	1.580000
321	0.538858	0.238603	-0.175856	1.580000
322	0.592171	0.131734	-0.101016	1.580000
323	0.614730	0.014542	-0.010958	1.580000
324	0.592468	0.128514	0.103396	1.580000
325	0.584531	-0.068987	0.178295	1.580000
326	0.557548	0.259325	0.010775	1.580000
327	0.452414	-0.249235	-0.333809	1.580000
328	0.578632	-0.208291	-0.005049	1.580000
329	0.595192	0.087524	-0.127716	1.580000
330	0.606383	0.073361	-0.071710	1.580000
331	0.580063	0.083029	-0.186704	1.580000
332	0.608259	0.090806	-0.000310	1.580000
333	0.612514	-0.049900	-0.023700	1.580000
334	0.614278	0.019983	0.022084	1.580000
335	0.609702	0.053100	-0.060574	1.580000
336	0.602375	-0.078103	0.096278	1.580000
337	0.612009	0.060578	-0.000765	1.580000
338	0.586559	0.064768	-0.173143	1.580000
339	0.594331	0.066536	-0.143418	1.580000
340	0.611465	0.064547	0.013016	1.580000
341	0.593512	0.120941	-0.106498	1.580000
342	0.573242	0.220562	-0.031164	1.580000
343	0.593405	0.160794	-0.015525	1.580000
344	0.597394	0.145915	-0.007385	1.580000
345	0.614493	-0.011639	0.022079	1.580000
346	0.603293	-0.017736	-0.118102	1.580000
347	0.605048	-0.004882	-0.110081	1.580000
348	0.587354	0.031075	-0.179651	1.580000
349	0.589902	0.171389	-0.029437	1.580000
350	0.598291	-0.119798	0.076948	1.580000
351	0.605437	0.092417	-0.055945	1.580000
352	0.588041	-0.175984	-0.038242	1.580000
353	0.594111	-0.132559	-0.087663	1.580000
354	0.610612	0.049796	0.053833	1.580000
355	0.612553	-0.007139	-0.054338	1.580000
356	0.609680	-0.012823	-0.079692	1.580000
357	0.600101	-0.134535	0.002025	1.580000
358	0.614852	-0.006401	-0.011893	1.580000
359	0.576294	0.061242	0.205815	1.580000
360	0.604746	-0.001626	0.111826	1.580000
361	0.586223	-0.185651	0.010032	1.580000
362	0.590302	-0.064195	-0.160148	1.580000
363	0.603518	-0.104892	-0.054672	1.580000
364	0.612551	-0.054169	0.008451	1.580000
365	0.588899	0.081166	-0.157593	1.580000
366	0.610100	0.076095	-0.014583	1.580000
367	0.599336	-0.091189	0.103471	1.580000
368	0.574498	0.217506	-0.029468	1.580000
369	0.594346	0.156563	0.021600	1.580000
370	0.590995	0.158543	-0.061757	1.580000
371	0.602070	-0.096202	-0.080508	1.580000
372	0.600319	0.063647	-0.117438	1.580000
373	0.614613	0.012987	-0.017543	1.580000
374	0.602665	0.106743	0.060213	1.580000
375	0.614062	0.026091	-0.021734	1.580000
376	0.612644	-0.046537	-0.026963	1.580000
377	0.608349	0.082523	-0.036419	1.580000
378	0.612162	-0.015384	-0.056977	1.580000
379	0.505779	-0.338991	-0.086586	1.580000
380	0.588322	-0.148848	-0.099735	1.580000
381	0.585769	0.138689	-0.125955	1.580000
382	0.592036	-0.088029	-0.141312	1.580000
383	0.579593	-0.154635	-0.135591	1.580000
384	0.586528	0.169983	0.072907	1.580000
385	0.613256	-0.045044	0.010611	1.580000
386	0.605350	-0.107719	0.013139	1.580000
387	0.599463	-0.137235	0.006002	1.580000
388	0.611788	-0.036919	-0.050766	1.580000
389	0.604663	0.111100	0.016279	1.580000
390	0.596183	0.140527	-0.055159	1.580000
391	0.614826	0.014589	-0.001102	1.580000
392	0.599207	-0.076676	0.115311	1.580000
393	0.603956	0.000840	0.116024	1.580000
394	0.613369	-0.014498	-0.042346	1.580000
395	0.602949	-0.042981	0.113272	1.580000
396	0.600104	-0.098291	-0.091862	1.580000
397	0.590177	0.000142	-0.172963	1.580000
398	0.546437	0.063237	0.275014	1.580000
399	0.592270	-0.141393	-0.086311	1.580000
400	0.581676	-0.056531	0.191525	1.580000
401	0.589253	-0.165714	0.059538	1.580000
402	0.595514	0.037966	0.148818	1.580000
403	0.608812	0.051431	-0.070202	1.580000
404	0.611933	0.032100	-0.052275	1.580000
405	0.566576	0.195775	0.137436	1.580000
406	0.590101	-0.019687	-0.172100	1.580000
407	0.614357	-0.028089	-0.001235	1.580000
408	0.609181	-0.058538	-0.060806	1.580000
409	0.613844	0.037253	0.005728	1.580000
410	0.582227	0.193374	0.042933	1.580000
411	0.597373	-0.109389	0.096974	1.580000
412	0.614204	0.009829	-0.029698	1.580000
413	0.588072	0.135482	0.118492	1.580000
414	0.607398	0.093111	0.024961	1.580000
415	0.587839	0.180012	0.016292	1.580000
416	0.612805	0.032128	-0.040781	1.580000
417	0.524012	0.296550	0.125275	1.580000
418	0.609547	0.068458	0.044621	1.580000
419	0.609153	-0.081130	0.023993	1.580000
420	0.613001	-0.045821	0.018833	1.580000
421	0.603097	0.078673	-0.091157	1.580000
422	0.468982	0.396615	-0.031261	1.580000
423	0.447820	0.287231	0.308514	1.580000
424	0.442085	0.361271	-0.228624	1.580000
425	0.568204	0.225397	-0.067572	1.580000
426	0.389431	0.475980	-0.003391	1.580000
427	0.598778	-0.120470	-0.071950	1.580000
428	0.596905	0.038503	0.142993	1.580000
429	0.612777	0.043584	0.028798	1.580000
430	0.593218	-0.097447	-0.129699	1.580000
431	0.589078	0.173118	0.035241	1.580000
432	0.601799	-0.126550	-0.006948	1.580000
433	0.584375	-0.157070	-0.109815	1.580000
434	0.592837	0.087852	0.138028	1.580000
435	0.591404	0.159884	-0.053884	1.580000
436	0.607280	0.072083	-0.065115	1.580000
437	0.610249	-0.070589	0.028952	1.580000
438	0.590173	0.007947	0.172793	1.580000
439	0.596460	0.149862	0.001383	1.580000
440	0.608387	0.088635	0.015298	1.580000
441	0.614001	-0.009857	0.033625	1.580000
442	0.609865	-0.075057	0.025623	1.580000
443	0.614942	-0.000417	-0.008444	1.580000
444	0.602720	0.121513	0.013734	1.580000
445	0.581911	-0.089611	-0.177691	1.580000
446	0.527856	-0.153569	-0.275699	1.580000
447	0.569855	0.228443	0.036107	1.580000
448	0.606523	-0.026401	0.098271	1.580000
449	0.610793	0.046848	0.054428	1.580000
450	0.600103	0.126217	-0.046595	1.580000
451	0.612171	0.053617	0.024425	1.580000
452	0.614289	-0.014308	-0.025861	1.580000
453	0.578975	0.102506	-0.180294	1.580000
454	0.612387	0.047566	-0.030739	1.580000
455	0.608866	0.019508	-0.084419	1.580000
456	0.614406	-0.005400	0.026481	1.580000
457	0.613501	-0.027591	-0.032873	1.580000
458	0.610014	-0.071055	0.032539	1.580000
459	0.597050	-0.090539	0.116442	1.580000
460	0.608177	-0.086354	-0.029813	1.580000
461	0.601885	0.020556	-0.124648	1.580000
462	0.611993	-0.006577	-0.060389	1.580000
463	0.564623	-0.239461	0.045648	1.580000
464	0.612601	-0.052725	-0.012868	1.580000
465	0.555374	0.206831	-0.164333	1.580000
466	0.608115	0.070321	-0.058959	1.580000
467	0.575423	0.111965	0.185951	1.580000
468	0.614437	-0.007448	0.025236	1.580000
469	0.591160	-0.160120	-0.055825	1.580000
470	0.605942	-0.072828	0.075865	1.580000
471	0.585329	0.123637	-0.142578	1.580000
472	0.605880	-0.051612	-0.092038	1.580000
473	0.581673	0.046743	-0.194157	1.580000
474	0.604563	0.061965	-0.094283	1.580000
475	0.568960	0.215988	-0.088650	1.580000
476	0.607577	0.035984	-0.088209	1.580000
477	0.610938	0.043692	0.055419	1.580000
478	0.598716	0.140234	-0.009951	1.580000
479	0.580703	0.103342	-0.174155	1.580000
480	0.607413	0.088238	-0.038580	1.580000
481	0.607563	-0.089336	-0.033344	1.580000
482	0.608065	0.075530	-0.052696	1.580000
483	0.551149	0.268380	0.049319	1.580000
484	0.613318	0.015279	0.042804	1.580000
485	0.606064	-0.094532	0.044437	1.580000
486	0.590923	0.165948	-0.038674	1.580000
487	0.605963	-0.024129	-0.102236	1.580000
488	0.602119	0.102548	-0.071848	1.580000
489	0.545111	-0.129257	-0.253715	1.580000
490	0.613210	-0.012842	-0.045098	1.580000
491	0.581671	-0.093607	-0.176413	1.580000
492	0.605105	-0.092215	-0.059748	1.580000
493	0.612119	0.027529	-0.052697	1.580000
494	0.606460	0.019133	-0.100323	1.580000
495	0.598478	0.140391	0.018441	1.580000
496	0.600516	-0.034018	-0.128251	1.580000
497	0.613963	-0.024307	-0.026147	1.580000
498	0.554768	-0.230377	-0.131849	1.580000
499	0.589823	0.058623	-0.164004	1.580000
500	0.613290	-0.045739	0.002810	1.580000
501	0.602202	0.116578	0.044578	1.580000
502	0.612381	0.024686	0.051036	1.580000
503	0.607701	-0.071234	0.062048	1.580000
504	0.608787	-0.044016	-0.075275	1.580000
505	0.598235	-0.142088	0.012279	1.580000
506	0.584506	0.177616	-0.070920	1.580000
507	0.594997	0.152051	-0.032924	1.580000
508	0.591254	0.144481	0.088142	1.580000
509	0.611777	-0.056962	-0.026629	1.580000
510	0.612842	-0.037700	-0.035056	1.580000
511	0.598245	-0.055130	0.131487	1.580000
512	0.611526	-0.056961	0.031886	1.580000
513	0.606560	0.090793	0.045462	1.580000
514	0.608420	0.047250	0.076270	1.580000
515	0.589396	0.159792	0.072829	1.580000
516	0.585341	0.187477	-0.021286	1.580000
517	0.501917	-0.061964	0.349950	1.580000
518	0.589517	0.174244	-0.018272	1.580000
519	0.610343	0.009637	-0.074921	1.580000
520	0.596911	0.063077	-0.133954	1.580000
521	0.597686	0.001711	-0.144891	1.580000
522	0.602960	0.063514	0.103104	1.580000
523	0.610676	-0.016140	-0.070988	1.580000
524	0.597306	0.143640	-0.028605	1.580000
525	0.529709	-0.158752	0.269131	1.580000
526	0.562022	0.008903	0.249554	1.580000
527	0.588178	-0.006128	0.179538	1.580000
528	0.598056	0.104116	-0.098558	1.580000
529	0.577279	0.146050	-0.153765	1.580000
530	0.546089	0.281642	-0.026269	1.580000
531	0.577640	0.208721	-0.031499	1.580000
532	0.608920	0.069941	0.050493	1.580000
533	0.555042	0.247580	0.094115	1.580000
534	0.569823	-0.217390	-0.079170	1.580000
535	0.614722	-0.001609	0.018418	1.580000
536	0.600574	-0.131909	-0.011682	1.580000
537	0.598205	0.141819	-0.016208	1.580000
538	0.524648	0.201612	-0.249645	1.580000
539	0.514647	0.277684	0.190407	1.580000
540	0.564326	0.191807	-0.151563	1.580000
541	0.552317	0.038913	-0.267687	1.580000
542	0.554867	0.229959	0.132161	1.580000
543	0.593245	0.149998	-0.061536	1.580000
544	0.599641	-0.136395	-0.007198	1.580000
545	0.589355	0.069227	-0.161535	1.580000
546	0.609852	-0.057164	-0.055121	1.580000
547	0.591272	0.162557	-0.046882	1.580000
548	0.614730	0.004758	-0.017602	1.580000
549	0.605245	-0.022676	0.106720	1.580000
550	0.611815	0.062392	-0.003827	1.580000
551	0.578736	-0.099530	-0.182713	1.580000
552	0.614906	-0.005299	-0.009383	1.580000
553	0.564973	0.035141	0.240408	1.580000
554	0.604596	-0.045508	0.103041	1.580000
555	0.575839	0.189789	-0.103028	1.580000
556	0.614737	0.016861	0.006296	1.580000
557	0.606034	0.090136	-0.053137	1.580000
558	0.599378	-0.075004	0.115524	1.580000
559	0.572938	0.156303	-0.159800	1.580000
560	0.603677	0.053344	-0.104660	1.580000
561	0.548792	-0.197739	-0.194811	1.580000
562	0.592034	0.075343	-0.148474	1.580000
563	0.592511	0.158714	0.044330	1.580000
564	0.552161	0.255749	-0.089082	1.580000
565	0.610912	-0.063416	0.031463	1.580000
566	0.601743	0.118158	0.046578	1.580000
567	0.594734	0.095876	-0.123790	1.580000
568	0.591060	0.074599	-0.152668	1.580000
569	0.590613	0.077153	-0.153128	1.580000
570	0.610840	-0.062061	0.035320	1.580000
571	0.612485	0.049440	0.025360	1.580000
572	0.604494	0.078341	0.081699	1.580000
573	0.536803	-0.278479	0.111880	1.580000
574	0.542182	-0.284713	0.056594	1.580000
575	0.600118	-0.060215	-0.120239	1.580000
576	0.612783	-0.028657	0.043598	1.580000
577	0.607839	0.088869	0.029301	1.580000
578	0.608202	-0.071360	-0.056771	1.580000
579	0.594810	0.153493	-0.029415	1.580000
580	0.560659	0.042963	0.249079	1.580000
581	0.599036	-0.022706	0.137350	1.580000
582	0.606617	-0.081199	0.060392	1.580000
583	0.601704	0.101300	-0.076913	1.580000
584	0.592271	-0.039881	-0.160778	1.580000
585	0.590818	0.156000	-0.069451	1.580000
586	0.584599	0.188086	-0.033066	1.580000
587	0.551611	0.253536	-0.098338	1.580000
588	0.574803	0.038396	0.215296	1.580000
589	0.605004	0.095672	-0.055153	1.580000
590	0.608071	0.031500	0.086500	1.580000
591	0.607867	0.090831	-0.021727	1.580000
592	0.610469	-0.031185	-0.067678	1.580000
593	0.610696	-0.065411	-0.031569	1.580000
594	0.587267	0.150980	-0.102700	1.580000
595	0.611436	0.058136	-0.031478	1.580000
596	0.588681	-0.170488	0.051126	1.580000
597	0.609367	-0.082890	0.005077	1.580000
598	0.613932	0.019594	-0.030469	1.580000
599	0.590453	-0.165165	-0.048068	1.580000
600	0.614334	0.014411	-0.024714	1.580000
601	0.611519	-0.010881	-0.064427	1.580000
602	0.601709	0.077119	-0.101113	1.580000
603	0.610298	0.042571	-0.062843	1.580000
604	0.608976	-0.074901	0.041989	1.580000
605	0.614234	-0.017471	-0.025233	1.580000
606	0.579302	0.014563	-0.205967	1.580000
607	0.613183	-0.041305	0.022927	1.580000
608	0.607360	0.095760	0.013004	1.580000
609	0.567569	0.104541	-0.212512	1.580000
610	0.592158	0.103953	0.129492	1.580000
611	0.593229	-0.134470	-0.090673	1.580000
612	0.593732	0.016012	0.159532	1.580000
613	0.544533	-0.008846	0.285710	1.580000
614	0.610353	0.058841	-0.047241	1.580000
615	0.605824	-0.100927	0.031876	1.580000
616	0.560693	-0.220914	0.122661	1.580000
617	0.600059	0.119500	-0.062237	1.580000
618	0.564406	0.011114	-0.244022	1.580000
619	0.588113	0.175867	0.037672	1.580000
620	0.614809	0.003874	0.014823	1.580000
621	0.578313	0.192911	-0.081024	1.580000
622	0.532948	0.249896	0.178167	1.580000
623	0.486844	0.072858	0.368645	1.580000
624	0.614451	0.000261	-0.025968	1.580000
625	0.610123	-0.044271	-0.063361	1.580000
626	0.591610	0.167970	0.002922	1.580000
627	0.576183	0.154329	-0.149735	1.580000
628	0.612034	0.058330	0.015376	1.580000
629	0.553322	0.142268	-0.227639	1.580000
630	0.582042	0.191953	0.051047	1.580000
631	0.612114	0.002422	0.059460	1.580000
632	0.549004	-0.265562	-0.079350	1.580000
633	0.607483	0.061376	0.073637	1.580000
634	0.586866	0.130475	-0.129577	1.580000
635	0.590538	0.169479	0.027683	1.580000
636	0.592357	0.128981	0.103454	1.580000
637	0.573107	0.212286	0.068613	1.580000
638	0.582403	0.183768	0.072533	1.580000
639	0.497723	0.358822	-0.041756	1.580000
640	0.590096	0.167542	0.044055	1.580000
641	0.586184	0.011314	0.185701	1.580000
642	0.609640	0.004170	-0.080913	1.580000
643	0.604579	0.070776	0.087750	1.580000
644	0.586096	0.084015	0.166306	1.580000
645	0.605982	0.029185	0.100789	1.580000
646	0.607226	0.070339	0.067487	1.580000
647	0.581018	-0.052076	-0.194759	1.580000
648	0.561640	0.028847	-0.248905	1.580000
649	0.610026	-0.028938	-0.072494	1.580000
650	0.593767	-0.017655	-0.159231	1.580000
651	0.611172	0.062654	0.027722	1.580000
652	0.580215	0.185074	0.085575	1.580000
653	0.608370	0.085098	0.029475	1.580000
654	0.607607	0.074525	-0.059034	1.580000
655	0.601690	-0.016266	0.126214	1.580000
656	0.568864	-0.095591	-0.213262	1.580000
657	0.588777	0.169576	-0.053020	1.580000
658	0.580173	0.130562	-0.156772	1.580000
659	0.509374	-0.244628	0.242734	1.580000
660	0.600810	0.119447	0.054628	1.580000
661	0.582491	0.147501	0.131046	1.580000
662	0.579898	0.175146	0.106146	1.580000
663	0.594137	0.151484	0.047735	1.580000
664	0.603687	0.117306	-0.005157	1.580000
665	0.600697	-0.093327	0.093158	1.580000
666	0.595467	-0.092157	-0.123091	1.580000
667	0.544289	0.157615	-0.239024	1.580000
668	0.611291	-0.066372	-0.011952	1.580000
669	0.563692	0.179061	0.168563	1.580000
670	0.603236	0.040577	0.112629	1.580000
671	0.604047	-0.017405	0.114234	1.580000
672	0.592330	-0.147310	0.075301	1.580000
673	0.606007	-0.102638	0.021105	1.580000
674	0.606695	-0.044418	-0.090408	1.580000
675	0.585554	0.186510	-0.023791	1.580000
676	0.581044	0.198659	-0.033865	1.580000
677	0.604531	-0.029394	-0.109100	1.580000
678	0.597302	-0.117091	-0.088007	1.580000
679	0.560625	0.161797	-0.194285	1.580000
680	0.567072	0.010853	0.237774	1.580000
681	0.606481	0.101990	-0.001783	1.580000
682	0.609551	-0.059083	-0.056411	1.580000
683	0.591450	-0.168492	-0.004770	1.580000
684	0.604127	0.112800	0.023072	1.580000
685	0.613482	-0.026764	0.033883	1.580000
686	0.598381	0.048341	-0.133524	1.580000
687	0.600352	-0.095661	-0.093012	1.580000
688	0.583782	0.063667	-0.182674	1.580000
689	0.592046	0.104517	0.129546	1.580000
690	0.610048	0.074302	-0.023350	1.580000
691	0.592261	0.154229	0.060541	1.580000
692	0.610600	0.053614	-0.050182	1.580000
693	0.612837	0.051496	0.001957	1.580000
694	0.607736	-0.064042	-0.069144	1.580000
695	0.604249	0.111350	0.026642	1.580000
696	0.585730	-0.184166	0.035043	1.580000
697	0.589113	-0.129840	0.119634	1.580000
698	0.604827	0.090617	-0.064788	1.580000
699	0.603245	-0.108391	-0.050718	1.580000
700	0.609328	-0.034235	-0.075975	1.580000
701	0.550890	0.005057	0.273350	1.580000
702	0.414634	-0.411910	-0.191399	1.580000
703	0.609366	-0.025530	-0.079037	1.580000
704	0.562112	0.050471	-0.244351	1.580000
705	0.580497	0.174289	-0.104267	1.580000
706	0.503849	0.352494	-0.010437	1.580000
707	0.610321	0.048089	-0.058488	1.580000
708	0.593696	0.154844	-0.042111	1.580000
709	0.595146	-0.038311	-0.150197	1.580000
710	0.520076	-0.293768	-0.146443	1.580000
711	0.561365	-0.016258	-0.250659	1.580000
712	0.613174	-0.019793	0.043019	1.580000
713	0.575585	-0.205216	-0.069376	1.580000
714	0.611542	0.050846	-0.040688	1.580000
715	0.526472	-0.291675	0.126407	1.580000
716	0.593973	-0.097708	0.125991	1.580000
717	0.603923	0.019548	0.114543	1.580000
718	0.610098	-0.063913	0.043821	1.580000
719	0.609032	0.085419	-0.003002	1.580000
720	0.558901	0.255767	0.020924	1.580000
721	0.582211	0.144604	0.135443	1.580000
722	0.535346	0.288831	-0.090591	1.580000
723	0.471350	0.327710	0.220590	1.580000
724	0.521334	0.270553	-0.182308	1.580000
725	0.599386	-0.078536	-0.113109	1.580000
726	0.613276	-0.023275	0.039690	1.580000
727	0.614146	-0.028372	-0.015629	1.580000
728	0.552818	0.266975	0.036622	1.580000
729	0.506038	-0.035876	0.347654	1.580000
730	0.579014	0.000405	0.207288	1.580000
731	0.557325	0.046120	0.255904	1.580000
732	0.580945	0.191462	0.063795	1.580000
733	0.608392	0.058345	-0.068413	1.580000
734	0.529612	0.293055	-0.108879	1.580000
735	0.602272	0.121508	-0.027007	1.580000
736	0.606732	0.096072	0.029514	1.580000
737	0.603693	0.115025	0.023424	1.580000
738	0.569694	-0.229907	-0.028569	1.580000
739	0.612932	0.035964	0.035303	1.580000
740	0.608811	0.010758	0.086361	1.580000
741	0.589957	-0.171954	0.024651	1.580000
742	0.594607	0.155598	-0.021371	1.580000
743	0.547532	0.276382	-0.045235	1.580000
744	0.490082	0.150986	0.339482	1.580000
745	0.533278	0.274873	-0.135219	1.580000
746	0.606882	-0.083555	-0.054205	1.580000
747	0.604384	0.087486	-0.072743	1.580000
748	0.419915	0.170267	0.415819	1.580000
749	0.599117	0.093536	-0.102641	1.580000
750	0.574688	0.032621	-0.216553	1.580000
751	0.569023	0.225356	0.060439	1.580000
752	0.517440	0.145166	0.299012	1.580000
753	0.582957	-0.188850	-0.052168	1.580000
754	0.576260	-0.050262	-0.208862	1.580000
755	0.606410	0.100504	0.019776	1.580000
756	0.551662	-0.194551	-0.189851	1.580000
757	0.592480	0.159397	-0.042254	1.580000
758	0.595833	0.055263	0.141965	1.580000
759	0.604208	0.112049	-0.024561	1.580000
760	0.602019	0.070606	0.103986	1.580000
761	0.583466	0.124028	0.149697	1.580000
762	0.579037	-0.156518	0.135804	1.580000
763	0.599975	0.054208	0.123759	1.580000
764	0.578969	-0.045345	-0.202395	1.580000
765	0.535901	-0.276879	0.119888	1.580000
766	0.614455	0.003141	0.025701	1.580000
767	0.585543	-0.016709	0.187311	1.580000
768	0.599644	0.113290	0.076273	1.580000
769	0.597825	0.123050	-0.075425	1.580000
770	0.572620	-0.117281	0.191251	1.580000
771	0.591344	0.107868	-0.130004	1.580000
772	0.598292	0.059390	-0.129399	1.580000
773	0.586114	0.185280	-0.019142	1.580000
774	0.573608	0.195808	-0.104205	1.580000
775	0.614265	-0.028286	0.010173	1.580000
776	0.606404	0.039141	0.094698	1.580000
777	0.596690	0.138863	0.053883	1.580000
778	0.575909	0.059479	0.207402	1.580000
779	0.586035	0.090484	-0.163099	1.580000
780	0.608462	-0.075996	-0.047151	1.580000
781	0.580871	0.183253	-0.085043	1.580000
782	0.565173	-0.097313	-0.222114	1.580000
783	0.609602	0.020167	-0.078764	1.580000
784	0.606721	0.066984	0.075019	1.580000
785	0.594763	0.029316	0.153696	1.580000
786	0.555155	-0.239464	-0.112627	1.580000
787	0.572105	0.205128	-0.094038	1.580000
788	0.614491	0.019801	-0.015269	1.580000
789	0.613802	0.027476	-0.026784	1.580000
790	0.567895	-0.037953	-0.232981	1.580000
791	0.575306	0.195986	0.094006	1.580000
792	0.607283	-0.001265	0.097112	1.580000
793	0.609928	-0.073353	0.028843	1.580000
794	0.579723	0.131177	-0.157921	1.580000
795	0.582750	-0.194925	-0.025120	1.580000
796	0.613002	-0.004959	-0.049285	1.580000
797	0.590366	-0.124991	0.118617	1.580000
798	0.531292	0.176440	-0.254603	1.580000
799	0.602433	-0.123535	-0.006166	1.580000
800	0.602134	-0.032357	-0.120882	1.580000
801	0.613829	0.009594	-0.036704	1.580000
802	0.601893	0.062466	0.109763	1.580000
803	0.580165	0.010242	-0.203785	1.580000
804	0.596446	-0.083871	-0.124268	1.580000
805	0.543812	-0.276235	-0.078663	1.580000
806	0.614940	-0.002508	-0.008209	1.580000
807	0.595450	0.074319	0.134688	1.580000
808	0.595041	-0.119551	0.099291	1.580000
809	0.612500	-0.054862	0.007646	1.580000
810	0.596479	-0.139278	-0.055128	1.580000
811	0.577307	-0.211086	0.019609	1.580000
812	0.605050	-0.032224	0.105363	1.580000
813	0.592297	0.164339	-0.020041	1.580000
814	0.610558	0.029938	0.067435	1.580000
815	0.593356	-0.119022	0.109489	1.580000
816	0.605783	-0.023440	-0.103451	1.580000
817	0.608932	-0.036306	0.078159	1.580000
818	0.604666	-0.036142	-0.106291	1.580000
819	0.563528	0.246045	0.011071	1.580000
820	0.612490	0.022005	-0.050958	1.580000
821	0.582735	0.089522	-0.175017	1.580000
822	0.608360	-0.057211	-0.069643	1.580000
823	0.580751	-0.197530	0.043982	1.580000
824	0.601528	-0.048784	0.118358	1.580000
825	0.612095	-0.025114	0.054162	1.580000
826	0.591442	0.139881	0.094097	1.580000
827	0.559307	0.141487	0.213031	1.580000
828	0.595397	0.141097	0.061794	1.580000
829	0.507361	0.190100	0.290985	1.580000
830	0.562635	0.060365	-0.240880	1.580000
831	0.518369	0.323344	-0.070479	1.580000
832	0.598965	0.139509	-0.001727	1.580000
833	0.589622	0.173677	0.020182	1.580000
834	0.580200	0.203721	0.009555	1.580000
835	0.550610	-0.034592	0.271767	1.580000
836	0.601006	-0.075408	0.106444	1.580000
837	0.588955	0.121516	-0.128806	1.580000
838	0.598837	-0.081628	0.113827	1.580000
839	0.560378	0.114253	-0.226159	1.580000
840	0.608029	-0.049903	-0.077684	1.580000
841	0.612944	-0.033882	0.037098	1.580000
842	0.588464	0.133682	-0.118593	1.580000
843	0.588543	-0.172813	-0.044479	1.580000
844	0.576312	-0.198248	-0.082384	1.580000
845	0.596658	-0.092129	0.117202	1.580000
846	0.543927	0.274103	0.085062	1.580000
847	0.499617	0.350282	-0.076874	1.580000
848	0.611466	0.033044	0.056940	1.580000
849	0.595597	0.152466	0.015614	1.580000
850	0.573014	0.072431	-0.211267	1.580000
