1	-0.556459	-0.259662	0.033974	-2.800000
2	-0.605529	0.022783	-0.105075	-2.800000
3	-0.606138	-0.000839	-0.104026	-2.800000
4	-0.568097	0.176739	-0.155738	-2.800000
5	-0.601040	-0.100331	-0.083125	-2.800000
6	-0.611440	-0.066060	-0.001281	-2.800000
7	-0.583636	0.183046	0.063935	-2.800000
8	-0.394261	-0.280914	0.379303	-2.800000
9	-0.579392	-0.173405	0.111627	-2.800000
10	-0.576686	0.207274	-0.051921	-2.800000
11	-0.608378	-0.054839	-0.071369	-2.800000
12	-0.534405	-0.285867	-0.104481	-2.800000
13	-0.567796	-0.226148	-0.068483	-2.800000
14	-0.583233	-0.050966	-0.188327	-2.800000
15	-0.588115	0.052087	-0.172142	-2.800000
16	-0.612335	-0.006799	0.056784	-2.800000
17	-0.609035	0.066127	0.054112	-2.800000
18	-0.442361	0.331301	0.269780	-2.800000
19	-0.456325	0.081206	0.404226	-2.800000
20	-0.585282	-0.131312	-0.135746	-2.800000
21	-0.503709	-0.214905	-0.279853	-2.800000
22	-0.565164	-0.219369	0.103398	-2.800000
23	-0.602732	-0.111730	0.049556	-2.800000
24	-0.596141	-0.151105	0.002788	-2.800000
25	-0.596505	0.147199	-0.027190	-2.800000
26	-0.534747	0.065026	-0.296719	-2.800000
27	-0.535190	-0.118625	-0.278792	-2.800000
28	-0.354858	-0.187831	0.465854	-2.800000
29	-0.498686	-0.272970	-0.234574	-2.800000
30	-0.612485	-0.051276	-0.021398	-2.800000
31	-0.572440	0.110233	0.195923	-2.800000
32	-0.614201	0.019132	0.024813	-2.800000
33	-0.588650	-0.176441	-0.024191	-2.800000
34	-0.567237	-0.047557	-0.232822	-2.800000
35	-0.527778	0.156168	-0.274385	-2.800000
36	-0.596630	0.072759	-0.130247	-2.800000
37	-0.594142	-0.049702	0.150831	-2.800000
38	-0.608410	-0.018517	0.087858	-2.800000
39	-0.614391	-0.027213	0.002884	-2.800000
40	-0.585901	0.021240	0.185725	-2.800000
41	-0.559512	0.242174	-0.080769	-2.800000
42	-0.572709	0.075648	-0.210966	-2.800000
43	-0.613105	0.044112	-0.019538	-2.800000
44	-0.611454	-0.049846	-0.043180	-2.800000
45	-0.609329	-0.082524	0.011556	-2.800000
46	-0.609766	0.037802	-0.070582	-2.800000
47	-0.610942	0.064406	0.028752	-2.800000
48	-0.586144	-0.070034	-0.172497	-2.800000
49	-0.613801	0.004378	0.038132	-2.800000
50	-0.584185	0.183006	-0.058832	-2.800000
51	-0.612640	0.053333	-0.007281	-2.800000
52	-0.588598	0.089076	0.154413	-2.800000
53	-0.594280	0.135387	0.082018	-2.800000
54	-0.536248	-0.030974	-0.299505	-2.800000
55	-0.541179	0.227089	-0.183797	-2.800000
56	-0.580377	-0.117118	-0.166346	-2.800000
57	-0.603072	0.120078	0.010512	-2.800000
58	-0.593776	0.159373	-0.015967	-2.800000
59	-0.604519	0.065333	0.092267	-2.800000
60	-0.584093	-0.043326	-0.187573	-2.800000
61	-0.613499	-0.006524	-0.042450	-2.800000
62	-0.595555	-0.120706	-0.094704	-2.800000
63	-0.582731	-0.027216	-0.194700	-2.800000
64	-0.580866	0.021545	0.200888	-2.800000
65	-0.600064	0.109736	-0.078146	-2.800000
66	-0.600612	0.130870	-0.019065	-2.800000
67	-0.602147	0.100673	-0.074222	-2.800000
68	-0.568222	-0.032263	-0.233041	-2.800000
69	-0.613302	0.033805	0.030706	-2.800000
70	-0.604888	-0.081872	-0.075047	-2.800000
71	-0.529671	-0.295262	0.102441	-2.800000
72	-0.519781	-0.319262	-0.078264	-2.800000
73	-0.530039	0.228660	-0.212128	-2.800000
74	-0.594164	0.153811	0.039201	-2.800000
75	-0.592759	0.098601	-0.130919	-2.800000
76	-0.550874	0.254433	-0.100132	-2.800000
77	-0.578423	-0.159689	-0.134726	-2.800000
78	-0.598742	0.120409	0.072355	-2.800000
79	-0.545799	-0.234636	-0.158980	-2.800000
80	-0.592192	0.157580	0.051985	-2.800000
81	-0.545169	-0.022262	0.283762	-2.800000
82	-0.522948	-0.186911	-0.264225	-2.800000
83	-0.524765	-0.309820	-0.082814	-2.800000
84	-0.610178	0.018358	0.074635	-2.800000
85	-0.566851	-0.237890	-0.017718	-2.800000
86	-0.576368	0.149659	0.153712	-2.800000
87	-0.516664	-0.081114	0.323580	-2.800000
88	-0.546935	-0.109379	0.259082	-2.800000
89	-0.552296	-0.214900	0.164354	-2.800000
90	-0.575184	-0.126965	-0.176827	-2.800000
91	-0.604946	0.104877	-0.035585	-2.800000
92	-0.607660	0.064067	-0.069779	-2.800000
93	-0.527802	-0.070523	-0.307695	-2.800000
94	-0.613747	-0.003639	-0.039074	-2.800000
95	-0.546576	0.215556	-0.181701	-2.800000
96	-0.604037	-0.047819	0.105251	-2.800000
97	-0.609603	0.080218	0.013180	-2.800000
98	-0.614568	-0.007162	0.021911	-2.800000
99	-0.605254	0.096201	-0.051364	-2.800000
100	-0.559556	-0.176427	-0.184380	-2.800000
101	-0.592251	-0.160437	0.041522	-2.800000
102	-0.569757	0.230909	-0.016802	-2.800000
103	-0.554480	0.265816	0.010915	-2.800000
104	-0.560474	0.252090	-0.023345	-2.800000
105	-0.611653	0.062806	-0.012699	-2.800000
106	-0.594130	-0.078084	0.138338	-2.800000
107	-0.529514	0.232384	0.209374	-2.800000
108	-0.603119	0.087674	0.082377	-2.800000
109	-0.587996	0.147768	0.103199	-2.800000
110	-0.564063	0.169781	0.176727	-2.800000
111	-0.582209	-0.060347	-0.188721	-2.800000
112	-0.464068	0.179014	-0.361690	-2.800000
113	-0.603888	0.075043	0.088957	-2.800000
114	-0.603216	-0.107969	0.051945	-2.800000
115	-0.579861	-0.130105	0.158302	-2.800000
116	-0.518532	-0.196994	0.265598	-2.800000
117	-0.581518	-0.134756	-0.147994	-2.800000
118	-0.582500	-0.035846	-0.193994	-2.800000
119	-0.557468	-0.215347	-0.145192	-2.800000
120	-0.542609	-0.124442	-0.261372	-2.800000
121	-0.610569	0.061699	0.040299	-2.800000
122	-0.537503	-0.009279	-0.298714	-2.800000
123	-0.613488	-0.037748	0.020803	-2.800000
124	-0.561258	0.104768	0.228556	-2.800000
125	-0.606341	0.045462	0.092241	-2.800000
126	-0.528351	-0.262710	-0.173361	-2.800000
127	-0.590419	-0.133957	-0.108103	-2.800000
128	-0.536477	-0.279010	-0.112121	-2.800000
129	-0.549655	-0.268820	-0.061972	-2.800000
130	-0.608183	-0.079054	-0.045710	-2.800000
131	-0.582875	0.184885	0.065567	-2.800000
132	-0.581019	0.201175	-0.013037	-2.800000
133	-0.502428	0.083157	-0.344785	-2.800000
134	-0.590361	-0.168338	-0.036892	-2.800000
135	-0.540846	-0.269906	-0.113407	-2.800000
136	-0.603127	-0.115721	-0.032734	-2.800000
137	-0.611181	0.049190	-0.047577	-2.800000
138	-0.597641	-0.101717	-0.103459	-2.800000
139	-0.611633	-0.064261	-0.000838	-2.800000
140	-0.610378	0.072164	0.021359	-2.800000
141	-0.506635	0.044766	-0.345749	-2.800000
142	-0.593140	-0.157092	-0.041621	-2.800000
143	-0.608899	-0.085845	-0.009848	-2.800000
144	-0.549984	0.112995	0.250948	-2.800000
145	-0.552348	0.225012	-0.150021	-2.800000
146	-0.604039	0.023950	-0.113084	-2.800000
147	-0.596603	-0.063448	-0.135146	-2.800000
148	-0.588580	-0.055808	-0.169362	-2.800000
149	-0.597845	-0.070944	-0.125590	-2.800000
150	-0.598571	0.091405	0.107626	-2.800000
151	-0.607112	0.098042	-0.005232	-2.800000
152	-0.608522	-0.060526	-0.065291	-2.800000
153	-0.613376	0.018578	-0.040623	-2.800000
154	-0.563649	0.111702	-0.219198	-2.800000
155	-0.545525	0.215849	-0.184491	-2.800000
156	-0.609942	0.004315	0.078594	-2.800000
157	-0.597873	-0.081240	-0.119048	-2.800000
158	-0.608157	0.057685	-0.071014	-2.800000
159	-0.533151	0.002436	0.306544	-2.800000
160	-0.586002	-0.173084	-0.069776	-2.800000
161	-0.603675	0.077744	0.088073	-2.800000
162	-0.608160	-0.027998	-0.087081	-2.800000
163	-0.568069	0.232787	0.036503	-2.800000
164	-0.588182	0.162429	0.076704	-2.800000
165	-0.613691	-0.037895	-0.013123	-2.800000
166	-0.587994	0.094390	0.153553	-2.800000
167	-0.602933	0.090747	0.080385	-2.800000
168	-0.597683	0.123101	-0.076458	-2.800000
169	-0.588122	0.095775	-0.152198	-2.800000
170	-0.592047	0.152265	-0.067237	-2.800000
171	-0.609118	0.026627	0.080570	-2.800000
172	-0.596278	-0.034112	-0.146675	-2.800000
173	-0.591616	-0.155332	-0.063934	-2.800000
174	-0.601814	-0.028296	-0.123465	-2.800000
175	-0.586472	-0.137088	0.124426	-2.800000
176	-0.569105	0.209684	0.101866	-2.800000
177	-0.580599	-0.088190	-0.182625	-2.800000
178	-0.592097	0.012484	-0.165803	-2.800000
179	-0.588813	-0.111349	-0.138295	-2.800000
180	-0.536743	-0.294586	-0.057889	-2.800000
181	-0.573005	-0.197127	0.105028	-2.800000
182	-0.604886	0.100395	-0.047531	-2.800000
183	-0.568223	-0.009461	-0.235072	-2.800000
184	-0.607638	0.039462	0.086280	-2.800000
185	-0.545958	-0.257834	-0.116947	-2.800000
186	-0.567003	0.237574	-0.017069	-2.800000
187	-0.592666	-0.079544	0.143682	-2.800000
188	-0.559673	-0.174566	0.185791	-2.800000
189	-0.537213	0.035292	0.297291	-2.800000
190	-0.575393	-0.217014	0.007306	-2.800000
191	-0.604341	0.097461	-0.059146	-2.800000
192	-0.613546	-0.024698	-0.034306	-2.800000
193	-0.589198	-0.175837	0.012338	-2.800000
194	-0.592373	-0.022100	0.163802	-2.800000
195	-0.565899	-0.165846	0.174581	-2.800000
196	-0.598384	0.137116	0.036894	-2.800000
197	-0.595280	0.123101	0.093341	-2.800000
198	-0.443329	0.347288	0.247135	-2.800000
199	-0.585119	-0.108911	-0.154918	-2.800000
200	-0.590798	-0.064930	-0.158009	-2.800000
201	-0.604321	-0.078864	-0.082474	-2.800000
202	-0.578331	0.013688	-0.208736	-2.800000
203	-0.607184	-0.053060	0.082079	-2.800000
204	-0.600953	0.062039	0.115031	-2.800000
205	-0.604070	0.032469	0.110769	-2.800000
206	-0.597005	-0.099203	-0.109404	-2.800000
207	-0.555021	0.147706	0.219908	-2.800000
208	-0.515156	0.334127	0.034622	-2.800000
209	-0.567306	0.228055	0.066176	-2.800000
210	-0.614588	0.022467	-0.001429	-2.800000
211	-0.612590	-0.041453	-0.035215	-2.800000
212	-0.612069	0.059947	0.001776	-2.800000
213	-0.578929	-0.112824	0.174174	-2.800000
214	-0.605090	-0.070196	-0.084638	-2.800000
215	-0.587234	-0.171030	-0.064267	-2.800000
216	-0.598887	0.007130	-0.139672	-2.800000
217	-0.610381	0.065843	-0.036393	-2.800000
218	-0.613723	0.011500	0.037910	-2.800000
219	-0.589324	0.010183	0.175552	-2.800000
220	-0.602427	-0.039665	0.117190	-2.800000
221	-0.531628	0.287526	0.113692	-2.800000
222	-0.609701	0.036243	0.071949	-2.800000
223	-0.585828	0.082704	-0.167902	-2.800000
224	-0.589432	0.012336	-0.175050	-2.800000
225	-0.527884	-0.230039	-0.215975	-2.800000
226	-0.574592	-0.066525	-0.208909	-2.800000
227	-0.584505	-0.020375	-0.190166	-2.800000
228	-0.608018	0.079424	-0.047237	-2.800000
229	-0.596422	0.127468	-0.079105	-2.800000
230	-0.578087	0.099612	0.184710	-2.800000
231	-0.597708	0.128719	0.066346	-2.800000
232	-0.608815	-0.018628	0.084983	-2.800000
233	-0.602232	-0.104725	0.067630	-2.800000
234	-0.612813	-0.050582	-0.011265	-2.800000
235	-0.577461	-0.193524	-0.085514	-2.800000
236	-0.610699	-0.009226	0.072016	-2.800000
237	-0.612398	-0.055722	-0.009416	-2.800000
238	-0.557029	0.154419	-0.209997	-2.800000
239	-0.604366	0.073434	-0.087032	-2.800000
240	-0.578633	-0.006047	-0.208260	-2.800000
241	-0.609545	-0.073853	0.035008	-2.800000
242	-0.611015	0.047935	-0.050876	-2.800000
243	-0.606083	0.094631	0.043977	-2.800000
244	-0.614497	0.019532	0.015393	-2.800000
245	-0.601391	0.085707	0.095962	-2.800000
246	-0.588487	-0.005837	-0.178534	-2.800000
247	-0.611424	0.001444	-0.066205	-2.800000
248	-0.613198	-0.010729	-0.045809	-2.800000
249	-0.614730	-0.017448	-0.005226	-2.800000
250	-0.563097	0.011467	0.247014	-2.800000
251	-0.598979	-0.006582	-0.139307	-2.800000
252	-0.598184	0.132999	-0.052076	-2.800000
253	-0.612865	0.009501	0.050306	-2.800000
254	-0.509680	0.254578	-0.231605	-2.800000
255	-0.591195	0.132114	0.106113	-2.800000
256	-0.596014	0.024003	-0.149722	-2.800000
257	-0.604912	0.086291	-0.069712	-2.800000
258	-0.604915	0.104181	0.038068	-2.800000
259	-0.567374	0.089268	0.219870	-2.800000
260	-0.598840	0.106193	0.091319	-2.800000
261	-0.591940	0.160756	0.044610	-2.800000
262	-0.596070	0.148810	0.027947	-2.800000
263	-0.611522	0.005653	-0.065069	-2.800000
264	-0.603844	-0.106388	0.047739	-2.800000
265	-0.611140	0.030741	-0.061546	-2.800000
266	-0.603065	0.036061	-0.115056	-2.800000
267	-0.555555	-0.213297	-0.155203	-2.800000
268	-0.555594	0.232426	0.124574	-2.800000
269	-0.598416	0.047124	-0.133800	-2.800000
270	-0.598726	0.130272	0.052743	-2.800000
271	-0.573342	0.214326	0.059734	-2.800000
272	-0.592693	0.151050	0.064217	-2.800000
273	-0.589255	0.001901	-0.176068	-2.800000
274	-0.572399	0.022514	-0.223779	-2.800000
275	-0.533825	-0.222776	-0.208870	-2.800000
276	-0.585848	-0.093158	-0.162263	-2.800000
277	-0.614084	-0.031273	0.012157	-2.800000
278	-0.611813	0.038207	-0.049503	-2.800000
279	-0.592422	-0.067969	0.150470	-2.800000
280	-0.606113	0.059395	-0.085583	-2.800000
281	-0.582663	-0.179666	-0.080306	-2.800000
282	-0.592715	-0.039538	-0.159218	-2.800000
283	-0.585756	-0.176533	0.062857	-2.800000
284	-0.555766	-0.155263	0.212702	-2.800000
285	-0.577559	-0.202312	-0.060999	-2.800000
286	-0.567604	-0.155202	-0.178782	-2.800000
287	-0.612421	0.050344	0.025127	-2.800000
288	-0.603006	-0.109052	0.052123	-2.800000
289	-0.592446	-0.151166	0.066195	-2.800000
290	-0.605016	-0.088287	0.066232	-2.800000
291	-0.528143	0.193307	0.248843	-2.800000
292	-0.593484	-0.152423	0.052620	-2.800000
293	-0.554402	-0.221073	0.148292	-2.800000
294	-0.539798	-0.293515	0.026309	-2.800000
295	-0.577122	0.206028	0.052034	-2.800000
296	-0.610478	-0.064105	0.037844	-2.800000
297	-0.600059	0.070939	-0.114551	-2.800000
298	-0.596799	-0.114730	-0.094301	-2.800000
299	-0.593254	-0.037466	0.157705	-2.800000
300	-0.543098	0.077437	0.277981	-2.800000
301	-0.590634	0.078383	0.152422	-2.800000
302	-0.604853	-0.103745	0.040180	-2.800000
303	-0.608168	-0.055371	0.072734	-2.800000
304	-0.604387	0.085657	-0.074858	-2.800000
305	-0.582279	0.183970	-0.073019	-2.800000
306	-0.583366	-0.038419	-0.190874	-2.800000
307	-0.588183	0.131657	-0.122199	-2.800000
308	-0.613709	0.038565	-0.009952	-2.800000
309	-0.606856	-0.021380	-0.097435	-2.800000
310	-0.614852	0.010800	0.008049	-2.800000
311	-0.608917	-0.015442	0.084892	-2.800000
312	-0.611112	0.062114	-0.030152	-2.800000
313	-0.593241	-0.103295	-0.124981	-2.800000
314	-0.602084	0.084447	0.092676	-2.800000
315	-0.597128	0.047078	0.139452	-2.800000
316	-0.505336	0.336289	-0.098845	-2.800000
317	-0.606688	0.078411	-0.063300	-2.800000
318	-0.582312	0.189846	-0.055647	-2.800000
319	-0.570233	-0.018814	0.229578	-2.800000
320	-0.589647	-0.141801	0.102145	-2.800000
321	-0.540043	-0.273827	0.107691	-2.800000
322	-0.560814	-0.236862	0.087231	-2.800000
323	-0.574237	0.219880	0.011391	-2.800000
324	-0.519578	-0.019332	-0.328467	-2.800000
325	-0.595977	0.143232	0.050216	-2.800000
326	-0.584909	0.177276	-0.068412	-2.800000
327	-0.597427	0.056769	0.134473	-2.800000
328	-0.582094	0.168800	0.104391	-2.800000
329	-0.583114	-0.122289	0.152476	-2.800000
330	-0.606058	0.104355	-0.005411	-2.800000
331	-0.584224	-0.072646	-0.177846	-2.800000
332	-0.582952	-0.175036	-0.088060	-2.800000
333	-0.614350	-0.028122	0.002850	-2.800000
334	-0.609448	0.052142	-0.063867	-2.800000
335	-0.586143	0.171367	0.072763	-2.800000
336	-0.586704	0.133883	0.126804	-2.800000
337	-0.605899	0.061775	0.085413	-2.800000
338	-0.598257	0.027622	0.139823	-2.800000
339	-0.587663	-0.032101	-0.178455	-2.800000
340	-0.587931	-0.173462	0.049730	-2.800000
341	-0.580882	-0.164608	0.117070	-2.800000
342	-0.595919	-0.014764	-0.151286	-2.800000
343	-0.607182	0.097736	-0.001481	-2.800000
344	-0.605373	-0.074027	0.079172	-2.800000
345	-0.609289	-0.015674	-0.082136	-2.800000
346	-0.608854	-0.049216	-0.071412	-2.800000
347	-0.601516	-0.127717	-0.009613	-2.800000
348	-0.599110	-0.133440	0.038555	-2.800000
349	-0.573301	0.116828	0.189477	-2.800000
350	-0.581734	0.180930	-0.084115	-2.800000
351	-0.543323	-0.269770	-0.101238	-2.800000
352	-0.560559	0.125308	-0.219765	-2.800000
353	-0.613102	0.020458	0.043725	-2.800000
354	-0.607447	0.071154	-0.064579	-2.800000
355	-0.558705	-0.169421	0.193315	-2.800000
356	-0.611211	0.050750	-0.045505	-2.800000
357	-0.602474	-0.011873	-0.122919	-2.800000
358	-0.605339	-0.068705	0.084079	-2.800000
359	-0.596691	-0.056889	-0.137654	-2.800000
360	-0.610012	0.012908	-0.077098	-2.800000
361	-0.599928	0.061589	-0.120490	-2.800000
362	-0.596627	0.140855	-0.049201	-2.800000
363	-0.586656	-0.041899	-0.179735	-2.800000
364	-0.608982	-0.003278	-0.085764	-2.800000
365	-0.599357	0.083183	-0.109896	-2.800000
366	-0.593237	0.099049	-0.128392	-2.800000
367	-0.603275	0.024198	-0.117040	-2.800000
368	-0.601554	0.125696	-0.023639	-2.800000
369	-0.606088	-0.100952	0.026280	-2.800000
370	-0.576350	-0.049851	0.208712	-2.800000
371	-0.603151	0.000401	0.120139	-2.800000
372	-0.610907	0.028903	0.064666	-2.800000
373	-0.569072	0.225413	-0.059759	-2.800000
374	-0.612742	0.052293	0.006157	-2.800000
375	-0.590402	-0.167566	-0.039655	-2.800000
376	-0.592369	-0.112883	-0.120756	-2.800000
377	-0.552508	-0.262408	-0.064050	-2.800000
378	-0.534631	0.297168	0.063921	-2.800000
379	-0.589258	0.150263	-0.091763	-2.800000
380	-0.601613	0.113194	0.058944	-2.800000
381	-0.592425	0.148024	0.073119	-2.800000
382	-0.614174	0.010001	-0.030261	-2.800000
383	-0.590010	-0.032857	-0.170393	-2.800000
384	-0.585407	-0.187509	0.019074	-2.800000
385	-0.549512	-0.269768	-0.059045	-2.800000
386	-0.609208	-0.060737	-0.058328	-2.800000
387	-0.591713	-0.167587	-0.003860	-2.800000
388	-0.579515	0.188720	-0.082290	-2.800000
389	-0.608080	0.078022	-0.048753	-2.800000
390	-0.611636	-0.058900	0.025626	-2.800000
391	-0.603230	-0.091446	0.077303	-2.800000
392	-0.581055	-0.182270	0.085897	-2.800000
393	-0.548655	-0.164425	0.223980	-2.800000
394	-0.561402	-0.230258	-0.100169	-2.800000
395	-0.610554	0.014543	-0.072365	-2.800000
396	-0.610417	0.059998	0.044908	-2.800000
397	-0.604008	0.085847	0.077648	-2.800000
398	-0.570271	0.135502	0.186159	-2.800000
399	-0.581509	-0.105757	0.169965	-2.800000
400	-0.539254	-0.104316	0.276674	-2.800000
401	-0.579572	-0.205554	0.008277	-2.800000
402	-0.614274	0.026921	-0.012954	-2.800000
403	-0.595928	0.147254	0.037562	-2.800000
404	-0.569785	0.074475	-0.219144	-2.800000
405	-0.614323	-0.015380	-0.024402	-2.800000
406	-0.592419	-0.162812	0.027509	-2.800000
407	-0.565070	-0.057979	0.235711	-2.800000
408	-0.612144	-0.048629	-0.033771	-2.800000
409	-0.605982	0.047527	0.093554	-2.800000
410	-0.601634	0.124557	-0.027327	-2.800000
411	-0.591791	0.128600	-0.107100	-2.800000
412	-0.564542	0.234829	0.066128	-2.800000
413	-0.507323	0.236992	-0.254328	-2.800000
414	-0.598170	0.030672	-0.139560	-2.800000
415	-0.592653	-0.080106	0.143426	-2.800000
416	-0.593229	-0.143426	0.075722	-2.800000
417	-0.557952	-0.005257	0.258626	-2.800000
418	-0.595316	0.143111	-0.057822	-2.800000
419	-0.595021	0.134739	-0.077593	-2.800000
420	-0.608738	-0.084074	0.024381	-2.800000
421	-0.614814	-0.007073	0.013360	-2.800000
422	-0.595102	-0.043083	0.149070	-2.800000
423	-0.612815	-0.002956	0.051709	-2.800000
424	-0.540143	-0.194396	0.220637	-2.800000
425	-0.571443	-0.225257	-0.030613	-2.800000
426	-0.594347	-0.144501	0.064003	-2.800000
427	-0.596487	0.102949	-0.108766	-2.800000
428	-0.591467	0.167948	0.013610	-2.800000
429	-0.565967	-0.197913	0.136884	-2.800000
430	-0.611875	-0.027739	0.055355	-2.800000
431	-0.614185	0.031629	0.001307	-2.800000
432	-0.487867	0.366697	0.075792	-2.800000
433	-0.591200	-0.096936	0.138963	-2.800000
434	-0.587410	-0.079491	-0.163878	-2.800000
435	-0.607808	0.057425	-0.074137	-2.800000
436	-0.608427	0.082384	-0.035411	-2.800000
437	-0.609051	0.079110	-0.032002	-2.800000
438	-0.604686	-0.000397	-0.112159	-2.800000
439	-0.598515	-0.119109	-0.076273	-2.800000
440	-0.592264	0.095126	0.135645	-2.800000
441	-0.600781	-0.082946	-0.102017	-2.800000
442	-0.610692	-0.060268	-0.040592	-2.800000
443	-0.601525	0.078507	0.101143	-2.800000
444	-0.594053	0.062641	0.146293	-2.800000
445	-0.574136	-0.204210	-0.083017	-2.800000
446	-0.554743	-0.096658	-0.247269	-2.800000
447	-0.590098	-0.171146	0.026816	-2.800000
448	-0.603935	0.007990	-0.115862	-2.800000
449	-0.592736	0.149971	-0.066310	-2.800000
450	-0.581381	0.135711	-0.147662	-2.800000
451	-0.600727	0.131720	0.001205	-2.800000
452	-0.609402	-0.007766	0.082423	-2.800000
453	-0.614309	-0.017215	-0.023508	-2.800000
454	-0.608558	-0.070832	0.053525	-2.800000
455	-0.605951	0.046589	0.094223	-2.800000
456	-0.607375	-0.083082	0.049173	-2.800000
457	-0.580842	0.120112	-0.162545	-2.800000
458	-0.608731	0.071179	-0.051044	-2.800000
459	-0.594165	-0.008441	-0.158500	-2.800000
460	-0.517707	0.251948	-0.216163	-2.800000
461	-0.566749	0.118379	0.207381	-2.800000
462	-0.613251	0.035248	-0.030097	-2.800000
463	-0.595993	-0.031500	0.148411	-2.800000
464	-0.595121	-0.067184	0.139795	-2.800000
465	-0.580131	0.181168	-0.094079	-2.800000
466	-0.607621	-0.076124	0.056805	-2.800000
467	-0.599802	-0.078026	-0.111241	-2.800000
468	-0.596161	0.018885	0.149867	-2.800000
469	-0.591273	0.039594	0.164481	-2.800000
470	-0.601350	0.017665	0.127638	-2.800000
471	-0.614672	-0.006269	-0.019091	-2.800000
472	-0.607031	-0.010411	0.098133	-2.800000
473	-0.587686	-0.179712	0.023529	-2.800000
474	-0.606757	0.100350	-0.000651	-2.800000
475	-0.611674	0.062998	0.010563	-2.800000
476	-0.589028	-0.154685	0.085697	-2.800000
477	-0.613150	-0.025445	-0.040307	-2.800000
478	-0.591228	0.109844	0.128874	-2.800000
479	-0.613992	-0.034855	-0.004927	-2.800000
480	-0.606907	0.084249	0.052830	-2.800000
481	-0.596658	-0.124898	-0.081395	-2.800000
482	-0.581833	-0.072205	0.185692	-2.800000
483	-0.609473	0.067572	0.046927	-2.800000
484	-0.611991	0.059697	-0.011312	-2.800000
485	-0.610879	-0.007852	-0.070644	-2.800000
486	-0.605083	-0.060642	-0.091772	-2.800000
487	-0.610549	-0.026905	-0.068784	-2.800000
488	-0.600314	-0.107676	0.079084	-2.800000
489	-0.613288	0.042947	0.016065	-2.800000
490	-0.598398	0.096215	-0.104344	-2.800000
491	-0.611788	0.050469	-0.037334	-2.800000
492	-0.572327	0.081530	0.209810	-2.800000
493	-0.611868	0.005804	-0.061717	-2.800000
494	-0.612256	-0.053478	-0.022540	-2.800000
495	-0.594654	-0.120464	0.100501	-2.800000
496	-0.568830	-0.221530	-0.074714	-2.800000
497	-0.609344	-0.083149	-0.003338	-2.800000
498	-0.572318	0.130924	-0.183129	-2.800000
499	-0.606175	0.034898	-0.097772	-2.800000
500	-0.612432	0.039077	-0.040309	-2.800000
501	-0.578305	0.182754	0.101929	-2.800000
502	-0.610638	0.046392	0.056518	-2.800000
503	-0.614911	-0.002737	0.010087	-2.800000
504	-0.513964	-0.288854	0.175014	-2.800000
505	-0.543213	-0.285104	-0.043137	-2.800000
506	-0.526851	-0.315840	0.029972	-2.800000
507	-0.591622	-0.158618	-0.055219	-2.800000
508	-0.569440	-0.228853	0.039867	-2.800000
509	-0.594140	-0.143976	-0.067034	-2.800000
510	-0.604509	-0.071585	-0.087576	-2.800000
511	-0.603758	0.021000	0.115155	-2.800000
512	-0.609747	0.018371	0.078074	-2.800000
513	-0.609126	-0.080071	0.027923	-2.800000
514	-0.597440	0.138139	-0.046985	-2.800000
515	-0.568255	-0.211611	0.102626	-2.800000
516	-0.601228	0.080078	0.101672	-2.800000
517	-0.611960	0.056805	0.022424	-2.800000
518	-0.571133	0.202600	-0.104812	-2.800000
519	-0.611700	-0.016592	-0.061419	-2.800000
520	-0.588700	-0.145121	0.102941	-2.800000
521	-0.597548	0.013120	0.144878	-2.800000
522	-0.614220	-0.024715	-0.018649	-2.800000
523	-0.587897	-0.141887	-0.111670	-2.800000
524	-0.582846	-0.007541	-0.196108	-2.800000
525	-0.591989	-0.124861	0.110381	-2.800000
526	-0.604151	0.114882	0.005338	-2.800000
527	-0.574029	0.220460	-0.010628	-2.800000
528	-0.579599	0.160792	-0.128201	-2.800000
529	-0.589916	0.164466	-0.056352	-2.800000
530	-0.610495	-0.052839	0.052239	-2.800000
531	-0.607821	0.062358	0.069926	-2.800000
532	-0.583729	0.002747	0.193591	-2.800000
533	-0.605018	0.082114	-0.073727	-2.800000
534	-0.573363	0.166783	-0.147184	-2.800000
535	-0.558711	0.243750	-0.081566	-2.800000
536	-0.609876	-0.009054	0.078702	-2.800000
537	-0.599163	-0.110696	-0.083517	-2.800000
538	-0.609642	-0.080905	-0.003962	-2.800000
539	-0.607068	-0.031904	0.093144	-2.800000
540	-0.573740	0.061703	0.212697	-2.800000
541	-0.602805	-0.075803	0.095421	-2.800000
542	-0.607520	0.023052	-0.092806	-2.800000
543	-0.574329	0.216083	0.040973	-2.800000
544	-0.606426	0.069868	-0.074772	-2.800000
545	-0.608355	-0.066787	0.060569	-2.800000
546	-0.612252	-0.057410	-0.008738	-2.800000
547	-0.612654	-0.003859	0.053533	-2.800000
548	-0.566241	0.229551	0.070022	-2.800000
549	-0.597986	-0.088842	0.112894	-2.800000
550	-0.612189	-0.014930	0.056800	-2.800000
551	-0.612581	0.051301	-0.018387	-2.800000
552	-0.610588	0.062736	-0.038361	-2.800000
553	-0.584232	-0.159188	-0.107505	-2.800000
554	-0.595182	-0.077446	0.134111	-2.800000
555	-0.608953	-0.054257	-0.066766	-2.800000
556	-0.556527	0.256771	0.050714	-2.800000
557	-0.608352	0.024905	-0.086677	-2.800000
558	-0.614076	0.022284	0.025282	-2.800000
559	-0.612031	0.051450	-0.031553	-2.800000
560	-0.614158	-0.024485	0.020877	-2.800000
561	-0.613282	-0.016283	-0.042957	-2.800000
562	-0.606666	-0.084981	0.054398	-2.800000
563	-0.586498	-0.030816	-0.182471	-2.800000
564	-0.607510	0.078726	0.054391	-2.800000
565	-0.591135	0.108399	-0.130514	-2.800000
566	-0.610039	0.067592	0.038845	-2.800000
567	-0.613990	-0.008290	-0.034234	-2.800000
568	-0.608867	-0.071902	0.048328	-2.800000
569	-0.606570	-0.095365	-0.034695	-2.800000
570	-0.608211	-0.035537	-0.083913	-2.800000
571	-0.581910	-0.181342	0.081981	-2.800000
572	-0.614343	0.020926	0.019220	-2.800000
573	-0.613400	0.041649	-0.015202	-2.800000
574	-0.559692	0.201739	-0.155793	-2.800000
575	-0.594946	0.114813	-0.105270	-2.800000
576	-0.593067	-0.094010	-0.132884	-2.800000
577	-0.587720	0.179265	-0.025968	-2.800000
578	-0.596991	-0.089657	-0.117425	-2.800000
579	-0.570013	0.228267	0.034696	-2.800000
580	-0.605649	0.041363	-0.098509	-2.800000
581	-0.603850	0.105630	-0.049314	-2.800000
582	-0.602986	0.106858	0.056698	-2.800000
583	-0.591454	0.167036	0.022506	-2.800000
584	-0.605019	-0.101743	0.042724	-2.800000
585	-0.580643	0.194694	0.056327	-2.800000
586	-0.600449	0.111222	0.072909	-2.800000
587	-0.599456	-0.046714	0.129211	-2.800000
588	-0.553217	-0.132370	-0.233782	-2.800000
589	-0.601001	0.064664	-0.113321	-2.800000
590	-0.583863	-0.059871	-0.183697	-2.800000
591	-0.543821	-0.172581	-0.229564	-2.800000
592	-0.605088	-0.060832	0.091613	-2.800000
593	-0.597077	0.119130	0.086788	-2.800000
594	-0.610409	-0.003112	0.074939	-2.800000
595	-0.609249	-0.047334	-0.069284	-2.800000
596	-0.606650	0.007937	-0.100689	-2.800000
597	-0.601181	-0.090440	0.092884	-2.800000
598	-0.566489	-0.214714	0.105890	-2.800000
599	-0.607036	0.098050	-0.010886	-2.800000
600	-0.614643	-0.012857	-0.016559	-2.800000
601	-0.611508	-0.065278	-0.004607	-2.800000
602	-0.598392	0.053374	-0.131542	-2.800000
603	-0.571780	-0.209930	0.084979	-2.800000
604	-0.569540	-0.226974	-0.048288	-2.800000
605	-0.576173	-0.210226	0.045334	-2.800000
606	-0.563639	-0.239914	0.054566	-2.800000
607	-0.602092	0.125318	0.002265	-2.800000
608	-0.603521	0.116196	-0.022043	-2.800000
609	-0.601741	0.086935	-0.092604	-2.800000
610	-0.597516	-0.006063	0.145474	-2.800000
611	-0.610133	-0.041413	0.065174	-2.800000
612	-0.608179	0.035178	0.084294	-2.800000
613	-0.586618	-0.104511	0.152254	-2.800000
614	-0.591808	-0.144462	-0.084373	-2.800000
615	-0.610599	-0.041507	-0.060584	-2.800000
616	-0.511334	0.140462	-0.311500	-2.800000
617	-0.542620	0.098091	-0.272336	-2.800000
618	-0.599264	-0.015686	-0.137337	-2.800000
619	-0.586342	0.133487	0.128877	-2.800000
620	-0.569111	-0.218194	0.082029	-2.800000
621	-0.600206	-0.039319	0.128188	-2.800000
622	-0.598462	0.053708	0.131084	-2.800000
623	-0.588932	0.063356	0.165439	-2.800000
624	-0.594809	0.074366	-0.137468	-2.800000
625	-0.592841	0.151312	-0.062208	-2.800000
626	-0.605336	0.077530	-0.076040	-2.800000
627	-0.614670	0.018864	0.007093	-2.800000
628	-0.608978	-0.074798	-0.042140	-2.800000
629	-0.610422	-0.037788	-0.064669	-2.800000
630	-0.611913	0.022180	-0.057403	-2.800000
631	-0.614279	-0.021788	0.020303	-2.800000
632	-0.557400	0.259394	0.015646	-2.800000
633	-0.591286	0.167753	-0.021561	-2.800000
634	-0.564167	-0.020855	-0.243938	-2.800000
635	-0.595526	0.034274	-0.149663	-2.800000
636	-0.578593	0.200826	0.055893	-2.800000
637	-0.603038	0.104005	0.061266	-2.800000
638	-0.504118	-0.283910	0.208532	-2.800000
639	-0.585989	0.171522	0.073634	-2.800000
640	-0.581444	0.190374	0.062494	-2.800000
641	-0.563080	0.086547	0.231680	-2.800000
642	-0.609296	0.073296	0.040140	-2.800000
643	-0.595471	-0.146907	0.045354	-2.800000
644	-0.599714	0.047507	0.127717	-2.800000
645	-0.602567	0.121969	0.016182	-2.800000
646	-0.602440	-0.070559	-0.101550	-2.800000
647	-0.532471	-0.220172	-0.214997	-2.800000
648	-0.516922	-0.038162	0.330998	-2.800000
649	-0.564049	-0.075223	-0.233270	-2.800000
650	-0.606585	-0.035066	-0.095133	-2.800000
651	-0.601562	0.119136	-0.046416	-2.800000
652	-0.558986	-0.189904	-0.172326	-2.800000
653	-0.582080	0.174598	0.094463	-2.800000
654	-0.554592	0.259143	0.059140	-2.800000
655	-0.581329	-0.006486	-0.200598	-2.800000
656	-0.609966	-0.068422	0.038534	-2.800000
657	-0.598765	-0.137864	0.026433	-2.800000
658	-0.545724	-0.263179	0.105579	-2.800000
659	-0.576432	-0.153956	-0.149161	-2.800000
660	-0.582667	-0.134233	-0.143896	-2.800000
661	-0.528232	-0.258701	-0.179639	-2.800000
662	-0.581058	0.156636	-0.126735	-2.800000
663	-0.568510	0.200446	-0.121831	-2.800000
664	-0.613088	0.048374	0.002761	-2.800000
665	-0.569831	0.171256	-0.155528	-2.800000
666	-0.496860	-0.120875	0.341678	-2.800000
667	-0.611053	0.069541	-0.001865	-2.800000
668	-0.586673	0.103456	0.152765	-2.800000
669	-0.584293	-0.145687	-0.124910	-2.800000
670	-0.535670	-0.188718	-0.235941	-2.800000
671	-0.585288	0.174604	0.071951	-2.800000
672	-0.612895	0.008571	-0.050107	-2.800000
673	-0.560067	0.212150	-0.139793	-2.800000
674	-0.599954	0.124869	-0.051840	-2.800000
675	-0.593852	-0.096984	-0.127117	-2.800000
676	-0.604016	0.098619	0.060533	-2.800000
677	-0.599019	0.118051	0.073929	-2.800000
678	-0.609265	-0.028399	-0.078835	-2.800000
679	-0.578783	-0.176958	0.109183	-2.800000
680	-0.585116	0.065404	-0.177727	-2.800000
681	-0.613111	-0.040272	-0.026426	-2.800000
682	-0.531292	0.272295	0.147679	-2.800000
683	-0.599236	0.023673	0.136311	-2.800000
684	-0.612469	-0.035324	0.043119	-2.800000
685	-0.588421	0.145814	0.103554	-2.800000
686	-0.598007	0.053198	0.133353	-2.800000
687	-0.601344	0.088941	-0.093272	-2.800000
688	-0.573350	0.196538	-0.104247	-2.800000
689	-0.607567	0.090817	0.028971	-2.800000
690	-0.613647	0.024974	0.032233	-2.800000
691	-0.550406	0.180095	-0.206988	-2.800000
692	-0.529934	0.302453	-0.076923	-2.800000
693	-0.552279	0.218962	-0.158962	-2.800000
694	-0.594062	-0.029670	0.156319	-2.800000
695	-0.557420	0.200352	0.165431	-2.800000
696	-0.593535	0.159140	0.024803	-2.800000
697	-0.584125	-0.048281	0.186257	-2.800000
698	-0.560766	-0.212311	-0.136713	-2.800000
699	-0.606407	0.058302	0.084241	-2.800000
700	-0.589822	0.159053	-0.070970	-2.800000
701	-0.608561	-0.072968	0.050540	-2.800000
702	-0.608158	0.032504	-0.085512	-2.800000
703	-0.571333	0.047425	-0.222608	-2.800000
704	-0.605561	-0.028629	-0.103445	-2.800000
705	-0.599992	0.083983	0.105745	-2.800000
706	-0.614521	-0.006379	-0.023424	-2.800000
707	-0.547058	-0.268788	-0.081885	-2.800000
708	-0.577917	-0.015271	0.209769	-2.800000
709	-0.513855	-0.316921	-0.117215	-2.800000
710	-0.550339	-0.269255	-0.053424	-2.800000
711	-0.591012	0.006722	-0.169954	-2.800000
712	-0.577565	-0.200457	-0.066787	-2.800000
713	-0.590704	-0.040345	-0.166330	-2.800000
714	-0.604528	0.106259	-0.038476	-2.800000
715	-0.580988	0.200217	-0.024311	-2.800000
716	-0.605684	-0.076575	0.074221	-2.800000
717	-0.588759	0.063947	0.165826	-2.800000
718	-0.586831	-0.144269	-0.114196	-2.800000
719	-0.570130	-0.099394	-0.208082	-2.800000
720	-0.568647	-0.047980	-0.229267	-2.800000
721	-0.597410	0.081847	-0.120945	-2.800000
722	-0.573929	0.148994	-0.163190	-2.800000
723	-0.602414	0.078200	-0.095957	-2.800000
724	-0.566760	0.018321	0.238061	-2.800000
725	-0.587081	-0.133083	0.125895	-2.800000
726	-0.565852	-0.197771	0.137562	-2.800000
727	-0.557160	-0.188002	0.180147	-2.800000
728	-0.528766	-0.307935	0.061706	-2.800000
729	-0.476105	0.389266	0.004575	-2.800000
730	-0.586715	0.163469	0.085255	-2.800000
731	-0.600989	0.127953	-0.025793	-2.800000
732	-0.602577	-0.019323	-0.121460	-2.800000
733	-0.612573	-0.027242	0.047297	-2.800000
734	-0.598670	-0.022521	0.138968	-2.800000
735	-0.610803	0.007278	0.071353	-2.800000
736	-0.608499	-0.065413	0.060618	-2.800000
737	-0.611963	0.043183	-0.043142	-2.800000
738	-0.610122	0.077291	0.001660	-2.800000
739	-0.593510	0.160817	-0.010417	-2.800000
740	-0.586083	0.092714	-0.161667	-2.800000
741	-0.602776	-0.109311	0.054194	-2.800000
742	-0.522608	0.087875	-0.312064	-2.800000
743	-0.594622	0.052666	0.147903	-2.800000
744	-0.613339	0.028265	0.035239	-2.800000
745	-0.557517	0.051147	0.254525	-2.800000
746	-0.597741	-0.003458	0.144632	-2.800000
747	-0.556446	0.183535	-0.186835	-2.800000
748	-0.592573	0.091775	0.136599	-2.800000
749	-0.548977	0.095668	0.260187	-2.800000
750	-0.571816	-0.133332	0.182960	-2.800000
751	-0.599401	-0.023784	0.135563	-2.800000
752	-0.598156	-0.044949	0.135698	-2.800000
753	-0.512706	0.290830	0.175430	-2.800000
754	-0.563491	0.142119	-0.201259	-2.800000
755	-0.612448	0.041815	-0.037203	-2.800000
756	-0.607122	0.065888	0.072712	-2.800000
757	-0.545636	0.273372	-0.075990	-2.800000
758	-0.605745	-0.075725	-0.074593	-2.800000
759	-0.604630	0.109669	-0.024899	-2.800000
760	-0.566174	0.227592	0.076640	-2.800000
761	-0.572215	0.178714	-0.137317	-2.800000
762	-0.606833	0.004880	-0.099773	-2.800000
763	-0.605112	-0.099114	-0.047338	-2.800000
764	-0.598131	-0.143019	-0.003086	-2.800000
765	-0.591888	0.163794	0.032644	-2.800000
766	-0.603376	-0.058079	-0.103871	-2.800000
767	-0.590664	-0.159569	-0.062282	-2.800000
768	-0.534983	0.214689	-0.214307	-2.800000
769	-0.464107	0.215179	-0.341361	-2.800000
770	-0.578556	0.200605	-0.057062	-2.800000
771	-0.561051	-0.000309	0.251887	-2.800000
772	-0.592391	-0.165219	-0.000484	-2.800000
773	-0.591973	-0.052261	0.158308	-2.800000
774	-0.609191	-0.027697	-0.079647	-2.800000
775	-0.599417	-0.123209	-0.061189	-2.800000
776	-0.608238	-0.006538	0.090712	-2.800000
777	-0.459119	0.270628	-0.306913	-2.800000
778	-0.571866	0.223769	-0.033485	-2.800000
779	-0.613460	-0.015229	0.040746	-2.800000
780	-0.590059	-0.027904	0.171104	-2.800000
781	-0.587784	0.147862	0.104266	-2.800000
782	-0.586079	0.066629	-0.174060	-2.800000
783	-0.596145	-0.087467	0.123229	-2.800000
784	-0.584768	0.088171	-0.168810	-2.800000
785	-0.559440	0.007838	-0.255324	-2.800000
786	-0.591047	0.077776	-0.151126	-2.800000
787	-0.606529	0.032812	-0.096287	-2.800000
788	-0.588220	-0.163110	0.074949	-2.800000
789	-0.596052	0.148219	-0.031273	-2.800000
790	-0.604299	-0.087266	-0.073708	-2.800000
791	-0.610391	0.072702	0.019029	-2.800000
792	-0.612692	0.021304	-0.048787	-2.800000
793	-0.611577	0.035138	0.054442	-2.800000
794	-0.607099	0.070032	-0.068931	-2.800000
795	-0.608489	0.077050	0.045053	-2.800000
796	-0.613331	-0.045068	-0.004290	-2.800000
797	-0.572489	0.215930	0.062093	-2.800000
798	-0.581487	0.191278	-0.059254	-2.800000
799	-0.567706	-0.215179	0.098149	-2.800000
800	-0.581729	0.008446	-0.199360	-2.800000
801	-0.614360	-0.012634	0.025045	-2.800000
802	-0.531074	0.306553	-0.047020	-2.800000
803	-0.610385	0.063145	-0.040833	-2.800000
804	-0.602658	0.117092	-0.036307	-2.800000
805	-0.612216	-0.055637	0.017915	-2.800000
806	-0.609125	0.055360	0.064239	-2.800000
807	-0.578850	-0.160186	0.132280	-2.800000
808	-0.602361	0.108678	0.059794	-2.800000
809	-0.600513	-0.124141	0.046885	-2.800000
810	-0.607420	-0.068319	-0.067814	-2.800000
811	-0.569198	0.217778	0.082529	-2.800000
812	-0.585593	-0.162424	-0.094472	-2.800000
813	-0.600361	-0.078338	-0.107956	-2.800000
814	-0.575136	0.176882	-0.127108	-2.800000
815	-0.569807	-0.227244	0.043649	-2.800000
816	-0.600641	-0.055721	0.119792	-2.800000
817	-0.542152	-0.055010	0.285078	-2.800000
818	-0.534376	-0.208135	-0.222141	-2.800000
819	-0.607788	0.042098	-0.083947	-2.800000
820	-0.613185	-0.037246	-0.029016	-2.800000
821	-0.545652	-0.106337	-0.263023	-2.800000
822	-0.591946	-0.123934	-0.111645	-2.800000
823	-0.582082	-0.167149	0.107082	-2.800000
824	-0.595956	-0.097787	-0.116184	-2.800000
825	-0.518282	-0.331012	0.006321	-2.800000
826	-0.592665	-0.152797	-0.060221	-2.800000
827	-0.522683	0.306301	-0.105864	-2.800000
828	-0.574622	0.015904	-0.218589	-2.800000
829	-0.590167	0.159215	-0.067662	-2.800000
830	-0.598364	0.141485	0.012929	-2.800000
831	-0.610726	-0.023858	0.068334	-2.800000
832	-0.586025	-0.041191	-0.181941	-2.800000
833	-0.562121	-0.248524	0.021914	-2.800000
834	-0.495887	-0.238424	-0.274728	-2.800000
835	-0.569396	0.230341	-0.030922	-2.800000
836	-0.535143	0.132543	-0.272541	-2.800000
837	-0.542896	0.264244	-0.116893	-2.800000
838	-0.562987	0.002390	-0.247517	-2.800000
839	-0.604450	-0.043738	0.104651	-2.800000
840	-0.585026	-0.124960	0.142670	-2.800000
841	-0.601927	0.105829	-0.068619	-2.800000
842	-0.567946	-0.217314	0.091850	-2.800000
843	-0.599425	0.081788	0.110571	-2.800000
844	-0.586535	0.088844	-0.162198	-2.800000
845	-0.599495	-0.046944	0.128945	-2.800000
846	-0.430471	-0.334055	-0.285180	-2.800000
847	-0.575050	0.202304	-0.081335	-2.800000
848	-0.543758	0.261733	0.118524	-2.800000
849	-0.610616	-0.059265	-0.043138	-2.800000
850	-0.472465	-0.235430	0.315554	-2.800000
