1	-0.572905	0.070149	-0.212329	-2.200000
2	-0.564860	-0.231666	0.074091	-2.200000
3	-0.570809	-0.166455	-0.157145	-2.200000
4	-0.599066	0.032556	0.135221	-2.200000
5	-0.595776	-0.147171	0.040215	-2.200000
6	-0.507472	0.310516	-0.155812	-2.200000
7	-0.555656	0.260758	0.038434	-2.200000
8	-0.536482	0.195148	0.228757	-2.200000
9	-0.584806	-0.002325	0.190319	-2.200000
10	-0.597658	0.029220	-0.142041	-2.200000
11	-0.600541	0.126494	0.039685	-2.200000
12	-0.614142	0.032337	-0.002908	-2.200000
13	-0.581918	-0.110636	0.165397	-2.200000
14	-0.600652	0.101362	-0.084667	-2.200000
15	-0.573945	-0.038435	-0.217565	-2.200000
16	-0.612306	0.053829	-0.020229	-2.200000
17	-0.533505	0.305775	0.009961	-2.200000
18	-0.574887	0.210922	0.056932	-2.200000
19	-0.439673	-0.145876	0.404516	-2.200000
20	-0.559890	-0.254315	0.008473	-2.200000
21	-0.600847	-0.080255	-0.103767	-2.200000
22	-0.610286	0.074312	-0.015926	-2.200000
23	-0.609061	-0.085053	-0.005940	-2.200000
24	-0.531670	0.096327	-0.293722	-2.200000
25	-0.600569	-0.131817	-0.012887	-2.200000
26	-0.603617	0.115559	-0.022748	-2.200000
27	-0.551945	0.047523	-0.267065	-2.200000
28	-0.431386	0.255808	0.355941	-2.200000
29	-0.606668	0.100696	0.006251	-2.200000
30	-0.540936	0.067688	-0.284660	-2.200000
31	-0.611373	0.066654	0.002166	-2.200000
32	-0.608433	0.049812	0.074520	-2.200000
33	-0.608276	0.081727	-0.039325	-2.200000
34	-0.483429	0.130733	-0.356974	-2.200000
35	-0.578168	0.037119	-0.206323	-2.200000
36	-0.610554	-0.052994	-0.051386	-2.200000
37	-0.550772	-0.272794	0.021419	-2.200000
38	-0.612800	0.044331	0.027128	-2.200000
39	-0.576969	0.209273	0.039192	-2.200000
40	-0.607818	0.054614	-0.076155	-2.200000
41	-0.598646	-0.047704	0.132562	-2.200000
42	-0.607596	0.087000	0.038510	-2.200000
43	-0.510856	0.118741	-0.321172	-2.200000
44	-0.610840	0.070906	0.008472	-2.200000
45	-0.581929	0.046835	-0.193366	-2.200000
46	-0.594584	0.077375	-0.136776	-2.200000
47	-0.586099	-0.069458	-0.172885	-2.200000
48	-0.593889	0.141225	-0.074674	-2.200000
49	-0.607591	-0.046564	-0.083008	-2.200000
50	-0.586549	-0.011231	-0.184551	-2.200000
51	-0.611791	-0.015642	0.060759	-2.200000
52	-0.520212	0.292909	-0.147678	-2.200000
53	-0.583047	0.152229	-0.122912	-2.200000
54	-0.538276	0.102643	-0.279191	-2.200000
55	-0.548642	-0.091273	-0.262462	-2.200000
56	-0.595099	-0.063903	0.141415	-2.200000
57	-0.607758	0.063324	0.069609	-2.200000
58	-0.594445	0.155827	0.024044	-2.200000
59	-0.608270	-0.010564	0.090119	-2.200000
60	-0.597081	0.146788	-0.013141	-2.200000
61	-0.539798	0.237419	-0.174572	-2.200000
62	-0.569264	0.222015	-0.069809	-2.200000
63	-0.550955	0.252598	0.104249	-2.200000
64	-0.592230	0.105943	0.127535	-2.200000
65	-0.607951	-0.078537	0.049524	-2.200000
66	-0.569310	0.220417	0.074348	-2.200000
67	-0.593608	-0.116499	0.110824	-2.200000
68	-0.547751	0.245968	-0.133017	-2.200000
69	-0.605325	0.107281	0.017257	-2.200000
70	-0.610215	0.047459	-0.060083	-2.200000
71	-0.576779	0.210037	0.037894	-2.200000
72	-0.602242	-0.006648	0.124443	-2.200000
73	-0.527604	0.291283	0.122528	-2.200000
74	-0.603028	-0.044047	-0.112439	-2.200000
75	-0.584974	-0.178020	-0.065875	-2.200000
76	-0.577635	-0.050556	-0.204956	-2.200000
77	-0.606812	0.074873	0.066319	-2.200000
78	-0.607832	0.093191	-0.009002	-2.200000
79	-0.589196	-0.007038	-0.176133	-2.200000
80	-0.512673	0.248809	-0.231268	-2.200000
81	-0.597646	-0.035946	-0.140541	-2.200000
82	-0.580979	0.149264	0.135680	-2.200000
83	-0.564124	-0.022244	0.243913	-2.200000
84	-0.576276	-0.064670	0.204815	-2.200000
85	-0.603373	0.065926	-0.099093	-2.200000
86	-0.573742	-0.023751	-0.220184	-2.200000
87	-0.614376	-0.024804	0.012313	-2.200000
88	-0.487522	0.373327	0.034276	-2.200000
89	-0.584660	-0.186334	0.040954	-2.200000
90	-0.533401	0.153351	-0.264938	-2.200000
91	-0.596945	0.090523	0.116990	-2.200000
92	-0.570108	0.217525	-0.076710	-2.200000
93	-0.606623	-0.101145	0.001706	-2.200000
94	-0.597157	0.020078	-0.145691	-2.200000
95	-0.604109	0.056058	-0.100673	-2.200000
96	-0.600499	0.114877	-0.066554	-2.200000
97	-0.583683	0.003078	0.193725	-2.200000
98	-0.611670	0.030672	-0.056073	-2.200000
99	-0.585226	-0.020932	-0.187875	-2.200000
100	-0.558035	0.048030	0.253997	-2.200000
101	-0.604869	-0.096078	-0.055929	-2.200000
102	-0.511566	0.280559	-0.194452	-2.200000
103	-0.558616	0.166855	0.195787	-2.200000
104	-0.586287	-0.105399	-0.152917	-2.200000
105	-0.480815	-0.302753	0.235335	-2.200000
106	-0.603170	-0.109761	0.048612	-2.200000
107	-0.596247	-0.124651	-0.084715	-2.200000
108	-0.598440	-0.075197	-0.120166	-2.200000
109	-0.441004	0.362334	0.229030	-2.200000
110	-0.606352	0.034346	0.096864	-2.200000
111	-0.472685	0.219292	0.326657	-2.200000
112	-0.601562	0.060601	0.112586	-2.200000
113	-0.592305	0.117255	0.116840	-2.200000
114	-0.601536	0.127008	0.015754	-2.200000
115	-0.614481	0.013947	0.021072	-2.200000
116	-0.607944	0.054717	-0.075069	-2.200000
117	-0.523007	-0.185451	0.265134	-2.200000
118	-0.609745	0.070454	-0.038376	-2.200000
119	-0.611566	-0.064566	-0.006589	-2.200000
120	-0.608395	-0.042502	0.079208	-2.200000
121	-0.534893	-0.174985	0.247981	-2.200000
122	-0.579370	0.055681	-0.198634	-2.200000
123	-0.609283	-0.020233	0.081176	-2.200000
124	-0.473669	0.392122	0.010162	-2.200000
125	-0.600337	-0.093517	0.095262	-2.200000
126	-0.576545	-0.006048	0.213973	-2.200000
127	-0.598549	-0.123057	-0.069436	-2.200000
128	-0.592704	0.026409	0.161953	-2.200000
129	-0.610954	0.067831	0.018953	-2.200000
130	-0.515346	-0.190029	-0.276645	-2.200000
131	-0.612938	-0.049421	-0.009480	-2.200000
132	-0.600040	0.128786	-0.039889	-2.200000
133	-0.586886	0.140706	-0.118287	-2.200000
134	-0.605950	-0.055889	0.089026	-2.200000
135	-0.606018	-0.043502	-0.095261	-2.200000
136	-0.608089	0.083475	-0.038525	-2.200000
137	-0.611631	0.045379	0.045528	-2.200000
138	-0.601360	0.084816	0.096943	-2.200000
139	-0.559808	-0.114606	-0.227388	-2.200000
140	-0.605334	0.027908	-0.104963	-2.200000
141	-0.580448	-0.202266	-0.019848	-2.200000
142	-0.595007	-0.093763	-0.124097	-2.200000
143	-0.580941	0.198778	-0.034927	-2.200000
144	-0.577713	0.171852	-0.122227	-2.200000
145	-0.608478	0.028029	0.084816	-2.200000
146	-0.536109	0.105130	0.282417	-2.200000
147	-0.545183	-0.148878	-0.242562	-2.200000
148	-0.594359	0.105961	-0.117193	-2.200000
149	-0.609775	0.079467	-0.009215	-2.200000
150	-0.607088	0.093683	-0.029875	-2.200000
151	-0.563359	0.240281	0.055823	-2.200000
152	-0.590361	0.155130	0.075058	-2.200000
153	-0.568921	0.072209	-0.222126	-2.200000
154	-0.612764	0.047935	-0.021168	-2.200000
155	-0.590336	0.170705	0.024259	-2.200000
156	-0.555091	0.187295	-0.187135	-2.200000
157	-0.543147	0.013276	-0.288167	-2.200000
158	-0.589295	-0.107854	0.139009	-2.200000
159	-0.595112	0.028724	0.152451	-2.200000
160	-0.603490	0.075371	-0.091347	-2.200000
161	-0.578664	0.208252	-0.001920	-2.200000
162	-0.596879	-0.004025	0.148137	-2.200000
163	-0.560919	0.142813	-0.207845	-2.200000
164	-0.594862	0.150316	-0.042067	-2.200000
165	-0.560212	0.226034	-0.115311	-2.200000
166	-0.612461	0.012820	0.054331	-2.200000
167	-0.507714	0.036895	0.345095	-2.200000
168	-0.601613	-0.120780	-0.041226	-2.200000
169	-0.569211	0.078988	0.219054	-2.200000
170	-0.566085	0.087504	0.223866	-2.200000
171	-0.577291	0.196133	-0.080577	-2.200000
172	-0.585758	0.185686	-0.025155	-2.200000
173	-0.542069	0.259847	0.129868	-2.200000
174	-0.613647	-0.035079	-0.020795	-2.200000
175	-0.595508	0.126110	0.087700	-2.200000
176	-0.605198	0.015353	0.108280	-2.200000
177	-0.606807	0.099382	-0.011550	-2.200000
178	-0.552495	0.209183	-0.170930	-2.200000
179	-0.610330	-0.030293	-0.069320	-2.200000
180	-0.609277	0.021023	0.081020	-2.200000
181	-0.603810	0.094933	0.068013	-2.200000
182	-0.603406	-0.099165	-0.065517	-2.200000
183	-0.598761	-0.103723	0.094613	-2.200000
184	-0.608505	0.055590	0.069687	-2.200000
185	-0.580470	-0.198104	-0.045110	-2.200000
186	-0.591377	-0.043836	0.163024	-2.200000
187	-0.574206	0.104814	0.193719	-2.200000
188	-0.605038	0.105374	-0.032416	-2.200000
189	-0.613425	0.033258	0.028779	-2.200000
190	-0.574263	0.107776	0.191915	-2.200000
191	-0.611593	-0.063920	-0.009660	-2.200000
192	-0.580562	-0.003407	-0.202883	-2.200000
193	-0.600113	-0.057123	-0.121763	-2.200000
194	-0.607528	0.042802	-0.085458	-2.200000
195	-0.590239	0.105924	-0.136468	-2.200000
196	-0.614870	-0.012166	-0.003359	-2.200000
197	-0.586894	-0.173577	-0.060431	-2.200000
198	-0.591808	0.154608	-0.063911	-2.200000
199	-0.491462	0.156833	-0.334804	-2.200000
200	-0.609609	-0.004740	0.081115	-2.200000
201	-0.599055	-0.136164	-0.028596	-2.200000
202	-0.591233	0.123609	-0.115711	-2.200000
203	-0.593829	0.096602	0.127514	-2.200000
204	-0.599608	0.135894	-0.015096	-2.200000
205	-0.591342	0.039886	-0.164162	-2.200000
206	-0.556156	-0.081580	0.249520	-2.200000
207	-0.595618	0.122932	-0.091392	-2.200000
208	-0.551646	0.260769	-0.076882	-2.200000
209	-0.614717	0.016701	0.008303	-2.200000
210	-0.613844	-0.017622	-0.033313	-2.200000
211	-0.568756	-0.067502	-0.224021	-2.200000
212	-0.612866	0.036692	-0.035698	-2.200000
213	-0.588589	0.085635	0.156379	-2.200000
214	-0.611008	0.066869	0.020564	-2.200000
215	-0.607214	-0.083076	0.051131	-2.200000
216	-0.581308	-0.178121	-0.092624	-2.200000
217	-0.584812	-0.166353	0.092448	-2.200000
218	-0.603639	-0.084952	-0.081410	-2.200000
219	-0.595010	0.140544	0.066598	-2.200000
220	-0.608804	0.079907	-0.034612	-2.200000
221	-0.598558	0.041247	0.135100	-2.200000
222	-0.553419	0.185484	0.193772	-2.200000
223	-0.569876	0.035708	0.228453	-2.200000
224	-0.589215	-0.175917	-0.010215	-2.200000
225	-0.609206	0.001917	-0.084201	-2.200000
226	-0.614497	0.001817	0.024804	-2.200000
227	-0.606473	-0.059338	-0.083036	-2.200000
228	-0.607952	0.083127	-0.041339	-2.200000
229	-0.592403	-0.163400	0.024163	-2.200000
230	-0.584005	-0.018697	0.191868	-2.200000
231	-0.542372	0.279464	-0.077183	-2.200000
232	-0.572921	-0.119938	0.188683	-2.200000
233	-0.613364	-0.043146	-0.012188	-2.200000
234	-0.593195	0.071738	-0.145594	-2.200000
235	-0.597019	0.130065	-0.069830	-2.200000
236	-0.596576	0.078565	0.127083	-2.200000
237	-0.614948	-0.007111	-0.003628	-2.200000
238	-0.553347	0.076830	-0.257155	-2.200000
239	-0.564547	0.157710	-0.186115	-2.200000
240	-0.609958	0.032043	-0.071758	-2.200000
241	-0.499529	0.240354	0.266319	-2.200000
242	-0.614749	0.009599	0.014721	-2.200000
243	-0.611633	0.022228	-0.060296	-2.200000
244	-0.591426	0.076235	-0.150429	-2.200000
245	-0.598229	0.038668	0.137304	-2.200000
246	-0.595891	-0.052572	-0.142741	-2.200000
247	-0.603498	-0.017826	-0.117035	-2.200000
248	-0.612284	0.002746	-0.057667	-2.200000
249	-0.572493	-0.029013	-0.222790	-2.200000
250	-0.571896	0.214896	0.070565	-2.200000
251	-0.614747	-0.005563	-0.016743	-2.200000
252	-0.540525	0.286459	-0.063242	-2.200000
253	-0.589756	0.154007	-0.081819	-2.200000
254	-0.601163	0.014036	-0.128960	-2.200000
255	-0.592170	0.148333	-0.074541	-2.200000
256	-0.613256	0.011773	-0.044767	-2.200000
257	-0.605214	-0.010276	-0.108790	-2.200000
258	-0.601948	-0.105735	0.068582	-2.200000
259	-0.606156	-0.037965	0.096740	-2.200000
260	-0.592060	-0.091462	-0.139011	-2.200000
261	-0.614195	0.000524	-0.031458	-2.200000
262	-0.603118	0.119900	0.009854	-2.200000
263	-0.610938	-0.037357	-0.059873	-2.200000
264	-0.564582	0.224412	0.095452	-2.200000
265	-0.612276	0.048547	0.031396	-2.200000
266	-0.574945	-0.053928	0.211553	-2.200000
267	-0.581195	0.131297	-0.152312	-2.200000
268	-0.560865	-0.247339	-0.049786	-2.200000
269	-0.597871	0.115152	-0.086687	-2.200000
270	-0.614235	0.019520	-0.023658	-2.200000
271	-0.606793	0.084742	0.053347	-2.200000
272	-0.610630	0.073114	0.003255	-2.200000
273	-0.612680	0.007160	-0.052891	-2.200000
274	-0.604357	0.054623	0.099972	-2.200000
275	-0.611814	0.061609	-0.010605	-2.200000
276	-0.522877	0.271013	0.177135	-2.200000
277	-0.536394	0.245982	0.173202	-2.200000
278	-0.606554	-0.090442	-0.046238	-2.200000
279	-0.575071	0.154765	-0.153512	-2.200000
280	-0.612908	0.049433	0.011183	-2.200000
281	-0.596959	0.147358	0.012264	-2.200000
282	-0.599134	0.138549	0.008236	-2.200000
283	-0.612323	-0.032553	-0.047178	-2.200000
284	-0.597726	0.101543	-0.103142	-2.200000
285	-0.603155	0.088139	0.081610	-2.200000
286	-0.489689	0.314168	0.199319	-2.200000
287	-0.588017	0.099759	-0.150031	-2.200000
288	-0.607279	0.090385	0.035601	-2.200000
289	-0.580471	0.201788	0.023653	-2.200000
290	-0.603468	-0.050111	-0.107426	-2.200000
291	-0.613081	0.031050	0.037316	-2.200000
292	-0.604615	-0.030813	0.108239	-2.200000
293	-0.610834	0.023452	0.067503	-2.200000
294	-0.610099	0.035433	-0.068911	-2.200000
295	-0.577872	0.201120	-0.061961	-2.200000
296	-0.610152	0.030522	-0.070766	-2.200000
297	-0.609182	-0.061162	0.058152	-2.200000
298	-0.585411	0.044468	-0.183145	-2.200000
299	-0.560941	0.039656	-0.248993	-2.200000
300	-0.600296	0.090916	0.098002	-2.200000
301	-0.605602	0.106625	-0.010117	-2.200000
302	-0.603212	-0.083167	-0.086277	-2.200000
303	-0.614676	0.017683	-0.009280	-2.200000
304	-0.612225	0.047078	0.034484	-2.200000
305	-0.562384	0.247487	0.026436	-2.200000
306	-0.597531	0.145515	0.002707	-2.200000
307	-0.610464	0.066902	0.032901	-2.200000
308	-0.608047	-0.018844	0.090271	-2.200000
309	-0.567253	0.041391	0.233957	-2.200000
310	-0.600401	0.126838	-0.040694	-2.200000
311	-0.610367	-0.044529	-0.060783	-2.200000
312	-0.555040	-0.057583	-0.258535	-2.200000
313	-0.529296	0.289020	0.120576	-2.200000
314	-0.471093	0.371165	0.136136	-2.200000
315	-0.581404	0.085837	-0.181181	-2.200000
316	-0.601047	0.081835	-0.101342	-2.200000
317	-0.612262	0.001450	0.057952	-2.200000
318	-0.605665	-0.103619	0.025649	-2.200000
319	-0.594779	-0.156368	-0.003446	-2.200000
320	-0.588178	-0.002235	0.179629	-2.200000
321	-0.572522	-0.059257	-0.216638	-2.200000
322	-0.608883	-0.019764	0.084235	-2.200000
323	-0.575566	0.081981	0.200568	-2.200000
324	-0.607214	-0.074139	0.063402	-2.200000
325	-0.610389	-0.039251	-0.064105	-2.200000
326	-0.610618	0.015712	0.071582	-2.200000
327	-0.613275	0.010488	-0.044818	-2.200000
328	-0.590393	0.163476	-0.054190	-2.200000
329	-0.574362	0.183724	0.120743	-2.200000
330	-0.585591	0.121721	0.143151	-2.200000
331	-0.563291	-0.198361	-0.146906	-2.200000
332	-0.558474	-0.257070	-0.015703	-2.200000
333	-0.609088	-0.028820	0.080041	-2.200000
334	-0.593950	-0.127287	-0.096159	-2.200000
335	-0.591190	-0.158664	0.059537	-2.200000
336	-0.606601	0.039541	0.093256	-2.200000
337	-0.579493	-0.043658	0.201264	-2.200000
338	-0.582574	-0.143383	0.135183	-2.200000
339	-0.610448	-0.074685	0.000162	-2.200000
340	-0.614619	-0.009998	0.019208	-2.200000
341	-0.600653	0.102569	-0.083189	-2.200000
342	-0.590345	-0.171731	0.015048	-2.200000
343	-0.585184	-0.092956	-0.164755	-2.200000
344	-0.602776	-0.076260	0.095240	-2.200000
345	-0.597705	-0.137692	-0.044886	-2.200000
346	-0.590204	-0.017446	0.171987	-2.200000
347	-0.606052	-0.019668	-0.102660	-2.200000
348	-0.567847	0.006276	-0.236084	-2.200000
349	-0.605884	-0.013137	0.104678	-2.200000
350	-0.563879	0.065429	0.236611	-2.200000
351	-0.591288	-0.097328	-0.138316	-2.200000
352	-0.598077	0.064637	-0.127869	-2.200000
353	-0.611252	0.024145	-0.063353	-2.200000
354	-0.610345	0.024133	0.071563	-2.200000
355	-0.602156	0.124989	0.003363	-2.200000
356	-0.589559	0.143087	-0.100851	-2.200000
357	-0.565246	0.121815	0.209483	-2.200000
358	-0.591308	-0.051819	0.160916	-2.200000
359	-0.603818	-0.036314	-0.110950	-2.200000
360	-0.562342	0.056346	-0.242531	-2.200000
361	-0.578326	0.095646	-0.186054	-2.200000
362	-0.614728	-0.001320	0.018244	-2.200000
363	-0.598088	0.137892	0.038745	-2.200000
364	-0.546641	0.192321	-0.205963	-2.200000
365	-0.596481	0.101693	-0.109972	-2.200000
366	-0.613627	0.041052	-0.001280	-2.200000
367	-0.598381	0.107905	0.092311	-2.200000
368	-0.604122	0.106625	-0.043505	-2.200000
369	-0.599951	0.095730	-0.095498	-2.200000
370	-0.612300	-0.010212	-0.056654	-2.200000
371	-0.598137	0.023100	-0.141151	-2.200000
372	-0.552655	-0.160303	0.217027	-2.200000
373	-0.605906	0.035231	-0.099303	-2.200000
374	-0.566720	-0.078275	-0.225669	-2.200000
375	-0.579706	0.145196	-0.145204	-2.200000
376	-0.600148	-0.050843	0.124346	-2.200000
377	-0.580717	0.125325	-0.159016	-2.200000
378	-0.612864	0.015193	0.048905	-2.200000
379	-0.605449	0.007665	0.107691	-2.200000
380	-0.565391	0.216922	-0.107250	-2.200000
381	-0.590991	0.169303	0.017060	-2.200000
382	-0.564861	0.062823	-0.234968	-2.200000
383	-0.551681	0.269950	0.031625	-2.200000
384	-0.607488	-0.082179	-0.049299	-2.200000
385	-0.608251	0.074891	0.051444	-2.200000
386	-0.602048	0.108318	-0.063487	-2.200000
387	-0.591986	0.164871	-0.024408	-2.200000
388	-0.533759	0.290217	0.095397	-2.200000
389	-0.606865	-0.011003	0.099091	-2.200000
390	-0.586300	0.168980	-0.076958	-2.200000
391	-0.561861	0.209505	0.136547	-2.200000
392	-0.600587	0.065749	-0.114878	-2.200000
393	-0.608184	-0.088488	0.022510	-2.200000
394	-0.586065	0.183695	-0.031771	-2.200000
395	-0.587702	-0.028635	-0.178918	-2.200000
396	-0.591945	0.110112	0.125307	-2.200000
397	-0.586192	0.107013	-0.152158	-2.200000
398	-0.607805	-0.018928	-0.091868	-2.200000
399	-0.606376	0.013049	-0.101799	-2.200000
400	-0.586447	0.149205	-0.109741	-2.200000
401	-0.612338	0.053763	-0.019408	-2.200000
402	-0.567310	0.229340	0.061548	-2.200000
403	-0.588609	0.166646	0.063193	-2.200000
404	-0.611617	0.021906	-0.060581	-2.200000
405	-0.604377	0.005534	-0.113680	-2.200000
406	-0.609433	-0.082539	0.001914	-2.200000
407	-0.591252	-0.150965	0.076519	-2.200000
408	-0.607130	0.042734	0.088274	-2.200000
409	-0.566794	0.183189	0.153009	-2.200000
410	-0.590017	0.054774	0.164634	-2.200000
411	-0.571123	0.222455	-0.050570	-2.200000
412	-0.597792	0.141218	-0.030445	-2.200000
413	-0.603115	-0.036439	0.114669	-2.200000
414	-0.613599	-0.033764	0.024107	-2.200000
415	-0.608224	-0.070508	-0.057592	-2.200000
416	-0.614058	0.011979	-0.031853	-2.200000
417	-0.552710	0.102942	-0.249279	-2.200000
418	-0.488276	0.303348	0.218614	-2.200000
419	-0.613289	0.042189	0.017934	-2.200000
420	-0.505822	0.314184	-0.153810	-2.200000
421	-0.570328	-0.219591	0.068782	-2.200000
422	-0.599111	-0.102815	0.093379	-2.200000
423	-0.546470	-0.215875	0.181642	-2.200000
424	-0.601268	-0.111251	-0.065762	-2.200000
425	-0.613017	-0.023006	0.043652	-2.200000
426	-0.596732	0.061097	0.135656	-2.200000
427	-0.585759	0.011506	0.187028	-2.200000
428	-0.593645	-0.124931	0.101009	-2.200000
429	-0.604305	-0.087602	0.073252	-2.200000
430	-0.607364	0.088998	0.037588	-2.200000
431	-0.558101	0.095639	0.240002	-2.200000
432	-0.585179	0.082846	0.170080	-2.200000
433	-0.573775	0.220887	0.014682	-2.200000
434	-0.599016	0.056110	-0.127503	-2.200000
435	-0.542208	0.137205	0.255755	-2.200000
436	-0.599189	-0.004170	0.138493	-2.200000
437	-0.593051	-0.151390	-0.059970	-2.200000
438	-0.611156	-0.037429	-0.057550	-2.200000
439	-0.614688	-0.012067	-0.015443	-2.200000
440	-0.586016	-0.174555	-0.065882	-2.200000
441	-0.584769	0.040729	-0.186041	-2.200000
442	-0.610359	-0.064303	0.039400	-2.200000
443	-0.603548	0.107464	0.049049	-2.200000
444	-0.574362	0.189203	0.111960	-2.200000
445	-0.609707	0.014411	0.079216	-2.200000
446	-0.610982	0.067322	-0.019858	-2.200000
447	-0.613081	0.023685	-0.042379	-2.200000
448	-0.614898	0.011050	-0.001964	-2.200000
449	-0.609589	-0.068810	0.043487	-2.200000
450	-0.602908	-0.116725	-0.033193	-2.200000
451	-0.606169	-0.065387	-0.080675	-2.200000
452	-0.596283	-0.073486	0.131419	-2.200000
453	-0.543200	0.188537	0.218202	-2.200000
454	-0.614629	-0.003310	0.021092	-2.200000
455	-0.552297	-0.036944	-0.268008	-2.200000
456	-0.614089	0.033415	-0.001838	-2.200000
457	-0.586514	0.003593	0.184967	-2.200000
458	-0.593593	0.081749	0.138526	-2.200000
459	-0.599557	0.132155	0.035940	-2.200000
460	-0.600382	0.088624	0.099559	-2.200000
461	-0.602848	-0.087247	-0.084780	-2.200000
462	-0.580326	0.202726	-0.018675	-2.200000
463	-0.606585	-0.013617	0.100470	-2.200000
464	-0.608819	0.040714	-0.076852	-2.200000
465	-0.589815	0.163112	-0.061139	-2.200000
466	-0.607250	-0.083356	-0.050236	-2.200000
467	-0.554497	0.216026	0.155212	-2.200000
468	-0.591992	0.062855	-0.154337	-2.200000
469	-0.569795	-0.115005	-0.200829	-2.200000
470	-0.614032	-0.007107	0.033759	-2.200000
471	-0.606963	0.097341	-0.018595	-2.200000
472	-0.587778	0.076135	-0.164152	-2.200000
473	-0.581916	0.167202	-0.107899	-2.200000
474	-0.561481	0.121939	-0.219305	-2.200000
475	-0.594009	0.056995	-0.148760	-2.200000
476	-0.604302	0.056551	-0.099229	-2.200000
477	-0.613716	0.022617	0.032645	-2.200000
478	-0.597610	-0.140828	0.035422	-2.200000
479	-0.605800	-0.006394	0.105786	-2.200000
480	-0.549712	-0.261990	-0.086036	-2.200000
481	-0.594306	0.066268	-0.143646	-2.200000
482	-0.592775	0.156783	-0.047563	-2.200000
483	-0.589968	0.170684	-0.032086	-2.200000
484	-0.613888	-0.014253	-0.034102	-2.200000
485	-0.612850	-0.010886	0.050213	-2.200000
486	-0.582825	0.184118	0.068121	-2.200000
487	-0.594837	0.030716	-0.153137	-2.200000
488	-0.594197	0.110090	0.114172	-2.200000
489	-0.612292	0.039830	0.041675	-2.200000
490	-0.613676	-0.033275	-0.022804	-2.200000
491	-0.610261	0.070513	0.028886	-2.200000
492	-0.589316	0.166710	0.056027	-2.200000
493	-0.607944	-0.017486	-0.091229	-2.200000
494	-0.599014	0.130230	0.049475	-2.200000
495	-0.609100	0.060387	0.059795	-2.200000
496	-0.600212	0.111295	-0.074728	-2.200000
497	-0.583221	0.192080	-0.034404	-2.200000
498	-0.596518	0.104046	-0.107545	-2.200000
499	-0.601802	0.056920	0.113223	-2.200000
500	-0.559403	0.251915	-0.042799	-2.200000
501	-0.563078	0.144705	0.200570	-2.200000
502	-0.556038	0.254356	0.065948	-2.200000
503	-0.597481	0.117261	-0.086553	-2.200000
504	-0.582848	0.176511	0.085775	-2.200000
505	-0.593368	0.141812	-0.077647	-2.200000
506	-0.596560	0.055528	-0.138772	-2.200000
507	-0.590954	0.153926	-0.072835	-2.200000
508	-0.550896	0.167509	-0.216055	-2.200000
509	-0.601319	0.127937	0.016498	-2.200000
510	-0.601016	0.129143	-0.018092	-2.200000
511	-0.574834	0.214233	-0.043530	-2.200000
512	-0.589537	0.173780	0.021702	-2.200000
513	-0.598304	-0.041271	-0.136214	-2.200000
514	-0.608869	-0.001408	0.086615	-2.200000
515	-0.570292	-0.222887	-0.057558	-2.200000
516	-0.558370	0.254723	0.039552	-2.200000
517	-0.535999	0.291341	-0.077785	-2.200000
518	-0.614669	0.012122	0.016139	-2.200000
519	-0.573617	-0.095093	-0.200363	-2.200000
520	-0.612046	-0.015476	-0.058180	-2.200000
521	-0.589458	-0.127608	0.120336	-2.200000
522	-0.610377	-0.055183	-0.051183	-2.200000
523	-0.590200	-0.062905	-0.161032	-2.200000
524	-0.614240	0.027407	-0.013537	-2.200000
525	-0.611936	0.060896	0.007160	-2.200000
526	-0.571507	0.220430	0.054907	-2.200000
527	-0.579325	0.205037	-0.023828	-2.200000
528	-0.589764	0.136757	-0.108172	-2.200000
529	-0.606323	-0.001898	-0.102929	-2.200000
530	-0.612458	0.033206	-0.044919	-2.200000
531	-0.598185	-0.116113	0.083172	-2.200000
532	-0.597145	0.032911	-0.143388	-2.200000
533	-0.591737	0.060459	-0.156259	-2.200000
534	-0.577242	0.196748	-0.079416	-2.200000
535	-0.604129	-0.061720	0.097178	-2.200000
536	-0.614886	0.005949	0.010230	-2.200000
537	-0.606211	0.004905	0.103483	-2.200000
538	-0.604633	-0.088020	0.069973	-2.200000
539	-0.586136	-0.119233	0.143015	-2.200000
540	-0.611913	0.054292	0.028982	-2.200000
541	-0.570851	-0.012334	-0.228477	-2.200000
542	-0.534462	-0.210144	-0.220034	-2.200000
543	-0.592470	0.147764	-0.073279	-2.200000
544	-0.612306	0.035418	0.045298	-2.200000
545	-0.601171	-0.060256	-0.114840	-2.200000
546	-0.601540	0.021096	0.126214	-2.200000
547	-0.600867	0.056261	0.118401	-2.200000
548	-0.566234	-0.097707	0.219220	-2.200000
549	-0.584612	0.026120	-0.189132	-2.200000
550	-0.607279	0.089171	0.038540	-2.200000
551	-0.602532	0.031528	0.119108	-2.200000
552	-0.602285	0.115273	-0.046801	-2.200000
553	-0.612474	-0.046722	0.030293	-2.200000
554	-0.587673	-0.036308	-0.177615	-2.200000
555	-0.579527	-0.189067	-0.081405	-2.200000
556	-0.608105	0.061458	0.068233	-2.200000
557	-0.601737	-0.099871	-0.078506	-2.200000
558	-0.610951	-0.006419	0.070161	-2.200000
559	-0.587381	-0.005310	0.182154	-2.200000
560	-0.614336	0.017051	0.022920	-2.200000
561	-0.613833	-0.037156	0.007316	-2.200000
562	-0.607635	-0.073035	0.060588	-2.200000
563	-0.600955	0.058618	0.116797	-2.200000
564	-0.567453	-0.044299	-0.232937	-2.200000
565	-0.612496	-0.044229	-0.033423	-2.200000
566	-0.574671	-0.020607	-0.218067	-2.200000
567	-0.607628	0.077100	-0.055403	-2.200000
568	-0.597177	0.118428	-0.087058	-2.200000
569	-0.605290	-0.034077	-0.103382	-2.200000
570	-0.611363	0.065581	-0.012616	-2.200000
571	-0.588408	0.091438	0.153752	-2.200000
572	-0.610948	0.068220	0.017703	-2.200000
573	-0.607509	-0.061826	-0.073045	-2.200000
574	-0.576101	-0.194703	-0.091781	-2.200000
575	-0.598541	0.085546	0.112497	-2.200000
576	-0.572497	0.180739	-0.133437	-2.200000
577	-0.612159	-0.003393	-0.058952	-2.200000
578	-0.568142	0.168525	-0.164437	-2.200000
579	-0.610106	-0.003645	-0.077347	-2.200000
580	-0.612004	-0.033306	-0.050661	-2.200000
581	-0.614377	0.018558	-0.020536	-2.200000
582	-0.567228	-0.090598	-0.219703	-2.200000
583	-0.602004	0.006667	-0.125587	-2.200000
584	-0.611662	0.008480	-0.063424	-2.200000
585	-0.601422	0.126565	-0.022324	-2.200000
586	-0.569278	0.224735	0.060348	-2.200000
587	-0.604332	-0.034376	-0.108750	-2.200000
588	-0.607311	0.063470	0.073278	-2.200000
589	-0.599420	0.137419	-0.006101	-2.200000
590	-0.597422	0.044352	-0.139087	-2.200000
591	-0.604079	0.115342	0.003232	-2.200000
592	-0.585686	0.182995	0.041351	-2.200000
593	-0.606181	0.007206	-0.103526	-2.200000
594	-0.569956	0.180566	0.144123	-2.200000
595	-0.607291	0.073850	-0.062997	-2.200000
596	-0.606647	-0.012891	0.100188	-2.200000
597	-0.548676	0.277598	-0.010903	-2.200000
598	-0.518341	0.260222	-0.204529	-2.200000
599	-0.608112	0.091253	0.009883	-2.200000
600	-0.581268	0.167315	-0.111170	-2.200000
601	-0.596104	0.070714	-0.133732	-2.200000
602	-0.604453	0.033838	0.108241	-2.200000
603	-0.601655	0.045094	-0.119173	-2.200000
604	-0.611892	-0.054927	-0.028207	-2.200000
605	-0.575467	-0.062565	0.207723	-2.200000
606	-0.609203	0.056162	-0.062791	-2.200000
607	-0.573900	0.219608	0.025221	-2.200000
608	-0.580167	-0.004745	-0.203983	-2.200000
609	-0.559540	0.247248	0.063309	-2.200000
610	-0.523909	0.321324	0.022255	-2.200000
611	-0.610454	-0.022493	-0.071172	-2.200000
612	-0.547802	0.259451	0.104033	-2.200000
613	-0.514669	0.260467	0.213301	-2.200000
614	-0.581274	-0.097438	-0.175647	-2.200000
615	-0.613329	0.045065	-0.004605	-2.200000
616	-0.579063	0.199518	-0.055713	-2.200000
617	-0.599217	-0.012166	0.137896	-2.200000
618	-0.611367	-0.056186	-0.036030	-2.200000
619	-0.605534	-0.097973	0.044215	-2.200000
620	-0.587422	0.101214	-0.151381	-2.200000
621	-0.587366	0.042831	0.177177	-2.200000
622	-0.608311	-0.040431	-0.080917	-2.200000
623	-0.602596	0.110503	0.053782	-2.200000
624	-0.542976	0.275582	-0.086356	-2.200000
625	-0.538432	0.288608	-0.070862	-2.200000
626	-0.602867	0.109520	0.052745	-2.200000
627	-0.605381	0.081428	0.071469	-2.200000
628	-0.588845	-0.167085	0.059741	-2.200000
629	-0.604022	-0.030513	-0.111587	-2.200000
630	-0.564554	-0.044343	-0.239871	-2.200000
631	-0.507879	0.225834	0.263216	-2.200000
632	-0.611448	0.013693	0.064563	-2.200000
633	-0.591834	0.126212	-0.109673	-2.200000
634	-0.600060	-0.132823	-0.022619	-2.200000
635	-0.594308	0.015096	0.157466	-2.200000
636	-0.608433	0.029642	0.084594	-2.200000
637	-0.613741	-0.027363	0.028254	-2.200000
638	-0.608215	-0.090819	-0.007164	-2.200000
639	-0.611130	0.068665	0.005508	-2.200000
640	-0.536498	-0.088988	0.287187	-2.200000
641	-0.612549	-0.054290	0.007831	-2.200000
642	-0.587327	0.118137	0.138983	-2.200000
643	-0.578249	-0.013782	0.208956	-2.200000
644	-0.590540	-0.032490	0.168617	-2.200000
645	-0.613352	-0.031385	0.032242	-2.200000
646	-0.608658	0.085597	-0.020812	-2.200000
647	-0.458063	0.046833	0.407688	-2.200000
648	-0.612028	-0.035400	0.048927	-2.200000
649	-0.606650	0.057638	0.082941	-2.200000
650	-0.582741	0.124406	0.152186	-2.200000
651	-0.598348	0.125442	0.066852	-2.200000
652	-0.595032	-0.151407	-0.035186	-2.200000
653	-0.612801	0.035283	0.038148	-2.200000
654	-0.587771	-0.038146	-0.176904	-2.200000
655	-0.601836	-0.112510	-0.057962	-2.200000
656	-0.565105	0.171226	0.171938	-2.200000
657	-0.607790	-0.042690	0.083627	-2.200000
658	-0.611723	0.002597	-0.063353	-2.200000
659	-0.529628	0.172000	-0.261027	-2.200000
660	-0.611669	-0.059932	0.022242	-2.200000
661	-0.585662	0.179972	-0.053245	-2.200000
662	-0.580396	-0.001128	0.203382	-2.200000
663	-0.612700	-0.044807	-0.028575	-2.200000
664	-0.586937	0.161739	0.087008	-2.200000
665	-0.598350	-0.135181	0.043910	-2.200000
666	-0.469590	0.373322	0.135430	-2.200000
667	-0.584345	-0.020730	-0.190620	-2.200000
668	-0.595272	0.048385	-0.146751	-2.200000
669	-0.609920	0.077172	0.016361	-2.200000
670	-0.611098	0.020247	0.066141	-2.200000
671	-0.533893	0.255271	0.167391	-2.200000
672	-0.594722	0.087420	-0.129954	-2.200000
673	-0.558263	-0.021398	-0.257118	-2.200000
674	-0.569351	-0.225341	0.057323	-2.200000
675	-0.592204	0.157007	0.053551	-2.200000
676	-0.599113	0.137854	-0.016887	-2.200000
677	-0.547793	0.198904	-0.196432	-2.200000
678	-0.602240	0.028084	-0.121420	-2.200000
679	-0.586487	-0.016654	-0.184337	-2.200000
680	-0.607995	0.091453	-0.014248	-2.200000
681	-0.607559	-0.048323	-0.082229	-2.200000
682	-0.605549	-0.081295	-0.070188	-2.200000
683	-0.598891	0.019414	0.138483	-2.200000
684	-0.596316	0.133104	-0.070110	-2.200000
685	-0.579665	0.203066	-0.031269	-2.200000
686	-0.597600	0.082884	-0.119288	-2.200000
687	-0.595018	0.150284	0.039919	-2.200000
688	-0.593504	0.125515	0.101115	-2.200000
689	-0.482695	-0.086387	-0.371172	-2.200000
690	-0.588145	-0.143128	-0.108740	-2.200000
691	-0.603310	0.116286	-0.026830	-2.200000
692	-0.612857	-0.046928	-0.020715	-2.200000
693	-0.567469	-0.230804	0.054160	-2.200000
694	-0.597710	0.083489	-0.118312	-2.200000
695	-0.560719	0.228244	0.108275	-2.200000
696	-0.592006	0.094588	0.137137	-2.200000
697	-0.600546	-0.043139	0.125331	-2.200000
698	-0.585622	0.062266	-0.177187	-2.200000
699	-0.600762	0.082838	0.102217	-2.200000
700	-0.607437	0.018517	0.094352	-2.200000
701	-0.608474	-0.069055	0.056710	-2.200000
702	-0.602080	0.016595	-0.124294	-2.200000
703	-0.521169	0.197636	-0.259899	-2.200000
704	-0.567307	0.210592	0.109720	-2.200000
705	-0.612200	0.056638	-0.015129	-2.200000
706	-0.608513	0.059106	-0.066655	-2.200000
707	-0.543385	-0.201254	0.206046	-2.200000
708	-0.594911	-0.098871	-0.120541	-2.200000
709	-0.601856	0.118546	-0.044063	-2.200000
710	-0.589169	-0.018596	-0.175382	-2.200000
711	-0.601527	0.078076	-0.101462	-2.200000
712	-0.562970	0.083768	-0.232964	-2.200000
713	-0.498776	0.353516	-0.066886	-2.200000
714	-0.532160	0.308023	-0.012355	-2.200000
715	-0.601569	0.123710	0.032178	-2.200000
716	-0.613691	0.027955	-0.028758	-2.200000
717	-0.547086	0.171655	0.222389	-2.200000
718	-0.612825	0.049237	0.015702	-2.200000
719	-0.604378	0.073716	0.086709	-2.200000
720	-0.586760	0.184065	0.007594	-2.200000
721	-0.613087	0.046546	-0.013539	-2.200000
722	-0.526632	-0.317072	-0.018692	-2.200000
723	-0.614664	-0.019658	-0.005156	-2.200000
724	-0.610643	0.050011	-0.053284	-2.200000
725	-0.550451	0.139453	-0.236180	-2.200000
726	-0.578129	-0.013482	0.209308	-2.200000
727	-0.614415	-0.025091	0.009494	-2.200000
728	-0.613412	-0.019843	0.039451	-2.200000
729	-0.524071	0.313529	-0.072621	-2.200000
730	-0.568889	0.207148	0.108073	-2.200000
731	-0.598125	0.118791	0.079747	-2.200000
732	-0.597018	-0.072229	-0.128751	-2.200000
733	-0.609625	0.081132	-0.000182	-2.200000
734	-0.537522	-0.295791	0.042462	-2.200000
735	-0.561671	-0.225754	-0.108562	-2.200000
736	-0.569517	0.091051	-0.213505	-2.200000
737	-0.601666	-0.020714	-0.125673	-2.200000
738	-0.543009	0.206491	-0.201812	-2.200000
739	-0.611940	0.028812	0.054076	-2.200000
740	-0.611567	0.040585	-0.050636	-2.200000
741	-0.603538	-0.027632	0.114904	-2.200000
742	-0.596816	0.079922	-0.125090	-2.200000
743	-0.535098	-0.038440	0.300694	-2.200000
744	-0.594416	-0.108966	0.114111	-2.200000
745	-0.543568	-0.287526	0.009348	-2.200000
746	-0.562687	0.093563	-0.229902	-2.200000
747	-0.478894	-0.346731	0.169302	-2.200000
748	-0.605647	-0.106825	0.002190	-2.200000
749	-0.602155	-0.063275	-0.107847	-2.200000
750	-0.594318	0.056534	0.147700	-2.200000
751	-0.582638	0.184513	-0.068652	-2.200000
752	-0.606533	0.033379	0.096067	-2.200000
753	-0.441545	0.183827	-0.386614	-2.200000
754	-0.486256	0.370151	-0.069053	-2.200000
755	-0.589576	0.082975	0.154077	-2.200000
756	-0.577779	-0.080165	0.194858	-2.200000
757	-0.584241	-0.067713	0.179728	-2.200000
758	-0.595018	0.147908	0.047975	-2.200000
759	-0.607032	0.069264	-0.070283	-2.200000
760	-0.579970	0.118301	0.166929	-2.200000
761	-0.596881	-0.145627	0.027405	-2.200000
762	-0.608679	0.086808	0.014109	-2.200000
763	-0.580383	-0.069189	0.191295	-2.200000
764	-0.610359	0.057877	-0.048344	-2.200000
765	-0.591516	0.130292	0.106574	-2.200000
766	-0.601454	-0.126839	0.019743	-2.200000
767	-0.597868	0.130964	0.060222	-2.200000
768	-0.604725	0.081872	0.076351	-2.200000
769	-0.567215	-0.088480	0.220599	-2.200000
770	-0.599625	-0.074393	0.114630	-2.200000
771	-0.604826	-0.035321	0.105654	-2.200000
772	-0.550728	0.197793	-0.189213	-2.200000
773	-0.558565	0.189007	-0.174660	-2.200000
774	-0.602880	0.098792	-0.070714	-2.200000
775	-0.532652	0.082688	0.296091	-2.200000
776	-0.612481	-0.043882	0.034150	-2.200000
777	-0.587236	0.045433	0.176960	-2.200000
778	-0.609807	0.032866	0.072668	-2.200000
779	-0.535635	0.276922	-0.120974	-2.200000
780	-0.596840	-0.145866	-0.027023	-2.200000
781	-0.565001	0.217322	-0.108493	-2.200000
782	-0.612065	-0.048752	0.034989	-2.200000
783	-0.613832	0.003339	0.037740	-2.200000
784	-0.606470	0.092781	-0.042546	-2.200000
785	-0.586469	-0.026086	-0.183299	-2.200000
786	-0.580075	0.086903	-0.184895	-2.200000
787	-0.611453	0.065846	-0.003770	-2.200000
788	-0.607625	-0.093630	-0.015813	-2.200000
789	-0.529648	0.244425	-0.194819	-2.200000
790	-0.581905	0.117757	-0.160453	-2.200000
791	-0.609490	0.034259	-0.074652	-2.200000
792	-0.574732	0.206413	0.072809	-2.200000
793	-0.609462	-0.012885	-0.081329	-2.200000
794	-0.610612	-0.062441	0.038456	-2.200000
795	-0.588665	0.163546	0.070363	-2.200000
796	-0.609335	0.031765	-0.076987	-2.200000
797	-0.599720	0.118829	0.066642	-2.200000
798	-0.602834	0.102023	0.066386	-2.200000
799	-0.614162	0.026901	0.017504	-2.200000
800	-0.531213	0.090461	-0.296402	-2.200000
801	-0.604143	0.057514	0.099639	-2.200000
802	-0.597142	0.136443	-0.055039	-2.200000
803	-0.602451	0.009154	0.123265	-2.200000
804	-0.594690	0.115588	-0.105868	-2.200000
805	-0.613280	-0.015679	-0.043202	-2.200000
806	-0.601357	0.015675	-0.127865	-2.200000
807	-0.587479	0.022949	-0.180461	-2.200000
808	-0.598062	-0.042439	0.136913	-2.200000
809	-0.567530	-0.110853	0.209394	-2.200000
810	-0.571595	0.134302	-0.182941	-2.200000
811	-0.583049	0.187922	-0.054448	-2.200000
812	-0.516112	0.118044	-0.312920	-2.200000
813	-0.557607	0.251711	0.062773	-2.200000
814	-0.591398	0.168167	-0.013899	-2.200000
815	-0.554168	0.240923	-0.114365	-2.200000
816	-0.576593	0.139104	0.162528	-2.200000
817	-0.603848	0.115961	0.012084	-2.200000
818	-0.585945	0.177763	-0.057388	-2.200000
819	-0.577659	0.189646	-0.092571	-2.200000
820	-0.598517	0.001755	-0.141418	-2.200000
821	-0.541782	0.221688	-0.188552	-2.200000
822	-0.607654	0.078453	-0.053163	-2.200000
823	-0.608086	0.041974	-0.081817	-2.200000
824	-0.605313	0.064366	0.087627	-2.200000
825	-0.604557	0.004071	0.112778	-2.200000
826	-0.609704	0.004486	-0.080413	-2.200000
827	-0.528047	0.294371	-0.112861	-2.200000
828	-0.556085	0.262630	-0.004414	-2.200000
829	-0.606146	-0.103780	-0.006484	-2.200000
830	-0.605347	-0.048556	-0.097070	-2.200000
831	-0.529634	-0.266042	0.164117	-2.200000
832	-0.605495	-0.073121	-0.079082	-2.200000
833	-0.594801	0.023523	-0.154544	-2.200000
834	-0.588807	0.114417	-0.135793	-2.200000
835	-0.550128	0.249764	-0.114901	-2.200000
836	-0.596826	0.148400	0.001198	-2.200000
837	-0.587607	0.181012	-0.013325	-2.200000
838	-0.613128	-0.047344	-0.007584	-2.200000
839	-0.603529	-0.106348	-0.051647	-2.200000
840	-0.603022	0.048193	0.110755	-2.200000
841	-0.594529	-0.038584	-0.152550	-2.200000
842	-0.527473	-0.129898	-0.288311	-2.200000
843	-0.605366	0.104738	0.028058	-2.200000
844	-0.565971	0.184734	0.154191	-2.200000
845	-0.597386	0.103387	-0.103275	-2.200000
846	-0.585671	-0.179492	0.054749	-2.200000
847	-0.568313	-0.046699	0.230358	-2.200000
848	-0.596627	0.022131	0.147552	-2.200000
849	-0.600756	-0.121381	-0.050829	-2.200000
850	-0.582515	-0.172512	-0.095605	-2.200000
