1	0.404944	0.395364	0.240691	0.040000
2	0.417274	0.247278	0.378101	0.040000
3	0.353308	0.473691	-0.170338	0.040000
4	0.554431	0.204462	0.170373	0.040000
5	0.524776	-0.136762	0.290055	0.040000
6	0.398965	-0.071558	0.462527	0.040000
7	0.537316	0.112332	0.277305	0.040000
8	0.607079	0.094167	-0.028517	0.040000
9	0.550619	-0.198190	0.189114	0.040000
10	0.531362	0.304033	0.058678	0.040000
11	0.416312	0.451622	0.030770	0.040000
12	0.576439	0.203056	0.068642	0.040000
13	0.610188	0.068526	0.034636	0.040000
14	0.522500	-0.054946	0.319687	0.040000
15	0.526227	0.267674	0.172224	0.040000
16	0.576077	0.089218	0.195959	0.040000
17	0.534886	-0.302980	-0.018014	0.040000
18	0.590446	-0.168608	-0.034197	0.040000
19	0.524723	0.132448	-0.292145	0.040000
20	0.519026	0.328995	0.024493	0.040000
21	0.532884	0.305656	0.028885	0.040000
22	0.586177	-0.176178	0.059858	0.040000
23	0.610202	0.020476	-0.073889	0.040000
24	0.560670	-0.161173	0.194672	0.040000
25	0.607571	-0.072681	0.061647	0.040000
26	0.612980	0.007133	0.049295	0.040000
27	0.603130	-0.104195	-0.060026	0.040000
28	0.608981	0.025507	0.081955	0.040000
29	0.537573	0.269572	-0.128728	0.040000
30	0.614165	0.001717	-0.031994	0.040000
31	0.575815	0.025408	-0.214515	0.040000
32	0.524172	0.282295	-0.154202	0.040000
33	0.595445	-0.034627	0.149906	0.040000
34	0.596121	0.080781	-0.127823	0.040000
35	0.566545	0.088648	0.222245	0.040000
36	0.437446	0.357113	0.243590	0.040000
37	0.603856	-0.003170	0.116502	0.040000
38	0.612367	-0.056684	0.004302	0.040000
39	0.575808	0.026696	-0.214377	0.040000
40	0.593884	0.141357	-0.074468	0.040000
41	0.589415	0.121833	0.126378	0.040000
42	0.611990	-0.037971	0.047452	0.040000
43	0.614872	0.005859	-0.011087	0.040000
44	0.554701	-0.174083	0.200567	0.040000
45	0.598527	-0.137165	-0.034300	0.040000
46	0.592125	0.000332	-0.166171	0.040000
47	0.545416	0.271235	0.084719	0.040000
48	0.613239	0.046386	-0.003350	0.040000
49	0.595147	-0.154999	-0.000671	0.040000
50	0.611812	-0.056730	0.026311	0.040000
51	0.598993	0.136989	-0.025812	0.040000
52	0.610340	0.055211	0.051596	0.040000
53	0.588793	0.160540	-0.075992	0.040000
54	0.574614	-0.194107	-0.101817	0.040000
55	0.460365	0.383202	0.139446	0.040000
56	0.561482	0.207341	-0.141324	0.040000
57	0.591363	-0.165026	-0.035785	0.040000
58	0.574121	0.220454	0.003081	0.040000
59	0.566066	0.105534	-0.216003	0.040000
60	0.568936	-0.200099	0.120405	0.040000
61	0.577324	0.186962	0.099836	0.040000
62	0.604228	0.102067	0.052118	0.040000
63	0.612665	0.030291	0.044144	0.040000
64	0.567378	0.192262	-0.139080	0.040000
65	0.572688	0.221198	-0.036390	0.040000
66	0.583492	-0.189006	-0.045150	0.040000
67	0.554385	0.265898	0.013446	0.040000
68	0.579938	0.192703	-0.069008	0.040000
69	0.601460	0.122365	0.038701	0.040000
70	0.596577	0.074232	-0.129653	0.040000
71	0.610332	0.067137	0.034815	0.040000
72	0.537577	0.290373	0.070139	0.040000
73	0.585455	0.184454	0.038008	0.040000
74	0.571060	0.220155	-0.060392	0.040000
75	0.594814	-0.061911	0.143487	0.040000
76	0.541875	0.280909	-0.075408	0.040000
77	0.607901	0.081249	-0.045607	0.040000
78	0.579726	0.205035	-0.010179	0.040000
79	0.586094	0.074580	0.170752	0.040000
80	0.565425	0.173644	-0.168428	0.040000
81	0.601031	0.129941	-0.010117	0.040000
82	0.554689	0.184392	0.191167	0.040000
83	0.585216	0.125094	-0.141771	0.040000
84	0.601785	0.073711	-0.103180	0.040000
85	0.507709	0.203137	-0.281410	0.040000
86	0.601527	-0.022877	0.125964	0.040000
87	0.546296	0.261113	-0.107727	0.040000
88	0.525518	0.181614	-0.262815	0.040000
89	0.611408	0.036714	-0.055294	0.040000
90	0.602900	0.006621	-0.121214	0.040000
91	0.573416	0.064803	0.212650	0.040000
92	0.586268	0.184133	0.024686	0.040000
93	0.551599	-0.220931	-0.158597	0.040000
94	0.613210	-0.046534	-0.005763	0.040000
95	0.538030	0.288655	-0.073670	0.040000
96	0.526915	0.286426	-0.136181	0.040000
97	0.579145	0.183624	-0.095383	0.040000
98	0.596740	0.087036	-0.120628	0.040000
99	0.472314	0.306952	0.246831	0.040000
100	0.609074	-0.083253	0.017962	0.040000
101	0.536518	0.295925	-0.052931	0.040000
102	0.571356	0.127136	0.188717	0.040000
103	0.581117	0.114845	-0.165345	0.040000
104	0.608431	0.057983	-0.068371	0.040000
105	0.548856	0.099719	-0.258918	0.040000
106	0.556126	0.163035	-0.205835	0.040000
107	0.532905	0.302263	0.053611	0.040000
108	0.602712	0.102916	0.066116	0.040000
109	0.449086	-0.203605	0.367548	0.040000
110	0.568478	0.232224	0.033618	0.040000
111	0.510474	0.131097	0.316947	0.040000
112	0.602282	0.080278	-0.095062	0.040000
113	0.612346	0.055894	0.011558	0.040000
114	0.583510	0.165242	-0.102156	0.040000
115	0.594444	0.157240	-0.011681	0.040000
116	0.530982	0.308998	-0.028349	0.040000
117	0.292854	0.472595	0.262898	0.040000
118	0.443117	0.234342	0.356309	0.040000
119	0.584856	-0.000488	0.190179	0.040000
120	0.601098	0.092628	0.091250	0.040000
121	0.530879	0.226913	0.211904	0.040000
122	0.438433	-0.028926	0.430307	0.040000
123	0.531792	0.032897	0.307149	0.040000
124	0.598610	-0.122259	0.070311	0.040000
125	0.610593	-0.044422	0.058552	0.040000
126	0.516892	0.331349	0.035434	0.040000
127	0.576793	0.207210	-0.050979	0.040000
128	0.612503	-0.000295	-0.055367	0.040000
129	0.594998	-0.015274	0.154818	0.040000
130	0.613316	0.013514	0.043420	0.040000
131	0.543910	0.077257	0.276438	0.040000
132	0.611522	-0.065293	-0.001498	0.040000
133	0.602795	-0.119056	-0.026246	0.040000
134	0.588865	0.081966	-0.157305	0.040000
135	0.583106	0.180317	-0.075486	0.040000
136	0.573126	0.214211	-0.062170	0.040000
137	0.590159	0.164487	-0.053674	0.040000
138	0.611648	-0.061429	-0.018385	0.040000
139	0.536060	0.170192	0.248795	0.040000
140	0.578598	-0.109354	0.177456	0.040000
141	0.609890	-0.076468	-0.020283	0.040000
142	0.609698	0.000247	-0.080584	0.040000
143	0.611084	0.029766	0.062575	0.040000
144	0.614300	-0.023818	-0.017117	0.040000
145	0.583683	0.095150	-0.168777	0.040000
146	0.580121	0.202167	0.028516	0.040000
147	0.562089	-0.246818	-0.036898	0.040000
148	0.561785	0.189522	0.163415	0.040000
149	0.556430	-0.165153	0.203311	0.040000
150	0.604769	0.023417	-0.109227	0.040000
151	0.607331	0.092888	-0.027303	0.040000
152	0.597275	0.096733	-0.110139	0.040000
153	0.604469	0.113323	-0.000586	0.040000
154	0.613409	0.007866	-0.043507	0.040000
155	0.610901	-0.001237	0.070879	0.040000
156	0.551095	0.206042	0.179069	0.040000
157	0.575502	0.036969	0.213673	0.040000
158	0.544471	0.281240	0.051775	0.040000
159	0.562341	0.243723	0.050957	0.040000
160	0.607867	0.077275	0.052454	0.040000
161	0.606237	0.085957	-0.057559	0.040000
162	0.573233	0.177846	-0.134163	0.040000
163	0.570931	0.226473	0.031188	0.040000
164	0.559630	0.112239	0.229002	0.040000
165	0.571384	0.220997	0.053909	0.040000
166	0.544688	0.279683	-0.057598	0.040000
167	0.598731	0.084951	-0.111933	0.040000
168	0.613814	0.025690	0.028240	0.040000
169	0.594142	0.155204	-0.033649	0.040000
170	0.571646	0.195589	0.114850	0.040000
171	0.605564	0.094904	-0.050107	0.040000
172	0.533258	0.291591	0.093999	0.040000
173	0.566769	0.141102	0.192582	0.040000
174	0.534833	0.183586	-0.241816	0.040000
175	0.584248	0.056041	0.183680	0.040000
176	0.613131	0.042903	0.021320	0.040000
177	0.602231	0.062329	-0.107974	0.040000
178	0.576254	-0.150981	-0.152845	0.040000
179	0.600132	0.005255	-0.134310	0.040000
180	0.590366	0.134135	-0.108171	0.040000
181	0.501916	0.352634	-0.044215	0.040000
182	0.579579	0.205224	0.014008	0.040000
183	0.551605	0.101105	0.252458	0.040000
184	0.595278	0.015459	-0.153722	0.040000
185	0.569214	-0.068544	-0.222537	0.040000
186	0.588204	0.177163	-0.029230	0.040000
187	0.505255	0.350607	-0.004169	0.040000
188	0.576144	0.139211	0.164024	0.040000
189	0.598866	0.132599	-0.044748	0.040000
190	0.570081	0.042388	0.226795	0.040000
191	0.478769	0.307373	-0.233511	0.040000
192	0.594537	0.056962	-0.146651	0.040000
193	0.552080	0.178719	-0.203698	0.040000
194	0.509351	0.337313	0.070756	0.040000
195	0.589321	0.161920	-0.068616	0.040000
196	0.596683	0.121253	-0.086558	0.040000
197	0.607674	0.031032	-0.089409	0.040000
198	0.579724	0.059095	0.196605	0.040000
199	0.600929	0.098092	0.086527	0.040000
200	0.569687	-0.119930	-0.198240	0.040000
201	0.610573	-0.044501	-0.058695	0.040000
202	0.577979	0.049545	-0.204233	0.040000
203	0.555820	-0.064839	-0.255118	0.040000
204	0.576803	0.213243	0.007117	0.040000
205	0.609289	0.036866	0.075051	0.040000
206	0.608325	0.043382	0.079268	0.040000
207	0.559611	0.241609	0.081765	0.040000
208	0.539961	0.280296	0.090003	0.040000
209	0.606169	-0.067505	-0.078913	0.040000
210	0.582425	0.077899	-0.181487	0.040000
211	0.606305	0.046583	0.091922	0.040000
212	0.586780	0.136464	-0.123660	0.040000
213	0.519723	0.284163	0.165422	0.040000
214	0.410766	0.455689	0.042936	0.040000
215	0.542807	0.190256	0.217687	0.040000
216	0.558612	0.254323	0.038700	0.040000
217	0.513748	0.089053	0.326125	0.040000
218	0.606756	0.007570	0.100074	0.040000
219	0.572003	-0.011121	0.225642	0.040000
220	0.608016	-0.028497	0.087916	0.040000
221	0.581466	-0.168321	0.108585	0.040000
222	0.584439	-0.134528	-0.136227	0.040000
223	0.584144	0.192146	-0.009002	0.040000
224	0.570155	0.159693	-0.166273	0.040000
225	0.518533	0.330679	0.000096	0.040000
226	0.608971	0.085032	-0.012197	0.040000
227	0.598573	0.008643	0.140927	0.040000
228	0.554476	0.174823	0.200545	0.040000
229	0.533896	0.109873	0.284795	0.040000
230	0.601854	0.011629	0.125942	0.040000
231	0.570766	-0.225812	0.038210	0.040000
232	0.582308	0.189025	-0.058413	0.040000
233	0.598377	0.040444	-0.136140	0.040000
234	0.594889	0.056649	0.145338	0.040000
235	0.559077	0.255540	0.018893	0.040000
236	0.600867	-0.121256	0.049807	0.040000
237	0.601982	-0.099569	0.077000	0.040000
238	0.575181	0.038335	0.214294	0.040000
239	0.609647	-0.049862	-0.063788	0.040000
240	0.600064	-0.061895	0.119657	0.040000
241	0.610700	-0.041272	0.059726	0.040000
242	0.614963	-0.005722	0.003545	0.040000
243	0.610148	0.070720	0.030701	0.040000
244	0.610810	-0.008066	0.071209	0.040000
245	0.566902	-0.220440	0.090847	0.040000
246	0.614551	-0.022813	-0.005647	0.040000
247	0.598162	0.109952	0.091311	0.040000
248	0.587884	0.082058	0.160884	0.040000
249	0.614716	-0.018594	-0.001972	0.040000
250	0.608540	0.034463	-0.081956	0.040000
251	0.586343	0.159981	0.093986	0.040000
252	0.592620	0.164293	0.005882	0.040000
253	0.602223	0.025222	-0.122133	0.040000
254	0.601078	0.127487	0.026027	0.040000
255	0.611872	0.050100	0.036438	0.040000
256	0.608198	0.086090	-0.030137	0.040000
257	0.590942	0.159620	0.059445	0.040000
258	0.614072	-0.026362	0.021100	0.040000
259	0.604857	0.101184	-0.046211	0.040000
260	0.605185	0.108233	-0.016176	0.040000
261	0.602505	0.121347	0.022072	0.040000
262	0.587908	0.158869	-0.085728	0.040000
263	0.588862	-0.158933	-0.078780	0.040000
264	0.568628	0.180734	-0.149071	0.040000
265	0.614566	0.022364	0.005767	0.040000
266	0.605135	0.081528	0.073416	0.040000
267	0.577846	0.140423	0.156846	0.040000
268	0.605180	0.008457	-0.109138	0.040000
269	0.556346	0.249737	-0.079598	0.040000
270	0.598640	-0.114256	-0.082469	0.040000
271	0.591364	0.014546	0.168233	0.040000
272	0.596178	0.125903	0.083341	0.040000
273	0.595743	-0.113697	0.101925	0.040000
274	0.614439	-0.017991	0.019147	0.040000
275	0.609609	0.067741	-0.044861	0.040000
276	0.608766	-0.066293	-0.056866	0.040000
277	0.576358	0.168794	-0.132458	0.040000
278	0.614701	0.009427	0.016714	0.040000
279	0.562349	-0.199969	0.148328	0.040000
280	0.584020	0.014695	0.192170	0.040000
281	0.605215	0.049951	-0.097187	0.040000
282	0.595841	-0.088307	0.124097	0.040000
283	0.613350	0.023345	0.038493	0.040000
284	0.612296	-0.023550	0.052570	0.040000
285	0.465009	0.387527	-0.108698	0.040000
286	0.571833	0.161337	0.158753	0.040000
287	0.607243	0.057890	-0.078289	0.040000
288	0.612128	-0.037545	-0.045991	0.040000
289	0.613974	-0.008677	-0.034433	0.040000
290	0.592751	0.083647	0.140978	0.040000
291	0.606919	-0.027457	-0.095501	0.040000
292	0.603435	0.035530	0.113266	0.040000
293	0.584032	0.039832	-0.188534	0.040000
294	0.565274	-0.067909	-0.232548	0.040000
295	0.582149	0.165728	0.108910	0.040000
296	0.613829	-0.021921	-0.030968	0.040000
297	0.599365	0.115006	-0.075897	0.040000
298	0.579277	0.206512	-0.003924	0.040000
299	0.569014	0.217599	-0.084251	0.040000
300	0.507537	0.342344	-0.058576	0.040000
301	0.606985	0.098581	-0.008689	0.040000
302	0.606401	-0.001020	0.102479	0.040000
303	0.598739	-0.067938	0.122965	0.040000
304	0.614911	0.007366	0.007432	0.040000
305	0.611958	0.048651	-0.036951	0.040000
306	0.605974	-0.061232	-0.085268	0.040000
307	0.568390	0.161279	-0.170725	0.040000
308	0.581859	0.163912	-0.113129	0.040000
309	0.570353	0.225450	0.045765	0.040000
310	0.605287	-0.048629	0.097408	0.040000
311	0.574955	0.216124	-0.030691	0.040000
312	0.601845	-0.017512	0.125305	0.040000
313	0.607266	-0.047827	-0.084648	0.040000
314	0.604045	0.078090	-0.085185	0.040000
315	0.577447	0.007965	0.211462	0.040000
316	0.510649	0.257050	0.226690	0.040000
317	0.600759	0.121408	-0.050730	0.040000
318	0.593129	-0.048734	-0.155073	0.040000
319	0.612361	0.056904	-0.001153	0.040000
320	0.546307	0.266687	-0.093014	0.040000
321	0.528830	0.165538	0.266761	0.040000
322	0.474751	0.238585	0.309699	0.040000
323	0.520993	0.324667	0.037185	0.040000
324	0.570427	0.208040	0.097762	0.040000
325	0.595446	-0.006938	0.153691	0.040000
326	0.558074	-0.049133	0.253701	0.040000
327	0.486007	-0.070088	0.370283	0.040000
328	0.599251	0.075195	0.116055	0.040000
329	0.590596	0.159078	0.064149	0.040000
330	0.561925	0.245099	-0.048905	0.040000
331	0.591776	0.107044	0.128715	0.040000
332	0.608037	0.091215	0.013994	0.040000
333	0.595310	0.105988	0.112242	0.040000
334	0.588296	0.028186	0.177025	0.040000
335	0.598794	0.063132	0.125243	0.040000
336	0.601656	0.014836	0.126552	0.040000
337	0.588236	-0.173389	0.046257	0.040000
338	0.544801	0.283449	0.032762	0.040000
339	0.578952	0.169527	0.119581	0.040000
340	0.531312	0.305160	0.053013	0.040000
341	0.602441	0.075033	0.098284	0.040000
342	0.602430	0.090697	0.084129	0.040000
343	0.614196	-0.011317	-0.029335	0.040000
344	0.610994	0.014605	0.068543	0.040000
345	0.562002	-0.243803	-0.054207	0.040000
346	0.603696	0.117295	0.004209	0.040000
347	0.609364	0.007186	-0.082760	0.040000
348	0.608281	0.050755	-0.075120	0.040000
349	0.606326	-0.062935	0.081447	0.040000
350	0.558782	-0.186158	0.177011	0.040000
351	0.608509	0.083303	0.031661	0.040000
352	0.588506	0.075640	0.161754	0.040000
353	0.608570	-0.052653	0.071380	0.040000
354	0.591840	0.151696	-0.070272	0.040000
355	0.605134	0.108381	-0.017060	0.040000
356	0.578169	-0.199654	0.063901	0.040000
357	0.596450	0.018621	0.148746	0.040000
358	0.610511	-0.060819	-0.042460	0.040000
359	0.601980	0.005216	0.125768	0.040000
360	0.602518	0.065685	0.104322	0.040000
361	0.594661	0.059186	0.145259	0.040000
362	0.609937	-0.067228	0.041011	0.040000
363	0.585384	0.062116	0.178022	0.040000
364	0.591827	-0.090584	-0.140570	0.040000
365	0.610696	0.067476	0.026876	0.040000
366	0.575583	0.129645	-0.173557	0.040000
367	0.612769	0.043553	0.029018	0.040000
368	0.602704	-0.057809	-0.107849	0.040000
369	0.609898	-0.055731	0.056063	0.040000
370	0.571788	0.225260	-0.023264	0.040000
371	0.566051	0.240287	-0.008589	0.040000
372	0.566967	0.238007	0.011212	0.040000
373	0.613167	-0.011165	-0.046114	0.040000
374	0.563862	0.245360	-0.009140	0.040000
375	0.596863	0.117585	0.090294	0.040000
376	0.609124	0.064210	-0.055407	0.040000
377	0.607965	-0.070160	0.060668	0.040000
378	0.590549	0.118075	-0.124638	0.040000
379	0.606107	-0.098771	0.033222	0.040000
380	0.606621	0.074576	-0.068371	0.040000
381	0.613080	-0.047524	0.009942	0.040000
382	0.560132	0.190039	-0.168412	0.040000
383	0.612675	0.011706	0.052126	0.040000
384	0.606109	0.076064	-0.071212	0.040000
385	0.596211	0.150321	-0.012675	0.040000
386	0.611034	0.049816	-0.048793	0.040000
387	0.612991	0.045227	-0.020530	0.040000
388	0.602469	0.073352	0.099376	0.040000
389	0.608783	0.068684	-0.053771	0.040000
390	0.604694	0.006002	0.111956	0.040000
391	0.607030	0.088152	0.044366	0.040000
392	0.603673	0.097772	0.065151	0.040000
393	0.534513	0.196707	-0.232007	0.040000
394	0.611762	0.061091	0.015516	0.040000
395	0.533686	-0.101128	-0.288404	0.040000
396	0.611069	-0.018326	0.066963	0.040000
397	0.606180	0.103719	-0.003614	0.040000
398	0.586883	0.172137	-0.064514	0.040000
399	0.581332	0.156136	-0.126093	0.040000
400	0.564120	0.221005	-0.105598	0.040000
401	0.607375	0.096540	0.001055	0.040000
402	0.598746	-0.047572	-0.132154	0.040000
403	0.614857	0.006043	0.011829	0.040000
404	0.610923	-0.043480	-0.055744	0.040000
405	0.601717	0.099203	-0.079498	0.040000
406	0.459611	0.407371	0.032117	0.040000
407	0.607739	-0.020411	-0.091990	0.040000
408	0.614963	0.003408	0.005835	0.040000
409	0.593904	0.150685	0.052886	0.040000
410	0.611066	0.024204	-0.065093	0.040000
411	0.566781	0.046339	0.234173	0.040000
412	0.579406	0.186573	-0.087772	0.040000
413	0.608571	0.088015	-0.010968	0.040000
414	0.590134	0.161421	-0.062533	0.040000
415	0.600356	0.085080	0.102760	0.040000
416	0.584058	0.145458	-0.126267	0.040000
417	0.572644	0.198882	-0.103683	0.040000
418	0.601598	0.112228	0.060902	0.040000
419	0.490960	0.168609	0.329779	0.040000
420	0.525958	0.280502	0.151367	0.040000
421	0.601797	-0.085825	0.093268	0.040000
422	0.558098	0.236714	-0.103529	0.040000
423	0.590077	-0.171822	0.022618	0.040000
424	0.561040	0.251419	-0.015747	0.040000
425	0.486386	0.356997	-0.119189	0.040000
426	0.602788	0.108359	0.055950	0.040000
427	0.551551	0.179597	0.204356	0.040000
428	0.606020	-0.030378	0.100209	0.040000
429	0.575466	0.176253	0.126485	0.040000
430	0.578845	0.195640	0.069922	0.040000
431	0.468552	0.050656	0.395118	0.040000
432	0.460111	-0.048667	0.405160	0.040000
433	0.556890	0.080478	-0.248238	0.040000
434	0.527392	-0.304664	-0.085221	0.040000
435	0.605435	0.107988	-0.003511	0.040000
436	0.547064	0.252918	0.122388	0.040000
437	0.600829	0.125835	-0.037358	0.040000
438	0.571268	0.224967	0.035600	0.040000
439	0.546820	0.273558	0.066171	0.040000
440	0.610985	-0.064207	-0.028271	0.040000
441	0.599522	0.047549	0.128600	0.040000
442	0.604036	-0.107393	-0.042805	0.040000
443	0.567545	-0.226918	0.068018	0.040000
444	0.598194	0.142674	0.005709	0.040000
445	0.600130	0.127153	-0.043606	0.040000
446	0.591188	0.092717	0.141864	0.040000
447	0.548706	0.259746	-0.098383	0.040000
448	0.610036	0.030415	0.071803	0.040000
449	0.543928	0.259184	0.123253	0.040000
450	0.606453	0.047520	0.090450	0.040000
451	0.603436	-0.118280	0.010013	0.040000
452	0.605415	-0.085764	0.065895	0.040000
453	0.577968	0.199415	0.066418	0.040000
454	0.600780	-0.012190	-0.130920	0.040000
455	0.566918	0.176467	-0.160274	0.040000
456	0.575919	0.209747	-0.050485	0.040000
457	0.587820	-0.059459	0.170756	0.040000
458	0.586761	-0.171819	-0.066445	0.040000
459	0.592224	0.150602	0.069390	0.040000
460	0.592299	0.161625	-0.035841	0.040000
461	0.604007	0.035202	0.110278	0.040000
462	0.534732	0.096040	-0.288206	0.040000
463	0.594899	0.143723	-0.060533	0.040000
464	0.571905	-0.141005	-0.176827	0.040000
465	0.608533	-0.006833	0.088690	0.040000
466	0.601557	0.034865	0.123039	0.040000
467	0.603597	-0.117844	-0.002994	0.040000
468	0.608907	-0.085645	-0.011076	0.040000
469	0.609708	0.079907	0.009800	0.040000
470	0.611729	-0.057379	-0.026848	0.040000
471	0.604160	0.096394	-0.062641	0.040000
472	0.576800	0.149496	-0.152241	0.040000
473	0.602141	0.067069	0.105610	0.040000
474	0.614635	-0.019401	-0.008491	0.040000
475	0.573071	0.203260	-0.092198	0.040000
476	0.570854	0.217059	-0.072364	0.040000
477	0.561288	0.218297	-0.124609	0.040000
478	0.581386	0.107555	0.169254	0.040000
479	0.594735	-0.060320	0.144488	0.040000
480	0.524915	0.305765	0.095899	0.040000
481	0.593583	-0.036849	0.156611	0.040000
482	0.600860	0.103050	0.081071	0.040000
483	0.603856	0.033203	-0.111714	0.040000
484	0.604467	0.055495	-0.098819	0.040000
485	0.581876	-0.036556	-0.195726	0.040000
486	0.603468	0.115986	0.024465	0.040000
487	0.612171	0.053148	0.025429	0.040000
488	0.593666	0.158072	0.028260	0.040000
489	0.606706	-0.076867	-0.064993	0.040000
490	0.614202	0.018045	-0.025592	0.040000
491	0.609675	0.080749	0.001150	0.040000
492	0.586063	0.151573	0.108538	0.040000
493	0.600253	0.058949	-0.120191	0.040000
494	0.608789	-0.012498	-0.086282	0.040000
495	0.595595	0.150468	-0.029163	0.040000
496	0.609776	0.024535	-0.076135	0.040000
497	0.591684	0.043960	-0.161873	0.040000
498	0.607615	-0.093138	0.018808	0.040000
499	0.583425	-0.126853	-0.147473	0.040000
500	0.571422	-0.152137	-0.168985	0.040000
501	0.607501	-0.091219	0.029098	0.040000
502	0.610203	-0.064319	0.041716	0.040000
503	0.608737	0.074659	0.045725	0.040000
504	0.611670	0.053529	0.034917	0.040000
505	0.613608	-0.032520	0.025555	0.040000
506	0.580259	0.133995	-0.153524	0.040000
507	0.574213	-0.220109	0.007545	0.040000
508	0.583084	-0.163341	-0.107508	0.040000
509	0.597440	-0.081187	0.121242	0.040000
510	0.564054	0.072565	0.234099	0.040000
511	0.576791	0.213066	0.011853	0.040000
512	0.585784	0.104411	-0.155500	0.040000
513	0.559476	0.188324	-0.172470	0.040000
514	0.602691	0.023021	-0.120246	0.040000
515	0.614428	-0.025518	0.007204	0.040000
516	0.614314	-0.014135	0.025365	0.040000
517	0.603933	-0.116017	-0.005433	0.040000
518	0.611797	-0.002391	0.062644	0.040000
519	0.587496	0.181780	0.005472	0.040000
520	0.554926	0.112369	-0.240116	0.040000
521	0.576590	0.209473	-0.043477	0.040000
522	0.564119	0.072593	-0.233935	0.040000
523	0.600889	0.081161	0.102814	0.040000
524	0.521642	0.320062	-0.060626	0.040000
525	0.603674	-0.116280	-0.016795	0.040000
526	0.612450	0.038152	0.040921	0.040000
527	0.585256	-0.173106	-0.075728	0.040000
528	0.603122	0.098710	0.068736	0.040000
529	0.610182	-0.056698	0.051846	0.040000
530	0.606296	0.102439	0.011700	0.040000
531	0.575021	-0.214601	-0.039022	0.040000
532	0.592377	0.160059	-0.041181	0.040000
533	0.611057	0.019724	0.066670	0.040000
534	0.568916	0.126020	0.196670	0.040000
535	0.583713	-0.181202	0.068334	0.040000
536	0.582809	-0.107288	0.164464	0.040000
537	0.600590	0.085551	-0.100985	0.040000
538	0.612719	-0.012507	-0.051422	0.040000
539	0.608074	0.002128	-0.092016	0.040000
540	0.580247	-0.107414	-0.173209	0.040000
541	0.580448	0.097356	-0.178403	0.040000
542	0.574072	0.199578	-0.093992	0.040000
543	0.592443	0.163025	0.025668	0.040000
544	0.590146	0.158303	-0.069952	0.040000
545	0.515003	0.316113	0.114323	0.040000
546	0.547146	0.018654	0.280194	0.040000
547	0.540903	0.265137	0.123903	0.040000
548	0.573480	0.157757	0.156392	0.040000
549	0.560135	0.134617	0.215296	0.040000
550	0.593508	-0.155792	0.041252	0.040000
551	0.537740	0.235222	-0.183660	0.040000
552	0.567577	0.171733	0.163060	0.040000
553	0.595765	0.131210	-0.077930	0.040000
554	0.604078	0.004475	0.115301	0.040000
555	0.571037	0.128847	0.188520	0.040000
556	0.593169	0.158397	0.035853	0.040000
557	0.558983	0.214866	0.139985	0.040000
558	0.597074	0.100610	0.107726	0.040000
559	0.604615	-0.050188	-0.100732	0.040000
560	0.586866	0.168053	0.074646	0.040000
561	0.585872	0.185858	0.020891	0.040000
562	0.597388	0.146061	0.004277	0.040000
563	0.586413	0.013858	0.184805	0.040000
564	0.601758	0.124766	-0.023360	0.040000
565	0.599896	0.130189	-0.037427	0.040000
566	0.603976	-0.034803	-0.110574	0.040000
567	0.538176	0.166898	-0.246448	0.040000
568	0.577987	0.147008	-0.150149	0.040000
569	0.591041	0.157832	-0.063119	0.040000
570	0.605307	-0.055810	0.093344	0.040000
571	0.604094	-0.101540	-0.054638	0.040000
572	0.604195	-0.018747	0.113233	0.040000
573	0.586772	-0.037615	0.180300	0.040000
574	0.605219	0.043055	-0.100407	0.040000
575	0.613340	-0.003874	-0.044996	0.040000
576	0.609686	0.080669	0.000535	0.040000
577	0.605422	-0.062575	-0.088167	0.040000
578	0.549186	0.202809	0.188382	0.040000
579	0.557942	0.231517	-0.115435	0.040000
580	0.565023	0.197129	0.141824	0.040000
581	0.603209	0.101312	0.064028	0.040000
582	0.612941	0.033691	-0.037329	0.040000
583	0.585885	0.060206	0.177028	0.040000
584	0.613204	-0.012129	-0.045370	0.040000
585	0.595420	0.143787	0.055004	0.040000
586	0.569664	0.231653	0.006659	0.040000
587	0.608647	0.071586	-0.051477	0.040000
588	0.612042	0.056179	-0.021758	0.040000
589	0.612591	-0.030438	-0.045061	0.040000
590	0.573293	0.132218	0.179104	0.040000
591	0.590138	0.169756	0.033834	0.040000
592	0.570890	0.095887	-0.207641	0.040000
593	0.580557	0.039424	0.199059	0.040000
594	0.613249	-0.043289	0.016639	0.040000
595	0.613679	0.024591	-0.031917	0.040000
596	0.583128	-0.005578	0.195334	0.040000
597	0.585107	-0.142854	0.124371	0.040000
598	0.555689	0.181401	-0.191122	0.040000
599	0.611112	0.047656	-0.049957	0.040000
600	0.586635	0.037946	0.180679	0.040000
601	0.582076	0.178459	0.086979	0.040000
602	0.593170	-0.089092	0.135782	0.040000
603	0.605876	0.040900	0.097296	0.040000
604	0.599290	0.114063	-0.077884	0.040000
605	0.604798	-0.092510	0.062338	0.040000
606	0.586292	0.152604	-0.105827	0.040000
607	0.592939	-0.154092	-0.053891	0.040000
608	0.613811	0.038199	-0.001528	0.040000
609	0.602535	-0.090060	-0.084056	0.040000
610	0.585961	-0.078320	0.169531	0.040000
611	0.605135	0.107431	0.022261	0.040000
612	0.611674	-0.024289	-0.059073	0.040000
613	0.600549	0.011604	-0.132029	0.040000
614	0.591471	-0.087292	-0.144109	0.040000
615	0.586034	-0.146411	0.115556	0.040000
616	0.611249	-0.033000	0.059251	0.040000
617	0.599488	-0.083566	0.108887	0.040000
618	0.552925	0.177899	0.202116	0.040000
619	0.473726	0.392127	-0.006723	0.040000
620	0.588432	0.166493	-0.065214	0.040000
621	0.555124	0.248334	-0.091613	0.040000
622	0.598158	-0.127231	0.065145	0.040000
623	0.600104	-0.077982	0.109628	0.040000
624	0.576402	-0.200405	0.076310	0.040000
625	0.597598	-0.104519	-0.100885	0.040000
626	0.540279	0.079867	-0.282745	0.040000
627	0.576627	0.166900	-0.133681	0.040000
628	0.551509	0.158230	-0.221419	0.040000
629	0.613532	0.014651	0.039865	0.040000
630	0.609284	-0.029749	-0.078188	0.040000
631	0.612687	0.024433	0.047351	0.040000
632	0.557730	-0.013865	0.258785	0.040000
633	0.543711	0.116613	0.262688	0.040000
634	0.589916	0.106508	0.137403	0.040000
635	0.605391	0.024835	0.105405	0.040000
636	0.599242	-0.120074	-0.068675	0.040000
637	0.611493	0.065422	-0.004668	0.040000
638	0.608686	0.034754	-0.080736	0.040000
639	0.563801	0.235336	0.070503	0.040000
640	0.473912	0.276295	-0.278017	0.040000
641	0.589784	0.167636	0.047730	0.040000
642	0.609616	0.026262	0.076834	0.040000
643	0.510397	0.329878	0.094342	0.040000
644	0.551234	0.172341	0.211340	0.040000
645	0.610365	-0.058082	-0.048024	0.040000
646	0.606510	-0.099724	-0.020638	0.040000
647	0.572580	-0.219751	-0.045676	0.040000
648	0.578062	-0.023013	0.208663	0.040000
649	0.603891	-0.083151	-0.081404	0.040000
650	0.543080	0.149933	-0.246596	0.040000
651	0.581360	0.167489	0.110423	0.040000
652	0.593650	-0.081834	0.138233	0.040000
653	0.538485	0.294784	0.036895	0.040000
654	0.551507	0.202245	0.182106	0.040000
655	0.598861	-0.120837	-0.070636	0.040000
656	0.574045	-0.217451	-0.037577	0.040000
657	0.570350	0.186769	0.134327	0.040000
658	0.581888	0.140766	0.140769	0.040000
659	0.606890	0.089474	-0.043632	0.040000
660	0.578861	0.188123	-0.088059	0.040000
661	0.543258	-0.148724	0.246935	0.040000
662	0.605100	-0.013001	-0.109131	0.040000
663	0.608238	-0.085677	0.030521	0.040000
664	0.612242	0.047072	-0.034185	0.040000
665	0.592428	-0.114535	-0.118894	0.040000
666	0.568973	0.219672	-0.078988	0.040000
667	0.572423	0.090991	-0.205615	0.040000
668	0.584913	0.143748	-0.124252	0.040000
669	0.558402	0.231668	0.112883	0.040000
670	0.597813	-0.011961	0.143880	0.040000
671	0.605452	-0.107461	-0.010261	0.040000
672	0.507925	-0.156586	0.309383	0.040000
673	0.585830	0.091493	0.163269	0.040000
674	0.583556	0.174339	0.085402	0.040000
675	0.594046	-0.018293	-0.158112	0.040000
676	0.604185	0.085419	-0.076740	0.040000
677	0.613152	0.009366	-0.046710	0.040000
678	0.560080	0.151619	0.203831	0.040000
679	0.604347	0.105240	0.043757	0.040000
680	0.566769	0.133973	0.197608	0.040000
681	0.533035	0.139263	0.273321	0.040000
682	0.604805	0.076696	0.080951	0.040000
683	0.604595	0.100733	-0.050429	0.040000
684	0.357526	0.473590	-0.161596	0.040000
685	0.590305	-0.108694	-0.133979	0.040000
686	0.565875	0.202136	-0.130963	0.040000
687	0.604690	0.063337	-0.092541	0.040000
688	0.567806	0.235284	-0.021526	0.040000
689	0.592050	0.155192	-0.060147	0.040000
690	0.610636	0.006149	-0.072878	0.040000
691	0.614062	-0.017054	0.029365	0.040000
692	0.611893	-0.052244	0.032912	0.040000
693	0.603195	0.101104	-0.064489	0.040000
694	0.613064	0.026877	-0.040682	0.040000
695	0.569825	0.228133	0.038472	0.040000
696	0.580102	0.137680	0.150836	0.040000
697	0.605609	-0.103875	-0.025941	0.040000
698	0.562724	0.137991	0.206216	0.040000
699	0.570413	0.150884	0.173459	0.040000
700	0.567939	-0.069842	0.225372	0.040000
701	0.602242	0.000274	-0.124619	0.040000
702	0.611302	0.056384	0.036828	0.040000
703	0.514098	0.337403	-0.009389	0.040000
704	0.610655	-0.009701	0.072328	0.040000
705	0.578349	-0.099574	0.183908	0.040000
706	0.588235	-0.148360	-0.100968	0.040000
707	0.609443	0.004957	-0.082342	0.040000
708	0.591685	-0.068837	0.152955	0.040000
709	0.535490	-0.253690	-0.164671	0.040000
710	0.602228	0.066207	-0.105654	0.040000
711	0.589753	-0.047602	0.167782	0.040000
712	0.592463	0.004315	0.164907	0.040000
713	0.552784	0.060080	-0.262764	0.040000
714	0.606790	-0.099108	0.014442	0.040000
715	0.609880	0.076566	0.020209	0.040000
716	0.612809	0.050755	0.010678	0.040000
717	0.559544	-0.241551	-0.082389	0.040000
718	0.553937	0.267087	-0.006569	0.040000
719	0.613246	0.030791	-0.034740	0.040000
720	0.606162	-0.028472	-0.099911	0.040000
721	0.570125	-0.221580	-0.063909	0.040000
722	0.594176	-0.140809	0.073165	0.040000
723	0.579791	0.066678	0.193963	0.040000
724	0.523521	0.322692	-0.004514	0.040000
725	0.538911	0.280671	-0.094991	0.040000
726	0.555567	0.240562	0.108169	0.040000
727	0.611126	-0.067294	0.014883	0.040000
728	0.604971	0.052820	-0.097188	0.040000
729	0.577558	0.099004	0.186680	0.040000
730	0.572999	-0.217909	0.049115	0.040000
731	0.608805	0.081480	0.030704	0.040000
732	0.586776	0.046715	-0.178147	0.040000
733	0.600776	-0.000325	-0.131505	0.040000
734	0.575473	0.089237	-0.197718	0.040000
735	0.592959	-0.114078	-0.116664	0.040000
736	0.580247	0.121256	-0.163815	0.040000
737	0.606786	0.099897	-0.007497	0.040000
738	0.535879	-0.301720	-0.004828	0.040000
739	0.593572	-0.119163	-0.108154	0.040000
740	0.604367	0.006352	-0.113690	0.040000
741	0.588752	0.163253	0.070320	0.040000
742	0.560177	0.006206	0.253749	0.040000
743	0.578333	0.159028	-0.135890	0.040000
744	0.585590	-0.071707	-0.173686	0.040000
745	0.584995	-0.061992	-0.179339	0.040000
746	0.588424	0.025011	-0.177079	0.040000
747	0.603876	0.090404	0.073386	0.040000
748	0.477493	0.387589	-0.000453	0.040000
749	0.608068	-0.091160	-0.012949	0.040000
750	0.391000	0.467970	-0.079675	0.040000
751	0.555853	0.238018	0.112248	0.040000
752	0.567950	0.167001	0.166638	0.040000
753	0.595612	-0.017171	-0.152238	0.040000
754	0.539780	-0.269652	-0.118954	0.040000
755	0.597059	0.063725	-0.132986	0.040000
756	0.576580	0.208960	-0.046000	0.040000
757	0.605686	0.038489	0.099437	0.040000
758	0.579599	0.202188	0.037554	0.040000
759	0.549347	0.269162	0.063202	0.040000
760	0.600018	0.104864	0.084893	0.040000
761	0.607328	0.030449	0.091928	0.040000
762	0.564724	-0.237134	0.055494	0.040000
763	0.575943	0.213657	0.029415	0.040000
764	0.595117	0.104052	0.115041	0.040000
765	0.531347	0.186850	-0.246945	0.040000
766	0.604623	0.110187	0.022684	0.040000
767	0.597328	0.047231	0.138541	0.040000
768	0.567996	0.213357	0.100422	0.040000
769	0.552245	0.270191	-0.015735	0.040000
770	0.605107	-0.061779	0.090852	0.040000
771	0.590664	0.115127	-0.126833	0.040000
772	0.607760	0.081384	-0.047222	0.040000
773	0.595613	0.150831	0.026829	0.040000
774	0.567470	-0.207808	0.114100	0.040000
775	0.598289	-0.088038	0.111911	0.040000
776	0.595993	0.150004	0.022707	0.040000
777	0.598984	-0.067989	0.121741	0.040000
778	0.608850	-0.076681	0.040587	0.040000
779	0.577981	0.084086	-0.192593	0.040000
780	0.576362	0.035595	-0.211577	0.040000
781	0.614152	0.016934	0.027489	0.040000
782	0.550154	0.236549	0.140000	0.040000
783	0.590726	0.139880	0.098495	0.040000
784	0.584913	0.117384	0.149409	0.040000
785	0.538199	0.194322	0.225402	0.040000
786	0.612302	-0.050402	-0.027762	0.040000
787	0.597500	0.055234	-0.134788	0.040000
788	0.473427	0.181291	-0.348175	0.040000
789	0.552274	0.212464	-0.167563	0.040000
790	0.590882	0.005645	-0.170446	0.040000
791	0.530648	0.306039	0.054565	0.040000
792	0.575702	0.216310	-0.001589	0.040000
793	0.602196	0.102774	0.070872	0.040000
794	0.606886	0.091805	0.038546	0.040000
795	0.533291	0.235409	-0.195981	0.040000
796	0.579849	0.201926	0.035016	0.040000
797	0.540209	0.293769	-0.009963	0.040000
798	0.587154	0.121244	-0.137024	0.040000
799	0.574674	-0.035383	0.216156	0.040000
800	0.567492	-0.126093	0.200694	0.040000
801	0.604674	0.104986	0.039645	0.040000
802	0.601351	-0.127649	-0.017523	0.040000
803	0.588164	0.166695	0.067083	0.040000
804	0.601983	0.095938	-0.081472	0.040000
805	0.536915	0.244325	0.173931	0.040000
806	0.612699	0.052894	-0.005164	0.040000
807	0.601844	-0.124378	-0.023202	0.040000
808	0.590265	0.081235	-0.152360	0.040000
809	0.603634	-0.091498	-0.074019	0.040000
810	0.456998	0.210576	0.353604	0.040000
811	0.593776	0.107150	-0.119052	0.040000
812	0.585645	0.009967	-0.187470	0.040000
813	0.606029	-0.031450	-0.099821	0.040000
814	0.592523	-0.162006	-0.029929	0.040000
815	0.613564	-0.030596	-0.028778	0.040000
816	0.605091	-0.072024	0.083083	0.040000
817	0.598621	0.018116	-0.139822	0.040000
818	0.605380	0.099467	0.042969	0.040000
819	0.584564	-0.104523	0.159954	0.040000
820	0.590717	-0.167886	-0.033060	0.040000
821	0.494462	-0.327125	0.163467	0.040000
822	0.603924	0.075461	0.088356	0.040000
823	0.553025	0.251015	0.096850	0.040000
824	0.589525	0.055199	-0.166248	0.040000
825	0.573127	0.173958	0.139604	0.040000
826	0.607552	0.000389	-0.095424	0.040000
827	0.586391	-0.174985	-0.061246	0.040000
828	0.592335	-0.026960	0.163210	0.040000
829	0.572445	-0.150314	-0.167144	0.040000
830	0.614597	0.019584	0.010605	0.040000
831	0.584863	0.109155	-0.155709	0.040000
832	0.605026	-0.106635	0.028244	0.040000
833	0.513192	0.165397	-0.295810	0.040000
834	0.611622	-0.055324	-0.032910	0.040000
835	0.592379	0.158857	0.045571	0.040000
836	0.576149	-0.215092	0.003641	0.040000
837	0.591386	0.156792	-0.062485	0.040000
838	0.591566	-0.141359	0.091063	0.040000
839	0.595377	0.148429	-0.041476	0.040000
840	0.564515	-0.080385	-0.230405	0.040000
841	0.596997	-0.101837	-0.106997	0.040000
842	0.613877	-0.026335	0.026199	0.040000
843	0.536005	-0.167900	0.250466	0.040000
844	0.534362	-0.300895	-0.046306	0.040000
845	0.604089	0.069254	0.092226	0.040000
846	0.611049	-0.042838	0.054857	0.040000
847	0.600524	-0.130426	-0.024201	0.040000
848	0.599143	0.032433	-0.134909	0.040000
849	0.578362	-0.208417	-0.016886	0.040000
850	0.450854	0.272027	-0.317738	0.040000
