1	-0.596931	0.136429	0.057320	-1.000000
2	-0.596391	0.103517	0.108752	-1.000000
3	-0.577190	-0.066013	-0.201790	-1.000000
4	-0.574831	-0.215716	-0.035511	-1.000000
5	-0.614072	0.033675	0.002436	-1.000000
6	-0.602543	0.013905	-0.122366	-1.000000
7	-0.605252	0.075524	0.078686	-1.000000
8	-0.601323	-0.122744	-0.039610	-1.000000
9	-0.585154	-0.185273	-0.038652	-1.000000
10	-0.562372	-0.245022	0.043902	-1.000000
11	-0.585621	0.183819	0.038527	-1.000000
12	-0.581524	-0.104981	0.170393	-1.000000
13	-0.569550	0.206980	-0.104867	-1.000000
14	-0.591068	-0.069511	-0.155022	-1.000000
15	-0.586742	-0.058962	-0.174590	-1.000000
16	-0.579652	0.190805	0.076300	-1.000000
17	-0.590076	-0.058774	-0.163038	-1.000000
18	-0.596744	0.034531	-0.144668	-1.000000
19	-0.587449	0.037560	-0.178096	-1.000000
20	-0.533813	-0.303902	0.030207	-1.000000
21	-0.603450	-0.037874	-0.112422	-1.000000
22	-0.607248	-0.048267	0.084529	-1.000000
23	-0.600581	-0.096777	-0.090340	-1.000000
24	-0.611229	-0.039325	-0.055482	-1.000000
25	-0.600345	0.018455	-0.132177	-1.000000
26	-0.543859	-0.184915	0.219656	-1.000000
27	-0.549846	-0.275410	0.006609	-1.000000
28	-0.597386	-0.144648	0.020779	-1.000000
29	-0.609377	0.000872	-0.082969	-1.000000
30	-0.516697	-0.220221	-0.250503	-1.000000
31	-0.614904	0.009962	-0.004345	-1.000000
32	-0.470153	-0.099130	-0.383867	-1.000000
33	-0.598888	-0.098000	-0.099770	-1.000000
34	-0.547902	-0.162250	-0.227385	-1.000000
35	-0.592425	0.165084	0.002139	-1.000000
36	-0.614217	-0.030585	-0.005178	-1.000000
37	-0.588415	-0.170979	-0.052529	-1.000000
38	-0.614897	-0.010813	0.003103	-1.000000
39	-0.520030	-0.320615	0.070710	-1.000000
40	-0.612632	-0.035470	0.040599	-1.000000
41	-0.604837	-0.108234	0.026121	-1.000000
42	-0.496668	-0.021936	-0.362029	-1.000000
43	-0.579551	0.196499	-0.061101	-1.000000
44	-0.602640	-0.107446	-0.059207	-1.000000
45	-0.599397	0.077855	0.113522	-1.000000
46	-0.531681	-0.264980	0.159141	-1.000000
47	-0.576921	-0.201638	-0.068768	-1.000000
48	-0.563203	-0.097476	-0.226993	-1.000000
49	-0.597375	-0.143397	0.028374	-1.000000
50	-0.588464	-0.135375	-0.116658	-1.000000
51	-0.597056	-0.130633	-0.068442	-1.000000
52	-0.610606	0.057406	0.045715	-1.000000
53	-0.589615	0.174859	-0.001813	-1.000000
54	-0.603973	0.045715	-0.106544	-1.000000
55	-0.593253	-0.144719	-0.073022	-1.000000
56	-0.572560	-0.094382	-0.203696	-1.000000
57	-0.604808	0.092974	0.061548	-1.000000
58	-0.584625	-0.168238	0.090192	-1.000000
59	-0.581330	-0.200639	0.004893	-1.000000
60	-0.563065	-0.157206	0.190968	-1.000000
61	-0.588210	-0.178298	-0.021067	-1.000000
62	-0.606496	-0.037034	0.094951	-1.000000
63	-0.610833	-0.070631	-0.010940	-1.000000
64	-0.573071	0.194237	0.109936	-1.000000
65	-0.613035	-0.044175	0.021498	-1.000000
66	-0.598309	0.141212	-0.017613	-1.000000
67	-0.570376	-0.216468	0.077703	-1.000000
68	-0.581372	-0.157917	-0.123666	-1.000000
69	-0.567971	0.025788	-0.234455	-1.000000
70	-0.611401	0.066276	0.004563	-1.000000
71	-0.610353	0.058611	-0.047531	-1.000000
72	-0.609886	-0.032404	0.072206	-1.000000
73	-0.606504	0.099897	0.019955	-1.000000
74	-0.579009	0.140762	0.152184	-1.000000
75	-0.585802	0.164626	0.089218	-1.000000
76	-0.591785	0.030227	0.164627	-1.000000
77	-0.602982	-0.048721	-0.110741	-1.000000
78	-0.559036	0.155411	-0.203843	-1.000000
79	-0.613717	-0.035616	0.017566	-1.000000
80	-0.608047	-0.078189	0.048889	-1.000000
81	-0.541190	-0.105795	-0.272297	-1.000000
82	-0.584439	0.159193	-0.106368	-1.000000
83	-0.562301	0.225028	-0.106794	-1.000000
84	-0.603709	0.107332	-0.047330	-1.000000
85	-0.584111	0.188907	-0.036790	-1.000000
86	-0.580647	-0.164141	0.118876	-1.000000
87	-0.577441	0.185184	0.102440	-1.000000
88	-0.582136	0.191907	0.050141	-1.000000
89	-0.593960	-0.159454	-0.003221	-1.000000
90	-0.535754	0.299080	-0.041753	-1.000000
91	-0.554290	-0.002025	-0.266427	-1.000000
92	-0.611862	-0.044279	-0.043460	-1.000000
93	-0.610497	0.063627	-0.038340	-1.000000
94	-0.611817	0.012469	0.061235	-1.000000
95	-0.601720	-0.122425	0.034215	-1.000000
96	-0.573741	-0.211290	-0.066356	-1.000000
97	-0.581958	-0.142377	0.138847	-1.000000
98	-0.591225	-0.113356	0.125808	-1.000000
99	-0.511983	-0.042230	0.338105	-1.000000
100	-0.614605	-0.017218	0.013774	-1.000000
101	-0.573466	0.192545	0.110853	-1.000000
102	-0.614801	-0.003001	-0.015346	-1.000000
103	-0.598912	0.077400	0.116356	-1.000000
104	-0.598074	-0.023136	0.141411	-1.000000
105	-0.602599	-0.064976	0.104298	-1.000000
106	-0.604430	-0.112386	0.016100	-1.000000
107	-0.579791	-0.176953	-0.103706	-1.000000
108	-0.531362	-0.285159	0.120681	-1.000000
109	-0.446341	0.385720	0.173852	-1.000000
110	-0.601720	-0.067022	0.108007	-1.000000
111	-0.557844	-0.242154	0.091631	-1.000000
112	-0.558600	0.231329	0.112596	-1.000000
113	-0.580171	0.087596	0.184263	-1.000000
114	-0.560382	-0.173593	0.184560	-1.000000
115	-0.614886	-0.000534	0.011806	-1.000000
116	-0.596153	-0.116499	0.096201	-1.000000
117	-0.563478	-0.174080	0.174395	-1.000000
118	-0.613869	0.002936	0.037168	-1.000000
119	-0.609966	-0.075504	-0.021566	-1.000000
120	-0.613034	-0.047362	-0.013106	-1.000000
121	-0.611796	-0.039385	-0.048778	-1.000000
122	-0.592858	-0.055745	-0.153741	-1.000000
123	-0.570361	-0.086545	-0.213126	-1.000000
124	-0.611753	0.023847	-0.058438	-1.000000
125	-0.552495	0.255788	-0.086869	-1.000000
126	-0.599966	-0.126274	-0.048167	-1.000000
127	-0.592873	-0.161651	0.024417	-1.000000
128	-0.590718	-0.063325	-0.158956	-1.000000
129	-0.614685	0.017329	-0.009355	-1.000000
130	-0.587012	-0.181472	-0.026645	-1.000000
131	-0.614765	0.000869	-0.016985	-1.000000
132	-0.580752	0.124758	-0.159336	-1.000000
133	-0.611862	-0.011317	-0.061007	-1.000000
134	-0.598206	-0.136361	-0.042196	-1.000000
135	-0.586178	-0.112372	-0.148301	-1.000000
136	-0.604726	-0.042858	0.103415	-1.000000
137	-0.586394	0.058179	-0.176017	-1.000000
138	-0.608370	-0.085032	-0.029670	-1.000000
139	-0.608051	-0.016620	-0.090681	-1.000000
140	-0.614880	0.009951	-0.006936	-1.000000
141	-0.614060	0.033883	-0.002610	-1.000000
142	-0.611462	-0.055921	0.034816	-1.000000
143	-0.595587	-0.079002	0.131378	-1.000000
144	-0.595215	-0.145685	-0.052152	-1.000000
145	-0.602437	-0.099033	-0.074072	-1.000000
146	-0.473718	-0.386971	-0.063792	-1.000000
147	-0.602735	-0.020666	-0.120449	-1.000000
148	-0.590863	0.169711	-0.017446	-1.000000
149	-0.608543	-0.004777	-0.088753	-1.000000
150	-0.573963	0.083492	-0.204501	-1.000000
151	-0.613146	-0.043280	-0.020096	-1.000000
152	-0.579699	-0.199027	0.050623	-1.000000
153	-0.607515	-0.095394	-0.007071	-1.000000
154	-0.535328	-0.296466	-0.061297	-1.000000
155	-0.595571	-0.022205	-0.151746	-1.000000
156	-0.611402	0.065229	0.012561	-1.000000
157	-0.591803	-0.086390	-0.143286	-1.000000
158	-0.602052	-0.113716	0.053165	-1.000000
159	-0.599683	-0.062892	0.121035	-1.000000
160	-0.599470	-0.106946	-0.086156	-1.000000
161	-0.602481	-0.106478	0.062484	-1.000000
162	-0.609931	-0.076376	0.019389	-1.000000
163	-0.550850	0.055437	0.267799	-1.000000
164	-0.593776	0.018487	0.159100	-1.000000
165	-0.601765	0.116521	-0.050267	-1.000000
166	-0.582632	0.032622	-0.194168	-1.000000
167	-0.590766	-0.087528	0.146831	-1.000000
168	-0.556889	-0.172927	0.195437	-1.000000
169	-0.570379	-0.131315	0.188809	-1.000000
170	-0.604796	-0.111055	0.010647	-1.000000
171	-0.604113	-0.043103	0.106839	-1.000000
172	-0.600453	-0.031655	0.129147	-1.000000
173	-0.602106	-0.097194	-0.079033	-1.000000
174	-0.581833	0.192194	-0.052504	-1.000000
175	-0.587216	-0.033998	0.179572	-1.000000
176	-0.612839	0.040021	0.032424	-1.000000
177	-0.587598	0.090478	0.157377	-1.000000
178	-0.600615	0.038488	0.126511	-1.000000
179	-0.599628	-0.118302	-0.068385	-1.000000
180	-0.552471	-0.266448	-0.044796	-1.000000
181	-0.604656	-0.063297	-0.092787	-1.000000
182	-0.603919	0.115000	0.016775	-1.000000
183	-0.539284	0.293738	0.033407	-1.000000
184	-0.607082	0.096599	-0.018579	-1.000000
185	-0.604349	-0.113551	-0.009676	-1.000000
186	-0.605683	0.051485	0.093394	-1.000000
187	-0.543878	0.181172	0.222708	-1.000000
188	-0.613282	-0.044973	-0.009360	-1.000000
189	-0.594179	-0.156755	-0.024579	-1.000000
190	-0.597044	0.147506	0.002266	-1.000000
191	-0.610921	0.069865	-0.010926	-1.000000
192	-0.581933	-0.075321	0.184135	-1.000000
193	-0.612857	-0.016451	-0.048589	-1.000000
194	-0.590608	-0.007566	-0.171318	-1.000000
195	-0.614114	-0.003028	0.032865	-1.000000
196	-0.571731	0.136458	0.180908	-1.000000
197	-0.601344	-0.128212	-0.013117	-1.000000
198	-0.608740	0.085300	-0.019610	-1.000000
199	-0.604386	-0.089187	0.070630	-1.000000
200	-0.570190	0.228401	0.030677	-1.000000
201	-0.592620	-0.164388	-0.001920	-1.000000
202	-0.612051	0.054301	-0.025882	-1.000000
203	-0.587870	-0.027421	0.178556	-1.000000
204	-0.600021	-0.088591	0.101741	-1.000000
205	-0.525138	-0.311482	0.073718	-1.000000
206	-0.514201	0.280393	0.187623	-1.000000
207	-0.591326	-0.160769	0.052072	-1.000000
208	-0.574168	0.143550	-0.167181	-1.000000
209	-0.604817	0.089220	0.066791	-1.000000
210	-0.574542	-0.065400	0.209402	-1.000000
211	-0.556732	-0.255273	0.055762	-1.000000
212	-0.614732	0.011877	-0.013726	-1.000000
213	-0.511219	-0.236087	0.247272	-1.000000
214	-0.612500	-0.030373	0.046330	-1.000000
215	-0.578807	0.035406	0.204826	-1.000000
216	-0.579624	-0.198848	0.052153	-1.000000
217	-0.602878	0.058528	-0.106476	-1.000000
218	-0.604919	-0.061516	-0.092273	-1.000000
219	-0.584794	0.018906	-0.189430	-1.000000
220	-0.594192	0.066403	-0.144052	-1.000000
221	-0.596028	0.011946	-0.151104	-1.000000
222	-0.607391	0.050543	0.082139	-1.000000
223	-0.585346	-0.176280	-0.067237	-1.000000
224	-0.574674	-0.213912	-0.047084	-1.000000
225	-0.611051	-0.000294	-0.069584	-1.000000
226	-0.613571	-0.036141	-0.021207	-1.000000
227	-0.590079	-0.149144	-0.088249	-1.000000
228	-0.607271	-0.016941	0.095709	-1.000000
229	-0.611661	-0.038553	-0.051088	-1.000000
230	-0.613594	0.039596	-0.012648	-1.000000
231	-0.531772	-0.282735	-0.124518	-1.000000
232	-0.596078	-0.136137	-0.066200	-1.000000
233	-0.599096	-0.015497	0.138090	-1.000000
234	-0.574359	-0.176203	-0.131488	-1.000000
235	-0.612536	0.037424	0.040304	-1.000000
236	-0.601590	-0.001527	-0.127717	-1.000000
237	-0.575733	-0.091809	-0.195773	-1.000000
238	-0.612682	-0.052483	0.009576	-1.000000
239	-0.611786	0.006697	-0.062429	-1.000000
240	-0.586159	-0.176748	0.058335	-1.000000
241	-0.602882	-0.099939	0.069065	-1.000000
242	-0.584267	0.015925	0.191322	-1.000000
243	-0.585487	-0.048323	0.181920	-1.000000
244	-0.596828	-0.139513	0.050578	-1.000000
245	-0.613885	0.031415	-0.019577	-1.000000
246	-0.610372	-0.036134	-0.066075	-1.000000
247	-0.611367	-0.057782	-0.033412	-1.000000
248	-0.574373	0.209556	-0.066388	-1.000000
249	-0.596280	-0.147977	-0.027890	-1.000000
250	-0.602247	-0.110395	-0.057760	-1.000000
251	-0.587943	0.046552	-0.174301	-1.000000
252	-0.605393	-0.082884	-0.069672	-1.000000
253	-0.608062	-0.009555	0.091624	-1.000000
254	-0.576483	-0.159149	0.143399	-1.000000
255	-0.583682	-0.147874	0.125193	-1.000000
256	-0.580024	-0.201178	-0.036388	-1.000000
257	-0.606713	0.081044	-0.059639	-1.000000
258	-0.602474	-0.115494	0.043715	-1.000000
259	-0.605624	-0.017727	0.105499	-1.000000
260	-0.608823	0.044098	-0.074929	-1.000000
261	-0.586051	-0.179080	-0.051955	-1.000000
262	-0.608844	0.044368	-0.074606	-1.000000
263	-0.614303	-0.023005	-0.018083	-1.000000
264	-0.588607	-0.050502	0.170927	-1.000000
265	-0.589293	0.162904	-0.066491	-1.000000
266	-0.588492	0.166001	0.065921	-1.000000
267	-0.571546	0.075418	-0.214177	-1.000000
268	-0.590334	0.105740	0.136196	-1.000000
269	-0.573319	-0.152073	-0.162493	-1.000000
270	-0.606297	-0.047721	-0.091385	-1.000000
271	-0.523396	-0.178990	0.268783	-1.000000
272	-0.602913	0.031320	0.117220	-1.000000
273	-0.603434	-0.114771	0.030325	-1.000000
274	-0.606696	0.032167	-0.095445	-1.000000
275	-0.608429	-0.061343	-0.065395	-1.000000
276	-0.595131	0.123177	-0.094188	-1.000000
277	-0.575160	0.081999	-0.201723	-1.000000
278	-0.556655	0.197297	0.171565	-1.000000
279	-0.580224	0.183112	-0.089640	-1.000000
280	-0.612172	0.024408	-0.053622	-1.000000
281	-0.606312	0.078754	-0.066397	-1.000000
282	-0.566369	-0.230035	0.067341	-1.000000
283	-0.578160	-0.209211	-0.013659	-1.000000
284	-0.608903	-0.054907	0.066690	-1.000000
285	-0.613507	0.021125	0.037253	-1.000000
286	-0.542009	0.280425	0.076240	-1.000000
287	-0.603587	0.022227	-0.115815	-1.000000
288	-0.604479	0.107932	0.034357	-1.000000
289	-0.575881	0.209551	0.051714	-1.000000
290	-0.587702	0.094490	-0.154606	-1.000000
291	-0.601369	-0.060118	0.113871	-1.000000
292	-0.613224	0.003169	-0.046595	-1.000000
293	-0.580335	0.181108	-0.092931	-1.000000
294	-0.614890	0.010310	-0.005351	-1.000000
295	-0.614778	-0.016480	0.000953	-1.000000
296	-0.589901	0.173069	-0.017008	-1.000000
297	-0.610681	0.057824	0.044158	-1.000000
298	-0.593789	0.077037	-0.140375	-1.000000
299	-0.611071	-0.052068	0.045895	-1.000000
300	-0.589948	0.162021	-0.062735	-1.000000
301	-0.610921	0.047175	0.052678	-1.000000
302	-0.597157	-0.056422	0.135811	-1.000000
303	-0.602630	-0.099083	0.072419	-1.000000
304	-0.597939	0.095597	-0.107492	-1.000000
305	-0.605611	-0.057828	-0.090094	-1.000000
306	-0.596353	0.145140	0.039018	-1.000000
307	-0.611987	-0.028582	0.053667	-1.000000
308	-0.610582	-0.066227	0.032062	-1.000000
309	-0.608921	0.018081	-0.084341	-1.000000
310	-0.603940	-0.021774	-0.114051	-1.000000
311	-0.614105	-0.010160	-0.031572	-1.000000
312	-0.454516	-0.411993	0.043616	-1.000000
313	-0.596400	0.121986	0.087469	-1.000000
314	-0.591511	0.053680	0.159557	-1.000000
315	-0.608171	-0.090097	-0.015366	-1.000000
316	-0.589982	0.172588	0.018967	-1.000000
317	-0.603851	-0.030934	0.112393	-1.000000
318	-0.613068	-0.028173	-0.039729	-1.000000
319	-0.576454	-0.150613	-0.152452	-1.000000
320	-0.586083	-0.076092	0.170123	-1.000000
321	-0.595110	-0.150463	0.037819	-1.000000
322	-0.611349	-0.055295	0.037678	-1.000000
323	-0.601813	0.126100	0.012037	-1.000000
324	-0.611734	0.042036	0.047323	-1.000000
325	-0.605716	-0.100176	0.036020	-1.000000
326	-0.597177	-0.140338	-0.043704	-1.000000
327	-0.551572	0.221817	-0.157449	-1.000000
328	-0.510777	-0.260234	-0.222733	-1.000000
329	-0.612378	-0.050687	-0.025487	-1.000000
330	-0.585444	-0.161487	0.096965	-1.000000
331	-0.608742	-0.068105	0.054950	-1.000000
332	-0.613753	0.001959	-0.039092	-1.000000
333	-0.600763	-0.067416	-0.112979	-1.000000
334	-0.597116	-0.088225	-0.117870	-1.000000
335	-0.603698	-0.117355	0.001111	-1.000000
336	-0.601280	0.128764	-0.010336	-1.000000
337	-0.578733	-0.162639	-0.129775	-1.000000
338	-0.608598	-0.035253	0.081185	-1.000000
339	-0.549835	-0.186317	-0.202959	-1.000000
340	-0.587035	0.138360	-0.120295	-1.000000
341	-0.588227	-0.035795	-0.175876	-1.000000
342	-0.599855	0.066145	-0.118423	-1.000000
343	-0.614643	-0.013831	0.015738	-1.000000
344	-0.605045	-0.110205	-0.000175	-1.000000
345	-0.571024	-0.159541	0.163413	-1.000000
346	-0.603708	-0.011521	0.116742	-1.000000
347	-0.596554	-0.146151	0.031440	-1.000000
348	-0.596530	-0.062797	-0.135768	-1.000000
349	-0.609647	-0.079720	0.014135	-1.000000
350	-0.556900	0.031815	-0.258989	-1.000000
351	-0.543407	-0.032127	-0.286186	-1.000000
352	-0.614933	0.008427	0.003308	-1.000000
353	-0.593754	-0.037857	-0.155718	-1.000000
354	-0.568650	0.225811	-0.062216	-1.000000
355	-0.612075	-0.002481	0.059863	-1.000000
356	-0.565837	-0.237107	-0.042828	-1.000000
357	-0.600760	-0.086134	0.099463	-1.000000
358	-0.591470	-0.152159	-0.072355	-1.000000
359	-0.603825	-0.112654	-0.030478	-1.000000
360	-0.561746	0.069090	-0.240610	-1.000000
361	-0.611785	-0.061524	-0.012626	-1.000000
362	-0.605192	0.064475	-0.088376	-1.000000
363	-0.608721	-0.024750	-0.084090	-1.000000
364	-0.596254	-0.106259	-0.106844	-1.000000
365	-0.611288	0.066413	0.011879	-1.000000
366	-0.567492	-0.236694	0.012375	-1.000000
367	-0.602712	-0.007866	-0.122069	-1.000000
368	-0.609118	-0.010226	0.084234	-1.000000
369	-0.604046	0.108838	-0.038822	-1.000000
370	-0.611943	0.059830	-0.013065	-1.000000
371	-0.603110	-0.083036	0.087111	-1.000000
372	-0.592444	0.143255	-0.081931	-1.000000
373	-0.595495	0.143467	0.055027	-1.000000
374	-0.600410	0.036628	0.128026	-1.000000
375	-0.582289	0.015872	0.197262	-1.000000
376	-0.565991	0.166184	0.173959	-1.000000
377	-0.571867	-0.104798	-0.200527	-1.000000
378	-0.588960	-0.086057	-0.154744	-1.000000
379	-0.607430	-0.040936	-0.087054	-1.000000
380	-0.595017	0.153695	-0.023618	-1.000000
381	-0.609661	0.076151	0.027195	-1.000000
382	-0.607587	-0.085002	0.042864	-1.000000
383	-0.542839	-0.238350	0.163524	-1.000000
384	-0.596720	0.146083	0.028465	-1.000000
385	-0.611235	0.046536	-0.049513	-1.000000
386	-0.607051	0.086818	0.046651	-1.000000
387	-0.611228	-0.002750	0.067956	-1.000000
388	-0.610242	0.076194	0.004867	-1.000000
389	-0.611128	0.007752	0.068462	-1.000000
390	-0.608154	-0.090132	0.015819	-1.000000
391	-0.603152	-0.087287	-0.082547	-1.000000
392	-0.613703	0.029597	-0.026782	-1.000000
393	-0.602495	-0.061380	0.107041	-1.000000
394	-0.590452	0.170766	0.020747	-1.000000
395	-0.610575	0.067257	0.030003	-1.000000
396	-0.608964	0.022424	0.082974	-1.000000
397	-0.612537	-0.029248	0.046556	-1.000000
398	-0.602244	-0.072061	0.101656	-1.000000
399	-0.613764	0.036652	-0.013262	-1.000000
400	-0.613774	-0.012024	0.036902	-1.000000
401	-0.611225	0.000305	0.068032	-1.000000
402	-0.614846	-0.010222	0.009218	-1.000000
403	-0.581932	0.195414	-0.037326	-1.000000
404	-0.593405	0.092746	0.132263	-1.000000
405	-0.604999	0.087203	-0.067798	-1.000000
406	-0.603930	-0.112788	0.027793	-1.000000
407	-0.595432	-0.100442	0.116605	-1.000000
408	-0.613454	-0.043383	-0.004191	-1.000000
409	-0.610180	-0.012821	0.075767	-1.000000
410	-0.595027	0.152396	0.030709	-1.000000
411	-0.610992	-0.051359	-0.047703	-1.000000
412	-0.610993	0.020173	-0.067122	-1.000000
413	-0.610520	0.014297	0.072702	-1.000000
414	-0.592116	0.150616	-0.070272	-1.000000
415	-0.600569	0.118876	0.058402	-1.000000
416	-0.580831	-0.161431	-0.121657	-1.000000
417	-0.595531	-0.149626	0.034357	-1.000000
418	-0.590311	0.118155	0.125687	-1.000000
419	-0.593237	-0.072997	-0.144799	-1.000000
420	-0.610317	0.003019	0.075687	-1.000000
421	-0.578176	0.111170	-0.177705	-1.000000
422	-0.592580	-0.139111	-0.087877	-1.000000
423	-0.592853	0.021419	0.162148	-1.000000
424	-0.592181	-0.158597	-0.048923	-1.000000
425	-0.601593	0.021264	0.125933	-1.000000
426	-0.614240	-0.030475	-0.002419	-1.000000
427	-0.553794	0.130646	0.233387	-1.000000
428	-0.601643	0.085073	0.094936	-1.000000
429	-0.614520	0.009129	-0.022512	-1.000000
430	-0.580383	0.152619	0.134493	-1.000000
431	-0.597249	-0.143487	0.030505	-1.000000
432	-0.581943	0.191478	-0.053883	-1.000000
433	-0.595815	0.139894	-0.060487	-1.000000
434	-0.575329	0.185709	0.112842	-1.000000
435	-0.575033	-0.019966	0.217172	-1.000000
436	-0.602523	-0.075916	-0.097099	-1.000000
437	-0.585098	-0.186891	-0.030945	-1.000000
438	-0.610792	-0.038924	-0.060358	-1.000000
439	-0.606377	-0.078413	0.066207	-1.000000
440	-0.605547	-0.019822	-0.105568	-1.000000
441	-0.610267	0.058601	-0.048638	-1.000000
442	-0.612887	-0.013375	-0.049149	-1.000000
443	-0.566332	-0.088011	-0.223041	-1.000000
444	-0.599765	0.111579	0.077831	-1.000000
445	-0.602286	-0.082736	0.092905	-1.000000
446	-0.611463	0.015187	-0.064092	-1.000000
447	-0.562024	-0.034730	-0.247280	-1.000000
448	-0.604581	0.096495	-0.058271	-1.000000
449	-0.540031	0.158125	-0.248168	-1.000000
450	-0.610717	0.067940	-0.025183	-1.000000
451	-0.597247	-0.030868	0.143415	-1.000000
452	-0.594064	-0.075160	-0.140230	-1.000000
453	-0.612517	0.040742	0.037255	-1.000000
454	-0.602528	-0.078052	0.095360	-1.000000
455	-0.598768	-0.070261	-0.121512	-1.000000
456	-0.597590	-0.123372	0.076752	-1.000000
457	-0.602556	-0.030699	-0.119203	-1.000000
458	-0.608507	-0.089019	0.004396	-1.000000
459	-0.542700	-0.061892	-0.282615	-1.000000
460	-0.602948	0.117363	-0.030081	-1.000000
461	-0.609639	-0.032958	-0.074022	-1.000000
462	-0.613975	-0.026742	-0.023326	-1.000000
463	-0.608657	-0.015006	0.086812	-1.000000
464	-0.594264	-0.155766	0.028500	-1.000000
465	-0.601116	-0.012208	-0.129366	-1.000000
466	-0.591247	-0.165244	0.036693	-1.000000
467	-0.611018	0.007366	-0.069478	-1.000000
468	-0.589999	-0.164872	-0.054252	-1.000000
469	-0.596988	-0.147574	0.007245	-1.000000
470	-0.559369	-0.195775	0.164326	-1.000000
471	-0.595357	-0.103261	-0.114507	-1.000000
472	-0.550413	-0.255428	-0.100133	-1.000000
473	-0.595439	0.087541	0.126547	-1.000000
474	-0.611394	-0.024752	-0.061721	-1.000000
475	-0.528926	-0.313721	-0.006421	-1.000000
476	-0.612796	-0.038019	0.035498	-1.000000
477	-0.603451	0.099192	0.065060	-1.000000
478	-0.614841	-0.002211	0.013790	-1.000000
479	-0.567458	0.198634	0.129465	-1.000000
480	-0.530344	-0.306581	-0.054480	-1.000000
481	-0.590931	-0.063477	-0.158101	-1.000000
482	-0.609474	-0.072939	-0.038031	-1.000000
483	-0.614389	-0.017480	-0.021119	-1.000000
484	-0.607228	0.003729	-0.097391	-1.000000
485	-0.589767	0.155949	0.077972	-1.000000
486	-0.599142	0.086686	0.108346	-1.000000
487	-0.607617	0.093009	0.019386	-1.000000
488	-0.568099	0.162583	0.170457	-1.000000
489	-0.611879	0.041776	-0.045650	-1.000000
490	-0.596940	0.147859	0.005067	-1.000000
491	-0.605042	-0.106846	0.027079	-1.000000
492	-0.610265	0.076169	0.000233	-1.000000
493	-0.607657	-0.049686	-0.080682	-1.000000
494	-0.602764	-0.069787	-0.100154	-1.000000
495	-0.612591	-0.053255	0.011010	-1.000000
496	-0.590903	0.127633	0.113000	-1.000000
497	-0.542213	0.290037	-0.010392	-1.000000
498	-0.543505	-0.251029	-0.140755	-1.000000
499	-0.611164	0.060604	-0.032098	-1.000000
500	-0.587349	-0.175489	0.049490	-1.000000
501	-0.608021	0.038541	0.083962	-1.000000
502	-0.605421	-0.040454	0.100270	-1.000000
503	-0.606322	0.002899	-0.102908	-1.000000
504	-0.606818	-0.068427	-0.072905	-1.000000
505	-0.590748	0.147466	0.086577	-1.000000
506	-0.604641	-0.102458	0.046228	-1.000000
507	-0.576656	0.148906	-0.153360	-1.000000
508	-0.614282	0.021501	-0.020505	-1.000000
509	-0.599990	-0.131259	-0.031755	-1.000000
510	-0.597554	0.141484	0.033718	-1.000000
511	-0.606804	0.096483	-0.026546	-1.000000
512	-0.608560	0.074252	-0.048642	-1.000000
513	-0.606316	0.058250	0.084925	-1.000000
514	-0.596103	0.151089	0.007647	-1.000000
515	-0.558118	-0.196745	0.167394	-1.000000
516	-0.614106	0.020576	0.025994	-1.000000
517	-0.586646	0.171987	0.067022	-1.000000
518	-0.602695	-0.107622	-0.058321	-1.000000
519	-0.608292	-0.021945	-0.087890	-1.000000
520	-0.606080	-0.055620	-0.088310	-1.000000
521	-0.587811	-0.178273	0.030356	-1.000000
522	-0.614088	0.032869	-0.006345	-1.000000
523	-0.613736	0.033698	-0.020425	-1.000000
524	-0.588268	0.047549	0.172931	-1.000000
525	-0.551100	0.263160	-0.072530	-1.000000
526	-0.609482	0.018447	-0.080105	-1.000000
527	-0.595218	0.133305	-0.078550	-1.000000
528	-0.607209	0.080266	0.055494	-1.000000
529	-0.614823	-0.014537	-0.002477	-1.000000
530	-0.614808	0.015247	-0.001951	-1.000000
531	-0.597748	-0.111370	0.092299	-1.000000
532	-0.542015	-0.266743	0.115294	-1.000000
533	-0.542194	-0.228955	-0.178410	-1.000000
534	-0.492907	0.367214	0.020529	-1.000000
535	-0.595410	-0.110307	-0.107444	-1.000000
536	-0.602511	-0.123291	0.002137	-1.000000
537	-0.565113	0.181245	-0.161316	-1.000000
538	-0.604609	-0.071244	-0.087161	-1.000000
539	-0.579469	0.190162	-0.079238	-1.000000
540	-0.542193	0.042552	-0.287126	-1.000000
541	-0.607390	0.073112	0.062902	-1.000000
542	-0.537849	0.241147	-0.175475	-1.000000
543	-0.612256	-0.031242	0.048902	-1.000000
544	-0.588077	0.029945	0.177465	-1.000000
545	-0.611463	0.024313	0.061214	-1.000000
546	-0.603883	-0.031137	0.112162	-1.000000
547	-0.606744	0.096150	0.029007	-1.000000
548	-0.574531	0.080866	-0.203960	-1.000000
549	-0.591542	0.050047	-0.160618	-1.000000
550	-0.613605	-0.026532	-0.031774	-1.000000
551	-0.613350	0.000797	0.045014	-1.000000
552	-0.597574	-0.124019	-0.075823	-1.000000
553	-0.559162	-0.163388	-0.197147	-1.000000
554	-0.608688	-0.030738	-0.082332	-1.000000
555	-0.570715	0.199623	-0.112518	-1.000000
556	-0.614682	-0.003833	0.019394	-1.000000
557	-0.586909	0.183612	0.007014	-1.000000
558	-0.604000	-0.021925	-0.113704	-1.000000
559	-0.589674	-0.084367	0.152944	-1.000000
560	-0.575719	-0.215165	0.021827	-1.000000
561	-0.593434	0.004262	0.161377	-1.000000
562	-0.587811	0.123251	-0.132335	-1.000000
563	-0.569600	0.049113	-0.226647	-1.000000
564	-0.596270	-0.002567	-0.150599	-1.000000
565	-0.559554	-0.131735	-0.218564	-1.000000
566	-0.606877	0.060378	-0.079243	-1.000000
567	-0.614039	0.031248	-0.014325	-1.000000
568	-0.594435	-0.089218	0.130048	-1.000000
569	-0.613399	-0.038752	-0.021562	-1.000000
570	-0.599159	-0.002775	-0.138657	-1.000000
571	-0.582984	-0.185410	0.063066	-1.000000
572	-0.605716	-0.050454	-0.093741	-1.000000
573	-0.609739	-0.040639	-0.069225	-1.000000
574	-0.596467	-0.099705	0.111851	-1.000000
575	-0.600990	-0.092449	-0.092140	-1.000000
576	-0.611672	-0.063728	0.004565	-1.000000
577	-0.595356	0.120336	-0.096410	-1.000000
578	-0.559224	0.035302	-0.253470	-1.000000
579	-0.604353	-0.113919	0.002298	-1.000000
580	-0.613166	-0.046943	-0.006985	-1.000000
581	-0.597808	-0.123908	-0.074145	-1.000000
582	-0.596374	-0.102476	0.109824	-1.000000
583	-0.601094	0.098010	0.085471	-1.000000
584	-0.601128	-0.129351	-0.011747	-1.000000
585	-0.594216	-0.144254	-0.065750	-1.000000
586	-0.607423	-0.049666	-0.082432	-1.000000
587	-0.583839	0.166501	0.098156	-1.000000
588	-0.547205	0.175674	0.218929	-1.000000
589	-0.598084	0.007886	0.143032	-1.000000
590	-0.608768	0.058818	0.064553	-1.000000
591	-0.610701	-0.072386	-0.005462	-1.000000
592	-0.605880	-0.096351	0.043018	-1.000000
593	-0.602189	0.123542	0.018173	-1.000000
594	-0.614829	0.012819	-0.006750	-1.000000
595	-0.610767	-0.032516	-0.064275	-1.000000
596	-0.537087	-0.005159	0.299560	-1.000000
597	-0.600586	0.076511	-0.108017	-1.000000
598	-0.585207	0.165383	-0.091686	-1.000000
599	-0.613092	0.034477	0.033970	-1.000000
600	-0.614417	-0.013963	0.022851	-1.000000
601	-0.609797	-0.035534	0.071483	-1.000000
602	-0.612166	0.056540	0.016773	-1.000000
603	-0.613879	0.032390	0.018133	-1.000000
604	-0.592653	-0.162892	0.021299	-1.000000
605	-0.613848	0.024194	0.028824	-1.000000
606	-0.560015	0.184836	-0.174483	-1.000000
607	-0.609404	-0.040912	-0.071962	-1.000000
608	-0.587512	-0.106403	-0.147421	-1.000000
609	-0.593732	-0.048465	0.152833	-1.000000
610	-0.613240	-0.009474	-0.045516	-1.000000
611	-0.614594	-0.021240	0.006960	-1.000000
612	-0.588963	0.029814	-0.174523	-1.000000
613	-0.565166	0.237969	0.046727	-1.000000
614	-0.579075	-0.201205	0.049133	-1.000000
615	-0.612703	0.025144	-0.046779	-1.000000
616	-0.591720	0.151686	-0.071299	-1.000000
617	-0.611502	-0.063996	-0.013976	-1.000000
618	-0.586379	0.167636	0.079265	-1.000000
619	-0.612598	-0.054258	-0.002284	-1.000000
620	-0.610424	0.072281	-0.019567	-1.000000
621	-0.549297	-0.255266	0.106475	-1.000000
622	-0.592327	-0.054679	0.156152	-1.000000
623	-0.605003	0.110362	0.004010	-1.000000
624	-0.589056	0.166674	-0.058800	-1.000000
625	-0.603529	0.107980	0.048151	-1.000000
626	-0.614528	-0.024017	0.001910	-1.000000
627	-0.614064	0.033292	-0.006464	-1.000000
628	-0.604812	-0.091300	-0.063971	-1.000000
629	-0.586154	0.057007	0.177196	-1.000000
630	-0.601142	-0.086106	-0.097152	-1.000000
631	-0.605800	0.105977	0.000840	-1.000000
632	-0.609098	0.076390	0.037268	-1.000000
633	-0.596234	0.095737	-0.116467	-1.000000
634	-0.610820	0.069628	0.016606	-1.000000
635	-0.612250	-0.050032	0.029517	-1.000000
636	-0.591020	0.033457	0.166737	-1.000000
637	-0.598746	-0.069016	-0.122330	-1.000000
638	-0.601330	0.058654	-0.114833	-1.000000
639	-0.533805	-0.165801	0.256490	-1.000000
640	-0.562626	0.056423	0.241855	-1.000000
641	-0.563877	-0.068283	0.235807	-1.000000
642	-0.583927	0.163530	-0.102532	-1.000000
643	-0.582497	0.196739	-0.014708	-1.000000
644	-0.610695	0.052773	-0.049922	-1.000000
645	-0.593545	-0.059777	-0.149521	-1.000000
646	-0.609376	-0.002721	0.082935	-1.000000
647	-0.599607	-0.133980	0.027307	-1.000000
648	-0.585067	-0.078549	0.172485	-1.000000
649	-0.607855	-0.052525	0.077317	-1.000000
650	-0.607630	-0.075571	-0.057441	-1.000000
651	-0.587551	-0.157243	-0.091015	-1.000000
652	-0.601859	0.052221	0.115168	-1.000000
653	-0.575153	0.188325	-0.109352	-1.000000
654	-0.608160	0.048320	-0.077666	-1.000000
655	-0.610520	-0.073969	0.004353	-1.000000
656	-0.607534	-0.019323	-0.093564	-1.000000
657	-0.551559	0.130962	0.238446	-1.000000
658	-0.590462	-0.100906	0.139274	-1.000000
659	-0.612194	-0.058173	-0.007743	-1.000000
660	-0.586202	0.011445	-0.185637	-1.000000
661	-0.546614	0.026467	-0.280602	-1.000000
662	-0.484036	0.063502	-0.374034	-1.000000
663	-0.565870	-0.075416	-0.228755	-1.000000
664	-0.607515	-0.062998	0.071987	-1.000000
665	-0.607090	-0.085337	-0.048830	-1.000000
666	-0.598768	-0.110742	-0.086247	-1.000000
667	-0.610802	-0.060242	0.038953	-1.000000
668	-0.515974	-0.325374	0.078283	-1.000000
669	-0.604194	-0.007614	0.114530	-1.000000
670	-0.610349	-0.028061	-0.070087	-1.000000
671	-0.569249	0.105458	-0.207508	-1.000000
672	-0.553294	0.072024	-0.258656	-1.000000
673	-0.565017	-0.159879	-0.182811	-1.000000
674	-0.568782	-0.103154	0.209932	-1.000000
675	-0.567384	-0.228712	-0.063173	-1.000000
676	-0.575074	-0.172304	-0.133513	-1.000000
677	-0.609089	0.076221	-0.037762	-1.000000
678	-0.591291	-0.110177	-0.128301	-1.000000
679	-0.587594	-0.158804	-0.087977	-1.000000
680	-0.608856	-0.070568	0.050397	-1.000000
681	-0.584255	0.192003	0.002486	-1.000000
682	-0.609781	-0.076668	-0.022686	-1.000000
683	-0.606716	-0.054203	-0.084748	-1.000000
684	-0.519100	-0.186709	0.271844	-1.000000
685	-0.570434	-0.106656	0.203604	-1.000000
686	-0.579527	-0.202753	0.035555	-1.000000
687	-0.606278	0.025555	-0.099997	-1.000000
688	-0.590067	-0.054917	-0.164410	-1.000000
689	-0.548151	0.278795	-0.005340	-1.000000
690	-0.594461	0.112359	-0.110530	-1.000000
691	-0.600812	-0.087035	0.098361	-1.000000
692	-0.588036	0.175109	0.042138	-1.000000
693	-0.602813	0.030019	-0.118069	-1.000000
694	-0.579530	-0.041934	-0.201523	-1.000000
695	-0.561553	-0.205430	0.143812	-1.000000
696	-0.601949	0.030646	0.122242	-1.000000
697	-0.575707	-0.202369	-0.076376	-1.000000
698	-0.580464	-0.169274	0.112396	-1.000000
699	-0.556435	-0.167563	0.201315	-1.000000
700	-0.595111	0.094775	0.122826	-1.000000
701	-0.602720	0.112936	-0.046899	-1.000000
702	-0.449795	0.318965	0.272344	-1.000000
703	-0.592408	0.036195	-0.161147	-1.000000
704	-0.587705	-0.077035	-0.163993	-1.000000
705	-0.609736	0.051917	0.061249	-1.000000
706	-0.599182	-0.051464	-0.128674	-1.000000
707	-0.613641	0.029227	-0.028546	-1.000000
708	-0.579350	-0.200767	0.047654	-1.000000
709	-0.614514	0.023669	0.006120	-1.000000
710	-0.604110	0.003236	-0.115175	-1.000000
711	-0.492632	-0.306983	-0.203224	-1.000000
712	-0.607269	0.090269	0.036075	-1.000000
713	-0.610523	-0.033831	-0.065895	-1.000000
714	-0.565931	0.029622	-0.238894	-1.000000
715	-0.563061	-0.207124	-0.135230	-1.000000
716	-0.600232	-0.121728	-0.055931	-1.000000
717	-0.548860	0.273319	-0.047685	-1.000000
718	-0.613912	0.007679	0.035755	-1.000000
719	-0.568670	0.002344	0.234166	-1.000000
720	-0.310694	0.483685	0.218501	-1.000000
721	-0.602496	0.004142	-0.123316	-1.000000
722	-0.604545	0.093495	0.063320	-1.000000
723	-0.602372	0.114520	0.047517	-1.000000
724	-0.604956	0.074427	0.081941	-1.000000
725	-0.561326	-0.250979	-0.012140	-1.000000
726	-0.605216	0.049370	0.097476	-1.000000
727	-0.611096	0.049278	0.048557	-1.000000
728	-0.493894	-0.095189	0.353883	-1.000000
729	-0.479695	0.375599	-0.083922	-1.000000
730	-0.573978	0.219068	-0.027985	-1.000000
731	-0.579692	0.175559	-0.106588	-1.000000
732	-0.606192	-0.041559	-0.095023	-1.000000
733	-0.589917	0.170692	-0.032966	-1.000000
734	-0.596370	-0.108784	-0.103607	-1.000000
735	-0.608630	0.079119	0.039173	-1.000000
736	-0.609816	-0.069143	0.039602	-1.000000
737	-0.598146	-0.085568	0.114561	-1.000000
738	-0.599383	0.118416	0.070304	-1.000000
739	-0.605857	0.057165	-0.088854	-1.000000
740	-0.600132	0.131498	-0.027845	-1.000000
741	-0.560590	-0.076392	-0.241097	-1.000000
742	-0.609150	-0.036221	-0.076481	-1.000000
743	-0.613899	0.024048	-0.027840	-1.000000
744	-0.613904	-0.036295	0.005450	-1.000000
745	-0.587406	-0.146041	-0.108866	-1.000000
746	-0.601861	-0.126414	0.002769	-1.000000
747	-0.603947	0.060082	0.099313	-1.000000
748	-0.602261	0.018714	0.123113	-1.000000
749	-0.590959	-0.095680	0.140847	-1.000000
750	-0.546184	0.164172	0.230120	-1.000000
751	-0.594933	0.045357	-0.149074	-1.000000
752	-0.602402	0.104879	0.065855	-1.000000
753	-0.598288	-0.064519	0.126940	-1.000000
754	-0.609572	-0.081327	0.005686	-1.000000
755	-0.559095	0.020970	0.255339	-1.000000
756	-0.606263	-0.085232	-0.058354	-1.000000
757	-0.600764	-0.119855	-0.054245	-1.000000
758	-0.589885	0.166993	0.048725	-1.000000
759	-0.596960	0.147550	-0.009618	-1.000000
760	-0.614538	-0.006285	-0.022999	-1.000000
761	-0.613595	0.040139	-0.010717	-1.000000
762	-0.551676	-0.055839	-0.266008	-1.000000
763	-0.548307	0.159125	0.228612	-1.000000
764	-0.561531	-0.177081	0.177624	-1.000000
765	-0.600596	0.077420	0.107314	-1.000000
766	-0.558151	0.180584	-0.184612	-1.000000
767	-0.577017	0.020697	-0.211772	-1.000000
768	-0.557035	-0.103454	-0.239238	-1.000000
769	-0.607359	-0.094333	-0.021014	-1.000000
770	-0.569165	-0.232180	0.019191	-1.000000
771	-0.523099	-0.189335	0.262191	-1.000000
772	-0.496824	-0.348505	0.099675	-1.000000
773	-0.604523	0.014618	0.112087	-1.000000
774	-0.599513	0.098460	0.095471	-1.000000
775	-0.568649	-0.138371	-0.188989	-1.000000
776	-0.573153	0.186600	-0.122071	-1.000000
777	-0.609327	0.083333	-0.000814	-1.000000
778	-0.602469	0.068852	-0.102545	-1.000000
779	-0.609215	0.083954	0.005783	-1.000000
780	-0.610547	-0.067571	-0.029851	-1.000000
781	-0.611987	-0.018099	0.058043	-1.000000
782	-0.611349	0.052389	-0.041625	-1.000000
783	-0.612466	0.033187	0.044817	-1.000000
784	-0.583456	-0.118244	-0.154345	-1.000000
785	-0.597133	0.030793	0.143905	-1.000000
786	-0.586317	-0.136068	-0.126266	-1.000000
787	-0.551142	-0.272387	-0.016513	-1.000000
788	-0.598678	-0.067066	0.123743	-1.000000
789	-0.607437	-0.030694	-0.091121	-1.000000
790	-0.614623	-0.016015	-0.014395	-1.000000
791	-0.605650	-0.085792	0.063663	-1.000000
792	-0.598429	-0.031407	0.138281	-1.000000
793	-0.600736	0.008085	-0.131436	-1.000000
794	-0.553529	0.233609	-0.131366	-1.000000
795	-0.610573	-0.004804	0.073501	-1.000000
796	-0.522155	-0.210673	-0.247378	-1.000000
797	-0.608441	0.043806	-0.078136	-1.000000
798	-0.524140	0.193255	-0.257205	-1.000000
799	-0.603166	0.120066	-0.000640	-1.000000
800	-0.589440	-0.116390	0.131296	-1.000000
801	-0.590691	-0.171164	0.003536	-1.000000
802	-0.600026	0.093131	-0.097576	-1.000000
803	-0.613809	0.032421	-0.020302	-1.000000
804	-0.600580	-0.103483	-0.082585	-1.000000
805	-0.609227	-0.082544	0.015932	-1.000000
806	-0.604414	-0.092564	0.065883	-1.000000
807	-0.598451	-0.020505	-0.140218	-1.000000
808	-0.580941	-0.196757	0.044940	-1.000000
809	-0.596649	0.082132	-0.124455	-1.000000
810	-0.582901	0.125008	-0.151078	-1.000000
811	-0.495819	-0.355580	-0.077141	-1.000000
812	-0.602690	-0.121517	-0.014945	-1.000000
813	-0.613850	0.035414	-0.012594	-1.000000
814	-0.606280	0.068511	0.077173	-1.000000
815	-0.534384	-0.298717	0.058541	-1.000000
816	-0.600037	-0.058948	-0.121267	-1.000000
817	-0.570131	0.095199	-0.210030	-1.000000
818	-0.601738	-0.125099	-0.022058	-1.000000
819	-0.595802	0.084807	-0.126700	-1.000000
820	-0.603421	-0.047411	-0.108906	-1.000000
821	-0.589187	0.088534	-0.152465	-1.000000
822	-0.612446	-0.021946	0.051511	-1.000000
823	-0.588499	-0.094666	0.151433	-1.000000
824	-0.601985	-0.104026	0.070838	-1.000000
825	-0.595998	0.101376	0.112845	-1.000000
826	-0.588151	0.001585	0.179723	-1.000000
827	-0.604688	0.080723	-0.077852	-1.000000
828	-0.606011	-0.070637	0.077369	-1.000000
829	-0.576407	-0.139152	-0.163145	-1.000000
830	-0.564167	0.162135	-0.183448	-1.000000
831	-0.601971	-0.105281	-0.069083	-1.000000
832	-0.569080	-0.215601	0.088820	-1.000000
833	-0.584188	-0.157869	0.109669	-1.000000
834	-0.605932	0.098822	0.036127	-1.000000
835	-0.493176	0.325803	-0.169867	-1.000000
836	-0.564157	0.144015	-0.198018	-1.000000
837	-0.585569	-0.020496	-0.186852	-1.000000
838	-0.595855	0.071544	-0.134401	-1.000000
839	-0.610104	0.076976	0.008570	-1.000000
840	-0.606815	0.088643	-0.046288	-1.000000
841	-0.569545	-0.192460	-0.129625	-1.000000
842	-0.613666	-0.040366	-0.003076	-1.000000
843	-0.581967	-0.054249	0.191303	-1.000000
844	-0.608970	0.051580	0.068698	-1.000000
845	-0.574323	-0.059432	-0.211769	-1.000000
846	-0.610771	0.044009	-0.056984	-1.000000
847	-0.584987	-0.123160	-0.144383	-1.000000
848	-0.569321	0.232049	0.015870	-1.000000
849	-0.494327	-0.355347	-0.087148	-1.000000
850	-0.605405	0.092596	-0.056000	-1.000000
