1	0.542692	0.141536	-0.252346	2.650000
2	0.608288	-0.035335	-0.083443	2.650000
3	0.589175	-0.082860	0.155666	2.650000
4	0.605840	-0.096465	-0.043334	2.650000
5	0.606288	-0.087313	-0.054924	2.650000
6	0.555398	0.096779	0.245748	2.650000
7	0.584567	-0.105070	0.159584	2.650000
8	0.568021	-0.206394	0.113923	2.650000
9	0.468379	-0.221854	0.331099	2.650000
10	0.584846	0.157554	0.106571	2.650000
11	0.614832	-0.001311	0.014334	2.650000
12	0.579105	-0.182397	0.097947	2.650000
13	0.517125	-0.321114	0.087706	2.650000
14	0.602228	-0.115249	0.047576	2.650000
15	0.533931	0.188668	-0.239890	2.650000
16	0.575744	-0.184370	0.112924	2.650000
17	0.537570	-0.188542	0.231724	2.650000
18	0.532395	-0.292430	0.096256	2.650000
19	0.579771	0.138642	-0.151227	2.650000
20	0.592605	-0.145690	0.076281	2.650000
21	0.562836	-0.030445	0.245994	2.650000
22	0.589193	-0.173044	0.033651	2.650000
23	0.612575	0.044924	0.030966	2.650000
24	0.606970	0.093651	-0.032271	2.650000
25	0.587008	-0.037904	0.179470	2.650000
26	0.521012	-0.202394	0.256532	2.650000
27	0.577129	-0.209309	0.036559	2.650000
28	0.593779	-0.116539	0.109864	2.650000
29	0.606066	0.048860	0.092313	2.650000
30	0.591410	-0.154380	0.068014	2.650000
31	0.595552	-0.138184	-0.066695	2.650000
32	0.611991	-0.035950	-0.048986	2.650000
33	0.605556	0.070117	0.081302	2.650000
34	0.574128	0.053186	0.213947	2.650000
35	0.559602	0.188339	0.172043	2.650000
36	0.607636	-0.091701	0.024386	2.650000
37	0.587041	0.174958	-0.054755	2.650000
38	0.560334	0.093016	-0.235794	2.650000
39	0.610822	0.067028	0.025061	2.650000
40	0.604991	-0.086173	0.069171	2.650000
41	0.614118	-0.015488	0.029047	2.650000
42	0.596648	0.017295	0.148112	2.650000
43	0.594120	0.157514	0.020881	2.650000
44	0.614463	0.025135	-0.005348	2.650000
45	0.595571	0.072277	0.135265	2.650000
46	0.596177	0.149291	0.022578	2.650000
47	0.586602	0.015554	0.184069	2.650000
48	0.610226	0.015589	0.074876	2.650000
49	0.561766	0.191063	-0.161677	2.650000
50	0.605933	-0.042960	0.096047	2.650000
51	0.586883	0.159756	0.090948	2.650000
52	0.610083	0.056280	-0.053440	2.650000
53	0.594872	-0.062887	0.142818	2.650000
54	0.600513	0.124313	-0.046424	2.650000
55	0.609880	-0.035762	-0.070661	2.650000
56	0.593708	0.108232	0.118414	2.650000
57	0.606310	0.037611	-0.095910	2.650000
58	0.593530	0.143210	-0.073746	2.650000
59	0.612993	-0.038615	-0.031191	2.650000
60	0.564678	0.096499	0.223722	2.650000
61	0.550891	0.228382	-0.150286	2.650000
62	0.613948	0.035904	0.001896	2.650000
63	0.508758	0.272627	-0.212285	2.650000
64	0.499871	0.231288	-0.273604	2.650000
65	0.587859	-0.020845	-0.179478	2.650000
66	0.567296	0.089076	-0.220149	2.650000
67	0.593808	0.133850	0.087756	2.650000
68	0.570060	0.225543	0.048857	2.650000
69	0.560344	-0.146707	0.206681	2.650000
70	0.573488	0.182895	0.126041	2.650000
71	0.594650	0.107639	-0.114148	2.650000
72	0.565831	0.225119	0.085917	2.650000
73	0.610690	-0.072633	0.002770	2.650000
74	0.603484	0.057938	0.103323	2.650000
75	0.585356	0.082998	0.169394	2.650000
76	0.594642	-0.025744	0.154799	2.650000
77	0.614733	-0.017589	0.004362	2.650000
78	0.612973	-0.022385	-0.044587	2.650000
79	0.545512	-0.237800	-0.155217	2.650000
80	0.600342	-0.038595	-0.127767	2.650000
81	0.601919	0.046742	0.117192	2.650000
82	0.604183	0.044025	-0.106066	2.650000
83	0.598676	0.140241	-0.012043	2.650000
84	0.583944	-0.017399	0.192176	2.650000
85	0.602227	-0.123513	-0.017098	2.650000
86	0.595049	0.140638	0.066053	2.650000
87	0.574079	-0.164285	0.147204	2.650000
88	0.562341	0.237420	-0.075029	2.650000
89	0.609905	0.053340	0.058270	2.650000
90	0.580351	0.182865	-0.089322	2.650000
91	0.592897	0.120881	-0.109938	2.650000
92	0.607000	0.083246	-0.053353	2.650000
93	0.561808	-0.131024	0.213143	2.650000
94	0.574184	0.037376	-0.217118	2.650000
95	0.610358	-0.032617	0.068000	2.650000
96	0.586065	0.081757	-0.167538	2.650000
97	0.602540	0.096086	-0.077055	2.650000
98	0.602727	0.078253	-0.093926	2.650000
99	0.541480	0.264901	0.121869	2.650000
100	0.611766	-0.036956	0.051008	2.650000
101	0.547593	-0.276819	-0.041693	2.650000
102	0.574292	-0.162272	0.148600	2.650000
103	0.604767	-0.015720	0.110613	2.650000
104	0.577785	0.179695	0.109997	2.650000
105	0.610327	-0.022646	0.072205	2.650000
106	0.609907	0.034799	0.070903	2.650000
107	0.603969	0.109393	0.038466	2.650000
108	0.597157	-0.086202	-0.119153	2.650000
109	0.536153	-0.228564	0.196275	2.650000
110	0.589490	-0.112047	-0.134803	2.650000
111	0.488666	-0.350545	-0.128643	2.650000
112	0.612804	-0.051388	0.007463	2.650000
113	0.582213	0.136700	-0.143407	2.650000
114	0.589329	-0.054506	0.167170	2.650000
115	0.541729	0.261967	-0.126998	2.650000
116	0.569267	-0.049028	0.227500	2.650000
117	0.580801	0.202207	0.002789	2.650000
118	0.591850	0.161311	0.043791	2.650000
119	0.580921	-0.105614	-0.172051	2.650000
120	0.586425	0.060914	0.174986	2.650000
121	0.599630	0.054904	-0.125115	2.650000
122	0.610645	-0.003537	0.072972	2.650000
123	0.588486	0.170517	0.053229	2.650000
124	0.516389	-0.328118	0.062496	2.650000
125	0.415354	-0.295587	0.343998	2.650000
126	0.610369	-0.071752	-0.022952	2.650000
127	0.597782	-0.058267	0.132237	2.650000
128	0.549539	-0.015498	0.275667	2.650000
129	0.565610	-0.236225	0.050079	2.650000
130	0.606070	0.009812	0.103961	2.650000
131	0.585894	-0.161914	0.093471	2.650000
132	0.578298	-0.089407	0.189216	2.650000
133	0.549492	-0.109821	0.253423	2.650000
134	0.605992	0.091766	-0.050772	2.650000
135	0.588448	0.176981	0.025123	2.650000
136	0.540295	0.071821	0.284865	2.650000
137	0.603017	-0.000134	0.120812	2.650000
138	0.573466	0.181267	-0.128467	2.650000
139	0.588011	-0.052948	0.172236	2.650000
140	0.602363	0.024463	0.121596	2.650000
141	0.595684	-0.080979	0.129724	2.650000
142	0.606914	-0.035711	-0.092764	2.650000
143	0.610284	-0.049092	-0.058037	2.650000
144	0.592617	-0.141659	0.083446	2.650000
145	0.611215	-0.065977	-0.016968	2.650000
146	0.610160	0.070073	-0.031921	2.650000
147	0.590920	0.087934	0.145967	2.650000
148	0.531128	0.301082	0.074014	2.650000
149	0.557112	-0.253585	0.059548	2.650000
150	0.576831	0.162455	-0.138198	2.650000
151	0.579014	0.004416	-0.207239	2.650000
152	0.591756	-0.025374	-0.165549	2.650000
153	0.581463	0.154019	0.128076	2.650000
154	0.565228	0.212572	-0.116429	2.650000
155	0.573509	0.184156	-0.124091	2.650000
156	0.613652	-0.006204	0.040225	2.650000
157	0.609939	0.002750	0.078687	2.650000
158	0.604051	0.108971	-0.038384	2.650000
159	0.614106	-0.023936	-0.022920	2.650000
160	0.579402	0.090045	-0.185501	2.650000
161	0.612926	0.045698	-0.021399	2.650000
162	0.551344	0.252586	0.102203	2.650000
163	0.606734	0.042643	0.090994	2.650000
164	0.532888	0.047693	0.303283	2.650000
165	0.609104	0.004069	-0.084855	2.650000
166	0.592244	-0.030129	-0.162985	2.650000
167	0.577367	0.069984	-0.199936	2.650000
168	0.600079	0.118973	-0.063050	2.650000
169	0.539171	0.259475	-0.142100	2.650000
170	0.568602	-0.025973	0.232901	2.650000
171	0.506926	0.059295	0.343126	2.650000
172	0.599764	0.085300	-0.105983	2.650000
173	0.592980	0.150266	0.063399	2.650000
174	0.555930	-0.034082	-0.260778	2.650000
175	0.611357	0.058765	0.031852	2.650000
176	0.614607	0.007150	-0.020801	2.650000
177	0.560170	0.086261	0.238733	2.650000
178	0.607048	-0.061548	0.077004	2.650000
179	0.611121	-0.068831	0.004352	2.650000
180	0.551178	0.109403	-0.249917	2.650000
181	0.588408	-0.175795	0.033118	2.650000
182	0.588540	0.171133	-0.050594	2.650000
183	0.557859	0.216594	0.141792	2.650000
184	0.475397	0.351445	0.169438	2.650000
185	0.607622	0.061424	-0.072443	2.650000
186	0.609681	0.038897	-0.070715	2.650000
187	0.595194	-0.038578	-0.149935	2.650000
188	0.594846	0.107466	-0.113288	2.650000
189	0.602280	-0.008286	0.124158	2.650000
190	0.579288	0.130899	0.159737	2.650000
191	0.595870	0.111882	0.103179	2.650000
192	0.602211	-0.049864	0.114371	2.650000
193	0.599143	0.052092	0.128607	2.650000
194	0.561966	0.092847	-0.231946	2.650000
195	0.604274	0.114077	0.008054	2.650000
196	0.597283	0.142698	-0.033404	2.650000
197	0.607568	-0.000345	0.095318	2.650000
198	0.547287	-0.175271	-0.219048	2.650000
199	0.569856	0.138610	0.185138	2.650000
200	0.598413	-0.126143	-0.064918	2.650000
201	0.580895	0.130185	0.154395	2.650000
202	0.607933	0.084231	0.039334	2.650000
203	0.609462	-0.027273	-0.077702	2.650000
204	0.557266	-0.046121	0.256033	2.650000
205	0.582697	-0.056181	0.188501	2.650000
206	0.566359	-0.118086	0.208609	2.650000
207	0.549875	-0.232157	0.148208	2.650000
208	0.600435	-0.099253	0.088607	2.650000
209	0.613196	0.046523	0.007195	2.650000
210	0.595235	0.146147	-0.050604	2.650000
211	0.611381	0.007957	0.066143	2.650000
212	0.457338	0.357039	0.203937	2.650000
213	0.558936	0.138899	0.215690	2.650000
214	0.595730	-0.061770	-0.139699	2.650000
215	0.550099	-0.131792	-0.241343	2.650000
216	0.592334	-0.164376	0.018598	2.650000
217	0.572056	-0.219054	0.054705	2.650000
218	0.596847	0.086002	-0.120838	2.650000
219	0.596657	-0.095539	0.114446	2.650000
220	0.602593	0.008971	0.122579	2.650000
221	0.610101	-0.030055	0.071407	2.650000
222	0.365444	-0.183230	0.459459	2.650000
223	0.578480	0.114337	-0.174681	2.650000
224	0.611119	-0.051639	-0.045733	2.650000
225	0.612193	-0.008323	0.058094	2.650000
226	0.588205	-0.169517	-0.059192	2.650000
227	0.603251	0.029850	0.115854	2.650000
228	0.594744	-0.156487	-0.004008	2.650000
229	0.547657	-0.233199	0.154645	2.650000
230	0.563532	0.021197	0.245372	2.650000
231	0.605575	0.100392	-0.037762	2.650000
232	0.600482	0.132482	-0.009772	2.650000
233	0.507954	0.313068	0.148986	2.650000
234	0.608318	0.031454	-0.084764	2.650000
235	0.568293	0.129477	0.196225	2.650000
236	0.608967	-0.054090	0.066768	2.650000
237	0.585451	0.025543	-0.186600	2.650000
238	0.611555	-0.024999	0.060008	2.650000
239	0.612377	0.053642	0.018500	2.650000
240	0.599315	-0.052536	0.127620	2.650000
241	0.597638	-0.003111	-0.145067	2.650000
242	0.599554	0.132619	-0.034240	2.650000
243	0.600864	0.045924	0.122796	2.650000
244	0.601252	0.059756	0.114677	2.650000
245	0.605725	-0.028918	-0.102399	2.650000
246	0.547864	0.276191	0.042298	2.650000
247	0.553132	0.238451	0.124140	2.650000
248	0.583057	0.164375	0.106066	2.650000
249	0.591257	0.115639	0.123563	2.650000
250	0.549679	0.265328	0.075357	2.650000
251	0.608944	-0.027465	0.081598	2.650000
252	0.592003	0.027649	-0.164296	2.650000
253	0.597383	0.081152	-0.121545	2.650000
254	0.614453	0.008676	0.024440	2.650000
255	0.612441	-0.040580	0.038661	2.650000
256	0.568912	0.099251	-0.211455	2.650000
257	0.607038	-0.044564	0.087996	2.650000
258	0.610705	0.009336	0.071957	2.650000
259	0.588847	0.009027	0.177208	2.650000
260	0.574957	0.196672	-0.094705	2.650000
261	0.601585	0.127233	0.011515	2.650000
262	0.505845	0.034056	-0.348118	2.650000
263	0.608997	0.073775	-0.043641	2.650000
264	0.575762	0.138025	0.166349	2.650000
265	0.612512	0.052467	0.017346	2.650000
266	0.609918	0.014284	0.077597	2.650000
267	0.587688	0.055237	-0.172619	2.650000
268	0.604861	0.076935	-0.080311	2.650000
269	0.609087	0.034034	0.077970	2.650000
270	0.614666	0.012347	0.016068	2.650000
271	0.612935	0.008232	-0.049677	2.650000
272	0.551620	0.237303	0.132768	2.650000
273	0.600171	-0.075752	0.110822	2.650000
274	0.606558	0.020372	0.099484	2.650000
275	0.614619	-0.021599	-0.001425	2.650000
276	0.584231	0.189411	0.031971	2.650000
277	0.609426	-0.069540	0.044604	2.650000
278	0.610063	-0.075554	0.018427	2.650000
279	0.609937	0.021770	0.075686	2.650000
280	0.556702	-0.138580	0.221594	2.650000
281	0.591097	0.148794	-0.081790	2.650000
282	0.606648	0.080495	-0.061027	2.650000
283	0.608308	-0.024187	-0.087188	2.650000
284	0.600271	0.007601	0.133572	2.650000
285	0.602740	-0.113054	-0.046353	2.650000
286	0.602538	0.122877	-0.008650	2.650000
287	0.592957	0.094435	0.133076	2.650000
288	0.613357	-0.044100	-0.008579	2.650000
289	0.597518	-0.128426	0.068584	2.650000
290	0.593823	0.046096	0.153215	2.650000
291	0.613274	-0.044551	-0.011623	2.650000
292	0.603693	0.082182	-0.083817	2.650000
293	0.595337	-0.139549	0.065763	2.650000
294	0.582329	-0.048228	0.191812	2.650000
295	0.606022	0.104701	0.000049	2.650000
296	0.585105	0.175477	0.071308	2.650000
297	0.607536	0.085366	-0.042868	2.650000
298	0.613694	-0.040056	-0.000704	2.650000
299	0.613862	-0.001469	-0.037375	2.650000
300	0.606698	0.042708	-0.091208	2.650000
301	0.592267	0.126074	-0.107473	2.650000
302	0.561851	0.243960	0.055060	2.650000
303	0.582271	0.179740	0.082937	2.650000
304	0.608820	0.077796	0.038867	2.650000
305	0.568385	-0.229682	-0.049088	2.650000
306	0.608588	-0.069785	0.054549	2.650000
307	0.547473	-0.183410	0.211800	2.650000
308	0.614701	-0.007098	0.017830	2.650000
309	0.528105	0.309142	-0.061324	2.650000
310	0.577069	0.203776	0.060760	2.650000
311	0.601519	-0.028222	-0.124912	2.650000
312	0.589695	-0.052487	-0.166523	2.650000
313	0.579255	-0.121167	0.167354	2.650000
314	0.592721	-0.155201	-0.053100	2.650000
315	0.592120	-0.158459	0.050095	2.650000
316	0.610500	-0.055254	-0.049612	2.650000
317	0.595387	0.092269	-0.123393	2.650000
318	0.599015	0.134846	0.034971	2.650000
319	0.613195	0.041466	-0.022292	2.650000
320	0.551156	0.002976	0.272842	2.650000
321	0.532122	0.299558	-0.073048	2.650000
322	0.606681	-0.061834	-0.079621	2.650000
323	0.599771	0.002841	0.135983	2.650000
324	0.561178	-0.220521	0.121138	2.650000
325	0.578485	0.123751	-0.168123	2.650000
326	0.582018	0.098137	0.172768	2.650000
327	0.589302	-0.066364	0.162925	2.650000
328	0.463693	-0.255119	0.313253	2.650000
329	0.385940	-0.175527	0.445495	2.650000
330	0.597525	0.143502	-0.024403	2.650000
331	0.583502	-0.033931	0.191310	2.650000
332	0.586369	-0.150547	0.108315	2.650000
333	0.612231	0.024066	-0.053096	2.650000
334	0.609622	-0.012261	0.080224	2.650000
335	0.610943	0.009659	-0.069857	2.650000
336	0.609588	-0.081115	-0.006951	2.650000
337	0.580105	-0.191157	0.071846	2.650000
338	0.614166	0.027195	0.016913	2.650000
339	0.595199	-0.080273	-0.132362	2.650000
340	0.591260	0.148715	0.080746	2.650000
341	0.594722	-0.155582	-0.018021	2.650000
342	0.556915	0.105199	-0.238756	2.650000
343	0.613304	-0.045547	0.002843	2.650000
344	0.554828	0.039674	0.262329	2.650000
345	0.614423	0.012593	0.023468	2.650000
346	0.606565	0.101369	-0.005345	2.650000
347	0.590091	0.171420	0.025151	2.650000
348	0.614808	0.015200	-0.002287	2.650000
349	0.608825	-0.019235	0.084774	2.650000
350	0.603982	0.114165	-0.019936	2.650000
351	0.610147	0.031064	-0.070573	2.650000
352	0.612579	0.034872	-0.041904	2.650000
353	0.608036	-0.028703	0.087711	2.650000
354	0.586639	0.095807	-0.157800	2.650000
355	0.571019	-0.041285	-0.224629	2.650000
356	0.611534	-0.015950	-0.063219	2.650000
357	0.611654	0.063895	0.004649	2.650000
358	0.613610	0.017090	0.037630	2.650000
359	0.588498	0.177225	-0.022049	2.650000
360	0.592346	0.131837	-0.099848	2.650000
361	0.613609	-0.001813	0.041297	2.650000
362	0.587441	0.150010	0.103128	2.650000
363	0.602222	0.115994	-0.045816	2.650000
364	0.543439	-0.057371	-0.282148	2.650000
365	0.590505	0.159464	-0.064036	2.650000
366	0.599658	0.111546	-0.078694	2.650000
367	0.611076	0.058677	0.036988	2.650000
368	0.614543	-0.020640	-0.011667	2.650000
369	0.596185	0.150935	-0.002690	2.650000
370	0.614108	-0.023087	0.023735	2.650000
371	0.569456	0.225256	0.056607	2.650000
372	0.595882	0.120663	-0.092680	2.650000
373	0.613153	0.033246	0.034110	2.650000
374	0.601745	0.025624	-0.124384	2.650000
375	0.571189	0.131888	0.185939	2.650000
376	0.589466	0.129446	0.118318	2.650000
377	0.600749	0.116535	0.061198	2.650000
378	0.609589	0.006034	0.081181	2.650000
379	0.605764	0.017888	-0.104668	2.650000
380	0.606503	-0.054809	-0.085878	2.650000
381	0.564773	0.189124	0.153260	2.650000
382	0.606251	0.101783	-0.018030	2.650000
383	0.603236	0.020947	-0.117869	2.650000
384	0.608645	-0.064216	0.060441	2.650000
385	0.583388	0.066095	-0.183069	2.650000
386	0.613019	-0.047987	0.011414	2.650000
387	0.606514	0.026628	0.098267	2.650000
388	0.580215	-0.112379	0.170136	2.650000
389	0.592974	0.067830	0.148343	2.650000
390	0.612997	-0.008708	-0.048826	2.650000
391	0.596981	0.004203	-0.147720	2.650000
392	0.601501	0.125917	0.023795	2.650000
393	0.610942	0.063871	0.029920	2.650000
394	0.552969	0.267760	-0.027480	2.650000
395	0.588660	0.080654	0.158744	2.650000
396	0.551110	-0.075319	0.262354	2.650000
397	0.614175	0.003256	-0.031678	2.650000
398	0.589519	0.136426	-0.109909	2.650000
399	0.608904	0.000617	0.086374	2.650000
400	0.609935	-0.051690	-0.059435	2.650000
401	0.596301	0.128295	0.078678	2.650000
402	0.542795	-0.150609	-0.246812	2.650000
403	0.599179	0.120643	0.068223	2.650000
404	0.586910	0.142143	0.116435	2.650000
405	0.612900	-0.050669	0.003349	2.650000
406	0.590795	-0.116948	-0.124539	2.650000
407	0.603153	-0.031120	-0.116030	2.650000
408	0.594819	0.053010	0.146988	2.650000
409	0.604589	-0.087638	0.070831	2.650000
410	0.588330	-0.123584	-0.129691	2.650000
411	0.586438	-0.182563	0.031403	2.650000
412	0.603209	0.006981	0.119646	2.650000
413	0.586545	-0.013533	0.184411	2.650000
414	0.610590	0.073485	0.002293	2.650000
415	0.614010	-0.023504	-0.025781	2.650000
416	0.569657	0.167977	0.159685	2.650000
417	0.561617	0.223701	-0.113002	2.650000
418	0.601175	-0.098982	-0.083762	2.650000
419	0.518032	-0.297398	0.146363	2.650000
420	0.481537	-0.380462	0.039947	2.650000
421	0.608320	0.040633	-0.080747	2.650000
422	0.586192	0.169447	-0.076757	2.650000
423	0.604659	-0.008471	0.111986	2.650000
424	0.584444	0.175941	0.075465	2.650000
425	0.609411	0.065608	-0.050387	2.650000
426	0.614320	-0.018169	-0.022487	2.650000
427	0.607664	0.093541	0.014831	2.650000
428	0.606316	0.084019	0.059549	2.650000
429	0.608477	-0.044867	0.077250	2.650000
430	0.611756	0.062445	-0.008946	2.650000
431	0.572818	0.220683	0.037469	2.650000
432	0.477293	0.100410	0.374612	2.650000
433	0.532724	-0.172962	0.253997	2.650000
434	0.436988	-0.209600	0.378595	2.650000
435	0.588188	-0.175855	0.036540	2.650000
436	0.613213	-0.037915	0.027524	2.650000
437	0.591833	0.109608	0.126273	2.650000
438	0.565989	0.086646	-0.224440	2.650000
439	0.614919	0.009106	-0.004020	2.650000
440	0.598434	-0.061467	-0.127763	2.650000
441	0.602913	0.013615	0.120563	2.650000
442	0.601869	-0.115408	-0.051572	2.650000
443	0.599254	-0.110501	0.083124	2.650000
444	0.574650	0.204088	-0.079690	2.650000
445	0.605601	0.056781	-0.090820	2.650000
446	0.586056	-0.181549	0.042472	2.650000
447	0.614965	0.003479	-0.005517	2.650000
448	0.584809	0.162452	-0.099160	2.650000
449	0.599345	-0.081957	0.110877	2.650000
450	0.536130	-0.025909	0.300196	2.650000
451	0.578345	-0.165486	0.127895	2.650000
452	0.565267	-0.202247	-0.133395	2.650000
453	0.594117	-0.153536	0.040942	2.650000
454	0.614244	-0.017279	0.025116	2.650000
455	0.545490	0.255149	0.124756	2.650000
456	0.614142	-0.031361	-0.008423	2.650000
457	0.611901	0.002542	0.061609	2.650000
458	0.591780	-0.133608	0.100846	2.650000
459	0.598372	-0.025069	0.139813	2.650000
460	0.603683	0.101425	-0.059196	2.650000
461	0.571225	0.186096	0.131513	2.650000
462	0.550717	0.244513	0.123081	2.650000
463	0.579075	0.105574	-0.178189	2.650000
464	0.613095	-0.014235	-0.046233	2.650000
465	0.568364	0.119508	0.202251	2.650000
466	0.603722	-0.058020	-0.101871	2.650000
467	0.610314	-0.022430	0.072382	2.650000
468	0.604667	0.099971	0.051074	2.650000
469	0.595579	0.076234	-0.133039	2.650000
470	0.593490	0.146351	-0.067646	2.650000
471	0.599997	0.103456	-0.086752	2.650000
472	0.611447	-0.065905	-0.003791	2.650000
473	0.595901	0.105275	-0.109747	2.650000
474	0.582606	-0.100069	-0.169650	2.650000
475	0.601880	0.116504	-0.048914	2.650000
476	0.597566	0.023308	-0.143514	2.650000
477	0.564440	0.216820	-0.112348	2.650000
478	0.612551	-0.041038	-0.036354	2.650000
479	0.603610	0.011966	-0.117205	2.650000
480	0.570049	-0.212629	-0.089765	2.650000
481	0.582986	0.190626	0.044873	2.650000
482	0.605706	-0.020780	-0.104465	2.650000
483	0.612030	0.002978	-0.060291	2.650000
484	0.605200	-0.079706	-0.074867	2.650000
485	0.602797	0.121765	0.005870	2.650000
486	0.592849	-0.022605	0.162001	2.650000
487	0.599995	0.019364	0.133628	2.650000
488	0.588443	0.171713	-0.049746	2.650000
489	0.568803	0.223938	0.067377	2.650000
490	0.603388	0.098851	0.066153	2.650000
491	0.587385	-0.106038	0.148187	2.650000
492	0.609525	0.081007	-0.011931	2.650000
493	0.602300	0.061999	0.107778	2.650000
494	0.583130	-0.004032	-0.195367	2.650000
495	0.611744	0.062582	-0.008830	2.650000
496	0.561350	-0.152191	0.199873	2.650000
497	0.601518	-0.109467	0.066467	2.650000
498	0.550983	0.273195	-0.002614	2.650000
499	0.611159	-0.068167	-0.007943	2.650000
500	0.585266	-0.181744	-0.051555	2.650000
501	0.614382	0.021915	0.016701	2.650000
502	0.583464	0.186506	0.054870	2.650000
503	0.576762	-0.049632	0.207623	2.650000
504	0.597167	0.046797	0.139378	2.650000
505	0.608129	-0.037715	-0.083553	2.650000
506	0.536484	-0.237832	0.183971	2.650000
507	0.547393	0.280076	-0.011967	2.650000
508	0.586037	0.134049	0.129679	2.650000
509	0.603956	0.022236	0.113876	2.650000
510	0.604321	-0.010994	0.113578	2.650000
511	0.586480	0.067196	0.172486	2.650000
512	0.599273	0.055825	-0.126413	2.650000
513	0.570232	0.130489	0.189824	2.650000
514	0.604999	0.067808	0.087194	2.650000
515	0.603944	0.100792	-0.057596	2.650000
516	0.606577	0.093084	-0.040303	2.650000
517	0.610998	-0.062571	-0.031482	2.650000
518	0.612860	0.051188	-0.002695	2.650000
519	0.614682	0.003772	-0.019411	2.650000
520	0.596652	-0.149044	0.004130	2.650000
521	0.602819	0.040532	-0.114852	2.650000
522	0.596789	0.139253	-0.051740	2.650000
523	0.593542	0.024768	-0.159119	2.650000
524	0.565582	0.165830	0.175618	2.650000
525	0.601484	-0.110017	0.065862	2.650000
526	0.576187	0.045408	-0.210170	2.650000
527	0.589222	-0.167214	0.055512	2.650000
528	0.584725	-0.048319	0.184354	2.650000
529	0.554697	-0.097103	0.247198	2.650000
530	0.585847	0.026950	-0.185155	2.650000
531	0.604103	0.096167	0.063537	2.650000
532	0.603806	-0.112252	-0.032293	2.650000
533	0.587904	0.179807	-0.016248	2.650000
534	0.588947	-0.176963	0.007073	2.650000
535	0.550261	-0.274187	-0.016106	2.650000
536	0.513790	-0.314396	0.124098	2.650000
537	0.505120	0.138098	0.322503	2.650000
538	0.557873	0.231872	0.115055	2.650000
539	0.568291	0.177477	0.154181	2.650000
540	0.593186	-0.022108	0.160832	2.650000
541	0.584845	0.022668	0.188859	2.650000
542	0.586968	-0.001515	0.183553	2.650000
543	0.601582	-0.123914	0.031140	2.650000
544	0.566090	-0.129103	0.202729	2.650000
545	0.606073	-0.057074	0.087426	2.650000
546	0.613260	-0.025324	-0.038682	2.650000
547	0.587516	0.147213	-0.106672	2.650000
548	0.553639	-0.097283	0.249489	2.650000
549	0.540631	-0.201428	0.213003	2.650000
550	0.567847	-0.151480	0.181187	2.650000
551	0.602940	0.075747	-0.094607	2.650000
552	0.584020	-0.175049	-0.080642	2.650000
553	0.612650	0.053657	-0.002515	2.650000
554	0.605353	-0.105932	-0.023477	2.650000
555	0.598110	-0.073233	-0.122990	2.650000
556	0.599512	-0.110766	0.080878	2.650000
557	0.573998	-0.149778	0.162227	2.650000
558	0.612565	-0.049492	0.023238	2.650000
559	0.607299	0.083363	0.049634	2.650000
560	0.595656	0.152908	-0.006151	2.650000
561	0.613862	-0.026988	0.025882	2.650000
562	0.597176	0.094611	0.112494	2.650000
563	0.590545	0.076512	-0.153713	2.650000
564	0.614593	-0.021761	0.005164	2.650000
565	0.607275	0.070493	0.066883	2.650000
566	0.583619	-0.002761	0.193922	2.650000
567	0.605967	0.073497	-0.075011	2.650000
568	0.580931	0.164327	-0.117223	2.650000
569	0.591903	-0.125537	0.110072	2.650000
570	0.610250	-0.069403	0.031673	2.650000
571	0.612517	-0.032949	0.044301	2.650000
572	0.611894	0.046107	0.041054	2.650000
573	0.607288	-0.092340	0.029988	2.650000
574	0.607578	-0.073555	-0.060528	2.650000
575	0.599422	0.119058	-0.068876	2.650000
576	0.607980	0.081384	-0.044295	2.650000
577	0.603778	0.103570	-0.054312	2.650000
578	0.584586	-0.131803	-0.138246	2.650000
579	0.612855	0.042891	0.028185	2.650000
580	0.606486	0.041369	-0.093212	2.650000
581	0.612503	-0.034762	-0.043090	2.650000
582	0.613016	0.047407	-0.013768	2.650000
583	0.599764	0.101737	0.090322	2.650000
584	0.612014	0.059960	0.008315	2.650000
585	0.534122	0.088537	-0.291719	2.650000
586	0.595028	0.085068	-0.130113	2.650000
587	0.547205	0.094985	-0.264140	2.650000
588	0.613928	-0.026058	-0.025268	2.650000
589	0.580244	0.201704	0.029270	2.650000
590	0.578206	0.151488	0.144754	2.650000
591	0.611676	-0.040738	0.049170	2.650000
592	0.612010	0.020855	0.056864	2.650000
593	0.558790	-0.006368	-0.256784	2.650000
594	0.594421	-0.126425	0.094367	2.650000
595	0.597192	-0.023604	0.145017	2.650000
596	0.604509	-0.061567	0.094883	2.650000
597	0.602219	-0.119798	-0.034729	2.650000
598	0.602728	0.094565	0.077472	2.650000
599	0.606546	0.086257	0.053728	2.650000
600	0.603933	-0.068067	-0.094113	2.650000
601	0.595584	-0.140060	0.062355	2.650000
602	0.610437	0.039950	0.063216	2.650000
603	0.585372	-0.097917	0.161175	2.650000
604	0.599753	-0.122421	0.059448	2.650000
605	0.597273	-0.128925	-0.069775	2.650000
606	0.602104	0.063569	0.107958	2.650000
607	0.563325	0.243138	-0.042120	2.650000
608	0.604530	-0.099777	-0.053041	2.650000
609	0.564783	-0.053306	0.237494	2.650000
610	0.604159	0.017184	0.113674	2.650000
611	0.604490	0.088516	-0.070579	2.650000
612	0.587635	0.179032	0.029293	2.650000
613	0.597540	-0.015835	0.144640	2.650000
614	0.610602	-0.073413	0.000778	2.650000
615	0.602210	0.123750	-0.015934	2.650000
616	0.600992	0.047067	0.121729	2.650000
617	0.524152	-0.078326	0.312016	2.650000
618	0.604685	-0.105705	0.037523	2.650000
619	0.604222	0.110614	-0.030090	2.650000
620	0.605143	0.103740	-0.035561	2.650000
621	0.578381	0.164292	0.129263	2.650000
622	0.588563	0.170390	-0.052781	2.650000
623	0.610422	0.065750	0.035870	2.650000
624	0.611288	-0.043906	0.051224	2.650000
625	0.596987	0.048698	0.139499	2.650000
626	0.585531	-0.187678	0.012458	2.650000
627	0.607256	-0.057467	-0.078506	2.650000
628	0.590982	0.122858	0.117776	2.650000
629	0.613818	-0.007169	-0.037423	2.650000
630	0.606844	0.096850	0.024184	2.650000
631	0.588943	-0.167267	0.058253	2.650000
632	0.589772	-0.174241	-0.005846	2.650000
633	0.569658	-0.124533	0.195463	2.650000
634	0.585237	0.114618	0.150284	2.650000
635	0.602975	0.112651	0.044225	2.650000
636	0.566380	0.226826	0.077387	2.650000
637	0.611318	-0.039124	-0.054630	2.650000
638	0.590491	0.101630	0.138625	2.650000
639	0.580948	-0.148483	-0.136664	2.650000
640	0.595898	-0.023531	0.150256	2.650000
641	0.607688	-0.092645	-0.018914	2.650000
642	0.611771	0.059654	0.020065	2.650000
643	0.605970	-0.047859	0.093460	2.650000
644	0.595044	0.119265	0.099620	2.650000
645	0.586046	-0.148629	0.112627	2.650000
646	0.584157	-0.139185	0.132716	2.650000
647	0.579405	-0.204779	0.024085	2.650000
648	0.567594	0.135899	0.193891	2.650000
649	0.594045	-0.075818	0.139955	2.650000
650	0.579568	0.040407	0.201725	2.650000
651	0.595149	0.055420	-0.144745	2.650000
652	0.607734	0.065272	0.068000	2.650000
653	0.614965	0.003383	0.005629	2.650000
654	0.577736	-0.057284	0.202891	2.650000
655	0.517617	-0.310466	-0.117934	2.650000
656	0.485197	-0.363993	0.101574	2.650000
657	0.553997	-0.036304	-0.264564	2.650000
658	0.543593	-0.250917	0.140614	2.650000
659	0.594292	0.126247	-0.095410	2.650000
660	0.585163	0.005714	0.189149	2.650000
661	0.611771	0.062942	0.000321	2.650000
662	0.613314	0.037243	-0.026141	2.650000
663	0.594604	0.106786	0.115183	2.650000
664	0.604198	0.075279	0.086616	2.650000
665	0.591110	-0.168063	0.023849	2.650000
666	0.578279	0.126035	-0.167133	2.650000
667	0.584970	0.189346	-0.013541	2.650000
668	0.515052	0.321242	-0.098744	2.650000
669	0.598242	0.119354	-0.078013	2.650000
670	0.597204	-0.033247	0.143061	2.650000
671	0.602064	0.123611	0.021561	2.650000
672	0.604543	0.101683	-0.049130	2.650000
673	0.609563	-0.009272	-0.081069	2.650000
674	0.609963	-0.053054	0.057921	2.650000
675	0.587138	0.155758	0.096091	2.650000
676	0.606626	0.064298	-0.078074	2.650000
677	0.611406	0.056651	0.034622	2.650000
678	0.593901	0.024584	0.157805	2.650000
679	0.590420	-0.170030	-0.026811	2.650000
680	0.597412	0.068409	-0.129013	2.650000
681	0.592173	0.048740	-0.158685	2.650000
682	0.604349	-0.050146	-0.102335	2.650000
683	0.601999	0.059094	-0.111043	2.650000
684	0.610638	-0.069227	-0.023531	2.650000
685	0.610942	0.033436	0.062104	2.650000
686	0.550344	0.195822	-0.192355	2.650000
687	0.614577	-0.022753	0.001597	2.650000
688	0.576068	0.161686	0.142226	2.650000
689	0.577366	0.163299	-0.134934	2.650000
690	0.556425	0.261649	0.012495	2.650000
691	0.601089	0.076011	0.105541	2.650000
692	0.569173	0.193607	-0.129550	2.650000
693	0.606976	-0.057444	0.080655	2.650000
694	0.596355	0.062548	0.136652	2.650000
695	0.587588	-0.155221	-0.094192	2.650000
696	0.508692	0.055475	-0.341146	2.650000
697	0.590294	-0.040555	0.167730	2.650000
698	0.597421	-0.137472	-0.049144	2.650000
699	0.612455	-0.055426	0.007196	2.650000
700	0.614353	0.027520	0.006126	2.650000
701	0.436923	-0.043900	0.430577	2.650000
702	0.446696	0.420350	0.044647	2.650000
703	0.546100	-0.190331	-0.209222	2.650000
704	0.576335	-0.182475	-0.112985	2.650000
705	0.569877	-0.014530	-0.230768	2.650000
706	0.565303	0.052764	-0.236375	2.650000
707	0.603750	-0.053999	0.103897	2.650000
708	0.607996	-0.028568	0.088031	2.650000
709	0.541804	-0.205685	0.205834	2.650000
710	0.614042	0.022119	-0.026230	2.650000
711	0.567620	0.236320	-0.013622	2.650000
712	0.603726	-0.114198	-0.026425	2.650000
713	0.588765	-0.177692	-0.002485	2.650000
714	0.549512	-0.251206	0.114703	2.650000
715	0.555763	0.198025	0.173606	2.650000
716	0.580528	-0.185320	-0.082876	2.650000
717	0.544288	-0.062269	0.279460	2.650000
718	0.604369	-0.093936	-0.064340	2.650000
719	0.561243	-0.092101	0.233984	2.650000
720	0.577158	0.208063	0.042706	2.650000
721	0.609871	0.013055	-0.078179	2.650000
722	0.520540	0.106898	0.309575	2.650000
723	0.614117	-0.010816	0.031125	2.650000
724	0.582178	0.196607	-0.025294	2.650000
725	0.614905	0.010450	-0.002733	2.650000
726	0.599882	0.119216	-0.064453	2.650000
727	0.605369	0.107994	0.009533	2.650000
728	0.603247	0.115425	0.031538	2.650000
729	0.589223	-0.164225	0.063804	2.650000
730	0.611035	-0.001163	-0.069710	2.650000
731	0.582391	-0.126194	0.152055	2.650000
732	0.609397	-0.039243	0.072939	2.650000
733	0.527023	0.161092	0.272985	2.650000
734	0.607984	0.040700	0.083209	2.650000
735	0.610902	-0.003217	0.070808	2.650000
736	0.602659	0.018644	0.121159	2.650000
737	0.567281	0.099718	0.215578	2.650000
738	0.596478	-0.149604	-0.007639	2.650000
739	0.596554	-0.126260	-0.080045	2.650000
740	0.571234	-0.226506	-0.024740	2.650000
741	0.609015	-0.009568	0.085057	2.650000
742	0.602669	0.078291	0.094266	2.650000
743	0.504423	0.228252	-0.267738	2.650000
744	0.612740	0.040613	0.033544	2.650000
745	0.612567	0.054640	0.001185	2.650000
746	0.567520	0.236950	0.000799	2.650000
747	0.501817	-0.346091	-0.081398	2.650000
748	0.593579	-0.138596	-0.081735	2.650000
749	0.576746	-0.188959	0.099418	2.650000
750	0.590851	-0.133546	-0.106234	2.650000
751	0.587980	-0.022748	0.178848	2.650000
752	0.490856	0.119067	0.350868	2.650000
753	0.583182	-0.028348	0.193184	2.650000
754	0.564411	-0.243355	-0.021052	2.650000
755	0.595060	-0.107761	0.111875	2.650000
756	0.567283	-0.010150	0.237301	2.650000
757	0.608897	-0.063877	0.058220	2.650000
758	0.613108	-0.031676	-0.036334	2.650000
759	0.595906	0.032759	0.148486	2.650000
760	0.596055	-0.101620	0.112326	2.650000
761	0.574218	-0.099446	0.196493	2.650000
762	0.610871	-0.066405	-0.025542	2.650000
763	0.574970	0.197516	0.092853	2.650000
764	0.594706	0.144458	0.060680	2.650000
765	0.609697	0.059997	0.053804	2.650000
766	0.552350	0.233502	-0.136422	2.650000
767	0.600940	0.087789	0.096901	2.650000
768	0.613303	0.033741	0.030760	2.650000
769	0.594146	-0.154988	0.034563	2.650000
770	0.568278	-0.061016	0.227074	2.650000
771	0.603962	-0.001229	-0.115988	2.650000
772	0.613791	0.008947	0.037495	2.650000
773	0.614020	-0.032935	0.010963	2.650000
774	0.604097	0.061946	0.097236	2.650000
775	0.586741	-0.093100	-0.159035	2.650000
776	0.604402	-0.001392	0.113673	2.650000
777	0.605842	-0.015189	-0.104643	2.650000
778	0.581378	-0.199220	-0.023139	2.650000
779	0.541179	0.162733	0.242627	2.650000
780	0.505980	0.171685	-0.304522	2.650000
781	0.613237	0.012316	-0.044869	2.650000
782	0.583249	-0.018097	0.194211	2.650000
783	0.604452	0.038290	-0.106755	2.650000
784	0.593816	-0.014909	-0.159328	2.650000
785	0.593527	-0.076385	-0.141833	2.650000
786	0.610607	0.054541	-0.049088	2.650000
787	0.579308	0.112295	-0.173253	2.650000
788	0.589876	0.172071	-0.025743	2.650000
789	0.596658	0.037177	-0.144367	2.650000
790	0.600193	-0.003098	0.134104	2.650000
791	0.557605	0.089785	-0.243394	2.650000
792	0.598699	0.120514	-0.072529	2.650000
793	0.614778	-0.014454	0.007978	2.650000
794	0.607902	0.082354	0.043569	2.650000
795	0.608831	-0.075498	-0.043012	2.650000
796	0.613541	-0.005404	-0.041994	2.650000
797	0.603901	0.112416	-0.029847	2.650000
798	0.604678	0.099634	0.051596	2.650000
799	0.522364	0.226566	0.232441	2.650000
800	0.565926	0.214287	0.109698	2.650000
801	0.598963	0.084906	0.110720	2.650000
802	0.589393	0.110986	0.136099	2.650000
803	0.610454	0.066602	0.033696	2.650000
804	0.586555	-0.036867	0.181159	2.650000
805	0.607663	-0.081109	-0.048905	2.650000
806	0.569616	-0.224545	0.057806	2.650000
807	0.584469	-0.168811	-0.090131	2.650000
808	0.541183	0.291785	0.014397	2.650000
809	0.587761	0.039101	0.176728	2.650000
810	0.605352	0.016499	0.107244	2.650000
811	0.597067	0.085309	0.120243	2.650000
812	0.578838	-0.074762	-0.193861	2.650000
813	0.551461	-0.225783	0.152110	2.650000
814	0.605322	-0.105178	-0.027341	2.650000
815	0.603753	-0.098704	0.062971	2.650000
816	0.601345	-0.126475	0.024772	2.650000
817	0.595548	-0.136420	0.070263	2.650000
818	0.568891	-0.233353	-0.011595	2.650000
819	0.595605	0.051568	-0.144293	2.650000
820	0.578009	-0.050632	0.203879	2.650000
821	0.591108	-0.169440	-0.010317	2.650000
822	0.584088	0.097485	0.166022	2.650000
823	0.608973	0.077143	0.037763	2.650000
824	0.517290	0.259823	0.207673	2.650000
825	0.613661	-0.021002	-0.034701	2.650000
826	0.609126	-0.010213	-0.084181	2.650000
827	0.606559	0.094485	-0.037191	2.650000
828	0.614041	-0.018408	0.028975	2.650000
829	0.599336	-0.137425	0.011629	2.650000
830	0.599957	-0.119122	0.063931	2.650000
831	0.545352	-0.281237	0.041491	2.650000
832	0.613052	0.032571	0.036486	2.650000
833	0.571651	0.091689	-0.207444	2.650000
834	0.589592	0.162390	0.065086	2.650000
835	0.608079	-0.076143	-0.051649	2.650000
836	0.611375	-0.017700	0.064283	2.650000
837	0.604915	-0.110915	0.000319	2.650000
838	0.606173	0.091870	-0.048364	2.650000
839	0.563569	0.187173	0.159942	2.650000
840	0.592387	0.062138	-0.153107	2.650000
841	0.610746	-0.021429	0.068959	2.650000
842	0.549971	0.271426	0.045660	2.650000
843	0.552860	-0.015736	0.268930	2.650000
844	0.529567	-0.304330	0.071883	2.650000
845	0.611197	-0.011085	0.067379	2.650000
846	0.612104	-0.009583	0.058835	2.650000
847	0.455535	-0.059652	0.408846	2.650000
848	0.521372	0.247976	0.211908	2.650000
849	0.527837	0.093846	0.301340	2.650000
850	0.522709	0.302595	0.115915	2.650000
