1	0.433464	0.430837	-0.068659	1.570000
2	0.586196	0.111137	0.149158	1.570000
3	0.606192	-0.044393	0.093733	1.570000
4	0.593272	0.084844	-0.138038	1.570000
5	0.607962	0.090389	0.020913	1.570000
6	0.586274	0.008064	0.185589	1.570000
7	0.512800	-0.050306	0.335753	1.570000
8	0.545370	0.150726	0.240994	1.570000
9	0.500558	0.278824	0.223437	1.570000
10	0.541723	0.272189	-0.103319	1.570000
11	0.504326	0.349644	-0.040362	1.570000
12	0.606810	-0.043178	-0.090235	1.570000
13	0.609833	0.075030	-0.026454	1.570000
14	0.580998	0.111984	-0.167708	1.570000
15	0.592500	0.154713	0.056853	1.570000
16	0.609597	0.037708	0.072076	1.570000
17	0.586220	0.135313	0.127522	1.570000
18	0.402613	0.452936	-0.104769	1.570000
19	0.485957	0.371670	-0.062713	1.570000
20	0.580556	0.199655	-0.036300	1.570000
21	0.547343	0.252856	0.121264	1.570000
22	0.589665	0.128670	-0.118172	1.570000
23	0.525861	0.276109	0.159557	1.570000
24	0.464108	0.401496	0.040367	1.570000
25	0.574865	0.174832	0.131108	1.570000
26	0.459010	0.107407	0.394966	1.570000
27	0.353044	0.295265	0.407926	1.570000
28	0.572470	0.165340	-0.152202	1.570000
29	0.531867	0.285803	0.116871	1.570000
30	0.590335	-0.159229	0.066153	1.570000
31	0.608661	-0.067243	-0.056877	1.570000
32	0.604700	0.038215	0.105368	1.570000
33	0.602352	0.109274	0.058787	1.570000
34	0.610568	0.073701	0.000061	1.570000
35	0.604023	0.114140	-0.018783	1.570000
36	0.602341	0.068087	0.103801	1.570000
37	0.583141	0.131366	0.144619	1.570000
38	0.599644	0.128492	0.046279	1.570000
39	0.594813	0.045146	-0.149613	1.570000
40	0.574565	0.200575	-0.088713	1.570000
41	0.587331	0.182120	-0.009949	1.570000
42	0.599226	0.007267	-0.138203	1.570000
43	0.607043	0.062332	0.076409	1.570000
44	0.613674	0.008083	0.039545	1.570000
45	0.583639	-0.067407	-0.181786	1.570000
46	0.488254	-0.343659	0.147416	1.570000
47	0.545029	0.168872	0.229457	1.570000
48	0.554462	0.019373	-0.265370	1.570000
49	0.559944	0.234310	-0.098925	1.570000
50	0.599648	0.104116	-0.088361	1.570000
51	0.591067	0.127538	0.112242	1.570000
52	0.581169	0.196917	0.041131	1.570000
53	0.592031	-0.039961	0.161641	1.570000
54	0.597903	-0.134971	-0.050199	1.570000
55	0.587466	0.021365	0.180700	1.570000
56	0.608765	0.084056	-0.023770	1.570000
57	0.610956	0.061346	-0.034557	1.570000
58	0.517361	0.238702	-0.231483	1.570000
59	0.594384	0.141322	-0.070430	1.570000
60	0.606551	0.081683	-0.060407	1.570000
61	0.575990	-0.206354	0.062278	1.570000
62	0.613591	-0.030313	0.028496	1.570000
63	0.595009	-0.150833	0.037932	1.570000
64	0.560981	0.199000	0.154677	1.570000
65	0.603760	0.068223	-0.095099	1.570000
66	0.550656	0.272278	-0.029452	1.570000
67	0.562185	0.247764	-0.028039	1.570000
68	0.582318	-0.087043	-0.177636	1.570000
69	0.588791	0.177114	-0.013442	1.570000
70	0.604896	0.110739	0.007933	1.570000
71	0.567861	0.146217	0.185416	1.570000
72	0.560089	-0.066412	-0.245183	1.570000
73	0.602408	0.122939	0.014705	1.570000
74	0.574713	-0.003868	0.218895	1.570000
75	0.614089	0.005282	-0.033034	1.570000
76	0.557335	-0.195870	0.170989	1.570000
77	0.608022	0.089937	0.021108	1.570000
78	0.595151	0.146677	0.050057	1.570000
79	0.556537	0.230189	0.124520	1.570000
80	0.541184	0.249486	0.151994	1.570000
81	0.551964	0.258286	-0.082759	1.570000
82	0.582135	0.078733	-0.182057	1.570000
83	0.596065	0.048923	0.143312	1.570000
84	0.550933	0.025604	0.272107	1.570000
85	0.611325	-0.032096	-0.058962	1.570000
86	0.595951	0.078273	-0.130157	1.570000
87	0.577896	0.184920	-0.100326	1.570000
88	0.589810	0.153055	-0.083210	1.570000
89	0.574686	0.115687	0.185949	1.570000
90	0.586264	0.015725	0.185128	1.570000
91	0.527770	-0.211737	0.234205	1.570000
92	0.600206	-0.093646	0.095962	1.570000
93	0.614363	-0.022512	0.016611	1.570000
94	0.609022	0.085167	-0.007982	1.570000
95	0.599114	0.106253	0.089430	1.570000
96	0.526403	0.313149	0.055341	1.570000
97	0.533994	0.202821	-0.227900	1.570000
98	0.603792	0.087123	0.077912	1.570000
99	0.614601	-0.004208	-0.021753	1.570000
100	0.612000	0.000653	0.060673	1.570000
101	0.558445	0.049300	0.252850	1.570000
102	0.606541	0.072393	-0.071360	1.570000
103	0.605502	0.088773	-0.060927	1.570000
104	0.575770	0.208801	-0.055825	1.570000
105	0.575273	0.068842	-0.206268	1.570000
106	0.614997	-0.001857	0.000787	1.570000
107	0.610003	0.055986	-0.054650	1.570000
108	0.578376	0.072126	0.196224	1.570000
109	0.531356	0.251020	0.181314	1.570000
110	0.586935	-0.179629	0.038285	1.570000
111	0.601897	0.028531	0.123008	1.570000
112	0.614561	0.019066	-0.013279	1.570000
113	0.590759	-0.001229	-0.170960	1.570000
114	0.531474	-0.271874	-0.147800	1.570000
115	0.596074	-0.125951	0.084006	1.570000
116	0.495524	0.234618	0.278632	1.570000
117	0.473009	0.383521	-0.086018	1.570000
118	0.502739	0.354164	0.006802	1.570000
119	0.508404	0.167601	0.302754	1.570000
120	0.586510	0.007449	-0.184867	1.570000
121	0.604126	-0.055211	-0.101037	1.570000
122	0.605812	-0.024267	-0.103090	1.570000
123	0.577432	-0.124908	0.170867	1.570000
124	0.572382	0.149103	0.168439	1.570000
125	0.585944	0.182133	0.041499	1.570000
126	0.512220	0.307305	0.146355	1.570000
127	0.605187	0.074912	-0.079759	1.570000
128	0.573001	-0.042688	-0.219254	1.570000
129	0.538258	0.251276	0.159260	1.570000
130	0.525686	0.319159	0.004112	1.570000
131	0.592573	0.155318	0.054389	1.570000
132	0.497096	0.104399	0.346729	1.570000
133	0.486892	0.301375	0.224354	1.570000
134	0.585839	0.171116	0.075743	1.570000
135	0.606092	-0.088016	0.055952	1.570000
136	0.597641	0.060606	0.131824	1.570000
137	0.533318	0.149981	-0.267026	1.570000
138	0.567602	0.233713	-0.037821	1.570000
139	0.605791	0.017731	-0.104537	1.570000
140	0.561672	0.229875	0.099537	1.570000
141	0.524902	0.184068	0.262340	1.570000
142	0.601143	0.117153	0.055917	1.570000
143	0.603629	0.007938	0.117446	1.570000
144	0.598550	0.040216	-0.135447	1.570000
145	0.565591	0.149120	-0.189987	1.570000
146	0.558058	0.162306	-0.201129	1.570000
147	0.587089	0.066206	-0.170788	1.570000
148	0.604288	0.063804	0.094813	1.570000
149	0.593084	0.071901	0.145968	1.570000
150	0.593727	-0.045526	0.153754	1.570000
151	0.565615	-0.053245	-0.235519	1.570000
152	0.437363	0.249043	-0.353435	1.570000
153	0.584691	0.032760	-0.187852	1.570000
154	0.586970	0.183448	0.006216	1.570000
155	0.530351	0.252836	0.181734	1.570000
156	0.610100	0.075737	-0.016334	1.570000
157	0.591387	-0.110285	0.127764	1.570000
158	0.608466	-0.040933	0.079490	1.570000
159	0.606178	0.103779	-0.001884	1.570000
160	0.608564	0.088616	-0.004706	1.570000
161	0.567940	0.179813	0.152762	1.570000
162	0.606407	0.055255	-0.086266	1.570000
163	0.565174	0.174069	-0.168828	1.570000
164	0.605132	0.084164	-0.070401	1.570000
165	0.614217	-0.029576	0.009398	1.570000
166	0.554226	0.266335	0.011114	1.570000
167	0.593600	0.098142	-0.127406	1.570000
168	0.569679	0.219233	-0.075015	1.570000
169	0.609309	-0.019942	0.081052	1.570000
170	0.594073	0.148160	0.057883	1.570000
171	0.587212	0.160247	-0.087910	1.570000
172	0.598048	-0.067028	0.126770	1.570000
173	0.583394	-0.194179	0.013100	1.570000
174	0.608878	0.046407	-0.073065	1.570000
175	0.603036	-0.038327	0.114472	1.570000
176	0.610889	0.058602	-0.040069	1.570000
177	0.588693	0.117694	-0.133467	1.570000
178	0.571351	0.212101	-0.082439	1.570000
179	0.580762	0.079389	-0.186113	1.570000
180	0.514936	0.310285	-0.129572	1.570000
181	0.578764	0.189576	-0.085549	1.570000
182	0.603222	-0.109339	-0.048925	1.570000
183	0.597444	0.128865	0.068409	1.570000
184	0.610088	0.073038	0.026125	1.570000
185	0.589338	0.171575	-0.038316	1.570000
186	0.613016	-0.000947	-0.049346	1.570000
187	0.581500	0.198462	-0.026374	1.570000
188	0.595128	0.088991	0.126995	1.570000
189	0.552500	0.148069	0.225931	1.570000
190	0.611629	-0.024692	0.059376	1.570000
191	0.607744	0.081698	0.046883	1.570000
192	0.593189	-0.160350	0.025288	1.570000
193	0.579687	0.120008	-0.166692	1.570000
194	0.485383	0.374875	-0.045788	1.570000
195	0.612609	-0.052364	0.013892	1.570000
196	0.589439	-0.057589	0.165741	1.570000
197	0.597502	0.110503	-0.094897	1.570000
198	0.589841	0.020392	0.172908	1.570000
199	0.557434	-0.168826	0.197460	1.570000
200	0.612712	-0.011897	-0.051646	1.570000
201	0.559925	0.240783	0.082052	1.570000
202	0.560279	0.239445	0.083536	1.570000
203	0.589494	0.172847	-0.029078	1.570000
204	0.525301	0.243408	-0.207451	1.570000
205	0.593449	0.136933	-0.085399	1.570000
206	0.482976	0.060606	0.375881	1.570000
207	0.599210	0.096406	0.099391	1.570000
208	0.612721	-0.045441	-0.027066	1.570000
209	0.605918	0.074910	0.074009	1.570000
210	0.523816	0.320675	0.031768	1.570000
211	0.601059	-0.124348	-0.038616	1.570000
212	0.601659	0.110216	0.063902	1.570000
213	0.563996	0.184178	0.161900	1.570000
214	0.530357	0.285242	-0.124832	1.570000
215	0.596891	0.147060	-0.017884	1.570000
216	0.570601	0.226154	0.038657	1.570000
217	0.545674	-0.059613	-0.277328	1.570000
218	0.591816	-0.013530	-0.166720	1.570000
219	0.611831	-0.036684	-0.050425	1.570000
220	0.614141	0.025284	-0.020397	1.570000
221	0.570283	0.159969	0.165566	1.570000
222	0.506921	0.242114	-0.250274	1.570000
223	0.591644	0.152121	0.071008	1.570000
224	0.594132	0.141344	-0.072484	1.570000
225	0.595100	0.032254	-0.151791	1.570000
226	0.588537	0.170977	-0.051149	1.570000
227	0.572504	0.199245	-0.103756	1.570000
228	0.586610	0.181466	-0.034401	1.570000
229	0.599314	0.137781	-0.008011	1.570000
230	0.517387	0.260515	0.206561	1.570000
231	0.553746	0.079368	0.255520	1.570000
232	0.605153	0.017630	0.108187	1.570000
233	0.612961	-0.019331	-0.046152	1.570000
234	0.565496	0.237391	-0.045660	1.570000
235	0.603936	0.105077	0.049454	1.570000
236	0.588494	0.154116	-0.090266	1.570000
237	0.586993	0.169988	-0.069050	1.570000
238	0.551272	0.269410	-0.041747	1.570000
239	0.564995	0.239845	0.038470	1.570000
240	0.555988	0.246247	0.092003	1.570000
241	0.613532	-0.029803	-0.030243	1.570000
242	0.566750	0.216883	-0.099904	1.570000
243	0.608997	-0.033990	-0.078690	1.570000
244	0.607583	0.059960	-0.073980	1.570000
245	0.560710	0.248285	0.046730	1.570000
246	0.593810	0.150648	-0.054036	1.570000
247	0.550479	0.274081	0.008804	1.570000
248	0.582355	0.132463	0.146768	1.570000
249	0.493366	-0.202186	-0.306489	1.570000
250	0.573110	-0.219803	0.038166	1.570000
251	0.594284	0.113764	-0.110043	1.570000
252	0.470408	-0.053237	-0.392564	1.570000
253	0.606753	0.089708	0.045032	1.570000
254	0.596589	0.086777	-0.121555	1.570000
255	0.609579	0.077311	0.025723	1.570000
256	0.580859	0.075109	0.187582	1.570000
257	0.598901	-0.088845	0.107933	1.570000
258	0.584588	0.079226	-0.173797	1.570000
259	0.597314	-0.145850	0.013010	1.570000
260	0.581394	0.173406	-0.100679	1.570000
261	0.556464	0.168633	-0.200339	1.570000
262	0.585002	0.187890	-0.026375	1.570000
263	0.603338	0.115626	0.028961	1.570000
264	0.596057	0.121479	-0.090465	1.570000
265	0.590754	-0.147258	0.086893	1.570000
266	0.603140	0.119556	-0.012378	1.570000
267	0.572716	0.217227	0.055079	1.570000
268	0.603503	0.101084	0.061573	1.570000
269	0.603855	0.085006	0.079738	1.570000
270	0.591732	0.062864	0.155326	1.570000
271	0.559877	0.207465	-0.147381	1.570000
272	0.610338	0.070403	0.027501	1.570000
273	0.608905	0.016862	-0.084711	1.570000
274	0.588052	-0.011047	0.179716	1.570000
275	0.614248	0.028905	0.009404	1.570000
276	0.597900	0.126160	0.069453	1.570000
277	0.572104	0.006154	0.225576	1.570000
278	0.591533	0.149674	-0.076887	1.570000
279	0.594719	0.067571	0.141308	1.570000
280	0.552187	0.231130	0.141045	1.570000
281	0.560749	-0.108168	-0.228221	1.570000
282	0.604955	0.110222	0.010252	1.570000
283	0.590255	0.169812	0.031439	1.570000
284	0.602144	0.096642	0.079424	1.570000
285	0.601955	0.064796	-0.108056	1.570000
286	0.604530	0.054557	-0.098956	1.570000
287	0.600129	0.127564	0.042391	1.570000
288	0.575337	0.099662	0.193081	1.570000
289	0.600398	-0.132849	0.009892	1.570000
290	0.594519	0.089571	-0.129418	1.570000
291	0.588483	0.159491	-0.080469	1.570000
292	0.607071	-0.067277	0.071858	1.570000
293	0.589203	0.111315	-0.136651	1.570000
294	0.603308	0.093362	-0.074353	1.570000
295	0.593977	-0.132743	-0.088295	1.570000
296	0.600178	-0.132553	0.021013	1.570000
297	0.612001	-0.046582	0.038861	1.570000
298	0.577995	0.001923	-0.210103	1.570000
299	0.574960	0.184168	-0.117167	1.570000
300	0.584240	0.183889	0.055438	1.570000
301	0.572314	0.092064	0.205442	1.570000
302	0.606963	-0.056476	0.081433	1.570000
303	0.593303	-0.159876	0.025606	1.570000
304	0.516805	0.214248	0.255412	1.570000
305	0.583941	-0.073370	0.178479	1.570000
306	0.606184	-0.060360	-0.084394	1.570000
307	0.579106	0.160062	-0.131307	1.570000
308	0.580038	0.130263	-0.157520	1.570000
309	0.594193	0.157348	-0.020040	1.570000
310	0.598257	0.134104	-0.048269	1.570000
311	0.606568	-0.055287	-0.085108	1.570000
312	0.607327	-0.048152	-0.084025	1.570000
313	0.551525	0.174620	0.208693	1.570000
314	0.581985	-0.073026	0.184895	1.570000
315	0.614905	-0.001741	0.010682	1.570000
316	0.600157	0.072748	0.112889	1.570000
317	0.513745	0.272560	-0.200004	1.570000
318	0.608258	0.075738	-0.050107	1.570000
319	0.595956	0.131155	-0.076548	1.570000
320	0.613912	0.021804	-0.029352	1.570000
321	0.600993	0.117461	0.056885	1.570000
322	0.553007	0.259138	-0.072495	1.570000
323	0.591738	-0.068665	0.152829	1.570000
324	0.546134	0.247306	-0.137123	1.570000
325	0.597401	-0.001688	-0.146062	1.570000
326	0.593716	0.092045	0.131355	1.570000
327	0.596602	-0.141925	0.046350	1.570000
328	0.549150	0.255196	0.107398	1.570000
329	0.558467	0.237643	0.099327	1.570000
330	0.567380	0.225040	-0.075250	1.570000
331	0.597848	0.045885	-0.136738	1.570000
332	0.565485	0.205824	-0.126840	1.570000
333	0.564636	0.050867	-0.238376	1.570000
334	0.543458	0.264669	-0.113263	1.570000
335	0.551690	0.270365	-0.027673	1.570000
336	0.549844	0.203586	0.185603	1.570000
337	0.574124	0.205515	0.079818	1.570000
338	0.568718	0.154607	-0.175732	1.570000
339	0.603910	0.049726	-0.105095	1.570000
340	0.613221	0.044452	0.014448	1.570000
341	0.565186	0.242311	-0.008690	1.570000
342	0.578101	0.207664	0.030004	1.570000
343	0.551257	0.265993	0.059905	1.570000
344	0.551645	0.242565	0.122781	1.570000
345	0.574560	0.098318	0.196061	1.570000
346	0.516527	0.254694	-0.215769	1.570000
347	0.553753	0.260378	0.061531	1.570000
348	0.547416	0.061789	-0.273391	1.570000
349	0.599376	0.083883	-0.109258	1.570000
350	0.606051	0.029197	0.100374	1.570000
351	0.607720	0.087231	-0.035950	1.570000
352	0.533690	0.224156	0.207737	1.570000
353	0.612586	0.003865	0.054299	1.570000
354	0.596706	0.147486	0.020362	1.570000
355	0.592210	0.111993	-0.122350	1.570000
356	0.614236	0.009336	-0.029191	1.570000
357	0.581721	0.197236	0.030380	1.570000
358	0.593886	0.143102	-0.071036	1.570000
359	0.602007	0.125581	0.006453	1.570000
360	0.605616	0.106923	0.004649	1.570000
361	0.605907	0.039351	0.097742	1.570000
362	0.614514	-0.024267	0.002840	1.570000
363	0.566452	0.081869	-0.225067	1.570000
364	0.586381	0.106496	-0.151794	1.570000
365	0.594067	0.153708	-0.041025	1.570000
366	0.607419	0.076748	-0.058109	1.570000
367	0.591624	0.134617	0.100420	1.570000
368	0.574993	0.015961	0.217608	1.570000
369	0.585252	-0.184361	-0.041433	1.570000
370	0.587022	-0.083895	-0.163068	1.570000
371	0.614997	0.000111	-0.001767	1.570000
372	0.583292	0.178188	-0.079021	1.570000
373	0.574900	0.169333	0.137991	1.570000
374	0.591129	0.149581	-0.080104	1.570000
375	0.608381	0.069629	0.057004	1.570000
376	0.580326	-0.163122	0.121809	1.570000
377	0.567869	0.117506	0.204799	1.570000
378	0.564687	0.240953	-0.035990	1.570000
379	0.605341	0.049309	0.096726	1.570000
380	0.599218	0.106113	0.088900	1.570000
381	0.596683	0.145394	-0.032481	1.570000
382	0.572159	0.059043	-0.217652	1.570000
383	0.613963	-0.026269	0.024183	1.570000
384	0.610504	0.070785	-0.022351	1.570000
385	0.599174	0.120076	0.069261	1.570000
386	0.593743	-0.017022	0.159390	1.570000
387	0.597155	-0.058902	0.134764	1.570000
388	0.604762	0.097564	0.054496	1.570000
389	0.606053	-0.093431	-0.046854	1.570000
390	0.608642	0.045991	-0.075266	1.570000
391	0.593640	-0.047286	0.153560	1.570000
392	0.595542	-0.035789	0.149243	1.570000
393	0.601896	0.125761	-0.011428	1.570000
394	0.613663	0.035179	0.020129	1.570000
395	0.611948	0.059040	-0.016075	1.570000
396	0.592933	0.136900	-0.088957	1.570000
397	0.612237	0.034661	0.046791	1.570000
398	0.601976	0.014582	-0.125047	1.570000
399	0.605836	0.098815	0.037733	1.570000
400	0.601076	0.110041	0.069455	1.570000
401	0.591082	-0.049254	0.162545	1.570000
402	0.608604	-0.080899	-0.035791	1.570000
403	0.587828	-0.130138	0.125490	1.570000
404	0.609999	-0.033768	-0.070607	1.570000
405	0.594119	0.118135	-0.106264	1.570000
406	0.602498	0.122756	0.012311	1.570000
407	0.593739	0.153690	0.045591	1.570000
408	0.577454	0.203934	0.056420	1.570000
409	0.583862	-0.142052	0.130965	1.570000
410	0.506011	-0.185215	0.296435	1.570000
411	0.608488	-0.089249	0.001568	1.570000
412	0.606377	0.101895	0.012236	1.570000
413	0.606455	0.076558	-0.067650	1.570000
414	0.561654	0.241104	-0.068107	1.570000
415	0.610396	-0.026612	-0.070240	1.570000
416	0.605540	0.028354	-0.103644	1.570000
417	0.582780	-0.031275	0.193944	1.570000
418	0.606728	-0.058111	-0.082034	1.570000
419	0.594528	-0.072461	0.139681	1.570000
420	0.547191	-0.040889	0.277732	1.570000
421	0.602708	0.100202	0.070197	1.570000
422	0.595693	-0.064930	0.138414	1.570000
423	0.606443	0.021827	-0.099880	1.570000
424	0.602484	0.059634	0.108082	1.570000
425	0.541893	0.160290	-0.242662	1.570000
426	0.607007	0.094718	0.028210	1.570000
427	0.582141	0.010943	-0.198033	1.570000
428	0.586615	0.174689	-0.059928	1.570000
429	0.577599	-0.054111	-0.204149	1.570000
430	0.597077	-0.031785	-0.143924	1.570000
431	0.563114	-0.150219	-0.196370	1.570000
432	0.606773	-0.086457	-0.050760	1.570000
433	0.599905	-0.135095	-0.009368	1.570000
434	0.597499	0.122565	-0.078729	1.570000
435	0.567575	0.066369	0.227329	1.570000
436	0.613462	0.025062	0.035513	1.570000
437	0.569719	0.228075	0.040332	1.570000
438	0.466628	0.048166	-0.397698	1.570000
439	0.607022	0.046466	-0.087122	1.570000
440	0.595759	-0.138576	0.063976	1.570000
441	0.579035	0.021984	-0.206060	1.570000
442	0.591216	0.162227	-0.048692	1.570000
443	0.522505	0.189437	0.263300	1.570000
444	0.612328	0.040496	0.040495	1.570000
445	0.546612	0.235411	0.154989	1.570000
446	0.565066	0.229501	0.079087	1.570000
447	0.569200	0.187531	-0.138090	1.570000
448	0.531655	0.308793	-0.014661	1.570000
449	0.594497	0.156585	0.016702	1.570000
450	0.598725	0.071823	-0.120809	1.570000
451	0.573274	0.071243	0.210967	1.570000
452	0.523366	0.322762	0.011737	1.570000
453	0.501665	0.298000	-0.194302	1.570000
454	0.608558	0.034777	-0.081688	1.570000
455	0.580662	-0.034638	-0.199641	1.570000
456	0.609668	0.018426	-0.078678	1.570000
457	0.552126	0.246858	-0.111550	1.570000
458	0.599233	-0.129393	0.049010	1.570000
459	0.592671	0.148447	0.070209	1.570000
460	0.569621	0.182897	0.142496	1.570000
461	0.561283	0.211010	-0.136604	1.570000
462	0.612724	-0.033636	-0.040785	1.570000
463	0.598021	0.014973	-0.142729	1.570000
464	0.575494	0.007441	-0.216741	1.570000
465	0.569351	0.201685	-0.115704	1.570000
466	0.601617	0.127420	-0.006772	1.570000
467	0.581982	0.134494	-0.146402	1.570000
468	0.601428	0.080453	0.100183	1.570000
469	0.589229	0.087462	0.152921	1.570000
470	0.581102	0.151451	-0.132696	1.570000
471	0.584069	-0.183974	-0.056936	1.570000
472	0.594971	0.132107	-0.082358	1.570000
473	0.538659	-0.018815	-0.296171	1.570000
474	0.601256	-0.073227	-0.106554	1.570000
475	0.598964	0.133479	0.040626	1.570000
476	0.553043	0.263340	-0.054962	1.570000
477	0.567120	0.236506	0.025786	1.570000
478	0.600674	0.110000	0.072907	1.570000
479	0.600149	0.007261	-0.134141	1.570000
480	0.572563	-0.224472	-0.003098	1.570000
481	0.599824	0.041263	-0.129357	1.570000
482	0.578148	0.023621	-0.208355	1.570000
483	0.606705	0.087643	-0.049521	1.570000
484	0.603657	0.090345	-0.075238	1.570000
485	0.593492	0.114390	0.113608	1.570000
486	0.581109	-0.044100	0.196449	1.570000
487	0.591013	0.087626	0.145776	1.570000
488	0.611658	0.019207	-0.061081	1.570000
489	0.593480	0.123305	0.103934	1.570000
490	0.601846	0.117388	-0.047189	1.570000
491	0.583914	0.132801	0.140119	1.570000
492	0.608643	0.026589	0.084094	1.570000
493	0.612533	-0.045304	0.031229	1.570000
494	0.583183	0.000072	0.195249	1.570000
495	0.538186	-0.066573	0.290085	1.570000
496	0.587353	0.100898	0.151858	1.570000
497	0.612063	0.059164	0.010186	1.570000
498	0.545442	0.026697	0.282851	1.570000
499	0.591283	0.125736	-0.113135	1.570000
500	0.607319	0.087962	0.040641	1.570000
501	0.586579	0.160051	0.092380	1.570000
502	0.603144	0.054547	-0.107084	1.570000
503	0.611357	-0.066641	-0.005163	1.570000
504	0.601259	0.050051	-0.119195	1.570000
505	0.575064	0.217380	0.016496	1.570000
506	0.608538	0.088790	-0.004816	1.570000
507	0.604875	-0.109010	0.021631	1.570000
508	0.588045	0.099826	-0.149874	1.570000
509	0.608056	-0.071702	0.057899	1.570000
510	0.594588	-0.055385	-0.147048	1.570000
511	0.571799	0.206111	-0.093750	1.570000
512	0.608910	0.030065	0.080928	1.570000
513	0.595101	0.149113	-0.042958	1.570000
514	0.596182	0.147453	0.032402	1.570000
515	0.597067	0.137415	-0.053415	1.570000
516	0.604584	0.098744	0.054339	1.570000
517	0.579913	0.001094	0.204755	1.570000
518	0.593445	0.144423	-0.072045	1.570000
519	0.546062	-0.034588	-0.280794	1.570000
520	0.557667	0.253643	-0.053828	1.570000
521	0.613588	0.037993	0.017075	1.570000
522	0.614092	-0.021155	-0.025866	1.570000
523	0.583026	-0.085838	0.175890	1.570000
524	0.605552	-0.106494	-0.013794	1.570000
525	0.500112	-0.020903	0.357318	1.570000
526	0.612323	-0.015689	0.055127	1.570000
527	0.595453	0.054367	0.143892	1.570000
528	0.562100	0.230636	0.095265	1.570000
529	0.606416	-0.041326	0.093684	1.570000
530	0.612634	-0.003121	0.053799	1.570000
531	0.590086	-0.032044	0.170284	1.570000
532	0.547047	0.279675	0.027328	1.570000
533	0.606965	0.022602	0.096475	1.570000
534	0.560708	0.080569	0.239457	1.570000
535	0.577996	-0.062921	0.200467	1.570000
536	0.578329	0.016715	0.208523	1.570000
537	0.604549	-0.111753	0.016019	1.570000
538	0.604973	0.103067	-0.040118	1.570000
539	0.609977	-0.038848	-0.068150	1.570000
540	0.595873	0.077798	0.130796	1.570000
541	0.605044	0.087773	0.066654	1.570000
542	0.558068	0.204668	0.157784	1.570000
543	0.579831	0.150999	0.138639	1.570000
544	0.580668	0.186364	0.079483	1.570000
545	0.549614	0.229583	-0.153106	1.570000
546	0.576551	-0.162060	-0.139824	1.570000
547	0.606190	0.099752	0.028424	1.570000
548	0.614673	0.011312	0.016564	1.570000
549	0.569376	0.226579	-0.051940	1.570000
550	0.592987	0.078227	0.143081	1.570000
551	0.614078	0.024823	0.022742	1.570000
552	0.452684	0.401748	-0.109088	1.570000
553	0.610330	0.008436	0.075173	1.570000
554	0.484613	0.236186	-0.295958	1.570000
555	0.613540	0.042138	0.004283	1.570000
556	0.603964	-0.115966	-0.002113	1.570000
557	0.604612	0.015148	0.111536	1.570000
558	0.564567	0.235705	0.062706	1.570000
559	0.607557	0.090390	0.030476	1.570000
560	0.602387	-0.061981	-0.107301	1.570000
561	0.612914	0.015801	-0.048077	1.570000
562	0.532585	0.145823	-0.270765	1.570000
563	0.608465	0.061996	0.064430	1.570000
564	0.610767	0.062830	-0.035228	1.570000
565	0.585990	0.175233	0.064293	1.570000
566	0.600778	0.107651	0.075511	1.570000
567	0.607783	0.035223	-0.087089	1.570000
568	0.599607	0.010219	-0.136354	1.570000
569	0.591125	0.135463	-0.102204	1.570000
570	0.610566	0.073597	-0.004133	1.570000
571	0.601401	-0.102527	-0.077653	1.570000
572	0.603650	0.057815	-0.102419	1.570000
573	0.587857	0.175465	-0.043138	1.570000
574	0.607266	0.090240	-0.036187	1.570000
575	0.611887	-0.000307	-0.061801	1.570000
576	0.557167	0.087642	-0.245172	1.570000
577	0.593262	-0.063505	-0.149105	1.570000
578	0.597332	0.145276	-0.017741	1.570000
579	0.578057	0.209530	-0.013130	1.570000
580	0.537645	0.262628	-0.142090	1.570000
581	0.598547	0.128915	0.057856	1.570000
582	0.608894	0.025488	0.082608	1.570000
583	0.610243	-0.058116	-0.049503	1.570000
584	0.597628	0.105322	-0.099865	1.570000
585	0.606160	0.002898	-0.103859	1.570000
586	0.607397	0.095964	0.009203	1.570000
587	0.602857	0.025193	0.118970	1.570000
588	0.569000	0.230189	-0.038430	1.570000
589	0.600701	0.065168	0.114613	1.570000
590	0.611765	-0.060781	0.016553	1.570000
591	0.608668	0.033962	0.081207	1.570000
592	0.575937	0.210980	0.044815	1.570000
593	0.608213	-0.071632	0.056313	1.570000
594	0.612963	-0.049540	-0.006834	1.570000
595	0.611568	0.016160	0.062836	1.570000
596	0.538898	-0.161187	0.248663	1.570000
597	0.612616	-0.052589	0.012706	1.570000
598	0.580702	0.013037	0.202089	1.570000
599	0.605200	0.038467	0.102366	1.570000
600	0.605080	-0.018596	0.108430	1.570000
601	0.606943	0.097218	0.019852	1.570000
602	0.594972	0.152130	-0.033020	1.570000
603	0.606706	-0.099565	0.014807	1.570000
604	0.541790	0.039894	0.288266	1.570000
605	0.591788	0.039347	0.162676	1.570000
606	0.612078	0.047638	-0.036279	1.570000
607	0.567481	0.106406	0.211820	1.570000
608	0.605471	-0.107600	0.007181	1.570000
609	0.586321	0.182493	0.033902	1.570000
610	0.579104	0.194430	0.071137	1.570000
611	0.572078	0.212464	-0.076224	1.570000
612	0.609491	-0.020204	0.079608	1.570000
613	0.595064	0.127870	-0.088166	1.570000
614	0.582174	0.171853	-0.098816	1.570000
615	0.603713	-0.091681	0.073147	1.570000
616	0.590800	-0.167729	0.032359	1.570000
617	0.601432	0.108008	-0.069565	1.570000
618	0.604517	0.045723	-0.103409	1.570000
619	0.567377	0.224173	0.077817	1.570000
620	0.605206	0.078456	0.076126	1.570000
621	0.578927	-0.001821	0.207521	1.570000
622	0.610342	-0.070332	0.027580	1.570000
623	0.595412	0.127204	0.086768	1.570000
624	0.579549	-0.088418	0.185824	1.570000
625	0.579770	0.117974	-0.167850	1.570000
626	0.602437	0.115997	-0.042889	1.570000
627	0.589399	0.046298	-0.169381	1.570000
628	0.579867	0.200122	-0.043939	1.570000
629	0.614057	0.001183	0.034028	1.570000
630	0.595640	-0.119170	0.096105	1.570000
631	0.413139	0.063505	0.451119	1.570000
632	0.564003	0.097052	0.225180	1.570000
633	0.607082	0.008820	0.097973	1.570000
634	0.609275	0.042651	0.072038	1.570000
635	0.594226	0.018873	-0.157368	1.570000
636	0.611256	0.030392	-0.060558	1.570000
637	0.612972	0.041468	0.027770	1.570000
638	0.567714	0.199217	0.127430	1.570000
639	0.536950	0.232684	0.189124	1.570000
640	0.573897	0.092031	0.200991	1.570000
641	0.602397	0.105621	-0.064705	1.570000
642	0.579939	-0.078771	-0.188919	1.570000
643	0.592036	-0.063334	-0.153971	1.570000
644	0.611511	-0.064769	-0.009189	1.570000
645	0.500902	0.031728	-0.355410	1.570000
646	0.607278	-0.005723	-0.096981	1.570000
647	0.577864	0.203919	-0.052107	1.570000
648	0.590441	0.158200	-0.067655	1.570000
649	0.572442	0.181290	0.132926	1.570000
650	0.542035	0.283288	0.064581	1.570000
651	0.536405	0.229073	-0.194987	1.570000
652	0.559382	0.232629	-0.105833	1.570000
653	0.582597	0.082096	0.179070	1.570000
654	0.591290	-0.145420	-0.086339	1.570000
655	0.591564	0.161383	-0.047249	1.570000
656	0.375359	0.399137	0.279321	1.570000
657	0.533558	0.305685	0.009851	1.570000
658	0.522876	0.322912	0.023540	1.570000
659	0.592263	-0.094447	-0.136122	1.570000
660	0.493860	0.339438	-0.138235	1.570000
661	0.595064	0.114735	-0.104691	1.570000
662	0.614626	0.013794	-0.016413	1.570000
663	0.603203	-0.025291	0.117183	1.570000
664	0.483846	0.369348	0.087751	1.570000
665	0.598479	0.126775	0.063051	1.570000
666	0.610705	0.055023	-0.047301	1.570000
667	0.607557	-0.010844	-0.094774	1.570000
668	0.607624	0.043053	0.084641	1.570000
669	0.611128	0.058180	-0.036912	1.570000
670	0.613810	-0.008518	0.037277	1.570000
671	0.574967	0.213294	0.046294	1.570000
672	0.612795	0.045035	0.026052	1.570000
673	0.611705	-0.033010	-0.054331	1.570000
674	0.601763	0.021057	0.125153	1.570000
675	0.598598	0.036023	-0.136410	1.570000
676	0.560851	0.163546	-0.192156	1.570000
677	0.608721	-0.073546	-0.047699	1.570000
678	0.587318	0.067347	-0.169550	1.570000
679	0.539742	0.206429	-0.210454	1.570000
680	0.565256	0.208250	-0.123863	1.570000
681	0.596097	0.145006	-0.043209	1.570000
682	0.609045	0.082869	-0.020544	1.570000
683	0.595835	0.049125	0.144195	1.570000
684	0.589037	0.057265	-0.167274	1.570000
685	0.596905	0.144099	0.034135	1.570000
686	0.605616	0.037742	-0.100149	1.570000
687	0.614608	-0.003480	-0.021675	1.570000
688	0.605244	0.059151	-0.091685	1.570000
689	0.607009	0.097906	0.013377	1.570000
690	0.570674	0.193146	0.123493	1.570000
691	0.595251	-0.146757	0.048622	1.570000
692	0.516040	0.151812	0.298129	1.570000
693	0.579545	0.159057	-0.130588	1.570000
694	0.611138	0.057642	-0.037585	1.570000
695	0.613302	0.025377	-0.037963	1.570000
696	0.597745	0.010793	0.144255	1.570000
697	0.605596	0.069226	0.081770	1.570000
698	0.558918	-0.183009	0.179843	1.570000
699	0.611831	-0.061878	0.007662	1.570000
700	0.565400	-0.017151	0.241357	1.570000
701	0.530429	0.242516	-0.195080	1.570000
702	0.611652	0.044901	-0.045728	1.570000
703	0.555113	0.251943	0.081235	1.570000
704	0.589172	-0.120185	0.129064	1.570000
705	0.597441	0.145790	0.005889	1.570000
706	0.591471	0.157883	0.058817	1.570000
707	0.598473	0.138870	-0.027743	1.570000
708	0.502367	0.297888	0.192653	1.570000
709	0.599284	0.118390	-0.071185	1.570000
710	0.558342	0.042221	-0.254354	1.570000
711	0.549864	0.125840	0.245029	1.570000
712	0.540938	-0.272059	-0.107683	1.570000
713	0.598027	-0.066814	0.126984	1.570000
714	0.486368	0.357115	0.118913	1.570000
715	0.546402	0.255789	-0.119338	1.570000
716	0.586053	-0.117863	0.144483	1.570000
717	0.598974	-0.121285	0.068884	1.570000
718	0.574607	0.189310	0.110516	1.570000
719	0.500002	0.107780	-0.341477	1.570000
720	0.611136	0.053749	0.042999	1.570000
721	0.598037	-0.102215	-0.100645	1.570000
722	0.611797	0.010876	0.061734	1.570000
723	0.576382	-0.050933	-0.208362	1.570000
724	0.575047	0.192630	0.102174	1.570000
725	0.590193	0.133141	0.110322	1.570000
726	0.587259	0.163516	-0.081332	1.570000
727	0.609503	-0.028350	-0.076989	1.570000
728	0.596162	0.094899	-0.117517	1.570000
729	0.611107	0.069047	0.002484	1.570000
730	0.564124	-0.235619	0.066878	1.570000
731	0.606219	0.097175	0.035790	1.570000
732	0.610145	0.072707	0.025735	1.570000
733	0.614120	0.032080	-0.007261	1.570000
734	0.596176	-0.150043	0.016910	1.570000
735	0.593483	0.105916	0.121591	1.570000
736	0.564722	0.127250	0.207656	1.570000
737	0.547916	-0.013582	0.278977	1.570000
738	0.216982	0.389601	0.423503	1.570000
739	0.587172	0.099794	0.153280	1.570000
740	0.602628	-0.122727	0.001431	1.570000
741	0.574528	0.185757	0.116779	1.570000
742	0.612732	0.044084	0.029004	1.570000
743	0.602536	-0.019813	0.121587	1.570000
744	0.557465	-0.151768	0.210771	1.570000
745	0.522841	0.323478	0.014971	1.570000
746	0.538965	-0.009718	0.296052	1.570000
747	0.543337	-0.273506	0.090575	1.570000
748	0.608867	-0.070704	-0.050074	1.570000
749	0.565298	0.054370	-0.236023	1.570000
750	0.542434	-0.067927	-0.281738	1.570000
751	0.605949	-0.075997	-0.072634	1.570000
752	0.445814	-0.215743	-0.364596	1.570000
753	0.591255	0.038567	-0.164789	1.570000
754	0.598355	0.029384	-0.139043	1.570000
755	0.597625	0.143263	0.023342	1.570000
756	0.568279	-0.079355	0.221329	1.570000
757	0.569908	0.205418	0.105987	1.570000
758	0.391261	0.199125	-0.430685	1.570000
759	0.579785	-0.067602	-0.193659	1.570000
760	0.557531	0.015700	-0.259110	1.570000
761	0.611259	0.057952	-0.035050	1.570000
762	0.531087	0.310005	0.008275	1.570000
763	0.586084	0.159940	0.095656	1.570000
764	0.562954	0.194648	0.153036	1.570000
765	0.609951	-0.027474	-0.073687	1.570000
766	0.546294	0.178292	-0.219088	1.570000
767	0.612020	0.059381	0.011443	1.570000
768	0.592742	-0.099640	0.130208	1.570000
769	0.614087	-0.015954	0.029455	1.570000
770	0.589210	0.174845	-0.022042	1.570000
771	0.578602	0.202130	-0.050877	1.570000
772	0.601372	-0.062834	-0.112379	1.570000
773	0.607567	-0.062929	-0.071608	1.570000
774	0.526536	0.316354	0.030073	1.570000
775	0.566817	0.093080	-0.219725	1.570000
776	0.596801	0.120429	0.086891	1.570000
777	0.504439	0.333113	-0.113147	1.570000
778	0.580971	0.201603	-0.007298	1.570000
779	0.609792	0.077859	-0.017781	1.570000
780	0.586779	-0.183154	0.019247	1.570000
781	0.606333	-0.101468	-0.017004	1.570000
782	0.610815	0.060053	0.039039	1.570000
783	0.613939	0.001265	-0.036087	1.570000
784	0.597336	0.146267	0.004540	1.570000
785	0.592744	-0.021911	0.162479	1.570000
786	0.604437	0.015704	-0.112405	1.570000
787	0.609529	0.079688	-0.018674	1.570000
788	0.594051	-0.115746	0.109233	1.570000
789	0.565229	-0.154199	0.186986	1.570000
790	0.609692	-0.055195	0.058773	1.570000
791	0.591002	0.132268	-0.106990	1.570000
792	0.592166	0.131440	0.101432	1.570000
793	0.605848	0.073449	0.076013	1.570000
794	0.613361	0.041681	0.016603	1.570000
795	0.610592	0.072679	0.010986	1.570000
796	0.601273	0.083356	-0.098731	1.570000
797	0.570114	-0.074657	-0.218223	1.570000
798	0.578883	0.102631	0.180517	1.570000
799	0.606921	0.085862	0.049992	1.570000
800	0.605868	-0.098805	-0.037229	1.570000
801	0.597004	0.061886	0.134094	1.570000
802	0.593713	0.146471	0.065390	1.570000
803	0.604642	0.111998	0.009463	1.570000
804	0.546844	0.127742	0.250736	1.570000
805	0.572831	0.209733	-0.078117	1.570000
806	0.608117	0.041689	-0.081736	1.570000
807	0.592350	-0.154662	0.058532	1.570000
808	0.568488	0.040261	0.231139	1.570000
809	0.590478	0.155137	0.074115	1.570000
810	0.577820	0.210551	0.004123	1.570000
811	0.572568	0.208976	-0.081977	1.570000
812	0.585982	0.008816	0.186474	1.570000
813	0.477398	0.275347	0.272946	1.570000
814	0.500599	0.279704	-0.222241	1.570000
815	0.599980	0.116563	-0.068284	1.570000
816	0.612221	0.057867	0.007881	1.570000
817	0.558875	0.252495	0.046160	1.570000
818	0.580320	0.203193	-0.012903	1.570000
819	0.458763	-0.391051	0.121820	1.570000
820	0.542591	-0.289467	-0.005406	1.570000
821	0.579352	0.205756	-0.015522	1.570000
822	0.586077	0.147131	-0.114419	1.570000
823	0.601817	0.117332	0.047698	1.570000
824	0.603379	0.118869	-0.005334	1.570000
825	0.494338	0.286711	0.227271	1.570000
826	0.610619	0.008730	-0.072752	1.570000
827	0.604153	0.107490	0.040870	1.570000
828	0.607584	-0.036159	0.088088	1.570000
829	0.588032	0.124839	-0.129839	1.570000
830	0.565662	0.139580	-0.196898	1.570000
831	0.594989	0.126142	0.091108	1.570000
832	0.603779	0.102959	-0.055454	1.570000
833	0.603801	0.086150	-0.078912	1.570000
834	0.602113	-0.124380	-0.014640	1.570000
835	0.550029	-0.035092	0.272876	1.570000
836	0.561273	0.050526	0.246262	1.570000
837	0.608394	0.021520	0.087285	1.570000
838	0.597488	0.013839	0.145058	1.570000
839	0.607085	-0.090548	-0.038394	1.570000
840	0.605146	0.052972	0.096010	1.570000
841	0.586200	-0.120835	0.141400	1.570000
842	0.591542	0.044754	0.162172	1.570000
843	0.408653	-0.047629	0.457120	1.570000
844	0.599407	0.043737	0.130472	1.570000
845	0.595512	0.153580	-0.001889	1.570000
846	0.591241	0.151660	0.075220	1.570000
847	0.583416	0.009069	0.194340	1.570000
848	0.543014	0.115395	0.264660	1.570000
849	0.573795	-0.071392	0.209493	1.570000
850	0.561533	0.244261	0.056941	1.570000
