1	-0.499151	0.211963	-0.290078	-2.400000
2	-0.603745	-0.037487	0.110958	-2.400000
3	-0.514130	-0.335994	-0.031682	-2.400000
4	-0.600374	0.056417	0.120805	-2.400000
5	-0.596590	0.061176	-0.136244	-2.400000
6	-0.581976	0.196752	0.028602	-2.400000
7	-0.536761	-0.089489	0.286539	-2.400000
8	-0.596704	-0.053566	-0.138926	-2.400000
9	-0.572259	0.169008	-0.148933	-2.400000
10	-0.609872	0.055363	0.056710	-2.400000
11	-0.551103	-0.247702	-0.114694	-2.400000
12	-0.576465	0.151400	0.151628	-2.400000
13	-0.480654	-0.123651	0.363191	-2.400000
14	-0.587071	-0.128270	0.130843	-2.400000
15	-0.610878	-0.048776	-0.051711	-2.400000
16	-0.604415	0.090225	-0.069046	-2.400000
17	-0.604267	-0.041424	0.106631	-2.400000
18	-0.553545	0.246818	0.104374	-2.400000
19	-0.525902	-0.228620	-0.222227	-2.400000
20	-0.577052	-0.079936	0.197094	-2.400000
21	-0.550257	-0.195129	0.193306	-2.400000
22	-0.581281	0.078086	0.185039	-2.400000
23	-0.592452	0.128579	-0.103405	-2.400000
24	-0.604881	0.087454	0.068528	-2.400000
25	-0.573215	0.222709	0.007063	-2.400000
26	-0.607650	0.050673	-0.080117	-2.400000
27	-0.598142	0.106086	-0.095900	-2.400000
28	-0.598431	0.105040	0.095247	-2.400000
29	-0.573840	-0.174253	0.136266	-2.400000
30	-0.539288	-0.114533	0.272536	-2.400000
31	-0.592037	0.131782	-0.101736	-2.400000
32	-0.608937	0.086127	-0.001856	-2.400000
33	-0.608574	-0.037498	0.080349	-2.400000
34	-0.611443	-0.026813	-0.060359	-2.400000
35	-0.591667	-0.085193	-0.144561	-2.400000
36	-0.527971	-0.228430	-0.217467	-2.400000
37	-0.597704	0.129257	0.065326	-2.400000
38	-0.579794	0.204805	0.010884	-2.400000
39	-0.611737	0.063002	0.005812	-2.400000
40	-0.583581	-0.059833	0.184601	-2.400000
41	-0.498962	-0.124087	0.337438	-2.400000
42	-0.614192	0.030476	-0.007987	-2.400000
43	-0.608228	-0.053094	-0.073924	-2.400000
44	-0.613299	-0.043242	0.014826	-2.400000
45	-0.599500	-0.084962	-0.107730	-2.400000
46	-0.601416	-0.047682	0.119372	-2.400000
47	-0.585212	-0.009882	0.188823	-2.400000
48	-0.584407	0.066902	0.179492	-2.400000
49	-0.560668	0.252411	0.012839	-2.400000
50	-0.604444	0.005572	-0.113318	-2.400000
51	-0.605443	-0.025124	0.105035	-2.400000
52	-0.578966	0.011255	0.207115	-2.400000
53	-0.541292	0.004447	0.291904	-2.400000
54	-0.551406	-0.271029	0.026829	-2.400000
55	-0.573011	-0.122377	0.186835	-2.400000
56	-0.602484	-0.123001	0.010423	-2.400000
57	-0.581527	-0.198344	0.026672	-2.400000
58	-0.515724	-0.231633	0.242075	-2.400000
59	-0.568662	0.002117	-0.234187	-2.400000
60	-0.612023	-0.059292	0.011724	-2.400000
61	-0.605371	0.074917	-0.078350	-2.400000
62	-0.604111	-0.070187	-0.091368	-2.400000
63	-0.586586	-0.161527	0.089726	-2.400000
64	-0.546532	-0.163318	0.229903	-2.400000
65	-0.535159	-0.300080	0.042217	-2.400000
66	-0.549622	0.066712	-0.267750	-2.400000
67	-0.571899	0.196826	-0.111429	-2.400000
68	-0.590659	0.157311	-0.067829	-2.400000
69	-0.611070	-0.050400	-0.047729	-2.400000
70	-0.581700	0.068931	0.187348	-2.400000
71	-0.610002	0.043930	0.064748	-2.400000
72	-0.580357	0.190287	0.072121	-2.400000
73	-0.610832	0.047276	-0.053615	-2.400000
74	-0.591843	-0.059731	0.156137	-2.400000
75	-0.607633	-0.063459	0.070567	-2.400000
76	-0.574247	0.195083	0.102017	-2.400000
77	-0.553318	0.001164	0.268445	-2.400000
78	-0.560822	0.252396	-0.000685	-2.400000
79	-0.578684	0.176418	0.110575	-2.400000
80	-0.589864	0.172165	-0.025384	-2.400000
81	-0.613408	-0.024500	-0.036814	-2.400000
82	-0.570900	-0.004379	0.228647	-2.400000
83	-0.613756	0.009377	0.037962	-2.400000
84	-0.583886	-0.165534	-0.099504	-2.400000
85	-0.571870	0.217663	0.061745	-2.400000
86	-0.582328	0.012073	0.197417	-2.400000
87	-0.590436	0.134373	0.107488	-2.400000
88	-0.561912	0.236013	0.082330	-2.400000
89	-0.600035	-0.022761	0.132907	-2.400000
90	-0.533746	-0.055839	0.300369	-2.400000
91	-0.610875	-0.070710	0.007510	-2.400000
92	-0.593230	-0.050595	0.154090	-2.400000
93	-0.583712	-0.006270	-0.193560	-2.400000
94	-0.586215	-0.071268	-0.171749	-2.400000
95	-0.509869	-0.342185	-0.034175	-2.400000
96	-0.599111	0.058091	-0.126160	-2.400000
97	-0.572133	-0.088830	0.207359	-2.400000
98	-0.599524	0.056191	-0.125052	-2.400000
99	-0.613640	0.018293	0.036561	-2.400000
100	-0.532011	0.071177	-0.300205	-2.400000
101	-0.576439	-0.146299	-0.156652	-2.400000
102	-0.590434	0.124680	-0.118607	-2.400000
103	-0.594610	-0.055202	-0.147025	-2.400000
104	-0.613765	-0.013765	-0.036446	-2.400000
105	-0.589643	-0.165760	-0.055402	-2.400000
106	-0.611313	0.062996	-0.023516	-2.400000
107	-0.595415	0.063966	0.140053	-2.400000
108	-0.611146	-0.061721	0.030270	-2.400000
109	-0.570103	-0.189063	0.132145	-2.400000
110	-0.584733	0.003978	0.190515	-2.400000
111	-0.563291	-0.207354	-0.133912	-2.400000
112	-0.576592	-0.189033	-0.100169	-2.400000
113	-0.608572	0.026008	-0.084789	-2.400000
114	-0.587399	-0.180132	0.027206	-2.400000
115	-0.565108	-0.218611	0.105295	-2.400000
116	-0.601228	0.044081	-0.121684	-2.400000
117	-0.531297	0.264302	0.161534	-2.400000
118	-0.588351	0.053139	0.171010	-2.400000
119	-0.593985	-0.114990	-0.110381	-2.400000
120	-0.587650	-0.016629	0.180598	-2.400000
121	-0.614980	0.002735	-0.004137	-2.400000
122	-0.606261	-0.023779	-0.100534	-2.400000
123	-0.568080	0.231788	0.042237	-2.400000
124	-0.603594	-0.078147	-0.088276	-2.400000
125	-0.531807	-0.100350	-0.292125	-2.400000
126	-0.561964	-0.231452	-0.094086	-2.400000
127	-0.611714	-0.057160	0.027636	-2.400000
128	-0.596846	0.016212	0.147435	-2.400000
129	-0.508359	0.055665	0.341611	-2.400000
130	-0.587953	-0.170505	0.058859	-2.400000
131	-0.581709	0.060433	0.190231	-2.400000
132	-0.571329	0.200383	-0.107955	-2.400000
133	-0.576715	-0.043302	-0.209166	-2.400000
134	-0.529070	-0.285868	0.128799	-2.400000
135	-0.502648	-0.220038	0.277764	-2.400000
136	-0.607262	-0.019795	0.095215	-2.400000
137	-0.577171	0.125422	0.171369	-2.400000
138	-0.611586	-0.002865	0.064649	-2.400000
139	-0.472097	-0.297832	-0.258158	-2.400000
140	-0.602875	-0.042393	0.113885	-2.400000
141	-0.591370	0.167714	0.019437	-2.400000
142	-0.585030	-0.076129	0.173692	-2.400000
143	-0.472376	0.005369	0.393772	-2.400000
144	-0.612815	-0.026762	0.044348	-2.400000
145	-0.614657	-0.020358	-0.002704	-2.400000
146	-0.563603	-0.144935	0.198922	-2.400000
147	-0.599070	-0.073777	-0.117885	-2.400000
148	-0.602997	0.101368	-0.065906	-2.400000
149	-0.571464	0.011163	-0.227001	-2.400000
150	-0.602719	-0.009352	0.121934	-2.400000
151	-0.609444	-0.054685	-0.061744	-2.400000
152	-0.570675	-0.216036	0.076704	-2.400000
153	-0.614278	-0.021543	0.020586	-2.400000
154	-0.602816	0.121182	0.012345	-2.400000
155	-0.605487	0.105996	-0.019363	-2.400000
156	-0.614614	0.021749	0.001335	-2.400000
157	-0.607108	-0.003489	0.098143	-2.400000
158	-0.556002	-0.216447	0.149124	-2.400000
159	-0.558339	-0.066703	0.249064	-2.400000
160	-0.605949	-0.081993	0.065789	-2.400000
161	-0.600123	-0.110338	-0.076835	-2.400000
162	-0.589182	-0.139791	-0.107464	-2.400000
163	-0.591936	0.008916	0.166606	-2.400000
164	-0.511218	-0.239093	0.244369	-2.400000
165	-0.611307	0.043979	0.050931	-2.400000
166	-0.562324	-0.244284	0.048397	-2.400000
167	-0.612649	0.033727	-0.041824	-2.400000
168	-0.559567	-0.036187	-0.252588	-2.400000
169	-0.602779	-0.115027	-0.040628	-2.400000
170	-0.614847	0.004544	0.012958	-2.400000
171	-0.613571	0.030145	0.029111	-2.400000
172	-0.605505	-0.098693	0.042989	-2.400000
173	-0.610954	0.056579	-0.041945	-2.400000
174	-0.608917	0.015902	0.084805	-2.400000
175	-0.589238	0.161315	0.070722	-2.400000
176	-0.600332	-0.078700	0.107854	-2.400000
177	-0.561828	0.172843	-0.180831	-2.400000
178	-0.594449	0.151740	-0.042780	-2.400000
179	-0.550827	0.269700	-0.045575	-2.400000
180	-0.595478	0.146214	-0.047457	-2.400000
181	-0.595599	0.153006	-0.008737	-2.400000
182	-0.614342	0.000960	0.028421	-2.400000
183	-0.600860	0.089590	0.095740	-2.400000
184	-0.563519	0.243452	-0.037447	-2.400000
185	-0.586632	0.160089	0.091978	-2.400000
186	-0.593073	0.127164	0.101581	-2.400000
187	-0.609703	0.017876	-0.078535	-2.400000
188	-0.590927	0.155884	-0.068780	-2.400000
189	-0.540416	-0.004001	-0.293530	-2.400000
190	-0.580260	-0.059659	0.194845	-2.400000
191	-0.612551	-0.023302	0.049626	-2.400000
192	-0.610613	-0.004982	0.073161	-2.400000
193	-0.564314	0.012210	-0.244184	-2.400000
194	-0.600669	0.091058	-0.095550	-2.400000
195	-0.604538	0.103937	-0.044231	-2.400000
196	-0.602345	0.092752	0.082474	-2.400000
197	-0.566773	-0.020424	0.237858	-2.400000
198	-0.613949	0.008774	-0.034857	-2.400000
199	-0.584164	0.076412	-0.176462	-2.400000
200	-0.594072	0.042329	-0.153334	-2.400000
201	-0.597484	-0.102780	-0.103313	-2.400000
202	-0.609723	-0.041492	-0.068859	-2.400000
203	-0.531647	-0.267979	0.154155	-2.400000
204	-0.607960	0.004897	-0.092656	-2.400000
205	-0.593847	0.155274	-0.038219	-2.400000
206	-0.606075	-0.013169	-0.103562	-2.400000
207	-0.570127	-0.042317	0.226693	-2.400000
208	-0.496520	-0.188016	-0.310391	-2.400000
209	-0.604818	-0.106310	0.033442	-2.400000
210	-0.577508	-0.196577	-0.077888	-2.400000
211	-0.579568	-0.194676	0.066536	-2.400000
212	-0.607352	0.076963	-0.058524	-2.400000
213	-0.601907	0.106219	-0.068194	-2.400000
214	-0.599772	-0.098174	-0.094128	-2.400000
215	-0.548940	-0.276902	0.014674	-2.400000
216	-0.585401	-0.177956	0.062148	-2.400000
217	-0.609257	-0.083850	0.000157	-2.400000
218	-0.606862	0.099004	-0.011919	-2.400000
219	-0.606167	0.089219	0.053167	-2.400000
220	-0.611538	0.060264	0.024800	-2.400000
221	-0.599123	0.129933	-0.048925	-2.400000
222	-0.610655	-0.022095	-0.069554	-2.400000
223	-0.570447	-0.161665	0.163338	-2.400000
224	-0.608086	-0.091697	0.006899	-2.400000
225	-0.546994	-0.136889	0.245528	-2.400000
226	-0.598469	0.115134	0.082484	-2.400000
227	-0.609646	0.069345	0.041810	-2.400000
228	-0.602965	-0.077248	0.093228	-2.400000
229	-0.578019	0.199768	0.064896	-2.400000
230	-0.592958	0.060963	-0.151360	-2.400000
231	-0.579467	-0.158454	-0.131664	-2.400000
232	-0.608941	0.002732	-0.086069	-2.400000
233	-0.570243	-0.048483	0.225160	-2.400000
234	-0.560877	-0.042189	0.248720	-2.400000
235	-0.600699	0.087892	0.098288	-2.400000
236	-0.610894	-0.027601	0.065360	-2.400000
237	-0.601233	0.014900	0.128537	-2.400000
238	-0.612943	-0.019829	0.046181	-2.400000
239	-0.573283	0.112101	-0.192367	-2.400000
240	-0.535599	-0.084308	-0.290260	-2.400000
241	-0.608360	0.061988	0.065422	-2.400000
242	-0.600780	0.018233	0.130216	-2.400000
243	-0.586467	0.073302	0.170025	-2.400000
244	-0.551820	0.237855	-0.130937	-2.400000
245	-0.613606	-0.008379	-0.040534	-2.400000
246	-0.549119	-0.276659	0.012382	-2.400000
247	-0.590658	0.065858	-0.158149	-2.400000
248	-0.613343	0.026130	0.036780	-2.400000
249	-0.591793	0.155745	-0.061234	-2.400000
250	-0.590940	-0.125997	0.114630	-2.400000
251	-0.611429	0.020770	0.062834	-2.400000
252	-0.613282	0.031039	-0.033870	-2.400000
253	-0.610483	-0.014117	0.073050	-2.400000
254	-0.562466	-0.178193	0.173504	-2.400000
255	-0.610979	0.017806	0.067916	-2.400000
256	-0.587341	0.152580	0.099877	-2.400000
257	-0.604638	0.095013	0.060088	-2.400000
258	-0.609304	-0.071055	-0.043877	-2.400000
259	-0.590305	-0.171302	0.020510	-2.400000
260	-0.584302	-0.181907	-0.061040	-2.400000
261	-0.604236	0.075571	0.086096	-2.400000
262	-0.608968	-0.067147	-0.053613	-2.400000
263	-0.603634	0.070066	-0.094563	-2.400000
264	-0.606766	-0.017163	-0.098821	-2.400000
265	-0.609271	-0.081290	0.020148	-2.400000
266	-0.598424	0.140189	0.021466	-2.400000
267	-0.599716	0.136061	0.007292	-2.400000
268	-0.596562	-0.021601	0.147891	-2.400000
269	-0.579310	-0.182055	-0.097371	-2.400000
270	-0.607470	-0.069628	0.066010	-2.400000
271	-0.596606	0.118861	-0.090326	-2.400000
272	-0.614840	0.009042	-0.010727	-2.400000
273	-0.582939	0.191989	0.039329	-2.400000
274	-0.614979	-0.001261	-0.004958	-2.400000
275	-0.614809	-0.013054	-0.008057	-2.400000
276	-0.591673	0.128291	-0.108117	-2.400000
277	-0.602000	-0.107206	0.065788	-2.400000
278	-0.610893	-0.043551	-0.056023	-2.400000
279	-0.610625	0.055706	0.047526	-2.400000
280	-0.579659	0.195183	-0.064221	-2.400000
281	-0.592942	-0.111047	-0.119638	-2.400000
282	-0.608775	0.022683	0.084282	-2.400000
283	-0.608294	0.087193	-0.024501	-2.400000
284	-0.576577	0.117458	0.178851	-2.400000
285	-0.583812	0.192252	0.020665	-2.400000
286	-0.603198	0.059211	-0.104267	-2.400000
287	-0.610029	0.020739	0.075227	-2.400000
288	-0.581986	-0.054159	0.191269	-2.400000
289	-0.600232	0.123512	0.051876	-2.400000
290	-0.520994	0.211894	0.248779	-2.400000
291	-0.584391	0.073246	-0.177051	-2.400000
292	-0.610202	-0.037971	0.066612	-2.400000
293	-0.578816	0.062182	-0.198319	-2.400000
294	-0.592537	-0.016094	0.163909	-2.400000
295	-0.612988	-0.041204	0.027808	-2.400000
296	-0.610865	0.057269	-0.042305	-2.400000
297	-0.604060	0.105550	0.046859	-2.400000
298	-0.600774	-0.107961	0.075104	-2.400000
299	-0.575528	-0.109020	-0.187369	-2.400000
300	-0.587099	0.176580	0.048567	-2.400000
301	-0.614249	0.027170	0.013621	-2.400000
302	-0.608462	-0.087479	0.018619	-2.400000
303	-0.614395	0.025115	-0.010603	-2.400000
304	-0.582540	0.165991	-0.106389	-2.400000
305	-0.586627	0.080605	-0.166121	-2.400000
306	-0.613571	0.016613	0.038473	-2.400000
307	-0.585012	-0.174706	-0.073919	-2.400000
308	-0.596834	-0.125765	-0.078720	-2.400000
309	-0.614912	0.005952	-0.008559	-2.400000
310	-0.595776	-0.149176	0.031978	-2.400000
311	-0.603037	-0.073944	-0.095416	-2.400000
312	-0.609634	-0.066654	-0.046142	-2.400000
313	-0.584178	0.189152	0.034382	-2.400000
314	-0.608498	-0.086956	0.019846	-2.400000
315	-0.601307	-0.120475	-0.046273	-2.400000
316	-0.600802	-0.103494	-0.080936	-2.400000
317	-0.565166	-0.105658	-0.218287	-2.400000
318	-0.569613	-0.204168	-0.109916	-2.400000
319	-0.600153	-0.040336	0.128119	-2.400000
320	-0.599096	0.039972	0.133082	-2.400000
321	-0.605759	0.067279	-0.082185	-2.400000
322	-0.592793	-0.156351	0.048746	-2.400000
323	-0.593508	-0.157938	0.032070	-2.400000
324	-0.605622	-0.101250	0.034572	-2.400000
325	-0.602153	-0.037833	0.119188	-2.400000
326	-0.604733	0.088011	-0.069120	-2.400000
327	-0.558943	0.180034	0.182743	-2.400000
328	-0.603501	0.043904	-0.109928	-2.400000
329	-0.601718	0.084776	-0.094729	-2.400000
330	-0.607347	-0.022552	0.094050	-2.400000
331	-0.611801	-0.061049	-0.014078	-2.400000
332	-0.599477	-0.134463	0.027777	-2.400000
333	-0.614911	-0.009463	0.004394	-2.400000
334	-0.607641	0.067774	-0.066366	-2.400000
335	-0.601339	-0.035463	0.123929	-2.400000
336	-0.600163	0.094060	-0.095825	-2.400000
337	-0.587612	-0.051034	0.174164	-2.400000
338	-0.500433	-0.343152	0.100196	-2.400000
339	-0.609190	-0.052857	0.065718	-2.400000
340	-0.565424	-0.000975	0.241908	-2.400000
341	-0.561228	0.213422	0.133037	-2.400000
342	-0.608498	0.072510	0.051937	-2.400000
343	-0.606310	-0.068651	-0.076817	-2.400000
344	-0.605155	0.101490	-0.041385	-2.400000
345	-0.579567	0.080085	-0.189509	-2.400000
346	-0.582381	-0.029684	0.195388	-2.400000
347	-0.554258	-0.147215	0.222150	-2.400000
348	-0.614513	-0.018707	0.015781	-2.400000
349	-0.614798	-0.013865	0.007464	-2.400000
350	-0.587278	-0.176131	-0.048032	-2.400000
351	-0.613653	-0.000944	0.040678	-2.400000
352	-0.614956	0.001253	-0.007228	-2.400000
353	-0.593144	-0.095730	-0.131303	-2.400000
354	-0.576462	-0.208866	-0.047873	-2.400000
355	-0.579163	0.181612	0.099054	-2.400000
356	-0.588896	-0.083111	0.156584	-2.400000
357	-0.600875	-0.071594	0.109764	-2.400000
358	-0.549221	-0.246071	-0.126611	-2.400000
359	-0.591735	-0.068446	-0.152937	-2.400000
360	-0.614741	0.003400	0.017510	-2.400000
361	-0.611124	-0.063400	0.027080	-2.400000
362	-0.534649	-0.303906	0.004011	-2.400000
363	-0.584588	-0.188831	0.028711	-2.400000
364	-0.600093	-0.105741	0.083262	-2.400000
365	-0.568032	-0.015737	0.235195	-2.400000
366	-0.591581	0.040625	-0.163116	-2.400000
367	-0.607351	-0.061177	0.074881	-2.400000
368	-0.607894	0.081820	0.044663	-2.400000
369	-0.597045	0.059500	0.134991	-2.400000
370	-0.607566	-0.088025	0.036609	-2.400000
371	-0.610271	0.060576	-0.046101	-2.400000
372	-0.592811	-0.107390	0.123561	-2.400000
373	-0.598742	0.006844	-0.140310	-2.400000
374	-0.608568	-0.019310	0.086584	-2.400000
375	-0.608774	0.050962	0.070863	-2.400000
376	-0.613692	0.001151	-0.040075	-2.400000
377	-0.600553	0.120047	-0.056119	-2.400000
378	-0.597577	-0.126159	0.072187	-2.400000
379	-0.613831	-0.026305	-0.027288	-2.400000
380	-0.553063	0.179093	-0.200680	-2.400000
381	-0.612777	-0.038538	-0.035278	-2.400000
382	-0.609486	-0.000519	-0.082171	-2.400000
383	-0.568364	0.229993	0.047857	-2.400000
384	-0.608124	0.087627	0.027059	-2.400000
385	-0.610291	-0.060351	-0.046126	-2.400000
386	-0.575382	-0.028099	0.215339	-2.400000
387	-0.602997	-0.111691	0.046311	-2.400000
388	-0.598031	0.142127	-0.019605	-2.400000
389	-0.578402	0.038484	-0.205414	-2.400000
390	-0.614995	-0.001869	-0.001677	-2.400000
391	-0.551524	0.192336	-0.192491	-2.400000
392	-0.587476	0.147776	-0.106111	-2.400000
393	-0.608244	-0.071555	0.056077	-2.400000
394	-0.607017	-0.016214	-0.097430	-2.400000
395	-0.604956	-0.041078	0.102792	-2.400000
396	-0.609083	0.035682	0.077263	-2.400000
397	-0.610099	0.054790	-0.054794	-2.400000
398	-0.608071	0.032574	0.086102	-2.400000
399	-0.577127	0.134495	-0.164501	-2.400000
400	-0.604601	0.018409	0.111104	-2.400000
401	-0.610259	-0.007538	0.075842	-2.400000
402	-0.612125	-0.050428	0.031392	-2.400000
403	-0.611420	-0.063813	-0.017833	-2.400000
404	-0.607781	0.044554	0.082716	-2.400000
405	-0.575934	-0.215669	-0.003488	-2.400000
406	-0.610150	-0.077033	-0.002725	-2.400000
407	-0.602086	0.049909	0.115006	-2.400000
408	-0.607447	-0.092745	0.025118	-2.400000
409	-0.608613	-0.056131	0.068293	-2.400000
410	-0.592938	0.091867	-0.134945	-2.400000
411	-0.610831	-0.007498	-0.071090	-2.400000
412	-0.611011	0.009868	-0.069237	-2.400000
413	-0.611161	-0.068168	-0.007784	-2.400000
414	-0.606237	0.003066	0.103407	-2.400000
415	-0.595271	-0.153138	0.020655	-2.400000
416	-0.602495	-0.083442	-0.090894	-2.400000
417	-0.576176	0.205022	0.064902	-2.400000
418	-0.586519	-0.107999	0.150189	-2.400000
419	-0.582587	-0.194402	-0.032028	-2.400000
420	-0.579969	-0.167971	-0.116819	-2.400000
421	-0.607385	-0.035788	0.089597	-2.400000
422	-0.452976	-0.365955	-0.197773	-2.400000
423	-0.608268	-0.085515	0.030368	-2.400000
424	-0.605918	-0.101299	0.028761	-2.400000
425	-0.463907	0.397762	0.069287	-2.400000
426	-0.588791	-0.113274	0.136817	-2.400000
427	-0.578276	-0.208963	0.012480	-2.400000
428	-0.569338	-0.189517	0.134769	-2.400000
429	-0.604699	-0.109420	0.024320	-2.400000
430	-0.597338	-0.135942	0.054149	-2.400000
431	-0.609167	0.079008	-0.029978	-2.400000
432	-0.533904	0.277735	-0.126626	-2.400000
433	-0.572598	0.174188	-0.141473	-2.400000
434	-0.540261	-0.025341	-0.292747	-2.400000
435	-0.597548	-0.070638	-0.127170	-2.400000
436	-0.613514	0.040552	-0.013438	-2.400000
437	-0.612120	-0.005762	0.059169	-2.400000
438	-0.578689	0.101117	0.181987	-2.400000
439	-0.614569	-0.006265	-0.022153	-2.400000
440	-0.597180	-0.116916	0.089059	-2.400000
441	-0.560420	0.221085	0.123596	-2.400000
442	-0.600784	0.128676	-0.026955	-2.400000
443	-0.611624	-0.052869	0.036684	-2.400000
444	-0.584966	-0.183613	-0.048230	-2.400000
445	-0.612082	-0.053836	-0.026129	-2.400000
446	-0.602531	0.081698	0.092233	-2.400000
447	-0.579134	0.138581	0.153701	-2.400000
448	-0.611291	-0.042404	0.052443	-2.400000
449	-0.601011	-0.117126	-0.057380	-2.400000
450	-0.610608	0.028306	-0.067689	-2.400000
451	-0.581174	-0.103007	-0.172775	-2.400000
452	-0.507461	-0.027210	-0.346364	-2.400000
453	-0.563823	-0.215103	0.118570	-2.400000
454	-0.604493	-0.098417	0.055927	-2.400000
455	-0.571864	-0.048345	0.221042	-2.400000
456	-0.608931	0.081186	-0.028933	-2.400000
457	-0.598959	-0.128424	-0.054595	-2.400000
458	-0.587329	0.083435	0.162197	-2.400000
459	-0.567806	0.112626	-0.207693	-2.400000
460	-0.607130	-0.034376	-0.091853	-2.400000
461	-0.612257	0.033301	-0.047506	-2.400000
462	-0.555520	-0.134395	0.227071	-2.400000
463	-0.584842	-0.183566	-0.049879	-2.400000
464	-0.590874	0.110133	0.130244	-2.400000
465	-0.589681	-0.000276	0.174646	-2.400000
466	-0.585715	-0.165582	-0.088009	-2.400000
467	-0.613598	-0.018931	0.036942	-2.400000
468	-0.605504	0.102482	0.032966	-2.400000
469	-0.613924	0.003624	0.036191	-2.400000
470	-0.575018	0.216607	0.025700	-2.400000
471	-0.546967	-0.130399	0.249096	-2.400000
472	-0.606383	-0.027774	-0.098760	-2.400000
473	-0.611316	0.048965	-0.046049	-2.400000
474	-0.614903	-0.000069	-0.010947	-2.400000
475	-0.605191	-0.031041	0.104904	-2.400000
476	-0.612706	-0.025039	-0.046793	-2.400000
477	-0.596541	-0.145371	-0.035087	-2.400000
478	-0.604387	0.110148	0.028438	-2.400000
479	-0.606082	-0.059419	-0.085782	-2.400000
480	-0.587873	-0.179550	-0.019794	-2.400000
481	-0.556986	-0.140681	-0.219546	-2.400000
482	-0.598649	0.139393	0.020338	-2.400000
483	-0.605244	-0.037696	-0.102387	-2.400000
484	-0.598150	0.086973	0.113478	-2.400000
485	-0.612510	0.012292	-0.053901	-2.400000
486	-0.574692	-0.087113	-0.200913	-2.400000
487	-0.607667	0.083049	0.045485	-2.400000
488	-0.610277	-0.038183	-0.065791	-2.400000
489	-0.566364	0.011011	-0.239448	-2.400000
490	-0.590994	-0.135291	-0.103189	-2.400000
491	-0.612584	-0.036167	-0.040709	-2.400000
492	-0.594134	0.119938	-0.104137	-2.400000
493	-0.603174	-0.027909	-0.116736	-2.400000
494	-0.602709	0.121916	0.010139	-2.400000
495	-0.609896	-0.059370	0.052222	-2.400000
496	-0.606969	0.011331	-0.098415	-2.400000
497	-0.607070	0.065540	-0.073455	-2.400000
498	-0.589257	-0.167591	0.053981	-2.400000
499	-0.609690	0.008433	0.080199	-2.400000
500	-0.584627	-0.059926	0.181232	-2.400000
501	-0.572712	0.022848	-0.222943	-2.400000
502	-0.602860	-0.049196	-0.111195	-2.400000
503	-0.614928	-0.005613	-0.007517	-2.400000
504	-0.613118	-0.046878	-0.010690	-2.400000
505	-0.611035	0.068437	-0.013344	-2.400000
506	-0.611536	0.049181	-0.042784	-2.400000
507	-0.566835	-0.148950	0.186377	-2.400000
508	-0.606100	-0.047429	-0.092838	-2.400000
509	-0.584974	-0.189646	0.008087	-2.400000
510	-0.562504	0.221179	-0.113550	-2.400000
511	-0.610984	-0.063831	0.029139	-2.400000
512	-0.599076	0.136223	0.027853	-2.400000
513	-0.556727	0.253569	0.063107	-2.400000
514	-0.605626	-0.103353	-0.027576	-2.400000
515	-0.601215	0.079271	0.102379	-2.400000
516	-0.557645	0.257245	0.032900	-2.400000
517	-0.607569	-0.095046	0.007151	-2.400000
518	-0.593990	0.147882	-0.059430	-2.400000
519	-0.608563	0.044684	0.076678	-2.400000
520	-0.587316	-0.164311	-0.079285	-2.400000
521	-0.614909	-0.006729	0.008159	-2.400000
522	-0.595860	0.075819	0.132012	-2.400000
523	-0.526571	-0.128919	-0.290392	-2.400000
524	-0.613707	-0.032866	-0.022540	-2.400000
525	-0.508093	0.346429	0.007351	-2.400000
526	-0.606207	-0.079734	0.066183	-2.400000
527	-0.613263	-0.044938	0.010661	-2.400000
528	-0.588645	-0.147544	-0.099764	-2.400000
529	-0.613870	-0.024778	0.027833	-2.400000
530	-0.587590	-0.098374	0.152597	-2.400000
531	-0.611462	-0.030743	-0.058262	-2.400000
532	-0.525454	-0.237341	0.213991	-2.400000
533	-0.611313	-0.062071	0.025863	-2.400000
534	-0.562813	0.065688	0.239065	-2.400000
535	-0.613790	-0.037712	-0.008058	-2.400000
536	-0.610260	0.050452	0.057116	-2.400000
537	-0.613576	-0.020747	0.036315	-2.400000
538	-0.585270	-0.096939	-0.162131	-2.400000
539	-0.539216	-0.230575	-0.185218	-2.400000
540	-0.594369	-0.157005	-0.017336	-2.400000
541	-0.580946	0.193685	0.056683	-2.400000
542	-0.563552	0.245307	-0.021432	-2.400000
543	-0.612682	0.036924	-0.038510	-2.400000
544	-0.577058	-0.188347	-0.098767	-2.400000
545	-0.601012	-0.116972	0.057683	-2.400000
546	-0.603623	-0.028981	-0.114123	-2.400000
547	-0.607165	-0.082335	-0.052882	-2.400000
548	-0.594562	0.147790	0.053657	-2.400000
549	-0.555875	0.211305	-0.156774	-2.400000
550	-0.601926	-0.041633	-0.119067	-2.400000
551	-0.565261	-0.051416	-0.236774	-2.400000
552	-0.581216	-0.198453	0.032077	-2.400000
553	-0.582852	0.153380	0.122406	-2.400000
554	-0.604307	0.114043	0.005678	-2.400000
555	-0.612849	0.032806	0.039566	-2.400000
556	-0.612364	-0.043739	-0.036367	-2.400000
557	-0.600574	0.120980	0.053852	-2.400000
558	-0.588518	-0.062472	-0.167240	-2.400000
559	-0.590499	-0.171645	-0.008632	-2.400000
560	-0.587397	0.106035	0.148142	-2.400000
561	-0.595519	0.006833	0.153413	-2.400000
562	-0.606737	-0.027687	-0.096582	-2.400000
563	-0.597462	-0.022096	0.144138	-2.400000
564	-0.606992	0.097040	0.019214	-2.400000
565	-0.613721	0.025950	-0.029970	-2.400000
566	-0.600210	-0.115713	-0.067703	-2.400000
567	-0.613887	-0.016922	-0.032892	-2.400000
568	-0.587862	-0.160832	-0.082317	-2.400000
569	-0.614883	-0.011924	-0.001329	-2.400000
570	-0.612928	0.020143	-0.046246	-2.400000
571	-0.574259	0.121324	-0.183664	-2.400000
572	-0.610358	0.073950	-0.014799	-2.400000
573	-0.610922	-0.013206	-0.069461	-2.400000
574	-0.606860	0.097494	-0.020997	-2.400000
575	-0.595580	-0.123748	0.090530	-2.400000
576	-0.614649	-0.006591	0.019716	-2.400000
577	-0.611451	0.045820	0.047474	-2.400000
578	-0.601829	-0.121909	-0.034132	-2.400000
579	-0.611737	-0.047380	-0.041933	-2.400000
580	-0.574940	-0.091709	0.198138	-2.400000
581	-0.612503	0.005592	0.055078	-2.400000
582	-0.603671	-0.060090	-0.100974	-2.400000
583	-0.561507	0.036640	-0.248179	-2.400000
584	-0.599820	0.060234	-0.121709	-2.400000
585	-0.611579	-0.039731	0.051158	-2.400000
586	-0.499698	-0.357694	0.024118	-2.400000
587	-0.577535	0.136323	-0.161537	-2.400000
588	-0.601557	-0.118091	0.049077	-2.400000
589	-0.612383	-0.054166	-0.016661	-2.400000
590	-0.611352	-0.028380	-0.060568	-2.400000
591	-0.614186	0.029558	-0.011238	-2.400000
592	-0.585721	-0.137723	-0.127232	-2.400000
593	-0.614483	0.016578	-0.018989	-2.400000
594	-0.580025	0.011414	-0.204121	-2.400000
595	-0.537129	-0.146578	-0.261213	-2.400000
596	-0.605046	0.042851	-0.101532	-2.400000
597	-0.611078	-0.068258	-0.012248	-2.400000
598	-0.591233	-0.092320	-0.141935	-2.400000
599	-0.582098	-0.194255	-0.040651	-2.400000
600	-0.613895	0.025430	0.026666	-2.400000
601	-0.591051	-0.085997	-0.146588	-2.400000
602	-0.608467	0.044659	-0.077452	-2.400000
603	-0.591256	-0.101505	-0.135419	-2.400000
604	-0.594316	-0.144749	-0.063732	-2.400000
605	-0.599479	-0.039835	0.131389	-2.400000
606	-0.589258	-0.110682	-0.136931	-2.400000
607	-0.575582	-0.211654	0.046183	-2.400000
608	-0.606795	-0.083132	-0.055802	-2.400000
609	-0.610885	0.048749	-0.051650	-2.400000
610	-0.607655	0.027102	-0.090809	-2.400000
611	-0.596582	-0.016234	-0.148497	-2.400000
612	-0.613371	0.042445	0.014131	-2.400000
613	-0.606266	0.031975	-0.098203	-2.400000
614	-0.607549	0.058751	-0.075215	-2.400000
615	-0.610553	0.057932	-0.045765	-2.400000
616	-0.608874	-0.017930	0.084710	-2.400000
617	-0.612011	-0.060367	0.004793	-2.400000
618	-0.597922	-0.143231	-0.014134	-2.400000
619	-0.613586	0.041322	0.005422	-2.400000
620	-0.604677	0.065550	-0.091071	-2.400000
621	-0.609354	0.072741	-0.040263	-2.400000
622	-0.612016	-0.015262	-0.058555	-2.400000
623	-0.561202	0.249338	0.033286	-2.400000
624	-0.613886	0.016990	-0.032868	-2.400000
625	-0.610169	0.054029	-0.054774	-2.400000
626	-0.605151	-0.108626	0.014772	-2.400000
627	-0.597451	-0.142954	-0.029002	-2.400000
628	-0.607120	0.042801	0.088305	-2.400000
629	-0.614732	0.017896	-0.003037	-2.400000
630	-0.609503	0.069651	-0.043351	-2.400000
631	-0.608844	-0.081291	0.030431	-2.400000
632	-0.610778	-0.019714	0.069186	-2.400000
633	-0.590390	-0.146215	-0.091027	-2.400000
634	-0.576999	-0.196809	0.081016	-2.400000
635	-0.609923	-0.078152	0.010543	-2.400000
636	-0.603876	-0.009128	-0.116084	-2.400000
637	-0.614162	0.002356	-0.032012	-2.400000
638	-0.591268	0.167349	0.024921	-2.400000
639	-0.561335	-0.233744	-0.092154	-2.400000
640	-0.604402	-0.113456	-0.007109	-2.400000
641	-0.598836	-0.139442	0.013280	-2.400000
642	-0.500311	-0.056425	0.353171	-2.400000
643	-0.614049	-0.005621	0.033715	-2.400000
644	-0.602906	0.020224	0.119665	-2.400000
645	-0.599045	0.139176	-0.000603	-2.400000
646	-0.581190	-0.037946	-0.197494	-2.400000
647	-0.482167	-0.337014	-0.179337	-2.400000
648	-0.565771	-0.107872	-0.215620	-2.400000
649	-0.587202	-0.106101	0.148865	-2.400000
650	-0.614533	0.021866	0.009805	-2.400000
651	-0.565109	0.226663	0.086604	-2.400000
652	-0.590654	-0.166278	-0.041288	-2.400000
653	-0.614867	0.002326	-0.012568	-2.400000
654	-0.582656	0.171398	-0.096748	-2.400000
655	-0.608816	0.072956	0.047390	-2.400000
656	-0.556001	-0.210325	-0.157644	-2.400000
657	-0.492456	-0.351106	0.111520	-2.400000
658	-0.577861	-0.190331	0.089869	-2.400000
659	-0.612419	0.045397	0.033269	-2.400000
660	-0.578585	-0.202947	-0.047713	-2.400000
661	-0.565162	-0.061868	-0.234497	-2.400000
662	-0.583642	-0.180014	-0.071986	-2.400000
663	-0.548125	-0.048338	-0.274678	-2.400000
664	-0.607083	-0.061432	-0.076823	-2.400000
665	-0.604071	-0.058567	-0.099462	-2.400000
666	-0.599997	-0.089747	0.100869	-2.400000
667	-0.574242	-0.209384	-0.068036	-2.400000
668	-0.610479	-0.074103	-0.006972	-2.400000
669	-0.610198	-0.021175	0.073724	-2.400000
670	-0.580075	-0.203441	-0.018705	-2.400000
671	-0.560826	0.066725	0.243407	-2.400000
672	-0.605619	-0.027954	-0.103291	-2.400000
673	-0.581086	-0.053149	0.194265	-2.400000
674	-0.526316	0.230537	-0.219246	-2.400000
675	-0.558743	-0.221349	-0.130520	-2.400000
676	-0.610541	-0.005685	-0.073705	-2.400000
677	-0.586218	0.064351	0.174450	-2.400000
678	-0.593280	0.141173	-0.079458	-2.400000
679	-0.599408	-0.129010	-0.047874	-2.400000
680	-0.606105	-0.064181	0.082112	-2.400000
681	-0.606896	0.052538	0.084509	-2.400000
682	-0.599385	0.132374	-0.037945	-2.400000
683	-0.611647	0.009201	0.063465	-2.400000
684	-0.475917	-0.277445	-0.273408	-2.400000
685	-0.528823	-0.098620	-0.298070	-2.400000
686	-0.608627	-0.086821	-0.016149	-2.400000
687	-0.584774	-0.162602	-0.099118	-2.400000
688	-0.611600	0.064152	-0.007381	-2.400000
689	-0.586026	-0.150763	-0.109859	-2.400000
690	-0.614120	0.000652	0.032883	-2.400000
691	-0.598092	0.106350	0.095921	-2.400000
692	-0.583054	0.087256	0.175097	-2.400000
693	-0.578803	-0.158441	-0.134568	-2.400000
694	-0.600197	-0.105263	0.083115	-2.400000
695	-0.525115	0.294442	-0.125631	-2.400000
696	-0.613809	-0.011721	0.036410	-2.400000
697	-0.581797	-0.040827	-0.195117	-2.400000
698	-0.573715	-0.213053	-0.060706	-2.400000
699	-0.606423	0.083140	-0.059695	-2.400000
700	-0.594169	-0.094716	-0.127349	-2.400000
701	-0.581408	-0.187582	0.070728	-2.400000
702	-0.571606	-0.132134	-0.184477	-2.400000
703	-0.607158	0.078301	0.058766	-2.400000
704	-0.591363	-0.167801	0.018901	-2.400000
705	-0.576107	0.209517	-0.049278	-2.400000
706	-0.613878	-0.016928	0.033047	-2.400000
707	-0.599402	-0.100712	-0.093804	-2.400000
708	-0.556096	-0.262145	-0.016192	-2.400000
709	-0.569379	0.229341	-0.037890	-2.400000
710	-0.568434	-0.054899	-0.228241	-2.400000
711	-0.594680	-0.156537	-0.008747	-2.400000
712	-0.607094	0.095560	0.023025	-2.400000
713	-0.585270	-0.179875	-0.057700	-2.400000
714	-0.601917	0.093574	-0.084641	-2.400000
715	-0.577875	-0.200605	-0.063589	-2.400000
716	-0.610979	0.068247	-0.016488	-2.400000
717	-0.613878	-0.008466	0.036154	-2.400000
718	-0.610351	-0.066762	0.035204	-2.400000
719	-0.594453	0.124976	0.096084	-2.400000
720	-0.565713	-0.025450	0.239887	-2.400000
721	-0.613797	-0.028078	0.026265	-2.400000
722	-0.591362	0.164598	0.037729	-2.400000
723	-0.575282	-0.179847	0.122192	-2.400000
724	-0.611157	0.004454	-0.068501	-2.400000
725	-0.598774	-0.123245	-0.067123	-2.400000
726	-0.547865	0.172400	-0.219881	-2.400000
727	-0.610888	0.068448	0.018873	-2.400000
728	-0.555378	-0.250322	0.084374	-2.400000
729	-0.339313	0.241471	-0.452530	-2.400000
730	-0.593709	0.160325	-0.005532	-2.400000
731	-0.593991	-0.071274	-0.142546	-2.400000
732	-0.602077	-0.107374	-0.064805	-2.400000
733	-0.605942	0.103111	-0.020675	-2.400000
734	-0.575718	-0.176483	0.125010	-2.400000
735	-0.600910	-0.126649	0.033052	-2.400000
736	-0.509042	-0.328543	-0.105646	-2.400000
737	-0.545677	-0.223998	0.174030	-2.400000
738	-0.574361	0.219129	0.017800	-2.400000
739	-0.597712	0.064326	0.129722	-2.400000
740	-0.606867	-0.057720	-0.081278	-2.400000
741	-0.585701	-0.181880	0.045819	-2.400000
742	-0.574450	0.124754	-0.180744	-2.400000
743	-0.569666	0.173454	-0.153686	-2.400000
744	-0.609844	0.006708	-0.079188	-2.400000
745	-0.610690	-0.021821	-0.069325	-2.400000
746	-0.595928	0.150456	0.021408	-2.400000
747	-0.596407	0.086378	0.122732	-2.400000
748	-0.609334	-0.048915	0.067416	-2.400000
749	-0.590870	-0.100435	0.137879	-2.400000
750	-0.565650	-0.088074	-0.224739	-2.400000
751	-0.422401	-0.365402	0.257456	-2.400000
752	-0.600873	0.092200	0.093146	-2.400000
753	-0.605800	0.058768	-0.088192	-2.400000
754	-0.479540	-0.158565	-0.350890	-2.400000
755	-0.563939	-0.043539	-0.241458	-2.400000
756	-0.587058	-0.178981	-0.039424	-2.400000
757	-0.593591	0.012227	0.160391	-2.400000
758	-0.593285	-0.018384	0.160936	-2.400000
759	-0.595098	0.055506	0.144921	-2.400000
760	-0.536426	0.298885	-0.033765	-2.400000
761	-0.609578	-0.014188	-0.080237	-2.400000
762	-0.562060	0.011515	-0.249362	-2.400000
763	-0.606960	-0.023879	0.096199	-2.400000
764	-0.609503	-0.064587	0.050593	-2.400000
765	-0.577698	0.118868	-0.174243	-2.400000
766	-0.577385	-0.026041	-0.210175	-2.400000
767	-0.565556	-0.010929	0.241354	-2.400000
768	-0.606586	-0.089458	0.047705	-2.400000
769	-0.568802	-0.139842	-0.187439	-2.400000
770	-0.561318	-0.205761	-0.144253	-2.400000
771	-0.577001	-0.212814	0.002152	-2.400000
772	-0.595867	-0.100281	0.114504	-2.400000
773	-0.586344	-0.070708	0.171540	-2.400000
774	-0.612992	-0.026407	0.042059	-2.400000
775	-0.611900	0.008773	-0.061044	-2.400000
776	-0.612247	0.036975	-0.044846	-2.400000
777	-0.606320	-0.100194	0.023712	-2.400000
778	-0.574520	-0.084249	-0.202617	-2.400000
779	-0.612375	-0.033650	0.045709	-2.400000
780	-0.606809	0.046403	0.088626	-2.400000
781	-0.575885	0.212330	0.038692	-2.400000
782	-0.580144	-0.154717	-0.133119	-2.400000
783	-0.608079	0.055362	0.073487	-2.400000
784	-0.614380	0.026917	0.006187	-2.400000
785	-0.607997	0.086935	0.031726	-2.400000
786	-0.595299	0.149478	-0.038729	-2.400000
787	-0.545430	-0.253788	-0.127760	-2.400000
788	-0.595405	0.049872	-0.145707	-2.400000
789	-0.608186	-0.051247	-0.075551	-2.400000
790	-0.600407	-0.123479	-0.049896	-2.400000
791	-0.554833	0.034946	0.262990	-2.400000
792	-0.537797	0.038080	-0.295887	-2.400000
793	-0.614928	-0.005107	0.007918	-2.400000
794	-0.585596	0.116582	-0.147346	-2.400000
795	-0.598568	-0.101278	-0.098407	-2.400000
796	-0.600302	-0.127687	-0.039481	-2.400000
797	-0.592003	0.165211	-0.021502	-2.400000
798	-0.584875	-0.088399	-0.168321	-2.400000
799	-0.579435	-0.008299	-0.205940	-2.400000
800	-0.529870	-0.260017	-0.172781	-2.400000
801	-0.611367	-0.021552	-0.063169	-2.400000
802	-0.594916	-0.154810	-0.018261	-2.400000
803	-0.534520	-0.261159	-0.155915	-2.400000
804	-0.607328	-0.096787	-0.003201	-2.400000
805	-0.568497	0.027309	-0.233004	-2.400000
806	-0.598193	0.142751	-0.003483	-2.400000
807	-0.579047	0.127525	-0.163300	-2.400000
808	-0.567956	0.060895	-0.227910	-2.400000
809	-0.606778	-0.006483	0.100018	-2.400000
810	-0.590632	0.111840	-0.129886	-2.400000
811	-0.565070	-0.073328	-0.231396	-2.400000
812	-0.611342	-0.064410	0.018369	-2.400000
813	-0.576806	0.083331	-0.196406	-2.400000
814	-0.609047	0.068474	0.050973	-2.400000
815	-0.531727	-0.278357	-0.134198	-2.400000
816	-0.572830	0.159218	-0.157290	-2.400000
817	-0.606700	-0.100205	0.009940	-2.400000
818	-0.613432	-0.003605	-0.043740	-2.400000
819	-0.594770	0.119756	-0.100660	-2.400000
820	-0.547273	-0.170649	0.222702	-2.400000
821	-0.614425	-0.006350	0.025819	-2.400000
822	-0.609422	0.081332	-0.014656	-2.400000
823	-0.571887	-0.226064	0.008080	-2.400000
824	-0.608850	0.008673	-0.086320	-2.400000
825	-0.608327	0.081915	-0.038118	-2.400000
826	-0.582449	0.196318	0.020927	-2.400000
827	-0.577369	0.152245	-0.147280	-2.400000
828	-0.604084	0.105986	0.045544	-2.400000
829	-0.598947	-0.043136	-0.132767	-2.400000
830	-0.591908	-0.107711	-0.127545	-2.400000
831	-0.612330	-0.007780	-0.056713	-2.400000
832	-0.603166	0.113615	0.038826	-2.400000
833	-0.600753	-0.107902	0.075353	-2.400000
834	-0.599774	-0.102160	-0.089777	-2.400000
835	-0.610089	0.066909	-0.039232	-2.400000
836	-0.540538	-0.293130	-0.010882	-2.400000
837	-0.491648	-0.175492	-0.325130	-2.400000
838	-0.564824	0.025652	0.241953	-2.400000
839	-0.602244	-0.067454	-0.104769	-2.400000
840	-0.609258	0.043361	0.071763	-2.400000
841	-0.583788	-0.135809	0.137741	-2.400000
842	-0.566701	-0.135270	0.196918	-2.400000
843	-0.614018	0.016504	0.030579	-2.400000
844	-0.613957	0.010770	-0.034147	-2.400000
845	-0.559913	0.136712	-0.214552	-2.400000
846	-0.614645	0.005035	-0.020286	-2.400000
847	-0.459720	-0.065872	-0.403167	-2.400000
848	-0.523512	-0.315855	0.066300	-2.400000
849	-0.612475	0.047824	-0.028494	-2.400000
850	-0.595757	0.050314	-0.144109	-2.400000
