1	-0.392971	-0.363481	-0.302788	0.080000
2	-0.583543	-0.150080	-0.123203	0.080000
3	-0.581462	0.175598	-0.096399	0.080000
4	-0.582846	-0.017702	-0.195453	0.080000
5	-0.489616	0.369075	0.047796	0.080000
6	-0.614962	0.004183	0.005435	0.080000
7	-0.569293	0.153644	0.174712	0.080000
8	-0.614521	-0.009767	0.022219	0.080000
9	-0.601594	0.123117	0.033938	0.080000
10	-0.611450	0.011867	-0.064912	0.080000
11	-0.599637	0.085672	-0.106400	0.080000
12	-0.541712	0.035411	-0.288996	0.080000
13	-0.549271	-0.039003	-0.273870	0.080000
14	-0.600828	0.106875	-0.076211	0.080000
15	-0.602994	0.078319	0.092139	0.080000
16	-0.600636	0.121710	0.051457	0.080000
17	-0.559876	0.253937	0.016752	0.080000
18	-0.454071	0.384026	0.156743	0.080000
19	-0.577731	-0.145272	-0.152800	0.080000
20	-0.566031	0.203560	-0.128052	0.080000
21	-0.553879	0.040697	-0.264172	0.080000
22	-0.606420	0.086488	0.054767	0.080000
23	-0.586507	0.123529	0.137748	0.080000
24	-0.595706	0.032242	0.149397	0.080000
25	-0.444471	0.419077	-0.071030	0.080000
26	-0.456054	0.381299	0.157642	0.080000
27	-0.596575	0.115196	-0.095151	0.080000
28	-0.590584	0.165688	-0.044526	0.080000
29	-0.533566	0.247168	-0.180112	0.080000
30	-0.557090	0.238669	-0.104466	0.080000
31	-0.534298	0.304355	-0.010880	0.080000
32	-0.584542	-0.041517	0.186581	0.080000
33	-0.588446	0.146165	0.102915	0.080000
34	-0.544228	0.221250	-0.181906	0.080000
35	-0.515566	0.210908	-0.260643	0.080000
36	-0.614884	0.007878	0.008983	0.080000
37	-0.560687	-0.041800	0.249214	0.080000
38	-0.591738	-0.007521	0.167375	0.080000
39	-0.597768	0.077749	0.121877	0.080000
40	-0.593197	-0.154817	-0.048725	0.080000
41	-0.603990	0.081773	-0.082064	0.080000
42	-0.599547	0.108941	0.083067	0.080000
43	-0.614901	-0.010589	-0.003163	0.080000
44	-0.546444	-0.065921	0.274370	0.080000
45	-0.609619	0.079699	0.015420	0.080000
46	-0.497763	0.021645	0.360539	0.080000
47	-0.585590	0.038832	0.183850	0.080000
48	-0.577296	0.067185	0.201099	0.080000
49	-0.609927	-0.078478	0.007426	0.080000
50	-0.597824	0.006689	-0.144176	0.080000
51	-0.603876	0.097221	0.064087	0.080000
52	-0.613427	-0.015815	0.041011	0.080000
53	-0.577678	0.161451	0.135820	0.080000
54	-0.607810	0.091681	0.019673	0.080000
55	-0.604117	0.103864	-0.049802	0.080000
56	-0.588409	-0.106448	0.143766	0.080000
57	-0.605565	-0.064941	0.085433	0.080000
58	-0.604436	-0.031981	0.108900	0.080000
59	-0.607179	0.096860	-0.013281	0.080000
60	-0.598019	0.077650	-0.120700	0.080000
61	-0.602185	0.112544	0.054146	0.080000
62	-0.496219	0.288810	0.220409	0.080000
63	-0.587720	0.176078	-0.042507	0.080000
64	-0.604689	0.036614	-0.105997	0.080000
65	-0.590548	-0.098614	0.140548	0.080000
66	-0.541637	0.291297	-0.000855	0.080000
67	-0.546494	0.135460	-0.247426	0.080000
68	-0.523356	0.292747	0.136465	0.080000
69	-0.606316	0.075562	-0.069974	0.080000
70	-0.609083	-0.055808	0.064250	0.080000
71	-0.587739	0.148273	-0.103936	0.080000
72	-0.606760	-0.039746	-0.092129	0.080000
73	-0.563453	0.182506	-0.165642	0.080000
74	-0.613887	-0.021587	-0.030032	0.080000
75	-0.612416	-0.028059	-0.048833	0.080000
76	-0.559140	0.251855	-0.046444	0.080000
77	-0.605508	0.023218	-0.105099	0.080000
78	-0.541365	0.226089	0.184479	0.080000
79	-0.605463	0.019687	-0.106074	0.080000
80	-0.565648	-0.141266	0.195733	0.080000
81	-0.583530	-0.049420	0.187819	0.080000
82	-0.606005	0.046000	0.094163	0.080000
83	-0.598135	0.143001	-0.003110	0.080000
84	-0.496479	0.329399	0.152415	0.080000
85	-0.556375	0.190641	-0.179800	0.080000
86	-0.614513	0.010047	-0.022311	0.080000
87	-0.608256	-0.087818	0.023189	0.080000
88	-0.502008	-0.123651	0.333052	0.080000
89	-0.568042	0.230716	0.048200	0.080000
90	-0.607082	0.015145	-0.097198	0.080000
91	-0.499618	0.353267	-0.061722	0.080000
92	-0.570073	0.201198	-0.112968	0.080000
93	-0.579701	-0.200540	0.044214	0.080000
94	-0.600769	-0.077012	0.106634	0.080000
95	-0.584745	-0.005657	-0.190437	0.080000
96	-0.563325	0.023097	0.245675	0.080000
97	-0.583589	0.191786	-0.029446	0.080000
98	-0.595458	0.068238	0.137834	0.080000
99	-0.530990	0.305047	0.056757	0.080000
100	-0.599171	0.137262	-0.019439	0.080000
101	-0.608375	0.018276	0.088152	0.080000
102	-0.526197	0.299729	-0.107257	0.080000
103	-0.609247	0.083878	-0.002822	0.080000
104	-0.516940	0.267628	-0.198426	0.080000
105	-0.579605	0.156115	0.133835	0.080000
106	-0.602307	-0.116175	0.044209	0.080000
107	-0.613815	0.034192	0.016937	0.080000
108	-0.567735	-0.123732	0.201475	0.080000
109	-0.543582	0.146848	0.247344	0.080000
110	-0.578017	0.094579	0.187553	0.080000
111	-0.505049	0.314359	0.155977	0.080000
112	-0.584683	-0.052843	0.183244	0.080000
113	-0.614320	-0.028730	-0.003172	0.080000
114	-0.613048	-0.044414	0.020613	0.080000
115	-0.578632	0.135050	0.158655	0.080000
116	-0.518053	-0.098032	0.316601	0.080000
117	-0.544069	-0.244375	0.149983	0.080000
118	-0.591567	-0.018412	-0.167137	0.080000
119	-0.542672	0.144608	-0.250641	0.080000
120	-0.467475	0.050118	-0.396459	0.080000
121	-0.608763	0.085196	-0.019341	0.080000
122	-0.453386	0.365589	0.197513	0.080000
123	-0.607855	0.074359	-0.056642	0.080000
124	-0.556296	0.261650	-0.017297	0.080000
125	-0.432229	0.351993	0.259815	0.080000
126	-0.600771	-0.123134	-0.046226	0.080000
127	-0.609652	-0.073009	0.034909	0.080000
128	-0.552213	0.081914	-0.258023	0.080000
129	-0.520949	0.317744	-0.076656	0.080000
130	-0.528012	0.277761	0.149255	0.080000
131	-0.570596	0.154528	-0.169605	0.080000
132	-0.498864	0.356076	0.050694	0.080000
133	-0.461283	0.403953	0.047594	0.080000
134	-0.588815	-0.016155	-0.176808	0.080000
135	-0.579974	0.122611	-0.163774	0.080000
136	-0.550050	0.227926	0.154014	0.080000
137	-0.561870	0.236734	0.080521	0.080000
138	-0.579410	0.187878	0.084915	0.080000
139	-0.561048	-0.238780	0.080215	0.080000
140	-0.577864	0.208171	-0.031043	0.080000
141	-0.605773	0.066044	0.083077	0.080000
142	-0.605731	-0.067838	0.081931	0.080000
143	-0.588083	-0.150214	-0.099089	0.080000
144	-0.607546	0.038021	-0.087561	0.080000
145	-0.602591	0.076885	-0.095904	0.080000
146	-0.564852	0.071680	0.232441	0.080000
147	-0.539091	0.276804	-0.104813	0.080000
148	-0.604732	0.106913	-0.033073	0.080000
149	-0.606666	-0.011144	0.100285	0.080000
150	-0.598968	0.040061	-0.133630	0.080000
151	-0.613762	-0.023757	-0.030934	0.080000
152	-0.580141	-0.164332	0.121064	0.080000
153	-0.553554	-0.258198	-0.071673	0.080000
154	-0.595773	0.044804	0.145851	0.080000
155	-0.611602	0.051459	0.038990	0.080000
156	-0.557345	0.251708	0.065074	0.080000
157	-0.544356	0.284323	-0.032579	0.080000
158	-0.611397	0.011812	0.065417	0.080000
159	-0.607811	0.091554	-0.020218	0.080000
160	-0.592680	0.139938	0.085868	0.080000
161	-0.568441	-0.180522	0.150038	0.080000
162	-0.614751	-0.005257	-0.016689	0.080000
163	-0.605527	0.091240	0.056903	0.080000
164	-0.606513	0.050026	0.088678	0.080000
165	-0.534575	0.043789	0.300894	0.080000
166	-0.603144	0.003061	0.120138	0.080000
167	-0.614310	-0.021170	-0.020004	0.080000
168	-0.560653	0.232369	-0.099490	0.080000
169	-0.595771	0.145297	-0.046594	0.080000
170	-0.608741	0.068467	-0.054509	0.080000
171	-0.588138	-0.062618	0.168517	0.080000
172	-0.611056	-0.030025	-0.062725	0.080000
173	-0.605634	0.095474	-0.048131	0.080000
174	-0.604678	-0.099828	-0.051226	0.080000
175	-0.600208	0.042895	-0.127023	0.080000
176	-0.572676	0.162747	-0.154208	0.080000
177	-0.536273	0.274504	-0.123629	0.080000
178	-0.525949	-0.028964	-0.317433	0.080000
179	-0.491393	-0.369555	0.013685	0.080000
180	-0.597186	-0.146314	-0.013621	0.080000
181	-0.594629	0.141637	-0.067682	0.080000
182	-0.602074	0.068973	-0.104762	0.080000
183	-0.611261	-0.031749	0.059806	0.080000
184	-0.593342	0.129429	0.097049	0.080000
185	-0.566905	0.201561	0.127345	0.080000
186	-0.602470	0.052906	0.111608	0.080000
187	-0.605806	-0.042835	-0.096899	0.080000
188	-0.614391	-0.012505	-0.024341	0.080000
189	-0.590147	0.123253	-0.121490	0.080000
190	-0.576249	0.125651	-0.174279	0.080000
191	-0.610076	0.077546	-0.004369	0.080000
192	-0.606336	0.042767	0.093554	0.080000
193	-0.593011	-0.095156	-0.132320	0.080000
194	-0.548760	-0.151454	0.232699	0.080000
195	-0.597846	-0.081004	-0.119348	0.080000
196	-0.577311	0.067590	0.200920	0.080000
197	-0.551828	-0.266924	-0.049624	0.080000
198	-0.482437	0.302721	-0.232034	0.080000
199	-0.553258	0.128911	-0.235612	0.080000
200	-0.603584	-0.007437	-0.117711	0.080000
201	-0.613685	0.017296	-0.036288	0.080000
202	-0.609227	0.026878	-0.079657	0.080000
203	-0.614207	0.028283	0.013227	0.080000
204	-0.602834	0.064362	0.103313	0.080000
205	-0.605459	-0.000177	0.107907	0.080000
206	-0.599917	0.134598	0.014429	0.080000
207	-0.519789	0.326265	0.039939	0.080000
208	-0.606423	-0.036814	0.095505	0.080000
209	-0.610668	0.068832	-0.023906	0.080000
210	-0.608710	0.030074	-0.082415	0.080000
211	-0.571462	-0.103182	0.202508	0.080000
212	-0.553122	0.174383	0.204627	0.080000
213	-0.579844	0.007020	0.204833	0.080000
214	-0.543060	-0.177657	-0.227484	0.080000
215	-0.565805	-0.064549	-0.232214	0.080000
216	-0.526193	0.220886	-0.229249	0.080000
217	-0.534400	0.223869	-0.206215	0.080000
218	-0.599586	0.005004	0.136736	0.080000
219	-0.609017	0.038672	-0.076341	0.080000
220	-0.608625	0.085873	0.020647	0.080000
221	-0.594122	0.144863	-0.065262	0.080000
222	-0.540115	0.267202	0.122897	0.080000
223	-0.605116	-0.030804	-0.105408	0.080000
224	-0.599145	0.107709	0.087459	0.080000
225	-0.588444	0.176379	0.029128	0.080000
226	-0.551084	0.111870	-0.249032	0.080000
227	-0.609532	0.065677	-0.048811	0.080000
228	-0.575992	0.148568	0.156159	0.080000
229	-0.591807	0.125611	-0.110504	0.080000
230	-0.542756	0.220063	0.187651	0.080000
231	-0.519976	0.317688	-0.083212	0.080000
232	-0.614928	-0.008436	-0.004170	0.080000
233	-0.595114	0.140228	-0.066337	0.080000
234	-0.583917	0.192968	-0.005415	0.080000
235	-0.580722	0.201064	0.023660	0.080000
236	-0.496153	0.097698	0.350018	0.080000
237	-0.590924	-0.109616	-0.130453	0.080000
238	-0.570760	0.227067	0.029978	0.080000
239	-0.574648	0.217991	0.022023	0.080000
240	-0.613531	-0.042386	0.002796	0.080000
241	-0.570729	0.205385	-0.101541	0.080000
242	-0.613321	0.044467	0.009198	0.080000
243	-0.554504	0.241958	0.110483	0.080000
244	-0.573035	-0.007933	0.223144	0.080000
245	-0.606445	-0.083559	-0.058879	0.080000
246	-0.610557	0.073278	-0.008707	0.080000
247	-0.603829	0.016838	0.115466	0.080000
248	-0.614314	0.001975	-0.028979	0.080000
249	-0.608621	-0.059133	-0.065642	0.080000
250	-0.569349	0.200595	0.117595	0.080000
251	-0.602100	0.121721	-0.029749	0.080000
252	-0.607605	0.060476	0.073376	0.080000
253	-0.613653	0.026801	-0.030597	0.080000
254	-0.607920	-0.013867	-0.092013	0.080000
255	-0.609901	0.017372	0.077098	0.080000
256	-0.582928	0.161123	0.111621	0.080000
257	-0.569984	0.181176	0.143242	0.080000
258	-0.595677	0.023758	0.151094	0.080000
259	-0.527684	0.166776	0.268255	0.080000
260	-0.597074	-0.046290	0.139947	0.080000
261	-0.606282	0.064523	-0.080520	0.080000
262	-0.600319	0.117003	-0.064438	0.080000
263	-0.602367	0.086244	-0.089112	0.080000
264	-0.572238	0.225100	-0.009919	0.080000
265	-0.589057	0.171843	0.041308	0.080000
266	-0.601810	0.090434	0.088724	0.080000
267	-0.533545	0.069893	-0.297775	0.080000
268	-0.609022	-0.022825	0.082438	0.080000
269	-0.570273	-0.226249	-0.042719	0.080000
270	-0.562392	0.117286	-0.219509	0.080000
271	-0.594644	0.123902	-0.096292	0.080000
272	-0.597190	0.120156	0.084570	0.080000
273	-0.604194	0.111506	-0.027215	0.080000
274	-0.599637	0.034826	0.132089	0.080000
275	-0.606010	0.053409	0.090135	0.080000
276	-0.594467	0.041504	-0.152026	0.080000
277	-0.589364	0.061122	-0.164741	0.080000
278	-0.609546	-0.075992	0.030074	0.080000
279	-0.604903	0.102557	-0.042424	0.080000
280	-0.606252	0.062838	-0.082066	0.080000
281	-0.546677	0.085949	-0.268294	0.080000
282	-0.604769	-0.030978	0.107329	0.080000
283	-0.613370	-0.043478	0.010550	0.080000
284	-0.551516	-0.047451	0.267962	0.080000
285	-0.579526	0.166053	0.121661	0.080000
286	-0.604811	-0.093080	0.061359	0.080000
287	-0.597832	0.020927	0.142771	0.080000
288	-0.599123	0.135724	0.029249	0.080000
289	-0.570842	0.183208	-0.137111	0.080000
290	-0.606397	0.101817	0.011891	0.080000
291	-0.597820	0.112918	-0.089924	0.080000
292	-0.611327	-0.023698	0.062793	0.080000
293	-0.584263	-0.153064	-0.115899	0.080000
294	-0.611374	0.066304	-0.007118	0.080000
295	-0.607684	0.091163	-0.025199	0.080000
296	-0.608255	0.080650	-0.041789	0.080000
297	-0.605700	0.105964	-0.011169	0.080000
298	-0.607320	0.093110	0.026784	0.080000
299	-0.581444	-0.116814	0.162795	0.080000
300	-0.591374	-0.037602	0.164582	0.080000
301	-0.614857	-0.006909	0.011313	0.080000
302	-0.594815	-0.074038	-0.137618	0.080000
303	-0.599528	-0.047031	0.128762	0.080000
304	-0.572880	0.145206	-0.170144	0.080000
305	-0.596231	0.136497	-0.064047	0.080000
306	-0.572080	-0.117994	-0.192423	0.080000
307	-0.599741	0.135814	-0.009502	0.080000
308	-0.590914	0.113554	-0.127087	0.080000
309	-0.562731	0.125930	0.213777	0.080000
310	-0.606694	-0.076457	0.065588	0.080000
311	-0.577162	0.035662	0.209375	0.080000
312	-0.610120	0.062511	0.045510	0.080000
313	-0.601904	-0.074625	0.101819	0.080000
314	-0.614714	0.006707	-0.017516	0.080000
315	-0.614742	0.016023	0.007741	0.080000
316	-0.613996	0.031320	0.015896	0.080000
317	-0.611859	-0.022095	0.058008	0.080000
318	-0.604180	0.005033	0.114745	0.080000
319	-0.599482	-0.001003	0.137276	0.080000
320	-0.504343	-0.120513	0.330666	0.080000
321	-0.578911	-0.112321	0.174561	0.080000
322	-0.577218	0.032716	-0.209701	0.080000
323	-0.478849	-0.243103	-0.299716	0.080000
324	-0.585562	0.108400	-0.153596	0.080000
325	-0.607282	0.006168	-0.096933	0.080000
326	-0.528899	0.312008	0.033791	0.080000
327	-0.603373	0.102785	0.060006	0.080000
328	-0.503031	0.343932	-0.083042	0.080000
329	-0.595132	0.067984	0.139358	0.080000
330	-0.592105	-0.166137	-0.005921	0.080000
331	-0.593222	-0.080384	-0.140892	0.080000
332	-0.583326	0.139216	-0.136290	0.080000
333	-0.555207	0.117895	-0.236793	0.080000
334	-0.607100	0.098251	0.001239	0.080000
335	-0.603628	-0.099898	0.062278	0.080000
336	-0.544228	0.254125	0.132141	0.080000
337	-0.541956	0.278386	0.083726	0.080000
338	-0.604396	-0.046998	-0.103548	0.080000
339	-0.604034	0.015168	-0.114621	0.080000
340	-0.583656	0.134817	-0.139266	0.080000
341	-0.602131	0.122690	0.024717	0.080000
342	-0.583057	0.184904	0.063873	0.080000
343	-0.608094	-0.036299	-0.084432	0.080000
344	-0.596037	0.113743	-0.100136	0.080000
345	-0.563789	0.232930	-0.078172	0.080000
346	-0.608118	0.007302	-0.091456	0.080000
347	-0.592758	0.154291	0.055291	0.080000
348	-0.531719	0.287489	0.113358	0.080000
349	-0.571594	0.190861	0.122791	0.080000
350	-0.570525	0.115908	0.198221	0.080000
351	-0.577134	0.025724	0.210901	0.080000
352	-0.592624	0.155567	0.053109	0.080000
353	-0.581245	0.185320	0.077693	0.080000
354	-0.614425	-0.012943	-0.023214	0.080000
355	-0.604417	0.085562	-0.074725	0.080000
356	-0.609573	-0.054684	0.060464	0.080000
357	-0.603928	-0.095093	0.066735	0.080000
358	-0.613590	0.032262	0.026297	0.080000
359	-0.609775	0.065460	0.045979	0.080000
360	-0.609460	0.033250	0.075350	0.080000
361	-0.607826	0.048716	-0.079997	0.080000
362	-0.544031	0.179675	0.223543	0.080000
363	-0.585384	0.129917	0.136644	0.080000
364	-0.540804	-0.245528	0.159601	0.080000
365	-0.607052	0.091009	-0.037822	0.080000
366	-0.613676	0.032898	-0.023340	0.080000
367	-0.570677	0.192199	0.124949	0.080000
368	-0.565592	0.211411	0.116773	0.080000
369	-0.614297	-0.023006	0.018309	0.080000
370	-0.584053	0.169273	0.091941	0.080000
371	-0.605724	0.016264	0.105163	0.080000
372	-0.603945	0.072936	-0.090308	0.080000
373	-0.604142	-0.076403	-0.086025	0.080000
374	-0.611888	0.026017	0.056049	0.080000
375	-0.602764	0.033213	0.117465	0.080000
376	-0.607679	-0.078844	0.052290	0.080000
377	-0.576331	0.177863	-0.120134	0.080000
378	-0.611496	0.062120	0.020941	0.080000
379	-0.606191	-0.037355	0.096756	0.080000
380	-0.609995	0.041777	-0.066226	0.080000
381	-0.584866	0.169253	-0.086659	0.080000
382	-0.591585	0.164346	-0.035254	0.080000
383	-0.595636	-0.152320	-0.015555	0.080000
384	-0.576890	0.209869	0.037122	0.080000
385	-0.595550	0.050222	0.144991	0.080000
386	-0.567509	0.102333	0.213745	0.080000
387	-0.598106	0.106755	0.095381	0.080000
388	-0.592037	0.163219	0.032806	0.080000
389	-0.570308	0.228224	0.029795	0.080000
390	-0.610733	0.022928	-0.068588	0.080000
391	-0.611533	0.053271	0.037618	0.080000
392	-0.610412	-0.068432	-0.030640	0.080000
393	-0.588808	0.102799	0.144783	0.080000
394	-0.581835	0.199191	0.003961	0.080000
395	-0.574093	0.204995	0.081358	0.080000
396	-0.585634	0.179762	-0.054254	0.080000
397	-0.588237	0.171656	-0.052314	0.080000
398	-0.609534	0.036770	0.073080	0.080000
399	-0.600677	-0.121543	0.051371	0.080000
400	-0.591102	0.093010	-0.142029	0.080000
401	-0.597660	0.072244	0.125729	0.080000
402	-0.534022	0.298311	-0.063689	0.080000
403	-0.607427	0.080049	0.053385	0.080000
404	-0.591585	0.074623	0.150611	0.080000
405	-0.603462	0.107684	-0.049624	0.080000
406	-0.587613	-0.123204	0.133253	0.080000
407	-0.591029	-0.168740	0.020897	0.080000
408	-0.579180	-0.122756	0.166454	0.080000
409	-0.613007	-0.029868	0.039442	0.080000
410	-0.591647	0.004301	-0.167810	0.080000
411	-0.606680	-0.066637	-0.075659	0.080000
412	-0.604204	0.110160	-0.032055	0.080000
413	-0.565012	0.010116	-0.242660	0.080000
414	-0.592521	-0.149160	0.069962	0.080000
415	-0.587687	0.123002	0.133116	0.080000
416	-0.572059	-0.140195	0.176970	0.080000
417	-0.605532	-0.107430	0.003763	0.080000
418	-0.610855	0.053983	0.046552	0.080000
419	-0.574796	0.218116	0.016144	0.080000
420	-0.605783	0.102544	-0.027149	0.080000
421	-0.588616	0.161466	0.075395	0.080000
422	-0.605184	-0.108585	-0.013682	0.080000
423	-0.604539	-0.095114	0.060919	0.080000
424	-0.614130	-0.020904	0.025144	0.080000
425	-0.553177	-0.124862	0.237969	0.080000
426	-0.482145	-0.322501	-0.204339	0.080000
427	-0.514375	-0.121764	-0.314351	0.080000
428	-0.512977	-0.172520	-0.292090	0.080000
429	-0.603550	0.116712	-0.018202	0.080000
430	-0.614035	0.027854	-0.020261	0.080000
431	-0.582484	0.134936	0.143978	0.080000
432	-0.582943	-0.095135	-0.171323	0.080000
433	-0.534455	0.302293	0.034675	0.080000
434	-0.506960	0.070438	0.340962	0.080000
435	-0.529495	-0.203096	-0.237933	0.080000
436	-0.601161	-0.055746	-0.117145	0.080000
437	-0.596786	0.020628	-0.147124	0.080000
438	-0.560341	0.249786	0.043016	0.080000
439	-0.604462	0.092755	-0.065171	0.080000
440	-0.610450	-0.051196	-0.054361	0.080000
441	-0.590200	0.172869	0.002390	0.080000
442	-0.538069	0.293221	-0.052231	0.080000
443	-0.530490	0.290599	0.111164	0.080000
444	-0.595297	-0.141168	-0.062592	0.080000
445	-0.578390	0.160262	-0.134189	0.080000
446	-0.607420	0.087164	-0.040838	0.080000
447	-0.583907	0.193072	0.000598	0.080000
448	-0.556115	0.247460	0.087894	0.080000
449	-0.583102	0.194088	0.023377	0.080000
450	-0.566670	0.203092	-0.125952	0.080000
451	-0.553011	0.262682	0.058328	0.080000
452	-0.590206	0.081367	0.152518	0.080000
453	-0.521855	0.325327	0.007427	0.080000
454	-0.577660	0.208578	0.032082	0.080000
455	-0.584548	0.160357	0.103990	0.080000
456	-0.541774	0.142813	0.253594	0.080000
457	-0.565615	0.137228	0.198678	0.080000
458	-0.592540	0.110474	0.122136	0.080000
459	-0.555184	0.171131	-0.201768	0.080000
460	-0.611776	-0.054561	-0.031279	0.080000
461	-0.606655	0.059835	-0.081333	0.080000
462	-0.614825	0.011192	0.009488	0.080000
463	-0.602633	0.110276	-0.053832	0.080000
464	-0.536810	0.279298	0.109784	0.080000
465	-0.581530	0.199278	0.018326	0.080000
466	-0.592418	0.113554	0.119882	0.080000
467	-0.580293	0.154742	-0.132436	0.080000
468	-0.601879	0.109300	0.063409	0.080000
469	-0.608273	0.080410	0.041996	0.080000
470	-0.547399	0.275810	-0.050082	0.080000
471	-0.576705	-0.154849	-0.147166	0.080000
472	-0.614531	-0.014850	0.018871	0.080000
473	-0.572214	-0.213720	0.071557	0.080000
474	-0.601626	-0.103042	-0.075194	0.080000
475	-0.608494	0.078146	0.043052	0.080000
476	-0.593615	0.068645	0.145374	0.080000
477	-0.579267	0.122378	0.166429	0.080000
478	-0.598018	0.128402	-0.064126	0.080000
479	-0.608888	0.012846	0.085527	0.080000
480	-0.556404	-0.038528	0.259144	0.080000
481	-0.613245	-0.040193	0.023241	0.080000
482	-0.613479	-0.042402	0.008382	0.080000
483	-0.603939	0.113169	-0.025983	0.080000
484	-0.614493	0.023359	-0.008813	0.080000
485	-0.602877	0.013221	-0.120790	0.080000
486	-0.611783	0.051368	-0.036172	0.080000
487	-0.602368	-0.017253	0.122801	0.080000
488	-0.614565	-0.020914	0.009872	0.080000
489	-0.614758	0.014513	-0.009306	0.080000
490	-0.608034	-0.067770	-0.062666	0.080000
491	-0.602641	-0.054731	-0.109786	0.080000
492	-0.609403	0.077099	-0.030152	0.080000
493	-0.603687	-0.053224	-0.104660	0.080000
494	-0.594863	0.116297	-0.104107	0.080000
495	-0.600552	-0.070606	0.112151	0.080000
496	-0.601135	0.113912	0.062335	0.080000
497	-0.585928	0.180699	0.047552	0.080000
498	-0.536861	-0.298491	-0.030141	0.080000
499	-0.609306	-0.031521	0.077318	0.080000
500	-0.614488	0.012646	0.021667	0.080000
501	-0.611341	0.064711	0.017311	0.080000
502	-0.610812	-0.042649	-0.057570	0.080000
503	-0.606444	0.023774	-0.099423	0.080000
504	-0.612569	-0.052367	0.015569	0.080000
505	-0.540175	0.199500	0.215953	0.080000
506	-0.604683	0.085437	-0.072691	0.080000
507	-0.596542	0.109364	-0.101992	0.080000
508	-0.606915	0.089621	0.042975	0.080000
509	-0.578445	0.184323	0.098241	0.080000
510	-0.611280	-0.039837	-0.054544	0.080000
511	-0.612498	-0.040663	-0.037660	0.080000
512	-0.609569	0.079942	-0.016119	0.080000
513	-0.603105	-0.109405	0.050196	0.080000
514	-0.608888	-0.071758	-0.048283	0.080000
515	-0.610996	-0.065526	-0.024802	0.080000
516	-0.596471	0.001576	-0.149815	0.080000
517	-0.595639	0.150986	0.025354	0.080000
518	-0.594093	0.152960	-0.043375	0.080000
519	-0.597311	0.145983	0.011541	0.080000
520	-0.611077	0.066690	0.019041	0.080000
521	-0.614575	-0.019096	0.012549	0.080000
522	-0.606539	-0.094872	-0.036533	0.080000
523	-0.611197	-0.009903	0.067568	0.080000
524	-0.600823	0.076673	-0.106575	0.080000
525	-0.554813	0.210358	0.161731	0.080000
526	-0.573203	0.192068	-0.113017	0.080000
527	-0.601014	-0.114617	-0.062215	0.080000
528	-0.605122	0.098040	-0.049405	0.080000
529	-0.577441	-0.206872	0.044619	0.080000
530	-0.599817	0.112981	0.075363	0.080000
531	-0.570623	-0.150624	0.172994	0.080000
532	-0.605652	-0.021522	0.104629	0.080000
533	-0.552304	-0.170115	0.210349	0.080000
534	-0.584149	-0.060345	0.182629	0.080000
535	-0.581979	-0.098542	-0.172670	0.080000
536	-0.614856	-0.004040	0.012681	0.080000
537	-0.610630	0.071768	0.014328	0.080000
538	-0.596526	-0.137017	-0.060067	0.080000
539	-0.601548	-0.043820	-0.120187	0.080000
540	-0.505996	-0.229701	0.263497	0.080000
541	-0.503238	0.095840	0.340282	0.080000
542	-0.494856	-0.338886	-0.136008	0.080000
543	-0.555458	0.013576	-0.263642	0.080000
544	-0.529631	-0.079943	-0.302200	0.080000
545	-0.536851	0.149101	-0.260355	0.080000
546	-0.592365	0.125318	-0.107815	0.080000
547	-0.605777	0.097484	0.041910	0.080000
548	-0.613878	-0.017440	0.032785	0.080000
549	-0.605108	0.109848	-0.001667	0.080000
550	-0.592649	0.153352	0.058954	0.080000
551	-0.541843	0.146870	-0.251118	0.080000
552	-0.608176	0.089278	0.019397	0.080000
553	-0.538560	0.226062	-0.192546	0.080000
554	-0.523824	0.317383	-0.055697	0.080000
555	-0.593866	0.037895	0.155281	0.080000
556	-0.604671	0.092041	-0.064238	0.080000
557	-0.598837	0.135630	0.034978	0.080000
558	-0.612956	-0.035373	-0.035470	0.080000
559	-0.614450	0.025903	0.002352	0.080000
560	-0.595563	0.150886	-0.027623	0.080000
561	-0.562325	0.247940	0.023260	0.080000
562	-0.568402	0.145979	0.183939	0.080000
563	-0.545906	0.120716	0.256202	0.080000
564	-0.612629	-0.025875	-0.047336	0.080000
565	-0.614728	0.017276	-0.005988	0.080000
566	-0.607113	0.081775	0.054325	0.080000
567	-0.596212	0.079389	-0.128273	0.080000
568	-0.602435	0.102078	-0.069838	0.080000
569	-0.577020	0.212695	-0.005814	0.080000
570	-0.569254	0.059434	0.225040	0.080000
571	-0.578125	0.208075	0.026469	0.080000
572	-0.566411	0.101332	-0.217107	0.080000
573	-0.610245	0.066282	0.037852	0.080000
574	-0.581478	0.136922	0.146155	0.080000
575	-0.599778	0.097339	0.094954	0.080000
576	-0.601915	0.123713	0.024876	0.080000
577	-0.604548	0.111802	-0.015733	0.080000
578	-0.570056	0.230641	-0.008090	0.080000
579	-0.540037	0.062167	0.287612	0.080000
580	-0.604388	-0.002737	-0.113724	0.080000
581	-0.590463	0.124968	0.118161	0.080000
582	-0.580072	-0.162494	-0.123844	0.080000
583	-0.611641	0.026543	0.058447	0.080000
584	-0.603391	-0.087684	0.080347	0.080000
585	-0.558364	-0.250407	0.061246	0.080000
586	-0.597675	0.061895	0.131069	0.080000
587	-0.585989	-0.151751	0.108689	0.080000
588	-0.602192	0.073397	0.101006	0.080000
589	-0.612506	0.038487	0.039752	0.080000
590	-0.607955	-0.089731	0.023739	0.080000
591	-0.609028	-0.028005	0.080780	0.080000
592	-0.614151	0.032017	0.004330	0.080000
593	-0.566137	0.223556	0.087956	0.080000
594	-0.575656	0.033896	-0.213767	0.080000
595	-0.608886	-0.045144	-0.073788	0.080000
596	-0.614753	-0.007133	-0.015918	0.080000
597	-0.588284	0.159425	0.082041	0.080000
598	-0.600261	0.074310	-0.111308	0.080000
599	-0.611817	-0.029023	0.055342	0.080000
600	-0.609372	-0.019162	0.080770	0.080000
601	-0.613218	0.044675	0.013879	0.080000
602	-0.580912	0.145257	-0.140237	0.080000
603	-0.597780	-0.053448	-0.134267	0.080000
604	-0.602843	-0.029621	0.118019	0.080000
605	-0.576728	0.206549	0.054294	0.080000
606	-0.610790	0.070117	0.015641	0.080000
607	-0.607598	0.093853	0.015530	0.080000
608	-0.609704	0.069563	0.040580	0.080000
609	-0.581857	0.141520	0.140142	0.080000
610	-0.588494	0.172489	-0.046335	0.080000
611	-0.595685	-0.149506	-0.032121	0.080000
612	-0.608586	-0.067424	0.057462	0.080000
613	-0.611846	0.053549	0.031648	0.080000
614	-0.601634	0.104826	0.072612	0.080000
615	-0.608964	0.084023	-0.018100	0.080000
616	-0.569542	0.110983	0.203787	0.080000
617	-0.613424	-0.043679	-0.005294	0.080000
618	-0.614460	-0.009287	-0.024042	0.080000
619	-0.607801	0.050225	0.079245	0.080000
620	-0.584731	-0.169824	0.086457	0.080000
621	-0.614984	-0.001655	-0.004146	0.080000
622	-0.607873	0.041420	0.083663	0.080000
623	-0.597388	0.142231	-0.033506	0.080000
624	-0.609563	-0.003363	-0.081525	0.080000
625	-0.605173	0.106150	0.026893	0.080000
626	-0.606487	0.097904	-0.028510	0.080000
627	-0.546756	-0.134577	-0.247330	0.080000
628	-0.612052	-0.030848	-0.051636	0.080000
629	-0.607479	-0.040845	-0.086750	0.080000
630	-0.472967	-0.356090	-0.166514	0.080000
631	-0.608988	0.011563	-0.084997	0.080000
632	-0.605809	0.006252	-0.105740	0.080000
633	-0.588260	-0.027119	-0.177311	0.080000
634	-0.612926	0.009821	0.049502	0.080000
635	-0.611600	0.018485	0.061874	0.080000
636	-0.606889	-0.020679	0.097384	0.080000
637	-0.574520	-0.086572	0.201636	0.080000
638	-0.585241	-0.171802	0.078752	0.080000
639	-0.578796	-0.157810	0.135339	0.080000
640	-0.563901	0.151386	-0.193191	0.080000
641	-0.600146	-0.031787	-0.130534	0.080000
642	-0.596697	0.147161	-0.022836	0.080000
643	-0.597044	-0.046248	-0.140087	0.080000
644	-0.566346	0.064002	0.231043	0.080000
645	-0.601100	0.128161	0.021876	0.080000
646	-0.599067	0.098614	-0.098074	0.080000
647	-0.487529	0.265834	0.264334	0.080000
648	-0.543386	-0.283870	-0.048731	0.080000
649	-0.588010	0.041981	0.175233	0.080000
650	-0.609993	-0.073043	-0.028248	0.080000
651	-0.605136	0.022180	-0.107442	0.080000
652	-0.602462	-0.058189	0.108989	0.080000
653	-0.556223	0.179755	0.191125	0.080000
654	-0.614378	0.026424	-0.008149	0.080000
655	-0.601874	0.124724	0.020404	0.080000
656	-0.534876	0.238066	0.188300	0.080000
657	-0.505676	-0.008734	-0.349915	0.080000
658	-0.607271	0.048032	-0.084499	0.080000
659	-0.517070	0.332646	0.014488	0.080000
660	-0.569687	0.191298	0.130718	0.080000
661	-0.569830	0.029164	0.229494	0.080000
662	-0.609780	0.079065	-0.011944	0.080000
663	-0.588400	0.120405	-0.132337	0.080000
664	-0.600547	0.120857	-0.054418	0.080000
665	-0.584424	-0.187642	0.038254	0.080000
666	-0.598251	0.115226	-0.083929	0.080000
667	-0.595001	0.033568	-0.151894	0.080000
668	-0.583328	0.169337	0.096324	0.080000
669	-0.505042	0.348383	0.042270	0.080000
670	-0.588435	0.061487	0.167894	0.080000
671	-0.583947	0.061052	0.183040	0.080000
672	-0.567947	0.136648	-0.192323	0.080000
673	-0.609086	-0.084918	-0.005308	0.080000
674	-0.532606	0.304361	-0.043817	0.080000
675	-0.604178	-0.066323	-0.093781	0.080000
676	-0.564826	0.236857	0.055636	0.080000
677	-0.558355	0.034514	0.255486	0.080000
678	-0.593580	-0.044346	-0.154666	0.080000
679	-0.538952	0.153343	0.253458	0.080000
680	-0.571395	-0.101293	0.203648	0.080000
681	-0.608097	0.013196	0.090934	0.080000
682	-0.608695	-0.087682	0.005235	0.080000
683	-0.586666	-0.121923	-0.138501	0.080000
684	-0.585170	-0.186458	-0.032160	0.080000
685	-0.591219	0.143365	-0.090175	0.080000
686	-0.582236	0.111226	-0.163875	0.080000
687	-0.508157	0.081186	-0.336764	0.080000
688	-0.573032	0.102596	0.198326	0.080000
689	-0.601373	-0.086990	0.094909	0.080000
690	-0.596565	-0.054012	-0.139347	0.080000
691	-0.613185	0.044267	0.016414	0.080000
692	-0.608680	-0.060553	0.063771	0.080000
693	-0.607545	-0.070837	-0.063999	0.080000
694	-0.558449	0.043515	0.253902	0.080000
695	-0.589619	-0.171634	0.033416	0.080000
696	-0.558248	0.170469	-0.193713	0.080000
697	-0.609878	-0.064304	-0.046249	0.080000
698	-0.591085	-0.128357	0.111214	0.080000
699	-0.608444	-0.088406	-0.014329	0.080000
700	-0.557650	0.053374	0.253778	0.080000
701	-0.553801	0.208612	-0.167363	0.080000
702	-0.542731	0.079522	0.278108	0.080000
703	-0.608129	0.008055	0.091321	0.080000
704	-0.599727	0.136155	0.003821	0.080000
705	-0.592337	0.095663	-0.134946	0.080000
706	-0.604370	0.108010	-0.035990	0.080000
707	-0.607400	0.092632	0.026644	0.080000
708	-0.599800	-0.086574	-0.104735	0.080000
709	-0.614969	0.006130	0.000821	0.080000
710	-0.583090	0.037346	0.191928	0.080000
711	-0.613803	-0.008918	-0.037308	0.080000
712	-0.613027	0.047300	0.013637	0.080000
713	-0.601431	0.121870	0.040664	0.080000
714	-0.610415	0.066319	-0.034940	0.080000
715	-0.537146	0.037479	0.297145	0.080000
716	-0.605264	-0.071032	-0.082676	0.080000
717	-0.610091	-0.074539	-0.021412	0.080000
718	-0.592131	0.141266	0.087460	0.080000
719	-0.587647	0.034163	0.178127	0.080000
720	-0.497493	0.230969	-0.278171	0.080000
721	-0.608567	-0.087809	0.012668	0.080000
722	-0.569598	0.158161	-0.169612	0.080000
723	-0.601493	0.072279	-0.105861	0.080000
724	-0.604565	0.109055	-0.028869	0.080000
725	-0.581533	-0.181717	-0.083801	0.080000
726	-0.607551	-0.043163	-0.085112	0.080000
727	-0.569478	-0.056341	0.225267	0.080000
728	-0.604303	-0.095442	-0.062717	0.080000
729	-0.587858	-0.008535	-0.180485	0.080000
730	-0.597628	-0.137264	0.047167	0.080000
731	-0.595639	0.145041	-0.049009	0.080000
732	-0.591583	0.166016	-0.026341	0.080000
733	-0.590364	-0.143405	-0.095550	0.080000
734	-0.613921	-0.032259	-0.016891	0.080000
735	-0.612527	-0.046041	0.030268	0.080000
736	-0.569979	-0.187259	0.135215	0.080000
737	-0.561539	-0.151852	0.199599	0.080000
738	-0.580406	0.050609	0.196957	0.080000
739	-0.569974	-0.104042	-0.206227	0.080000
740	-0.582905	-0.078690	-0.179596	0.080000
741	-0.581190	0.200647	-0.013560	0.080000
742	-0.595105	-0.010581	0.154802	0.080000
743	-0.606466	-0.079263	0.064352	0.080000
744	-0.476105	-0.256436	0.292899	0.080000
745	-0.585107	0.077871	0.172658	0.080000
746	-0.602551	-0.012081	-0.122523	0.080000
747	-0.611079	0.028585	-0.063173	0.080000
748	-0.568247	0.083337	-0.219945	0.080000
749	-0.548956	-0.275670	0.029634	0.080000
750	-0.512866	0.327408	0.089430	0.080000
751	-0.519742	0.260934	0.200015	0.080000
752	-0.563734	0.245669	-0.008737	0.080000
753	-0.611085	0.069236	0.002625	0.080000
754	-0.611952	0.047939	0.037974	0.080000
755	-0.604602	0.056995	-0.097123	0.080000
756	-0.602576	0.033209	-0.118422	0.080000
757	-0.606530	0.015920	-0.100465	0.080000
758	-0.604419	-0.028502	0.109955	0.080000
759	-0.593494	-0.128168	0.097787	0.080000
760	-0.612496	0.016436	-0.052953	0.080000
761	-0.599142	0.110924	-0.083368	0.080000
762	-0.595301	0.154380	-0.002933	0.080000
763	-0.560010	-0.212930	-0.138834	0.080000
764	-0.607656	0.091494	-0.024658	0.080000
765	-0.614569	-0.021683	-0.007758	0.080000
766	-0.586619	0.151596	0.105460	0.080000
767	-0.571677	0.225402	0.024573	0.080000
768	-0.440073	0.420029	-0.090203	0.080000
769	-0.599446	-0.132104	-0.037918	0.080000
770	-0.534460	0.203684	0.226032	0.080000
771	-0.602314	0.087236	0.088505	0.080000
772	-0.607763	0.029320	0.089384	0.080000
773	-0.563562	0.236681	0.067857	0.080000
774	-0.573220	0.053763	0.216227	0.080000
775	-0.490823	0.179243	0.324330	0.080000
776	-0.596292	0.147117	0.031901	0.080000
777	-0.609866	0.074155	0.028092	0.080000
778	-0.572237	-0.048096	-0.220128	0.080000
779	-0.528007	0.101708	-0.298479	0.080000
780	-0.569005	0.230753	-0.034807	0.080000
781	-0.608970	0.039997	0.076029	0.080000
782	-0.499235	0.334632	0.130427	0.080000
783	-0.577163	0.130876	0.167270	0.080000
784	-0.549865	0.268169	0.062916	0.080000
785	-0.595226	0.151476	0.031406	0.080000
786	-0.606783	0.037235	0.093023	0.080000
787	-0.604081	0.063482	-0.096338	0.080000
788	-0.611996	0.034463	-0.049979	0.080000
789	-0.592028	0.057548	-0.156258	0.080000
790	-0.572667	0.224064	-0.008517	0.080000
791	-0.524189	0.133878	0.292451	0.080000
792	-0.606752	-0.093956	-0.035349	0.080000
793	-0.612538	-0.002453	0.054924	0.080000
794	-0.602383	-0.110664	-0.055793	0.080000
795	-0.597333	0.058912	-0.133970	0.080000
796	-0.610646	-0.069396	-0.022806	0.080000
797	-0.581995	0.186457	0.068849	0.080000
798	-0.592419	0.015869	-0.164356	0.080000
799	-0.585415	-0.118894	0.146214	0.080000
800	-0.549624	-0.030200	-0.274275	0.080000
801	-0.613870	0.026655	-0.026041	0.080000
802	-0.601267	-0.050221	0.119083	0.080000
803	-0.560334	-0.253396	-0.006474	0.080000
804	-0.602509	-0.097850	0.075052	0.080000
805	-0.594066	0.063379	0.145924	0.080000
806	-0.611541	-0.018406	0.062476	0.080000
807	-0.573162	0.159677	0.155607	0.080000
808	-0.609612	0.022422	-0.078076	0.080000
809	-0.604882	0.091844	0.062508	0.080000
810	-0.614567	0.013730	-0.018542	0.080000
811	-0.614252	0.012990	-0.027407	0.080000
812	-0.578644	0.191408	-0.082211	0.080000
813	-0.592116	0.160298	0.043916	0.080000
814	-0.593375	0.023483	0.159936	0.080000
815	-0.583721	-0.050617	-0.186903	0.080000
816	-0.578237	0.146362	-0.149818	0.080000
817	-0.596777	-0.148239	0.010337	0.080000
818	-0.589285	0.001309	0.175972	0.080000
819	-0.569857	0.231275	-0.000399	0.080000
820	-0.569079	0.223783	0.065542	0.080000
821	-0.612799	0.049810	-0.014866	0.080000
822	-0.604495	0.112840	-0.008844	0.080000
823	-0.555146	-0.251477	0.082445	0.080000
824	-0.583513	-0.025509	0.192579	0.080000
825	-0.614529	0.019124	0.014592	0.080000
826	-0.604360	0.023106	0.111534	0.080000
827	-0.603764	-0.017471	-0.115708	0.080000
828	-0.566193	-0.130583	0.201490	0.080000
829	-0.574752	0.218627	-0.009347	0.080000
830	-0.593692	-0.002913	0.160457	0.080000
831	-0.546161	-0.237192	0.153858	0.080000
832	-0.568593	-0.216938	-0.088681	0.080000
833	-0.603389	0.047401	0.109085	0.080000
834	-0.580351	-0.122899	-0.162216	0.080000
835	-0.535730	0.148991	-0.262716	0.080000
836	-0.592933	-0.144962	-0.075112	0.080000
837	-0.584968	0.185121	-0.042040	0.080000
838	-0.612557	-0.029173	0.046348	0.080000
839	-0.539403	-0.293620	0.032505	0.080000
840	-0.597377	-0.146054	0.005839	0.080000
841	-0.555373	-0.246553	-0.094852	0.080000
842	-0.607055	-0.095933	0.022493	0.080000
843	-0.602896	0.030043	-0.117637	0.080000
844	-0.587770	0.146343	-0.106470	0.080000
845	-0.574732	0.218796	-0.006045	0.080000
846	-0.553910	0.141414	-0.226739	0.080000
847	-0.582134	-0.171156	-0.100250	0.080000
848	-0.595561	-0.029874	0.150465	0.080000
849	-0.601267	-0.097994	0.084263	0.080000
850	-0.581697	0.163197	0.114979	0.080000
