1	-0.439824	-0.168959	0.395263	-2.080000
2	-0.551596	0.077402	-0.260721	-2.080000
3	-0.609621	-0.070479	0.040250	-2.080000
4	-0.600094	-0.038279	0.129024	-2.080000
5	-0.595090	0.124781	-0.092318	-2.080000
6	-0.595658	0.108046	-0.108364	-2.080000
7	-0.591857	-0.075829	-0.148930	-2.080000
8	-0.588557	-0.000872	-0.178395	-2.080000
9	-0.519567	0.104292	-0.312087	-2.080000
10	-0.568343	-0.102393	-0.211487	-2.080000
11	-0.603643	0.003085	-0.117601	-2.080000
12	-0.558248	0.202225	-0.160279	-2.080000
13	-0.607696	0.069026	0.064544	-2.080000
14	-0.589803	-0.129393	-0.116682	-2.080000
15	-0.538003	0.228371	-0.191375	-2.080000
16	-0.553717	0.198336	-0.179682	-2.080000
17	-0.599959	-0.118483	-0.065081	-2.080000
18	-0.607492	-0.036540	0.088565	-2.080000
19	-0.435316	-0.226125	0.370934	-2.080000
20	-0.605119	-0.108217	0.018587	-2.080000
21	-0.580540	-0.155852	-0.130031	-2.080000
22	-0.613102	-0.047612	0.008005	-2.080000
23	-0.588433	0.116160	0.135937	-2.080000
24	-0.594340	0.125165	-0.096532	-2.080000
25	-0.604757	0.111148	-0.011828	-2.080000
26	-0.595400	0.067732	-0.138334	-2.080000
27	-0.613895	0.018779	-0.031701	-2.080000
28	-0.583756	-0.148725	0.123832	-2.080000
29	-0.603950	0.018196	0.114621	-2.080000
30	-0.602947	0.092396	0.078376	-2.080000
31	-0.583306	0.142681	0.132745	-2.080000
32	-0.613615	0.001132	0.041241	-2.080000
33	-0.602397	0.068206	0.103395	-2.080000
34	-0.606318	-0.083309	-0.060522	-2.080000
35	-0.598709	-0.035484	0.136063	-2.080000
36	-0.601108	-0.114083	-0.062283	-2.080000
37	-0.530973	0.166072	0.262132	-2.080000
38	-0.586969	0.183072	-0.013306	-2.080000
39	-0.614429	-0.020688	0.016571	-2.080000
40	-0.587109	0.090857	0.158974	-2.080000
41	-0.596621	0.122123	-0.085757	-2.080000
42	-0.600623	-0.062470	0.116512	-2.080000
43	-0.608686	0.050043	0.072265	-2.080000
44	-0.604308	0.043230	-0.105680	-2.080000
45	-0.609116	0.048804	0.069435	-2.080000
46	-0.406660	0.394942	0.238482	-2.080000
47	-0.613869	0.006022	0.036791	-2.080000
48	-0.612848	-0.018907	-0.047797	-2.080000
49	-0.605203	-0.013762	0.108464	-2.080000
50	-0.569121	0.230301	-0.035888	-2.080000
51	-0.609592	-0.061371	0.053444	-2.080000
52	-0.592171	-0.127640	0.106146	-2.080000
53	-0.593111	-0.159521	-0.031587	-2.080000
54	-0.566861	-0.232030	0.055275	-2.080000
55	-0.565159	0.241746	-0.019484	-2.080000
56	-0.602400	-0.103984	0.067284	-2.080000
57	-0.593665	-0.156790	0.034698	-2.080000
58	-0.608148	0.089553	0.018991	-2.080000
59	-0.598279	0.109555	-0.091021	-2.080000
60	-0.585411	0.187108	0.022572	-2.080000
61	-0.551822	-0.215839	0.164716	-2.080000
62	-0.600370	-0.047534	0.124583	-2.080000
63	-0.577107	-0.062539	0.203130	-2.080000
64	-0.605490	0.078883	0.073380	-2.080000
65	-0.591767	0.167120	-0.010366	-2.080000
66	-0.549716	0.144798	0.234672	-2.080000
67	-0.591841	0.129961	0.105163	-2.080000
68	-0.597922	0.115622	-0.085707	-2.080000
69	-0.606398	0.102352	0.005548	-2.080000
70	-0.603245	0.089065	-0.079924	-2.080000
71	-0.594693	-0.050611	-0.148336	-2.080000
72	-0.603847	0.082825	-0.082060	-2.080000
73	-0.564710	0.243411	-0.008904	-2.080000
74	-0.602345	-0.063803	0.106467	-2.080000
75	-0.609154	-0.031084	0.078677	-2.080000
76	-0.598512	-0.139684	0.022288	-2.080000
77	-0.571023	-0.221561	0.055393	-2.080000
78	-0.613982	-0.035285	0.002467	-2.080000
79	-0.551126	-0.129039	-0.240488	-2.080000
80	-0.601911	0.019565	-0.124683	-2.080000
81	-0.566242	-0.155977	-0.182390	-2.080000
82	-0.501493	-0.301961	-0.188547	-2.080000
83	-0.609263	0.074798	0.037807	-2.080000
84	-0.612400	-0.049706	0.026852	-2.080000
85	-0.588160	-0.136591	0.116774	-2.080000
86	-0.596376	-0.008820	0.149943	-2.080000
87	-0.533631	-0.288031	0.102476	-2.080000
88	-0.594518	-0.073352	-0.139257	-2.080000
89	-0.553895	0.045608	0.263336	-2.080000
90	-0.584329	0.145090	0.125435	-2.080000
91	-0.561966	0.231690	0.093485	-2.080000
92	-0.613995	-0.011608	0.033163	-2.080000
93	-0.598548	0.001433	-0.141293	-2.080000
94	-0.601961	-0.104608	-0.070176	-2.080000
95	-0.610448	-0.021363	0.071569	-2.080000
96	-0.598717	-0.127335	0.059570	-2.080000
97	-0.598360	-0.025302	0.139823	-2.080000
98	-0.571444	-0.120087	-0.193019	-2.080000
99	-0.543966	-0.108547	-0.265600	-2.080000
100	-0.557439	-0.085767	0.245216	-2.080000
101	-0.594507	-0.108740	0.113851	-2.080000
102	-0.594191	-0.156639	-0.025030	-2.080000
103	-0.576080	-0.215278	0.003468	-2.080000
104	-0.609674	-0.079110	0.016241	-2.080000
105	-0.557084	-0.052721	-0.255153	-2.080000
106	-0.605085	-0.078697	0.076835	-2.080000
107	-0.613620	0.036167	0.019684	-2.080000
108	-0.612197	-0.047195	-0.034819	-2.080000
109	-0.604206	0.099398	-0.057270	-2.080000
110	-0.598771	-0.138563	-0.022327	-2.080000
111	-0.555406	-0.111966	-0.239191	-2.080000
112	-0.485531	-0.343633	-0.156209	-2.080000
113	-0.602828	-0.086688	0.085490	-2.080000
114	-0.577813	-0.188085	-0.094771	-2.080000
115	-0.571802	-0.170615	0.148854	-2.080000
116	-0.550716	-0.038202	0.271068	-2.080000
117	-0.571009	0.179000	0.141891	-2.080000
118	-0.577978	-0.080004	-0.194334	-2.080000
119	-0.534426	-0.064691	-0.297371	-2.080000
120	-0.586066	-0.094645	0.160604	-2.080000
121	-0.575748	-0.082694	0.199752	-2.080000
122	-0.602173	0.032241	0.120720	-2.080000
123	-0.554435	0.188137	-0.188232	-2.080000
124	-0.588207	0.036237	-0.175855	-2.080000
125	-0.595060	0.102863	-0.116395	-2.080000
126	-0.612740	-0.045097	0.027216	-2.080000
127	-0.612549	0.047527	-0.027392	-2.080000
128	-0.595639	0.124848	-0.088613	-2.080000
129	-0.600063	0.060865	-0.120187	-2.080000
130	-0.583974	-0.031478	0.190284	-2.080000
131	-0.583056	0.194026	0.025003	-2.080000
132	-0.610214	0.076241	-0.007136	-2.080000
133	-0.510254	0.113511	-0.324008	-2.080000
134	-0.596221	-0.133971	0.069266	-2.080000
135	-0.612005	0.010242	0.059751	-2.080000
136	-0.595288	-0.088581	-0.126535	-2.080000
137	-0.554755	-0.081921	0.252509	-2.080000
138	-0.613976	0.035387	0.002469	-2.080000
139	-0.592951	-0.020117	-0.161955	-2.080000
140	-0.593858	0.153208	-0.045658	-2.080000
141	-0.610578	0.025957	-0.068887	-2.080000
142	-0.600447	-0.109533	0.075434	-2.080000
143	-0.588865	-0.144901	-0.102306	-2.080000
144	-0.590036	0.166950	-0.047008	-2.080000
145	-0.568611	0.059047	0.226761	-2.080000
146	-0.585968	-0.186695	-0.003353	-2.080000
147	-0.599187	0.099089	0.096856	-2.080000
148	-0.595137	0.151610	0.032422	-2.080000
149	-0.601559	0.104268	-0.074028	-2.080000
150	-0.592297	0.145133	0.079661	-2.080000
151	-0.558712	0.217036	0.137701	-2.080000
152	-0.610466	-0.040587	-0.062522	-2.080000
153	-0.592776	0.163330	-0.012847	-2.080000
154	-0.609679	-0.076240	-0.026541	-2.080000
155	-0.612904	-0.040535	-0.030507	-2.080000
156	-0.606179	-0.043292	0.094330	-2.080000
157	-0.574585	-0.215666	0.039569	-2.080000
158	-0.596695	0.042460	0.142751	-2.080000
159	-0.609228	-0.023314	-0.080765	-2.080000
160	-0.605219	0.045140	-0.099485	-2.080000
161	-0.611535	-0.054938	0.035101	-2.080000
162	-0.605975	0.037361	-0.098101	-2.080000
163	-0.605933	0.100721	-0.030425	-2.080000
164	-0.606240	0.021167	0.101240	-2.080000
165	-0.607069	-0.076892	0.061477	-2.080000
166	-0.557624	0.078889	-0.247096	-2.080000
167	-0.565253	0.159273	0.182609	-2.080000
168	-0.594438	0.066525	0.142980	-2.080000
169	-0.604366	-0.055258	0.099564	-2.080000
170	-0.610263	0.001663	-0.076166	-2.080000
171	-0.600341	-0.130282	0.029027	-2.080000
172	-0.539437	0.132823	0.263801	-2.080000
173	-0.602079	-0.114111	-0.052009	-2.080000
174	-0.583692	0.190043	0.037576	-2.080000
175	-0.605478	-0.058656	0.090447	-2.080000
176	-0.613920	0.004802	0.036119	-2.080000
177	-0.551698	-0.180004	-0.203599	-2.080000
178	-0.614899	-0.010686	0.003254	-2.080000
179	-0.532925	0.155653	-0.264553	-2.080000
180	-0.581809	0.031044	0.196875	-2.080000
181	-0.574291	0.212073	-0.058652	-2.080000
182	-0.552268	0.118125	-0.243457	-2.080000
183	-0.610678	0.072778	0.000834	-2.080000
184	-0.609686	-0.064899	0.047913	-2.080000
185	-0.601770	0.051168	0.116104	-2.080000
186	-0.613549	0.042028	0.003976	-2.080000
187	-0.579686	-0.086180	0.186447	-2.080000
188	-0.558859	-0.117980	-0.227998	-2.080000
189	-0.612974	-0.049360	0.007200	-2.080000
190	-0.610770	-0.055662	0.045684	-2.080000
191	-0.592968	-0.139083	0.085260	-2.080000
192	-0.586331	-0.120996	-0.140715	-2.080000
193	-0.576648	0.213595	0.008888	-2.080000
194	-0.613420	-0.005362	-0.043728	-2.080000
195	-0.604258	0.114443	-0.000323	-2.080000
196	-0.593670	-0.157592	0.030753	-2.080000
197	-0.597831	-0.066284	0.128178	-2.080000
198	-0.613902	0.007964	0.035862	-2.080000
199	-0.583044	-0.134973	-0.141658	-2.080000
200	-0.560587	-0.252653	-0.011560	-2.080000
201	-0.540760	0.186149	-0.226169	-2.080000
202	-0.563119	0.102547	-0.224958	-2.080000
203	-0.612823	-0.047103	-0.021312	-2.080000
204	-0.603473	0.058071	0.103309	-2.080000
205	-0.614499	-0.016880	0.018204	-2.080000
206	-0.604500	0.094782	-0.061816	-2.080000
207	-0.588521	0.069155	-0.164579	-2.080000
208	-0.570200	-0.088315	-0.212833	-2.080000
209	-0.596322	0.094201	-0.117266	-2.080000
210	-0.604904	-0.002609	-0.110947	-2.080000
211	-0.560605	-0.217848	-0.128410	-2.080000
212	-0.601582	-0.077106	0.101876	-2.080000
213	-0.608537	-0.021306	0.086334	-2.080000
214	-0.593492	-0.158652	-0.028659	-2.080000
215	-0.602903	-0.110640	-0.049911	-2.080000
216	-0.596511	-0.149528	0.006432	-2.080000
217	-0.591767	0.117588	0.119207	-2.080000
218	-0.598413	0.069426	0.123721	-2.080000
219	-0.595171	0.142480	-0.060798	-2.080000
220	-0.609557	0.078641	-0.021919	-2.080000
221	-0.607862	0.072114	-0.059401	-2.080000
222	-0.596042	0.048574	-0.143527	-2.080000
223	-0.589308	-0.116301	-0.131965	-2.080000
224	-0.607404	-0.080497	-0.052971	-2.080000
225	-0.598585	0.033034	-0.137221	-2.080000
226	-0.608354	-0.023866	0.086956	-2.080000
227	-0.578554	-0.073950	0.195016	-2.080000
228	-0.605977	-0.032243	-0.099887	-2.080000
229	-0.602913	0.109770	0.051686	-2.080000
230	-0.589353	0.141355	-0.104434	-2.080000
231	-0.612563	0.039698	0.037617	-2.080000
232	-0.517840	0.102043	0.315680	-2.080000
233	-0.593837	-0.149886	-0.055833	-2.080000
234	-0.606840	0.099166	-0.011692	-2.080000
235	-0.612604	0.046758	-0.027486	-2.080000
236	-0.588712	-0.176898	0.018720	-2.080000
237	-0.548828	0.019815	-0.276803	-2.080000
238	-0.597494	0.095798	0.109765	-2.080000
239	-0.590578	-0.077705	0.152985	-2.080000
240	-0.608078	0.020661	0.089660	-2.080000
241	-0.614179	-0.020019	-0.024662	-2.080000
242	-0.604488	0.106127	0.039456	-2.080000
243	-0.596294	-0.092735	0.118571	-2.080000
244	-0.612690	0.052384	0.009611	-2.080000
245	-0.609938	0.062314	0.048147	-2.080000
246	-0.586623	0.154487	-0.101152	-2.080000
247	-0.592317	0.165426	0.004444	-2.080000
248	-0.610910	0.062916	0.032486	-2.080000
249	-0.599154	0.098313	0.097849	-2.080000
250	-0.590135	0.117317	0.127289	-2.080000
251	-0.586397	0.037551	0.181530	-2.080000
252	-0.609747	0.052402	-0.060723	-2.080000
253	-0.590313	0.162635	-0.057498	-2.080000
254	-0.595358	0.094421	-0.121895	-2.080000
255	-0.603975	-0.021156	0.113982	-2.080000
256	-0.562708	0.247416	0.019254	-2.080000
257	-0.591472	-0.026423	0.166396	-2.080000
258	-0.614220	-0.003210	0.030792	-2.080000
259	-0.519977	0.157815	0.287998	-2.080000
260	-0.586230	0.183106	0.032120	-2.080000
261	-0.612949	-0.049024	0.010729	-2.080000
262	-0.592818	0.163347	-0.010474	-2.080000
263	-0.596566	0.070490	0.131779	-2.080000
264	-0.596512	-0.003655	-0.149616	-2.080000
265	-0.613499	-0.018011	0.038979	-2.080000
266	-0.613879	-0.037081	-0.001669	-2.080000
267	-0.605059	-0.041114	0.102169	-2.080000
268	-0.598789	0.087128	0.109932	-2.080000
269	-0.591480	0.154193	-0.067828	-2.080000
270	-0.611678	-0.053690	-0.034538	-2.080000
271	-0.597262	0.090219	0.115601	-2.080000
272	-0.583670	-0.082169	-0.175506	-2.080000
273	-0.613252	0.020295	0.041659	-2.080000
274	-0.573329	0.000975	0.222526	-2.080000
275	-0.580364	0.098129	-0.178250	-2.080000
276	-0.576118	-0.184479	-0.110817	-2.080000
277	-0.610193	0.072476	0.025239	-2.080000
278	-0.614676	0.019511	0.004152	-2.080000
279	-0.549626	0.008948	0.275783	-2.080000
280	-0.555595	-0.258289	0.053157	-2.080000
281	-0.611586	-0.020416	-0.061406	-2.080000
282	-0.585226	0.016098	-0.188351	-2.080000
283	-0.603335	-0.105749	0.055040	-2.080000
284	-0.610871	-0.069174	0.016626	-2.080000
285	-0.571539	-0.127208	-0.188112	-2.080000
286	-0.599319	-0.100576	-0.094481	-2.080000
287	-0.613903	0.035868	0.007831	-2.080000
288	-0.601744	0.120041	-0.041470	-2.080000
289	-0.605703	-0.092703	0.052493	-2.080000
290	-0.603206	0.052132	0.107932	-2.080000
291	-0.602587	-0.057416	0.108706	-2.080000
292	-0.537978	-0.188336	-0.230942	-2.080000
293	-0.580633	-0.165258	0.117387	-2.080000
294	-0.604175	-0.001532	0.114868	-2.080000
295	-0.595343	0.086904	0.127435	-2.080000
296	-0.606682	0.100678	0.005039	-2.080000
297	-0.603920	-0.050646	-0.104595	-2.080000
298	-0.589685	0.025306	-0.172791	-2.080000
299	-0.611158	-0.010955	-0.067757	-2.080000
300	-0.576350	-0.214318	0.010679	-2.080000
301	-0.607605	-0.060952	-0.072978	-2.080000
302	-0.509579	-0.204344	0.277124	-2.080000
303	-0.607405	-0.086075	-0.043304	-2.080000
304	-0.585153	-0.187874	0.022909	-2.080000
305	-0.597888	-0.112595	-0.089871	-2.080000
306	-0.591141	-0.040166	-0.164815	-2.080000
307	-0.577869	-0.141968	-0.155362	-2.080000
308	-0.569324	-0.153563	-0.174681	-2.080000
309	-0.609800	0.010618	-0.079096	-2.080000
310	-0.587194	-0.105614	0.149245	-2.080000
311	-0.614668	-0.002095	0.020091	-2.080000
312	-0.605542	-0.099842	-0.039688	-2.080000
313	-0.577475	-0.035548	-0.208527	-2.080000
314	-0.584187	0.010875	-0.191917	-2.080000
315	-0.558599	-0.215126	-0.141114	-2.080000
316	-0.569377	-0.153561	-0.174509	-2.080000
317	-0.612190	0.052843	-0.025617	-2.080000
318	-0.590770	0.102654	0.136666	-2.080000
319	-0.586986	-0.133374	-0.126033	-2.080000
320	-0.605072	-0.038598	0.103065	-2.080000
321	-0.571037	-0.133720	0.185096	-2.080000
322	-0.578215	-0.146875	-0.149398	-2.080000
323	-0.604546	0.043724	0.104102	-2.080000
324	-0.603959	0.109190	0.039201	-2.080000
325	-0.592548	-0.118272	0.114556	-2.080000
326	-0.610803	0.032365	-0.064011	-2.080000
327	-0.547947	0.258589	-0.105411	-2.080000
328	-0.574894	0.092897	-0.197717	-2.080000
329	-0.597463	0.036780	-0.141105	-2.080000
330	-0.599895	0.084856	-0.105597	-2.080000
331	-0.596106	0.006635	-0.151124	-2.080000
332	-0.603614	-0.111826	-0.037022	-2.080000
333	-0.580395	-0.136368	0.150901	-2.080000
334	-0.602211	-0.077272	0.097959	-2.080000
335	-0.600180	0.078245	-0.109027	-2.080000
336	-0.549650	0.157268	-0.226663	-2.080000
337	-0.607957	0.092785	0.002162	-2.080000
338	-0.612395	0.031497	0.046960	-2.080000
339	-0.612255	0.007895	0.057501	-2.080000
340	-0.571947	0.059426	-0.218105	-2.080000
341	-0.585908	-0.151407	-0.109605	-2.080000
342	-0.601552	0.025961	-0.125246	-2.080000
343	-0.610479	0.048288	0.056642	-2.080000
344	-0.595068	0.108145	-0.111462	-2.080000
345	-0.598095	-0.126219	-0.067642	-2.080000
346	-0.558952	-0.165309	0.196140	-2.080000
347	-0.603833	-0.116473	-0.006716	-2.080000
348	-0.607742	-0.091701	-0.021585	-2.080000
349	-0.609660	-0.071508	0.037765	-2.080000
350	-0.556844	-0.238297	-0.106601	-2.080000
351	-0.609981	0.054754	-0.056125	-2.080000
352	-0.610944	0.032575	0.062545	-2.080000
353	-0.586505	-0.143016	-0.117402	-2.080000
354	-0.599701	0.103829	-0.088339	-2.080000
355	-0.596775	-0.032503	0.145011	-2.080000
356	-0.603904	-0.088345	0.075628	-2.080000
357	-0.590675	0.166324	0.040794	-2.080000
358	-0.600980	-0.098407	-0.085812	-2.080000
359	-0.597174	0.143343	-0.032577	-2.080000
360	-0.604469	0.061658	-0.095083	-2.080000
361	-0.613931	0.036120	-0.003014	-2.080000
362	-0.603186	0.067345	-0.099279	-2.080000
363	-0.614061	-0.005785	-0.033475	-2.080000
364	-0.605493	0.080408	-0.071679	-2.080000
365	-0.603474	0.118169	0.008935	-2.080000
366	-0.613619	-0.026523	-0.031520	-2.080000
367	-0.596358	0.135067	0.065867	-2.080000
368	-0.590730	0.171061	-0.001141	-2.080000
369	-0.607109	-0.080867	-0.055715	-2.080000
370	-0.585399	0.187733	-0.017024	-2.080000
371	-0.610280	-0.028732	0.070415	-2.080000
372	-0.613500	-0.008797	-0.042016	-2.080000
373	-0.592400	0.110716	0.122594	-2.080000
374	-0.558461	0.090848	-0.241024	-2.080000
375	-0.593164	0.158477	-0.035582	-2.080000
376	-0.604230	-0.054910	0.100580	-2.080000
377	-0.558550	-0.252814	0.048283	-2.080000
378	-0.613156	-0.027820	0.038618	-2.080000
379	-0.605641	0.053212	0.092696	-2.080000
380	-0.609380	-0.024180	0.079353	-2.080000
381	-0.570785	0.150265	-0.172773	-2.080000
382	-0.590745	0.059850	-0.160197	-2.080000
383	-0.608136	0.020515	-0.089298	-2.080000
384	-0.577523	0.200806	-0.066103	-2.080000
385	-0.601408	-0.107508	-0.070536	-2.080000
386	-0.598961	0.069610	-0.120935	-2.080000
387	-0.580202	-0.076453	0.189066	-2.080000
388	-0.604491	-0.059179	0.096506	-2.080000
389	-0.607338	-0.046913	0.084644	-2.080000
390	-0.614615	-0.016893	0.013728	-2.080000
391	-0.588885	-0.167243	-0.058897	-2.080000
392	-0.603390	-0.112920	0.037344	-2.080000
393	-0.596751	-0.146443	0.025853	-2.080000
394	-0.597740	-0.062426	-0.130519	-2.080000
395	-0.598007	-0.109574	0.092770	-2.080000
396	-0.600650	0.129116	-0.027804	-2.080000
397	-0.602736	-0.058138	0.107491	-2.080000
398	-0.613613	-0.039809	-0.010949	-2.080000
399	-0.580291	-0.072644	-0.190290	-2.080000
400	-0.612012	-0.047520	-0.037529	-2.080000
401	-0.600191	-0.025489	0.131704	-2.080000
402	-0.604666	0.092006	0.064331	-2.080000
403	-0.571715	-0.171800	-0.147825	-2.080000
404	-0.584456	-0.170055	-0.087851	-2.080000
405	-0.614976	-0.005310	-0.001028	-2.080000
406	-0.587576	-0.171864	0.058666	-2.080000
407	-0.612093	0.027080	0.053235	-2.080000
408	-0.559410	-0.236238	-0.097348	-2.080000
409	-0.612975	-0.036591	0.033875	-2.080000
410	-0.609899	-0.078410	0.009981	-2.080000
411	-0.595561	-0.094271	-0.121019	-2.080000
412	-0.551370	-0.217790	-0.163658	-2.080000
413	-0.594792	0.041778	-0.150672	-2.080000
414	-0.600993	-0.116853	-0.058117	-2.080000
415	-0.604514	0.093458	-0.063669	-2.080000
416	-0.611581	-0.004784	0.064580	-2.080000
417	-0.561326	0.086220	0.236018	-2.080000
418	-0.531427	0.114396	-0.287618	-2.080000
419	-0.595057	-0.109404	-0.110287	-2.080000
420	-0.519073	-0.314896	-0.098124	-2.080000
421	-0.552597	-0.259361	-0.074786	-2.080000
422	-0.607456	0.011038	0.095397	-2.080000
423	-0.613952	0.033249	-0.013487	-2.080000
424	-0.540830	-0.094912	0.276983	-2.080000
425	-0.579579	-0.039403	-0.201894	-2.080000
426	-0.592088	-0.117810	-0.117380	-2.080000
427	-0.561607	-0.139953	-0.207933	-2.080000
428	-0.605258	-0.107834	-0.016097	-2.080000
429	-0.600849	-0.068592	0.111806	-2.080000
430	-0.614107	-0.000019	0.033122	-2.080000
431	-0.613892	-0.036327	-0.006455	-2.080000
432	-0.521111	0.119735	-0.303862	-2.080000
433	-0.586037	0.185636	-0.018035	-2.080000
434	-0.601139	-0.010364	-0.129420	-2.080000
435	-0.555803	-0.262037	0.025387	-2.080000
436	-0.609334	-0.074184	-0.037868	-2.080000
437	-0.605676	-0.021962	-0.104402	-2.080000
438	-0.532588	-0.307433	0.007746	-2.080000
439	-0.614287	0.016988	0.024256	-2.080000
440	-0.613358	-0.043007	0.012927	-2.080000
441	-0.597626	0.028144	-0.142395	-2.080000
442	-0.549842	0.270934	0.049937	-2.080000
443	-0.569176	0.231692	-0.024127	-2.080000
444	-0.502920	-0.342480	0.089462	-2.080000
445	-0.602696	-0.081283	-0.091520	-2.080000
446	-0.607855	-0.055668	0.075091	-2.080000
447	-0.605474	-0.105711	-0.021250	-2.080000
448	-0.587416	-0.125455	0.132018	-2.080000
449	-0.545971	0.033011	-0.281160	-2.080000
450	-0.610271	0.056632	-0.050860	-2.080000
451	-0.589388	0.175554	-0.005294	-2.080000
452	-0.595424	0.141843	-0.059795	-2.080000
453	-0.609750	0.060080	0.053109	-2.080000
454	-0.587521	0.071754	-0.167021	-2.080000
455	-0.603403	-0.114836	-0.030707	-2.080000
456	-0.602694	-0.030360	0.118590	-2.080000
457	-0.610076	-0.077046	-0.009835	-2.080000
458	-0.597319	-0.083672	-0.120141	-2.080000
459	-0.525328	0.233778	0.218180	-2.080000
460	-0.598010	-0.101595	-0.101426	-2.080000
461	-0.609764	0.020751	-0.077345	-2.080000
462	-0.609447	0.027922	-0.077584	-2.080000
463	-0.612836	0.044249	0.026443	-2.080000
464	-0.563988	-0.113153	0.217576	-2.080000
465	-0.572202	-0.084867	0.208824	-2.080000
466	-0.593171	0.133167	-0.092952	-2.080000
467	-0.596208	0.093534	0.118372	-2.080000
468	-0.572154	0.068151	0.214990	-2.080000
469	-0.598204	0.117523	-0.081024	-2.080000
470	-0.596993	0.032331	0.144149	-2.080000
471	-0.563109	0.229319	-0.092444	-2.080000
472	-0.598135	0.045433	0.135631	-2.080000
473	-0.614088	0.027228	0.019483	-2.080000
474	-0.583033	0.142299	-0.134344	-2.080000
475	-0.581952	0.196589	-0.030169	-2.080000
476	-0.602167	0.088288	-0.088463	-2.080000
477	-0.600434	0.055573	-0.120893	-2.080000
478	-0.528601	-0.031417	0.312760	-2.080000
479	-0.610569	-0.073331	-0.007260	-2.080000
480	-0.586418	0.142238	0.118775	-2.080000
481	-0.579521	0.181481	0.097184	-2.080000
482	-0.614112	0.026086	-0.020284	-2.080000
483	-0.604694	0.110851	0.016793	-2.080000
484	-0.611628	0.021064	-0.060768	-2.080000
485	-0.579725	0.115214	-0.169910	-2.080000
486	-0.580967	0.201125	-0.015861	-2.080000
487	-0.614404	-0.026724	0.004310	-2.080000
488	-0.590681	-0.171234	-0.000091	-2.080000
489	-0.516231	0.142808	0.302219	-2.080000
490	-0.601596	0.114658	0.056226	-2.080000
491	-0.605303	0.070753	0.082631	-2.080000
492	-0.597595	0.101343	0.104093	-2.080000
493	-0.577503	-0.050632	-0.205309	-2.080000
494	-0.574829	0.063938	-0.209065	-2.080000
495	-0.607547	0.039770	-0.086778	-2.080000
496	-0.602980	-0.090415	0.080406	-2.080000
497	-0.600080	0.071611	0.114020	-2.080000
498	-0.592917	0.007291	-0.163161	-2.080000
499	-0.578258	-0.198001	-0.068103	-2.080000
500	-0.599185	-0.129097	0.050357	-2.080000
501	-0.577970	-0.171080	0.122095	-2.080000
502	-0.588742	-0.060711	0.167097	-2.080000
503	-0.601988	0.036829	0.120327	-2.080000
504	-0.600442	0.064186	-0.116508	-2.080000
505	-0.579401	-0.202745	0.037605	-2.080000
506	-0.589831	-0.117714	-0.128327	-2.080000
507	-0.590672	-0.170329	-0.017867	-2.080000
508	-0.595966	-0.063155	0.138061	-2.080000
509	-0.523454	-0.303276	-0.110658	-2.080000
510	-0.613034	-0.003470	-0.049012	-2.080000
511	-0.603480	-0.071531	0.094447	-2.080000
512	-0.604082	-0.098344	0.060321	-2.080000
513	-0.583454	-0.194434	0.001358	-2.080000
514	-0.561345	-0.251116	0.007557	-2.080000
515	-0.604747	0.004831	0.111726	-2.080000
516	-0.570619	-0.197980	-0.115858	-2.080000
517	-0.576362	-0.149568	-0.153821	-2.080000
518	-0.589707	0.157813	-0.074605	-2.080000
519	-0.600296	0.119325	0.060260	-2.080000
520	-0.612979	0.015154	-0.047461	-2.080000
521	-0.612809	-0.032219	-0.040644	-2.080000
522	-0.609467	-0.081043	-0.014401	-2.080000
523	-0.554664	-0.255615	0.072344	-2.080000
524	-0.545373	-0.276663	-0.065196	-2.080000
525	-0.611337	-0.057461	0.034493	-2.080000
526	-0.613171	-0.045950	0.011613	-2.080000
527	-0.608055	-0.087219	-0.029784	-2.080000
528	-0.612266	0.021721	-0.053704	-2.080000
529	-0.608816	0.006024	-0.086787	-2.080000
530	-0.597827	0.091347	-0.111730	-2.080000
531	-0.599117	-0.131147	0.045649	-2.080000
532	-0.590377	0.061343	-0.160989	-2.080000
533	-0.609613	-0.042998	-0.068911	-2.080000
534	-0.425939	-0.142576	-0.420087	-2.080000
535	-0.587374	-0.087851	-0.159684	-2.080000
536	-0.554100	-0.111176	-0.242565	-2.080000
537	-0.584116	-0.053118	-0.184965	-2.080000
538	-0.570844	-0.091739	-0.209632	-2.080000
539	-0.590633	-0.048472	-0.164402	-2.080000
540	-0.593597	-0.123252	0.103328	-2.080000
541	-0.611302	-0.015792	0.065462	-2.080000
542	-0.544647	-0.277630	-0.067131	-2.080000
543	-0.586137	-0.080938	-0.167683	-2.080000
544	-0.569617	-0.225296	-0.054804	-2.080000
545	-0.608713	-0.086433	0.014925	-2.080000
546	-0.602764	0.038800	-0.115738	-2.080000
547	-0.603847	-0.011600	0.116012	-2.080000
548	-0.583734	0.149596	-0.122884	-2.080000
549	-0.589053	0.167376	0.056802	-2.080000
550	-0.590232	0.117467	-0.126701	-2.080000
551	-0.613481	-0.019873	-0.038352	-2.080000
552	-0.607013	-0.043194	0.088855	-2.080000
553	-0.600036	-0.100412	-0.089998	-2.080000
554	-0.595756	-0.135517	0.070253	-2.080000
555	-0.588174	-0.013253	-0.179168	-2.080000
556	-0.599937	0.130289	0.036409	-2.080000
557	-0.549824	0.270994	-0.049813	-2.080000
558	-0.590442	0.165044	0.048620	-2.080000
559	-0.588204	-0.168963	0.060770	-2.080000
560	-0.606396	0.057592	0.084808	-2.080000
561	-0.612414	0.056164	0.004436	-2.080000
562	-0.605832	-0.020591	0.103775	-2.080000
563	-0.585557	-0.097873	-0.160527	-2.080000
564	-0.598883	-0.095759	-0.101951	-2.080000
565	-0.556098	0.262595	-0.004917	-2.080000
566	-0.595849	-0.143473	0.051040	-2.080000
567	-0.604030	-0.080340	-0.083173	-2.080000
568	-0.606820	-0.016267	-0.098642	-2.080000
569	-0.575210	-0.183679	0.116706	-2.080000
570	-0.599390	-0.110680	-0.081892	-2.080000
571	-0.603923	-0.007890	-0.115929	-2.080000
572	-0.572134	0.126270	0.186934	-2.080000
573	-0.608747	0.058303	0.065210	-2.080000
574	-0.587886	0.149649	0.101094	-2.080000
575	-0.582077	0.197678	-0.018282	-2.080000
576	-0.605371	0.107238	0.015843	-2.080000
577	-0.614186	-0.031609	0.001019	-2.080000
578	-0.612349	0.044770	-0.035339	-2.080000
579	-0.600751	0.122040	-0.049292	-2.080000
580	-0.612710	0.002977	-0.052941	-2.080000
581	-0.608027	0.074259	0.054896	-2.080000
582	-0.611656	0.063530	-0.008100	-2.080000
583	-0.565787	0.230870	0.069351	-2.080000
584	-0.586336	0.181070	0.040609	-2.080000
585	-0.612009	0.060384	-0.004891	-2.080000
586	-0.563359	0.095120	-0.227605	-2.080000
587	-0.598714	0.140577	-0.002259	-2.080000
588	-0.575773	0.203315	-0.073300	-2.080000
589	-0.574976	0.016542	0.217610	-2.080000
590	-0.535249	-0.071916	0.294213	-2.080000
591	-0.587039	0.183196	-0.006997	-2.080000
592	-0.604962	0.062713	-0.091179	-2.080000
593	-0.609257	-0.063324	-0.054959	-2.080000
594	-0.603311	-0.029080	0.115738	-2.080000
595	-0.536045	0.068925	-0.293479	-2.080000
596	-0.550720	0.187146	-0.199772	-2.080000
597	-0.613275	-0.041515	0.019890	-2.080000
598	-0.595558	-0.150393	0.030284	-2.080000
599	-0.585187	-0.126852	0.140319	-2.080000
600	-0.591024	-0.048673	0.162933	-2.080000
601	-0.599856	-0.109510	0.080030	-2.080000
602	-0.580394	-0.141465	-0.146136	-2.080000
603	-0.532722	0.171042	-0.255297	-2.080000
604	-0.591189	0.063293	0.157210	-2.080000
605	-0.612205	-0.032015	0.049048	-2.080000
606	-0.544994	-0.283585	-0.028031	-2.080000
607	-0.570535	-0.218867	0.069373	-2.080000
608	-0.614900	0.011032	0.001369	-2.080000
609	-0.582692	-0.086735	0.176556	-2.080000
610	-0.614002	0.022174	-0.027109	-2.080000
611	-0.607269	0.090901	0.034440	-2.080000
612	-0.613614	0.027186	-0.031037	-2.080000
613	-0.606482	-0.096342	0.033503	-2.080000
614	-0.544662	-0.285398	-0.010788	-2.080000
615	-0.604081	-0.094960	-0.065523	-2.080000
616	-0.604667	-0.107623	-0.031937	-2.080000
617	-0.612682	-0.016091	-0.050858	-2.080000
618	-0.612624	0.029989	0.044920	-2.080000
619	-0.593012	-0.137331	-0.087759	-2.080000
620	-0.593894	-0.148354	-0.059217	-2.080000
621	-0.544729	-0.280031	0.055483	-2.080000
622	-0.603602	-0.116087	-0.020318	-2.080000
623	-0.576777	-0.049012	-0.207728	-2.080000
624	-0.612292	-0.017286	-0.054998	-2.080000
625	-0.606308	-0.038556	-0.095547	-2.080000
626	-0.588008	-0.179952	-0.009436	-2.080000
627	-0.576128	-0.176189	-0.123528	-2.080000
628	-0.607617	-0.053404	0.078580	-2.080000
629	-0.612311	-0.024984	0.051729	-2.080000
630	-0.611572	-0.052423	0.038171	-2.080000
631	-0.590567	-0.158406	-0.066055	-2.080000
632	-0.589028	0.049028	-0.169905	-2.080000
633	-0.599857	-0.010692	-0.135211	-2.080000
634	-0.569813	-0.081524	-0.216546	-2.080000
635	-0.598267	0.069983	-0.124115	-2.080000
636	-0.585986	-0.053823	-0.178741	-2.080000
637	-0.600782	-0.127671	0.031410	-2.080000
638	-0.614474	-0.025361	0.001774	-2.080000
639	-0.611140	0.003620	0.068702	-2.080000
640	-0.584060	-0.181527	-0.064395	-2.080000
641	-0.606425	0.041693	0.093465	-2.080000
642	-0.568009	-0.230230	0.050846	-2.080000
643	-0.600819	-0.038227	-0.125618	-2.080000
644	-0.547983	0.210429	0.183464	-2.080000
645	-0.576046	0.203920	-0.069377	-2.080000
646	-0.604117	0.094145	-0.066362	-2.080000
647	-0.521813	0.167471	-0.279088	-2.080000
648	-0.594630	-0.139964	0.071063	-2.080000
649	-0.614437	0.011901	-0.023453	-2.080000
650	-0.607422	0.077755	0.056730	-2.080000
651	-0.590558	-0.163258	-0.053036	-2.080000
652	-0.574900	0.207560	-0.068073	-2.080000
653	-0.612713	-0.004184	0.052818	-2.080000
654	-0.590716	0.160159	0.060241	-2.080000
655	-0.592549	0.163126	0.022374	-2.080000
656	-0.597600	0.134267	0.055422	-2.080000
657	-0.575467	-0.216539	-0.013191	-2.080000
658	-0.571970	-0.194457	-0.115159	-2.080000
659	-0.545188	-0.102159	0.265629	-2.080000
660	-0.607873	-0.091453	-0.018749	-2.080000
661	-0.598859	-0.092686	0.104890	-2.080000
662	-0.551458	-0.022206	-0.271342	-2.080000
663	-0.610097	0.058696	-0.050616	-2.080000
664	-0.574129	0.218266	-0.030993	-2.080000
665	-0.607355	-0.007014	-0.096417	-2.080000
666	-0.600569	0.131557	0.015322	-2.080000
667	-0.609846	-0.078803	0.010130	-2.080000
668	-0.603967	-0.034684	-0.110664	-2.080000
669	-0.612292	0.022752	0.052969	-2.080000
670	-0.612428	0.055553	0.008448	-2.080000
671	-0.565297	0.023588	0.241056	-2.080000
672	-0.562138	0.218536	0.120284	-2.080000
673	-0.574372	0.187246	0.115156	-2.080000
674	-0.565850	-0.078339	0.227821	-2.080000
675	-0.593880	0.159775	0.001837	-2.080000
676	-0.570362	0.220273	0.066268	-2.080000
677	-0.577656	-0.104826	0.183165	-2.080000
678	-0.564302	0.007405	0.244404	-2.080000
679	-0.600524	-0.117356	-0.061830	-2.080000
680	-0.595472	-0.152473	0.019746	-2.080000
681	-0.612769	-0.033532	0.040180	-2.080000
682	-0.521010	0.154378	0.287995	-2.080000
683	-0.550455	-0.274263	0.002139	-2.080000
684	-0.429383	0.416445	0.142928	-2.080000
685	-0.585626	0.156046	-0.104484	-2.080000
686	-0.591787	-0.057920	-0.157032	-2.080000
687	-0.606987	-0.044822	-0.088221	-2.080000
688	-0.587932	0.076184	-0.163576	-2.080000
689	-0.577350	0.130001	-0.167307	-2.080000
690	-0.584741	0.189538	0.019465	-2.080000
691	-0.510951	-0.221048	0.261327	-2.080000
692	-0.605254	0.035386	0.103152	-2.080000
693	-0.583301	0.005598	0.194818	-2.080000
694	-0.592822	0.140975	-0.083148	-2.080000
695	-0.612299	0.035343	0.045454	-2.080000
696	-0.596854	0.133022	-0.065540	-2.080000
697	-0.586905	0.102467	-0.152537	-2.080000
698	-0.596582	0.087135	-0.121335	-2.080000
699	-0.595341	-0.076651	0.133860	-2.080000
700	-0.569858	-0.210133	-0.096599	-2.080000
701	-0.604621	-0.061905	-0.093945	-2.080000
702	-0.557159	-0.248824	-0.076713	-2.080000
703	-0.546108	-0.170627	0.225560	-2.080000
704	-0.585704	-0.162638	0.093409	-2.080000
705	-0.588276	-0.140638	-0.111252	-2.080000
706	-0.502712	-0.190633	-0.298604	-2.080000
707	-0.614400	-0.025398	-0.009620	-2.080000
708	-0.609825	-0.012091	0.078688	-2.080000
709	-0.597086	-0.141555	0.040931	-2.080000
710	-0.591486	-0.075981	0.150322	-2.080000
711	-0.585548	0.044099	-0.182794	-2.080000
712	-0.548210	-0.278344	0.014667	-2.080000
713	-0.608940	-0.050208	0.069971	-2.080000
714	-0.569895	-0.226204	0.047708	-2.080000
715	-0.609042	0.046721	0.071482	-2.080000
716	-0.608122	-0.067982	-0.061568	-2.080000
717	-0.599828	-0.131515	-0.033686	-2.080000
718	-0.610449	0.020496	-0.071813	-2.080000
719	-0.614977	-0.002312	-0.004835	-2.080000
720	-0.599671	0.084857	-0.106861	-2.080000
721	-0.606251	-0.001235	-0.103361	-2.080000
722	-0.587170	-0.180761	0.027961	-2.080000
723	-0.506372	-0.098727	-0.334762	-2.080000
724	-0.563199	0.062451	-0.239022	-2.080000
725	-0.596882	0.117876	-0.089790	-2.080000
726	-0.594279	-0.149881	-0.050927	-2.080000
727	-0.473192	-0.358213	0.161239	-2.080000
728	-0.608302	0.059586	-0.068138	-2.080000
729	-0.610982	-0.057160	0.040732	-2.080000
730	-0.519232	-0.294514	-0.147934	-2.080000
731	-0.607834	-0.035774	0.086504	-2.080000
732	-0.598469	-0.053287	-0.131227	-2.080000
733	-0.600506	-0.018267	-0.131467	-2.080000
734	-0.612181	0.052102	-0.027300	-2.080000
735	-0.603929	-0.073382	-0.090055	-2.080000
736	-0.608338	-0.079466	0.042833	-2.080000
737	-0.614768	-0.012096	-0.011802	-2.080000
738	-0.606727	0.010423	-0.099993	-2.080000
739	-0.594886	-0.154977	0.017810	-2.080000
740	-0.603910	-0.097556	-0.063251	-2.080000
741	-0.522956	-0.109756	-0.304459	-2.080000
742	-0.574969	-0.176275	-0.128696	-2.080000
743	-0.573415	0.070275	-0.210906	-2.080000
744	-0.540926	-0.292372	-0.011937	-2.080000
745	-0.605551	-0.100500	0.037858	-2.080000
746	-0.576404	-0.014624	-0.213938	-2.080000
747	-0.555223	-0.044935	-0.260640	-2.080000
748	-0.605003	0.104722	0.035066	-2.080000
749	-0.613676	-0.040241	-0.002684	-2.080000
750	-0.504833	-0.247688	-0.249036	-2.080000
751	-0.607518	-0.053219	-0.079465	-2.080000
752	-0.613156	-0.025862	0.039946	-2.080000
753	-0.574254	0.219631	-0.014805	-2.080000
754	-0.530266	0.275446	-0.145508	-2.080000
755	-0.612989	0.046799	0.016703	-2.080000
756	-0.576374	-0.042320	-0.210303	-2.080000
757	-0.614719	-0.008916	0.016306	-2.080000
758	-0.598514	-0.123257	0.069379	-2.080000
759	-0.610304	-0.031207	0.069137	-2.080000
760	-0.590594	0.170823	-0.015599	-2.080000
761	-0.550844	0.245313	-0.120901	-2.080000
762	-0.546496	0.278706	-0.043478	-2.080000
763	-0.600542	0.031986	0.128652	-2.080000
764	-0.570930	-0.187194	0.131235	-2.080000
765	-0.594604	-0.156272	0.015834	-2.080000
766	-0.588543	-0.067186	0.165311	-2.080000
767	-0.593901	-0.031586	-0.156552	-2.080000
768	-0.574254	0.164897	-0.145829	-2.080000
769	-0.583751	0.160956	0.107487	-2.080000
770	-0.538436	0.227759	-0.190887	-2.080000
771	-0.548769	-0.075580	-0.267142	-2.080000
772	-0.583841	-0.192340	-0.018980	-2.080000
773	-0.599877	-0.056348	0.123280	-2.080000
774	-0.518515	-0.326982	0.049494	-2.080000
775	-0.599113	-0.042686	0.132163	-2.080000
776	-0.608982	0.083958	-0.017813	-2.080000
777	-0.586998	-0.073418	0.168131	-2.080000
778	-0.597378	-0.056919	-0.134630	-2.080000
779	-0.611724	0.052259	0.035887	-2.080000
780	-0.590802	0.168984	-0.024955	-2.080000
781	-0.583825	-0.102522	-0.163899	-2.080000
782	-0.596431	0.106717	0.105388	-2.080000
783	-0.584129	-0.179294	0.069800	-2.080000
784	-0.487328	0.124213	0.353988	-2.080000
785	-0.542705	0.289302	0.001011	-2.080000
786	-0.583316	0.152526	-0.121257	-2.080000
787	-0.557395	0.253654	0.056528	-2.080000
788	-0.575609	0.205802	0.067416	-2.080000
789	-0.610230	0.001135	0.076443	-2.080000
790	-0.596966	-0.140901	-0.044758	-2.080000
791	-0.567434	-0.022726	-0.236065	-2.080000
792	-0.604796	0.111461	0.004801	-2.080000
793	-0.577550	0.001895	0.211323	-2.080000
794	-0.613494	-0.031248	-0.029552	-2.080000
795	-0.583715	0.152088	0.119881	-2.080000
796	-0.602898	-0.011996	-0.120810	-2.080000
797	-0.597575	-0.115668	-0.088037	-2.080000
798	-0.609549	-0.080507	0.013934	-2.080000
799	-0.590316	0.164162	0.052937	-2.080000
800	-0.543301	0.232539	-0.170219	-2.080000
801	-0.595020	0.125402	0.091925	-2.080000
802	-0.585043	-0.182583	0.051120	-2.080000
803	-0.599724	-0.088913	0.103205	-2.080000
804	-0.577169	-0.168885	-0.128756	-2.080000
805	-0.603790	-0.027684	0.113564	-2.080000
806	-0.614450	-0.011333	0.023400	-2.080000
807	-0.531932	0.108844	-0.288836	-2.080000
808	-0.543824	-0.286945	0.011967	-2.080000
809	-0.594223	-0.054111	-0.148981	-2.080000
810	-0.558172	-0.258092	-0.007604	-2.080000
811	-0.459221	-0.395354	-0.105055	-2.080000
812	-0.574473	-0.205009	-0.078597	-2.080000
813	-0.585802	-0.147646	0.115162	-2.080000
814	-0.545288	-0.277727	0.061272	-2.080000
815	-0.602927	-0.082571	-0.088803	-2.080000
816	-0.614863	0.002279	0.012767	-2.080000
817	-0.611402	0.056949	-0.034195	-2.080000
818	-0.574572	-0.186583	-0.115233	-2.080000
819	-0.580822	-0.150350	-0.135152	-2.080000
820	-0.614733	0.012294	0.013334	-2.080000
821	-0.602851	-0.027515	-0.118485	-2.080000
822	-0.581550	0.131139	-0.151088	-2.080000
823	-0.589457	0.169171	0.046329	-2.080000
824	-0.608580	-0.004162	-0.088534	-2.080000
825	-0.538451	-0.187420	-0.230585	-2.080000
826	-0.612985	-0.001640	0.049714	-2.080000
827	-0.591571	0.020746	-0.166847	-2.080000
828	-0.608482	0.074111	-0.049828	-2.080000
829	-0.596593	0.149155	-0.007414	-2.080000
830	-0.597059	0.038650	-0.142310	-2.080000
831	-0.564137	-0.222248	-0.102858	-2.080000
832	-0.596235	-0.115546	-0.096843	-2.080000
833	-0.606513	-0.086313	0.054004	-2.080000
834	-0.544707	-0.195987	-0.207625	-2.080000
835	-0.584888	-0.058538	0.180844	-2.080000
836	-0.597677	-0.115754	-0.087228	-2.080000
837	-0.603158	-0.090108	-0.079413	-2.080000
838	-0.584577	0.153791	0.113327	-2.080000
839	-0.590227	0.016813	-0.171971	-2.080000
840	-0.584609	-0.069203	-0.177956	-2.080000
841	-0.601823	0.015528	0.125672	-2.080000
842	-0.593997	-0.157252	-0.025790	-2.080000
843	-0.500964	0.223965	-0.277669	-2.080000
844	-0.480380	-0.357130	-0.141132	-2.080000
845	-0.605771	0.046010	-0.095654	-2.080000
846	-0.590501	-0.048973	-0.164728	-2.080000
847	-0.589936	-0.028545	-0.171423	-2.080000
848	-0.567703	0.232757	0.041984	-2.080000
849	-0.614720	0.004493	0.018015	-2.080000
850	-0.561479	-0.243584	0.060282	-2.080000
