1	0.574525	-0.216086	0.038112	0.850000
2	0.456580	-0.409312	-0.047149	0.850000
3	0.595445	-0.120891	-0.095161	0.850000
4	0.522067	-0.221016	0.238376	0.850000
5	0.509907	-0.265035	0.219036	0.850000
6	0.400042	-0.205281	0.419584	0.850000
7	0.608875	0.039147	-0.077223	0.850000
8	0.539437	-0.225404	0.190855	0.850000
9	0.597835	0.053748	0.133901	0.850000
10	0.558825	-0.232575	0.108851	0.850000
11	0.547495	-0.207018	0.188727	0.850000
12	0.587908	-0.152666	0.096347	0.850000
13	0.549695	-0.262660	0.084085	0.850000
14	0.547989	-0.261095	0.098806	0.850000
15	0.480796	-0.379141	0.057548	0.850000
16	0.575341	-0.194805	-0.096222	0.850000
17	0.589809	-0.063949	-0.162053	0.850000
18	0.592926	-0.159920	-0.033010	0.850000
19	0.508020	-0.128150	0.322053	0.850000
20	0.593279	0.077764	-0.142118	0.850000
21	0.581183	-0.082297	-0.183518	0.850000
22	0.605912	-0.050748	0.092308	0.850000
23	0.540747	-0.281218	0.082063	0.850000
24	0.590589	-0.104542	-0.136018	0.850000
25	0.596587	-0.149337	-0.002705	0.850000
26	0.605592	-0.106315	0.013420	0.850000
27	0.582098	-0.086011	0.178855	0.850000
28	0.518829	-0.320631	0.078978	0.850000
29	0.588951	-0.168123	-0.055649	0.850000
30	0.605618	-0.041251	-0.098746	0.850000
31	0.595898	-0.143964	0.049035	0.850000
32	0.596376	-0.149825	-0.010645	0.850000
33	0.568141	-0.216508	0.092546	0.850000
34	0.564926	-0.197553	0.141618	0.850000
35	0.608458	-0.087040	0.020697	0.850000
36	0.606350	0.098180	0.030426	0.850000
37	0.598000	0.138572	0.037665	0.850000
38	0.606263	0.022450	0.100829	0.850000
39	0.584482	-0.148034	-0.121210	0.850000
40	0.609121	-0.080927	-0.025448	0.850000
41	0.523596	-0.256591	0.195534	0.850000
42	0.557839	-0.219485	0.137356	0.850000
43	0.601994	-0.115232	-0.050500	0.850000
44	0.594028	-0.070616	0.142722	0.850000
45	0.605371	-0.108327	0.004071	0.850000
46	0.579098	0.172796	-0.114069	0.850000
47	0.609976	-0.075460	-0.021452	0.850000
48	0.589738	-0.081568	-0.154211	0.850000
49	0.576961	0.091570	-0.192241	0.850000
50	0.595962	0.074577	-0.132261	0.850000
51	0.600543	-0.115371	0.065293	0.850000
52	0.586440	0.129513	0.132439	0.850000
53	0.571845	-0.214371	0.072546	0.850000
54	0.586778	-0.095650	0.157378	0.850000
55	0.554274	-0.250755	0.090151	0.850000
56	0.602899	-0.067260	0.101067	0.850000
57	0.603519	-0.116058	0.022801	0.850000
58	0.597083	0.141178	-0.042252	0.850000
59	0.586853	-0.067827	0.170961	0.850000
60	0.597022	-0.147613	-0.000126	0.850000
61	0.572678	-0.223628	-0.015999	0.850000
62	0.609673	-0.071391	0.037776	0.850000
63	0.286873	-0.308797	0.447854	0.850000
64	0.539152	-0.188046	-0.228426	0.850000
65	0.563763	0.078487	-0.232886	0.850000
66	0.563803	-0.078025	0.232944	0.850000
67	0.580147	0.197560	0.051232	0.850000
68	0.608339	-0.035816	0.082864	0.850000
69	0.605092	-0.096030	0.053539	0.850000
70	0.580827	-0.022345	0.200912	0.850000
71	0.611966	0.060523	-0.007746	0.850000
72	0.605879	0.105507	0.001870	0.850000
73	0.570233	0.186712	-0.134900	0.850000
74	0.592711	0.163513	-0.013512	0.850000
75	0.609731	0.053035	0.060333	0.850000
76	0.600474	-0.025274	-0.130452	0.850000
77	0.587984	-0.118464	-0.135891	0.850000
78	0.605279	0.082300	0.071338	0.850000
79	0.536539	0.126520	0.272660	0.850000
80	0.577601	0.200632	0.065948	0.850000
81	0.554251	0.253588	-0.082003	0.850000
82	0.516437	-0.137041	0.304529	0.850000
83	0.561207	0.250680	0.020779	0.850000
84	0.603471	-0.071300	0.094679	0.850000
85	0.599909	-0.121776	-0.059204	0.850000
86	0.595862	-0.064471	0.137902	0.850000
87	0.604008	0.107809	-0.042152	0.850000
88	0.564933	0.241774	0.024919	0.850000
89	0.578142	0.095589	0.186654	0.850000
90	0.503794	-0.013477	0.352470	0.850000
91	0.467455	-0.309821	-0.252432	0.850000
92	0.610028	-0.058825	0.051283	0.850000
93	0.547508	-0.264133	-0.093242	0.850000
94	0.554010	0.009244	0.266858	0.850000
95	0.582321	-0.041901	0.193316	0.850000
96	0.605594	0.032802	-0.102002	0.850000
97	0.586080	0.170395	-0.075501	0.850000
98	0.601240	-0.055663	0.116780	0.850000
99	0.528447	0.132161	-0.285485	0.850000
100	0.569611	-0.208445	-0.101582	0.850000
101	0.494996	-0.342419	0.126306	0.850000
102	0.589689	0.137710	-0.107370	0.850000
103	0.614736	-0.013863	-0.011530	0.850000
104	0.610621	0.067917	-0.027474	0.850000
105	0.581934	-0.062087	0.189005	0.850000
106	0.578447	0.208604	0.010388	0.850000
107	0.614048	0.010941	0.032413	0.850000
108	0.545741	0.204307	0.196599	0.850000
109	0.550351	-0.273249	-0.025958	0.850000
110	0.528788	-0.259269	0.177166	0.850000
111	0.591981	-0.128458	0.106216	0.850000
112	0.571258	-0.022736	0.226654	0.850000
113	0.584945	-0.188121	-0.025981	0.850000
114	0.575807	-0.111428	0.185081	0.850000
115	0.614300	0.028673	0.006151	0.850000
116	0.606606	-0.100470	0.012633	0.850000
117	0.605916	0.082041	0.066034	0.850000
118	0.547601	-0.271998	0.066146	0.850000
119	0.565704	-0.239972	0.024856	0.850000
120	0.592645	-0.137127	0.090518	0.850000
121	0.434108	-0.434296	0.034097	0.850000
122	0.599671	-0.131771	0.035437	0.850000
123	0.583202	-0.166129	0.102477	0.850000
124	0.586826	-0.030399	-0.181484	0.850000
125	0.564499	-0.179304	-0.165578	0.850000
126	0.609539	0.081242	-0.009361	0.850000
127	0.614045	-0.000562	-0.034255	0.850000
128	0.604523	-0.101924	-0.048871	0.850000
129	0.538413	-0.156864	0.252447	0.850000
130	0.573399	-0.220684	0.027152	0.850000
131	0.510837	-0.341584	-0.024298	0.850000
132	0.557784	-0.191898	0.174003	0.850000
133	0.521408	-0.325054	0.026420	0.850000
134	0.586927	-0.176794	-0.049856	0.850000
135	0.568841	0.170711	-0.159694	0.850000
136	0.592791	-0.020175	0.162532	0.850000
137	0.582599	0.160232	0.114585	0.850000
138	0.473322	-0.149565	0.363072	0.850000
139	0.606371	-0.102593	0.003680	0.850000
140	0.586592	-0.131252	0.130029	0.850000
141	0.589125	0.084563	0.154938	0.850000
142	0.595241	-0.014889	0.153921	0.850000
143	0.507918	-0.290078	0.189998	0.850000
144	0.606138	-0.095463	-0.041333	0.850000
145	0.561587	-0.169107	-0.185060	0.850000
146	0.565612	-0.241354	-0.007508	0.850000
147	0.595770	-0.143810	0.051012	0.850000
148	0.583881	0.105547	0.161765	0.850000
149	0.529879	-0.307232	0.055331	0.850000
150	0.603062	-0.011290	0.120059	0.850000
151	0.613552	0.008335	0.041351	0.850000
152	0.580573	-0.176376	0.100259	0.850000
153	0.595119	-0.080495	0.132585	0.850000
154	0.582704	-0.005121	-0.196609	0.850000
155	0.588840	0.166690	0.060886	0.850000
156	0.610012	-0.065574	-0.042546	0.850000
157	0.530555	0.010935	0.310832	0.850000
158	0.597610	0.144010	-0.018651	0.850000
159	0.613164	-0.004117	0.047302	0.850000
160	0.595743	-0.062543	0.139299	0.850000
161	0.580559	0.176991	-0.099251	0.850000
162	0.606911	-0.099396	0.002140	0.850000
163	0.590785	-0.155341	0.071183	0.850000
164	0.540933	0.155638	0.247776	0.850000
165	0.547972	0.058600	-0.272979	0.850000
166	0.593507	-0.002954	-0.161140	0.850000
167	0.580337	-0.198038	0.047060	0.850000
168	0.592290	0.164806	-0.016039	0.850000
169	0.592294	0.114602	-0.119496	0.850000
170	0.611779	0.037097	0.050752	0.850000
171	0.614783	-0.008292	-0.014071	0.850000
172	0.537360	-0.240736	0.177526	0.850000
173	0.594426	-0.109441	-0.113602	0.850000
174	0.585419	0.188293	0.007457	0.850000
175	0.595631	0.141912	-0.057528	0.850000
176	0.542752	0.232905	0.171465	0.850000
177	0.606908	0.087426	-0.047369	0.850000
178	0.546508	0.078180	0.271001	0.850000
179	0.545340	0.254105	0.127514	0.850000
180	0.547542	-0.105996	0.259206	0.850000
181	0.604632	0.066471	-0.090700	0.850000
182	0.527097	0.280972	0.146453	0.850000
183	0.576301	0.149663	0.153958	0.850000
184	0.528527	0.113265	0.293352	0.850000
185	0.609670	-0.000538	-0.080793	0.850000
186	0.612413	-0.010615	-0.055339	0.850000
187	0.577874	0.201789	-0.059730	0.850000
188	0.586649	0.184555	-0.002581	0.850000
189	0.584977	0.187243	0.031102	0.850000
190	0.601800	-0.126727	0.001438	0.850000
191	0.603892	-0.010256	0.115904	0.850000
192	0.537627	-0.298627	-0.002055	0.850000
193	0.613905	-0.008304	-0.035733	0.850000
194	0.607296	-0.080737	-0.053830	0.850000
195	0.576025	0.208895	0.052750	0.850000
196	0.612275	0.029274	-0.049870	0.850000
197	0.592626	0.100740	-0.129887	0.850000
198	0.561232	-0.219382	-0.122944	0.850000
199	0.588014	-0.125367	0.129413	0.850000
200	0.594544	-0.049296	0.149372	0.850000
201	0.610876	-0.037132	0.060634	0.850000
202	0.606772	-0.095762	0.029710	0.850000
203	0.610859	0.060369	0.037833	0.850000
204	0.596263	0.072277	0.132178	0.850000
205	0.582139	0.158315	0.119481	0.850000
206	0.434720	-0.399650	0.171823	0.850000
207	0.383078	-0.390977	0.280380	0.850000
208	0.589088	-0.176622	-0.002130	0.850000
209	0.606903	-0.063938	0.076194	0.850000
210	0.569163	-0.034218	0.230450	0.850000
211	0.611389	-0.003229	0.066470	0.850000
212	0.596660	0.143662	0.039792	0.850000
213	0.601907	0.030000	-0.122610	0.850000
214	0.585277	-0.186887	-0.027363	0.850000
215	0.494393	-0.351791	-0.100221	0.850000
216	0.607388	-0.084743	0.046084	0.850000
217	0.569275	-0.214268	-0.090779	0.850000
218	0.586970	-0.182920	0.015235	0.850000
219	0.556584	-0.115084	0.234936	0.850000
220	0.522019	-0.317188	-0.071504	0.850000
221	0.561889	-0.205744	-0.142039	0.850000
222	0.569393	0.008575	0.232257	0.850000
223	0.600566	-0.069161	0.112970	0.850000
224	0.598562	-0.138894	0.025623	0.850000
225	0.611130	-0.005853	-0.068634	0.850000
226	0.593664	-0.089729	0.133179	0.850000
227	0.607473	-0.022727	0.093194	0.850000
228	0.566017	-0.208168	0.120483	0.850000
229	0.542212	-0.289868	-0.014434	0.850000
230	0.520073	-0.283747	0.165036	0.850000
231	0.599710	-0.057805	0.123418	0.850000
232	0.544056	-0.286751	-0.001430	0.850000
233	0.611049	0.054242	-0.043609	0.850000
234	0.606876	-0.042442	-0.090142	0.850000
235	0.613269	0.033909	0.031251	0.850000
236	0.605915	-0.102505	0.024187	0.850000
237	0.593426	-0.060139	0.149846	0.850000
238	0.612830	0.017969	0.048383	0.850000
239	0.611548	0.061690	-0.020695	0.850000
240	0.595626	-0.129215	0.082205	0.850000
241	0.583579	-0.182008	0.067333	0.850000
242	0.592441	-0.136962	0.092089	0.850000
243	0.608110	-0.089527	0.020291	0.850000
244	0.552240	-0.131571	-0.236527	0.850000
245	0.594263	-0.141784	-0.070522	0.850000
246	0.605317	-0.086343	0.066039	0.850000
247	0.609300	-0.082978	-0.009683	0.850000
248	0.584793	-0.061142	0.180288	0.850000
249	0.573172	-0.096084	0.201165	0.850000
250	0.587118	0.179405	-0.036479	0.850000
251	0.608622	-0.061807	-0.063120	0.850000
252	0.569416	0.087044	0.215438	0.850000
253	0.611559	-0.012159	0.063821	0.850000
254	0.594399	0.157788	-0.004249	0.850000
255	0.613001	-0.040857	-0.028030	0.850000
256	0.598945	0.139417	0.007238	0.850000
257	0.604345	-0.089332	0.070795	0.850000
258	0.593674	-0.151838	0.052168	0.850000
259	0.606631	-0.009374	0.100678	0.850000
260	0.613842	-0.030012	-0.022866	0.850000
261	0.609511	-0.061949	0.053705	0.850000
262	0.604046	0.047893	0.105163	0.850000
263	0.595473	-0.080264	0.131128	0.850000
264	0.522761	-0.094047	0.310002	0.850000
265	0.606522	-0.086906	0.052942	0.850000
266	0.599608	0.072162	-0.116138	0.850000
267	0.596422	-0.149796	0.008205	0.850000
268	0.607048	-0.080983	0.056210	0.850000
269	0.605284	0.094602	-0.053911	0.850000
270	0.609569	0.080215	-0.014716	0.850000
271	0.596429	0.071200	0.132014	0.850000
272	0.607506	0.066462	-0.068877	0.850000
273	0.600202	-0.020296	0.132554	0.850000
274	0.589425	-0.140702	0.104911	0.850000
275	0.610281	-0.025211	0.071737	0.850000
276	0.602591	-0.122797	0.005426	0.850000
277	0.584509	0.050336	-0.184502	0.850000
278	0.594511	-0.103885	-0.118280	0.850000
279	0.578566	-0.046703	0.203237	0.850000
280	0.611987	0.032544	0.051354	0.850000
281	0.597358	-0.025552	0.144000	0.850000
282	0.594556	-0.091741	0.127715	0.850000
283	0.544144	-0.090096	0.272057	0.850000
284	0.599382	-0.137202	-0.011925	0.850000
285	0.537487	0.211557	0.211131	0.850000
286	0.614693	-0.018794	-0.004973	0.850000
287	0.614228	0.027206	0.014440	0.850000
288	0.585822	0.147342	0.115449	0.850000
289	0.612310	-0.025752	-0.051363	0.850000
290	0.600614	-0.101815	-0.084387	0.850000
291	0.598151	0.074890	0.121789	0.850000
292	0.570736	0.218996	0.067281	0.850000
293	0.594784	0.145481	-0.057378	0.850000
294	0.613571	-0.036382	-0.020783	0.850000
295	0.539627	-0.273773	0.109892	0.850000
296	0.606042	-0.061096	0.084888	0.850000
297	0.556280	-0.152207	0.213567	0.850000
298	0.608596	-0.075648	0.045973	0.850000
299	0.614775	-0.014686	0.007777	0.850000
300	0.611147	0.065137	-0.021937	0.850000
301	0.613930	-0.004995	0.035914	0.850000
302	0.605863	0.066569	0.081995	0.850000
303	0.583079	0.096432	0.170131	0.850000
304	0.495361	-0.288249	-0.223058	0.850000
305	0.582360	-0.096755	0.172397	0.850000
306	0.575058	-0.186685	0.112613	0.850000
307	0.563409	-0.080639	0.233008	0.850000
308	0.570068	-0.161929	0.164397	0.850000
309	0.559532	-0.254376	0.021028	0.850000
310	0.607960	0.018265	0.090973	0.850000
311	0.613884	0.036812	-0.004043	0.850000
312	0.579298	0.129903	-0.160512	0.850000
313	0.551584	-0.271962	0.004124	0.850000
314	0.553163	-0.209788	0.168002	0.850000
315	0.606134	0.006408	0.103854	0.850000
316	0.558567	0.106980	0.234059	0.850000
317	0.607978	-0.045020	0.081002	0.850000
318	0.604569	-0.048614	0.101774	0.850000
319	0.608700	-0.054972	0.068462	0.850000
320	0.557134	-0.255636	0.049772	0.850000
321	0.605767	-0.088247	0.059022	0.850000
322	0.605266	-0.108719	-0.007592	0.850000
323	0.447714	-0.420988	0.023367	0.850000
324	0.527426	-0.215216	0.231795	0.850000
325	0.522293	-0.207576	0.249695	0.850000
326	0.602684	-0.119887	-0.024988	0.850000
327	0.579361	-0.072844	0.193027	0.850000
328	0.561220	-0.246451	-0.050186	0.850000
329	0.551789	-0.268708	0.039367	0.850000
330	0.605792	-0.102797	0.025950	0.850000
331	0.611696	-0.061806	0.015246	0.850000
332	0.612849	-0.032280	0.039991	0.850000
333	0.596919	-0.113975	0.094460	0.850000
334	0.539807	-0.275819	0.103718	0.850000
335	0.580876	-0.195104	-0.052364	0.850000
336	0.557195	-0.241167	0.097963	0.850000
337	0.601277	0.118342	0.051823	0.850000
338	0.570517	-0.180728	-0.141678	0.850000
339	0.594059	0.021097	-0.157714	0.850000
340	0.606018	-0.104096	-0.011472	0.850000
341	0.603541	-0.112351	0.036606	0.850000
342	0.607834	-0.066039	0.066350	0.850000
343	0.585307	-0.163596	0.094221	0.850000
344	0.601831	-0.049844	0.116362	0.850000
345	0.609012	-0.014949	0.084299	0.850000
346	0.597476	-0.054171	-0.135325	0.850000
347	0.607973	0.041352	-0.082970	0.850000
348	0.613130	-0.028381	0.038622	0.850000
349	0.614613	0.017376	-0.013199	0.850000
350	0.590624	-0.152849	-0.077625	0.850000
351	0.601765	0.071282	-0.104987	0.850000
352	0.611173	-0.059339	0.034232	0.850000
353	0.584325	-0.115584	-0.153068	0.850000
354	0.613734	-0.036703	-0.014420	0.850000
355	0.580346	0.044569	-0.198589	0.850000
356	0.588128	-0.013840	0.179272	0.850000
357	0.596361	-0.149938	0.009874	0.850000
358	0.609853	-0.042199	0.067257	0.850000
359	0.612294	0.025963	0.051447	0.850000
360	0.598211	-0.101519	-0.100311	0.850000
361	0.612987	-0.049488	0.004731	0.850000
362	0.597402	0.047369	-0.138176	0.850000
363	0.587885	-0.082167	0.160826	0.850000
364	0.609190	-0.032670	0.077753	0.850000
365	0.601558	-0.120482	0.042856	0.850000
366	0.596473	0.101545	0.110155	0.850000
367	0.593637	0.014633	0.160020	0.850000
368	0.609677	-0.005659	-0.080539	0.850000
369	0.612228	0.045343	-0.036678	0.850000
370	0.607175	-0.085247	-0.047920	0.850000
371	0.599813	-0.041411	0.129362	0.850000
372	0.594931	-0.127290	0.089883	0.850000
373	0.601522	0.106375	0.071280	0.850000
374	0.595057	-0.101313	0.117762	0.850000
375	0.554369	-0.151702	0.218830	0.850000
376	0.595697	-0.152438	0.011539	0.850000
377	0.610973	-0.043107	-0.055489	0.850000
378	0.609579	0.003504	0.081403	0.850000
379	0.604198	-0.092197	0.068332	0.850000
380	0.611593	-0.061700	0.019287	0.850000
381	0.614807	0.015310	0.001643	0.850000
382	0.607211	-0.043470	0.087354	0.850000
383	0.586873	0.058428	0.174330	0.850000
384	0.611863	0.058092	0.021776	0.850000
385	0.566988	-0.011266	-0.237954	0.850000
386	0.603765	-0.051893	0.104879	0.850000
387	0.604276	0.093112	-0.066378	0.850000
388	0.610021	-0.069352	-0.035909	0.850000
389	0.612803	0.032295	0.040681	0.850000
390	0.610542	0.059370	0.044035	0.850000
391	0.588951	0.141145	0.106955	0.850000
392	0.569031	0.098118	0.211663	0.850000
393	0.613821	0.028787	0.024891	0.850000
394	0.589017	-0.083970	0.155668	0.850000
395	0.584613	0.154533	0.112126	0.850000
396	0.602023	-0.125648	-0.002481	0.850000
397	0.613898	-0.026755	0.025274	0.850000
398	0.598102	-0.138327	-0.036950	0.850000
399	0.581940	0.142264	-0.139039	0.850000
400	0.579456	0.163116	0.125891	0.850000
401	0.614818	-0.014959	0.000578	0.850000
402	0.498844	-0.355627	-0.053935	0.850000
403	0.582594	-0.186221	-0.064273	0.850000
404	0.602233	-0.116316	0.044847	0.850000
405	0.610174	0.076826	0.003234	0.850000
406	0.613269	0.031328	-0.033832	0.850000
407	0.598859	-0.104553	-0.093067	0.850000
408	0.543823	0.173619	0.228774	0.850000
409	0.586395	0.090027	-0.162051	0.850000
410	0.518694	-0.298579	0.141536	0.850000
411	0.592234	-0.150486	0.069559	0.850000
412	0.614389	0.014737	0.023111	0.850000
413	0.598007	0.063798	0.128615	0.850000
414	0.607810	-0.062215	-0.070151	0.850000
415	0.602259	0.074146	0.100059	0.850000
416	0.612186	-0.056780	0.015149	0.850000
417	0.614378	0.002637	0.027524	0.850000
418	0.402048	-0.430940	-0.175707	0.850000
419	0.548420	-0.183058	0.209643	0.850000
420	0.596840	-0.135276	0.060887	0.850000
421	0.610033	0.025253	0.073808	0.850000
422	0.590731	-0.047030	-0.164467	0.850000
423	0.603585	-0.040931	0.110612	0.850000
424	0.553229	-0.266642	0.032630	0.850000
425	0.609605	-0.039540	0.071016	0.850000
426	0.587244	-0.087925	0.160120	0.850000
427	0.579044	-0.204775	0.031617	0.850000
428	0.571895	-0.216974	-0.063900	0.850000
429	0.501719	-0.322173	-0.150692	0.850000
430	0.517746	-0.331495	0.016584	0.850000
431	0.554264	-0.247404	0.099037	0.850000
432	0.516128	-0.330438	-0.051455	0.850000
433	0.462007	-0.309682	-0.262434	0.850000
434	0.593926	-0.159079	0.013058	0.850000
435	0.572881	-0.177840	-0.135666	0.850000
436	0.611281	0.059930	-0.031130	0.850000
437	0.610209	0.009695	0.076000	0.850000
438	0.582321	-0.160915	0.115040	0.850000
439	0.589550	-0.149450	0.091218	0.850000
440	0.543081	-0.287332	-0.027001	0.850000
441	0.583479	-0.194337	0.003274	0.850000
442	0.579553	-0.174382	-0.109242	0.850000
443	0.611871	-0.050447	-0.035976	0.850000
444	0.564176	-0.200796	-0.140042	0.850000
445	0.579180	-0.114999	-0.171904	0.850000
446	0.614860	-0.005369	-0.011980	0.850000
447	0.607209	0.094639	0.023782	0.850000
448	0.610750	-0.053921	0.047973	0.850000
449	0.613761	0.023900	0.030841	0.850000
450	0.605877	0.103368	-0.021287	0.850000
451	0.612524	-0.049543	0.024188	0.850000
452	0.591638	-0.041480	-0.162692	0.850000
453	0.504199	-0.325969	0.133239	0.850000
454	0.612382	0.010636	0.055683	0.850000
455	0.603789	0.080987	0.084288	0.850000
456	0.608071	0.012717	-0.091173	0.850000
457	0.602176	-0.104659	0.068234	0.850000
458	0.610376	-0.063151	-0.040969	0.850000
459	0.578035	0.191874	-0.085350	0.850000
460	0.590568	0.081396	-0.151094	0.850000
461	0.604452	-0.028118	0.109876	0.850000
462	0.590711	0.132220	0.108644	0.850000
463	0.607425	-0.018008	0.094525	0.850000
464	0.607870	0.056358	0.074447	0.850000
465	0.611967	-0.023499	-0.056291	0.850000
466	0.539949	-0.263731	0.130868	0.850000
467	0.614440	-0.023310	-0.012026	0.850000
468	0.613182	0.044425	-0.016101	0.850000
469	0.608337	0.024580	-0.086875	0.850000
470	0.605445	0.093179	-0.054579	0.850000
471	0.612131	0.024436	-0.054064	0.850000
472	0.608752	-0.008636	0.087016	0.850000
473	0.578286	-0.128165	0.165482	0.850000
474	0.606595	0.074958	0.068182	0.850000
475	0.591315	0.097600	0.138005	0.850000
476	0.588598	-0.139941	0.110425	0.850000
477	0.604901	0.109761	0.016506	0.850000
478	0.598880	-0.133924	0.040395	0.850000
479	0.601740	-0.026397	0.124247	0.850000
480	0.609402	-0.018947	-0.080594	0.850000
481	0.610096	-0.067499	0.038101	0.850000
482	0.604010	0.104163	-0.050472	0.850000
483	0.608934	-0.025071	0.082435	0.850000
484	0.606004	0.016307	0.103531	0.850000
485	0.612221	0.030523	0.049784	0.850000
486	0.603856	-0.104293	-0.052020	0.850000
487	0.603282	-0.044104	-0.111045	0.850000
488	0.605816	-0.089029	-0.057322	0.850000
489	0.587873	-0.085440	-0.159153	0.850000
490	0.584136	0.185754	-0.050059	0.850000
491	0.609375	0.054096	-0.062935	0.850000
492	0.588287	-0.081698	0.159591	0.850000
493	0.601192	0.042358	0.122470	0.850000
494	0.587010	-0.116737	0.141481	0.850000
495	0.613923	0.036149	0.004145	0.850000
496	0.612050	0.000198	-0.060161	0.850000
497	0.610017	0.050555	0.059573	0.850000
498	0.607837	0.067132	-0.065216	0.850000
499	0.594313	-0.146040	-0.060743	0.850000
500	0.613813	-0.035957	-0.012855	0.850000
501	0.577717	0.153624	-0.144459	0.850000
502	0.598215	-0.059499	0.129707	0.850000
503	0.606531	0.094831	-0.036766	0.850000
504	0.592273	0.139187	0.089805	0.850000
505	0.614671	-0.004267	0.019658	0.850000
506	0.566552	-0.231050	-0.062125	0.850000
507	0.582808	-0.163325	0.109015	0.850000
508	0.604094	-0.063456	0.096272	0.850000
509	0.602338	0.030993	-0.120222	0.850000
510	0.611358	0.054286	-0.038975	0.850000
511	0.588787	-0.160066	0.077031	0.850000
512	0.603583	0.107641	0.048231	0.850000
513	0.613526	0.040264	-0.013777	0.850000
514	0.543097	0.286459	-0.034819	0.850000
515	0.601364	-0.020927	0.127075	0.850000
516	0.468711	-0.318275	0.239242	0.850000
517	0.588758	-0.130380	0.120792	0.850000
518	0.563128	-0.217966	0.116632	0.850000
519	0.608059	0.020013	0.089940	0.850000
520	0.614410	0.016432	-0.021335	0.850000
521	0.608590	0.051238	-0.072235	0.850000
522	0.594804	0.055881	0.145981	0.850000
523	0.540954	0.276535	0.095513	0.850000
524	0.596734	-0.056846	-0.137484	0.850000
525	0.522154	-0.219327	0.239742	0.850000
526	0.553201	-0.226926	0.143870	0.850000
527	0.600778	0.118632	-0.056720	0.850000
528	0.612230	0.053181	0.023904	0.850000
529	0.593102	-0.060682	0.150908	0.850000
530	0.596725	-0.131740	0.069204	0.850000
531	0.614647	-0.017456	-0.011371	0.850000
532	0.603396	-0.091017	0.076515	0.850000
533	0.600095	-0.063883	0.118446	0.850000
534	0.606220	0.075566	-0.070794	0.850000
535	0.526051	-0.170117	0.269362	0.850000
536	0.607983	-0.092584	0.003065	0.850000
537	0.596790	0.135275	0.061376	0.850000
538	0.585213	0.187149	0.026951	0.850000
539	0.613611	-0.025799	-0.032268	0.850000
540	0.563008	-0.086807	0.231756	0.850000
541	0.595884	-0.021701	0.150586	0.850000
542	0.537245	0.006690	0.299245	0.850000
543	0.556250	-0.247006	0.088314	0.850000
544	0.581809	-0.198291	0.020107	0.850000
545	0.551321	-0.259983	-0.081723	0.850000
546	0.559197	-0.239580	0.090142	0.850000
547	0.521463	-0.316068	0.080016	0.850000
548	0.583384	-0.049610	-0.188219	0.850000
549	0.526357	-0.268651	-0.170295	0.850000
550	0.549159	-0.250542	-0.117806	0.850000
551	0.590619	0.169680	0.024559	0.850000
552	0.600743	-0.085292	0.100292	0.850000
553	0.599488	0.080817	-0.110940	0.850000
554	0.611641	0.008717	0.063596	0.850000
555	0.543436	-0.144920	0.248797	0.850000
556	0.580881	-0.193312	-0.058592	0.850000
557	0.585646	-0.187587	-0.007392	0.850000
558	0.612699	-0.034474	-0.040451	0.850000
559	0.602543	0.085460	-0.088678	0.850000
560	0.592782	0.011843	0.163382	0.850000
561	0.609653	-0.019557	0.078524	0.850000
562	0.613807	-0.034438	0.016726	0.850000
563	0.609518	0.029490	0.076442	0.850000
564	0.601595	0.085370	0.094979	0.850000
565	0.614990	0.003137	-0.001365	0.850000
566	0.608664	0.007451	-0.087734	0.850000
567	0.611196	-0.066517	-0.015491	0.850000
568	0.606771	-0.070893	-0.070906	0.850000
569	0.608716	-0.034140	0.080773	0.850000
570	0.581222	-0.146259	0.137892	0.850000
571	0.602587	-0.120549	-0.024119	0.850000
572	0.610153	-0.074075	-0.021249	0.850000
573	0.605284	0.065538	-0.086953	0.850000
574	0.571746	-0.144343	-0.174634	0.850000
575	0.607285	-0.006903	-0.096859	0.850000
576	0.607175	-0.085536	0.047408	0.850000
577	0.573564	-0.036579	0.218888	0.850000
578	0.572090	-0.140490	0.176637	0.850000
579	0.608551	-0.080141	0.038319	0.850000
580	0.607844	-0.031237	-0.088173	0.850000
581	0.582297	0.191327	0.050489	0.850000
582	0.568230	-0.077704	0.222039	0.850000
583	0.610226	0.068923	0.033150	0.850000
584	0.600838	0.121555	0.049428	0.850000
585	0.597803	-0.093189	-0.110326	0.850000
586	0.600970	-0.076402	0.105940	0.850000
587	0.604659	0.048017	0.101520	0.850000
588	0.608989	-0.083077	-0.021335	0.850000
589	0.613974	-0.033649	0.011362	0.850000
590	0.578332	-0.185300	0.097062	0.850000
591	0.602710	0.100605	-0.069605	0.850000
592	0.602256	0.114084	0.049971	0.850000
593	0.609374	-0.082590	0.008200	0.850000
594	0.610449	0.065358	-0.036134	0.850000
595	0.613527	-0.041407	-0.009750	0.850000
596	0.584639	-0.140504	0.129154	0.850000
597	0.611787	-0.022197	-0.058728	0.850000
598	0.607186	0.093141	0.029585	0.850000
599	0.614526	-0.023101	0.006994	0.850000
600	0.613611	0.039286	0.012759	0.850000
601	0.607577	0.018276	0.093495	0.850000
602	0.567970	0.231919	0.042991	0.850000
603	0.609258	-0.060031	0.058531	0.850000
604	0.610485	0.007735	0.073985	0.850000
605	0.604816	-0.098507	0.052145	0.850000
606	0.591291	-0.150839	-0.076468	0.850000
607	0.582762	-0.112052	-0.161423	0.850000
608	0.591473	0.022724	-0.166940	0.850000
609	0.603797	0.086273	0.078809	0.850000
610	0.607574	0.083786	-0.045370	0.850000
611	0.605627	0.012141	0.106271	0.850000
612	0.608995	0.053063	-0.067335	0.850000
613	0.549046	0.219079	0.169642	0.850000
614	0.593738	0.016072	0.159503	0.850000
615	0.538288	-0.273569	-0.116753	0.850000
616	0.590492	-0.166184	-0.043898	0.850000
617	0.573304	-0.221469	0.022342	0.850000
618	0.613406	0.044207	0.002079	0.850000
619	0.535269	0.271153	0.134861	0.850000
620	0.608048	0.047852	0.078820	0.850000
621	0.608725	0.086421	-0.014483	0.850000
622	0.573190	-0.011156	-0.222606	0.850000
623	0.574916	-0.208688	-0.064385	0.850000
624	0.577843	-0.022094	0.209368	0.850000
625	0.590549	-0.105729	0.135273	0.850000
626	0.603765	-0.042295	0.109106	0.850000
627	0.608275	0.067977	0.060044	0.850000
628	0.609468	0.032662	0.075545	0.850000
629	0.583169	0.186122	0.059145	0.850000
630	0.597778	0.013917	-0.143852	0.850000
631	0.500013	-0.275079	0.229225	0.850000
632	0.597958	-0.097257	0.105891	0.850000
633	0.606657	0.098374	0.022694	0.850000
634	0.585168	-0.018899	0.188271	0.850000
635	0.614168	-0.031261	0.006722	0.850000
636	0.578114	-0.198109	0.069004	0.850000
637	0.600608	-0.120603	-0.054319	0.850000
638	0.604020	-0.055074	0.101744	0.850000
639	0.593916	-0.158456	-0.019515	0.850000
640	0.592621	-0.153472	-0.058926	0.850000
641	0.611406	-0.010931	-0.065483	0.850000
642	0.541579	-0.289916	-0.029421	0.850000
643	0.556306	-0.036177	0.259691	0.850000
644	0.531076	-0.307713	0.038683	0.850000
645	0.579537	-0.205770	-0.004488	0.850000
646	0.527734	-0.222622	-0.223966	0.850000
647	0.608931	-0.023952	-0.082789	0.850000
648	0.605595	0.083250	-0.067443	0.850000
649	0.610264	0.062664	0.043310	0.850000
650	0.582718	-0.139624	-0.138454	0.850000
651	0.586067	0.148279	0.112978	0.850000
652	0.592737	-0.163392	0.013810	0.850000
653	0.521097	-0.326240	-0.015837	0.850000
654	0.477415	-0.151684	-0.356780	0.850000
655	0.597809	-0.044575	-0.137340	0.850000
656	0.591849	-0.151416	-0.070798	0.850000
657	0.602835	-0.105977	0.059865	0.850000
658	0.568438	-0.166942	-0.165025	0.850000
659	0.588433	0.178031	-0.016639	0.850000
660	0.588705	-0.165974	-0.064063	0.850000
661	0.568632	-0.232920	-0.025109	0.850000
662	0.572795	0.200658	-0.099332	0.850000
663	0.607877	0.034482	-0.086730	0.850000
664	0.607597	-0.088306	-0.035404	0.850000
665	0.579724	0.069680	-0.193105	0.850000
666	0.611547	-0.025050	-0.060062	0.850000
667	0.609673	0.069850	0.040554	0.850000
668	0.597616	0.085661	0.117227	0.850000
669	0.603868	-0.050278	0.105073	0.850000
670	0.592778	-0.162626	-0.019810	0.850000
671	0.585459	-0.154578	-0.107555	0.850000
672	0.595124	-0.064286	0.141137	0.850000
673	0.611416	-0.063609	-0.018687	0.850000
674	0.597151	-0.107100	-0.100826	0.850000
675	0.589371	-0.030937	-0.172946	0.850000
676	0.594816	0.120753	0.099186	0.850000
677	0.584733	0.145818	0.122676	0.850000
678	0.602335	-0.054483	0.111576	0.850000
679	0.582637	0.030532	0.194491	0.850000
680	0.602852	0.020136	-0.119952	0.850000
681	0.574602	-0.103812	-0.193081	0.850000
682	0.586934	-0.007871	0.183497	0.850000
683	0.599611	-0.034019	-0.132419	0.850000
684	0.612481	-0.001471	0.055590	0.850000
685	0.608511	0.037404	-0.080873	0.850000
686	0.589989	-0.065445	0.160793	0.850000
687	0.519715	-0.212509	0.250921	0.850000
688	0.607093	0.095448	0.023520	0.850000
689	0.599083	-0.121156	0.068164	0.850000
690	0.602673	-0.079548	0.093180	0.850000
691	0.587793	-0.143995	-0.109500	0.850000
692	0.607473	0.062217	0.073008	0.850000
693	0.605645	0.090168	-0.057347	0.850000
694	0.601555	-0.022804	-0.125843	0.850000
695	0.593643	0.133206	0.089829	0.850000
696	0.599440	0.132007	-0.038345	0.850000
697	0.559874	0.075487	0.243040	0.850000
698	0.601943	0.025300	0.123488	0.850000
699	0.608685	-0.083466	0.027586	0.850000
700	0.604990	0.109934	-0.011254	0.850000
701	0.562251	-0.070885	-0.238902	0.850000
702	0.591281	0.078492	-0.149837	0.850000
703	0.591423	-0.167312	0.021220	0.850000
704	0.555892	0.208372	-0.160592	0.850000
705	0.576068	0.084851	0.197917	0.850000
706	0.603845	0.104454	0.051824	0.850000
707	0.605351	-0.099173	0.044043	0.850000
708	0.517196	-0.108766	0.314489	0.850000
709	0.608659	0.074538	-0.046945	0.850000
710	0.579863	-0.162554	-0.124739	0.850000
711	0.602445	-0.090841	-0.083865	0.850000
712	0.608464	-0.056263	-0.069506	0.850000
713	0.614944	-0.004253	-0.007124	0.850000
714	0.613720	0.017301	0.035685	0.850000
715	0.594159	-0.153397	0.040867	0.850000
716	0.614580	-0.013311	0.018406	0.850000
717	0.586832	0.030559	0.181436	0.850000
718	0.550980	0.259856	0.084388	0.850000
719	0.605618	-0.096549	0.046153	0.850000
720	0.610837	-0.069062	0.018247	0.850000
721	0.392228	-0.415273	0.227881	0.850000
722	0.607418	-0.019840	0.094206	0.850000
723	0.597531	-0.138899	-0.043462	0.850000
724	0.599056	0.070544	0.119920	0.850000
725	0.574461	0.085850	0.202112	0.850000
726	0.561748	0.239033	0.074347	0.850000
727	0.582554	0.188073	-0.059026	0.850000
728	0.601325	0.116233	0.055886	0.850000
729	0.495307	-0.361455	0.047390	0.850000
730	0.529020	-0.236641	0.205826	0.850000
731	0.567324	-0.137508	0.193547	0.850000
732	0.608431	-0.078275	0.043705	0.850000
733	0.575099	-0.149390	0.158648	0.850000
734	0.568384	0.112827	0.205996	0.850000
735	0.606238	-0.057119	0.086243	0.850000
736	0.614615	0.013199	-0.017302	0.850000
737	0.532887	-0.300057	0.064975	0.850000
738	0.525539	-0.254396	0.193174	0.850000
739	0.358177	-0.364676	0.341972	0.850000
740	0.597376	0.137085	-0.050738	0.850000
741	0.596655	0.076622	0.127895	0.850000
742	0.599210	-0.076602	0.115347	0.850000
743	0.559771	-0.253713	-0.022615	0.850000
744	0.573989	-0.102812	0.195426	0.850000
745	0.508236	-0.266469	0.221167	0.850000
746	0.563120	0.211037	-0.128777	0.850000
747	0.486482	-0.370439	0.065845	0.850000
748	0.571948	0.063788	-0.216868	0.850000
749	0.459411	-0.284053	-0.294076	0.850000
750	0.604550	-0.012527	0.112193	0.850000
751	0.591681	-0.090081	0.141506	0.850000
752	0.562815	-0.206499	0.137193	0.850000
753	0.572241	-0.205917	0.091452	0.850000
754	0.562936	-0.244012	-0.042268	0.850000
755	0.581702	-0.198956	-0.016250	0.850000
756	0.589601	-0.160634	-0.069227	0.850000
757	0.469776	-0.352619	0.182197	0.850000
758	0.478892	-0.228753	0.310741	0.850000
759	0.545003	-0.282205	0.039460	0.850000
760	0.561514	-0.205286	0.144170	0.850000
761	0.497007	-0.360517	0.035165	0.850000
762	0.603316	-0.064496	-0.100373	0.850000
763	0.563764	-0.236483	0.066867	0.850000
764	0.592795	-0.081616	-0.141977	0.850000
765	0.614232	0.025967	0.016410	0.850000
766	0.596600	-0.116148	0.093822	0.850000
767	0.607329	-0.081069	-0.052951	0.850000
768	0.568469	0.188441	-0.139850	0.850000
769	0.610004	-0.068996	0.036872	0.850000
770	0.582540	-0.144276	-0.134372	0.850000
771	0.579762	-0.198282	-0.052775	0.850000
772	0.600531	0.043820	0.125169	0.850000
773	0.598489	0.091531	-0.107971	0.850000
774	0.607572	0.077763	0.055082	0.850000
775	0.604544	-0.111535	0.017666	0.850000
776	0.587661	-0.011015	-0.180993	0.850000
777	0.614301	0.006325	-0.028622	0.850000
778	0.593160	-0.117657	0.111994	0.850000
779	0.573206	0.075654	-0.209609	0.850000
780	0.614871	-0.011332	-0.005448	0.850000
781	0.605672	-0.088498	-0.059619	0.850000
782	0.586869	-0.032297	0.181014	0.850000
783	0.582937	-0.189025	-0.051765	0.850000
784	0.614009	-0.034695	0.003690	0.850000
785	0.597386	0.122582	-0.079555	0.850000
786	0.612908	0.046730	-0.019618	0.850000
787	0.595328	-0.146326	0.048969	0.850000
788	0.611579	-0.020856	0.061325	0.850000
789	0.587809	-0.120984	0.134419	0.850000
790	0.594861	-0.147634	0.050686	0.850000
791	0.568232	0.057754	0.228039	0.850000
792	0.586494	-0.161994	-0.089484	0.850000
793	0.592770	0.128270	-0.101960	0.850000
794	0.598881	-0.138010	0.022793	0.850000
795	0.613728	0.024072	0.031368	0.850000
796	0.597448	0.142286	-0.032187	0.850000
797	0.601026	0.117182	0.057106	0.850000
798	0.552961	-0.041572	0.265953	0.850000
799	0.595974	0.101194	0.113137	0.850000
800	0.608129	0.032269	-0.085810	0.850000
801	0.570583	0.229163	0.012006	0.850000
802	0.590142	-0.146110	0.092784	0.850000
803	0.609575	-0.043568	0.068882	0.850000
804	0.481512	0.265897	0.275081	0.850000
805	0.612796	0.028640	-0.043420	0.850000
806	0.551815	0.239178	-0.128525	0.850000
807	0.594956	0.041904	0.149989	0.850000
808	0.587469	0.025590	0.180141	0.850000
809	0.607793	0.091082	-0.022735	0.850000
810	0.600996	0.049041	-0.120926	0.850000
811	0.604618	-0.109148	0.027358	0.850000
812	0.586007	-0.128861	0.134967	0.850000
813	0.613920	0.006039	-0.035934	0.850000
814	0.613473	-0.004189	-0.043112	0.850000
815	0.582547	-0.196622	0.014275	0.850000
816	0.595446	0.070062	0.136970	0.850000
817	0.528126	0.314827	-0.013865	0.850000
818	0.595836	0.107519	0.107910	0.850000
819	0.549648	-0.264132	0.079662	0.850000
820	0.585708	-0.067910	0.174813	0.850000
821	0.540587	-0.261229	-0.133228	0.850000
822	0.576815	-0.066085	0.202837	0.850000
823	0.595790	0.078590	0.130700	0.850000
824	0.602250	-0.092585	0.083354	0.850000
825	0.555048	0.263013	-0.031155	0.850000
826	0.614678	0.013686	-0.014460	0.850000
827	0.558712	-0.253968	-0.039568	0.850000
828	0.584547	-0.049935	0.184489	0.850000
829	0.469921	-0.078093	0.388973	0.850000
830	0.601979	0.119306	-0.040156	0.850000
831	0.594473	-0.009877	0.157255	0.850000
832	0.612489	-0.042542	0.035671	0.850000
833	0.609971	0.035576	-0.069963	0.850000
834	0.612779	0.038263	0.035536	0.850000
835	0.303961	-0.467521	0.259339	0.850000
836	0.608685	0.065663	-0.058450	0.850000
837	0.583925	0.039883	-0.188855	0.850000
838	0.591820	-0.111614	0.124566	0.850000
839	0.580676	-0.062526	0.192692	0.850000
840	0.593139	-0.144945	0.073496	0.850000
841	0.607604	0.008768	-0.094688	0.850000
842	0.589527	0.075772	-0.157931	0.850000
843	0.526786	-0.202104	0.244694	0.850000
844	0.552346	-0.039597	0.267527	0.850000
845	0.595503	0.139924	0.063426	0.850000
846	0.611669	0.028209	-0.057361	0.850000
847	0.597266	-0.102355	0.104986	0.850000
848	0.336517	-0.510040	0.069577	0.850000
849	0.559505	-0.136141	-0.215974	0.850000
850	0.608331	-0.063923	0.063818	0.850000
