1	0.563086	0.152593	-0.194614	2.380000
2	0.607966	0.080000	-0.046933	2.380000
3	0.544520	0.283930	0.033263	2.380000
4	0.601016	0.127107	-0.029122	2.380000
5	0.583337	-0.117407	0.155431	2.380000
6	0.552214	-0.225383	0.149960	2.380000
7	0.590019	-0.138863	-0.104018	2.380000
8	0.557174	-0.227887	-0.125893	2.380000
9	0.463161	-0.377478	-0.145664	2.380000
10	0.528165	0.201366	-0.242320	2.380000
11	0.593464	-0.153347	0.050100	2.380000
12	0.608443	-0.077362	0.045129	2.380000
13	0.584124	0.055554	0.184224	2.380000
14	0.584595	0.031651	0.188339	2.380000
15	0.602454	0.122875	-0.013248	2.380000
16	0.610924	0.070070	-0.009328	2.380000
17	0.600673	0.122868	-0.048171	2.380000
18	0.609177	-0.023733	-0.081026	2.380000
19	0.547583	0.251920	0.122121	2.380000
20	0.605042	0.106938	0.026699	2.380000
21	0.605932	-0.054733	0.089867	2.380000
22	0.557181	0.260274	-0.005641	2.380000
23	0.608797	0.001521	0.087114	2.380000
24	0.610527	0.074043	0.000041	2.380000
25	0.570365	-0.196523	-0.119530	2.380000
26	0.599957	0.133395	-0.021954	2.380000
27	0.503284	-0.080592	0.344144	2.380000
28	0.560924	-0.192728	0.162620	2.380000
29	0.526096	0.289706	0.132356	2.380000
30	0.585491	-0.078741	-0.170954	2.380000
31	0.608940	-0.080103	0.031630	2.380000
32	0.582504	-0.087988	0.176556	2.380000
33	0.591436	0.125312	-0.112808	2.380000
34	0.548704	-0.046179	0.273891	2.380000
35	0.552686	0.245542	-0.111679	2.380000
36	0.607667	-0.064535	0.069289	2.380000
37	0.541577	-0.285607	-0.057860	2.380000
38	0.612085	-0.052826	-0.028040	2.380000
39	0.613121	0.045511	0.015371	2.380000
40	0.587910	0.104803	0.146979	2.380000
41	0.576016	-0.145026	0.159366	2.380000
42	0.508631	-0.206625	0.277175	2.380000
43	0.574847	0.156681	0.152403	2.380000
44	0.592043	0.114536	-0.120793	2.380000
45	0.604281	-0.058660	-0.098123	2.380000
46	0.612534	-0.022909	-0.050024	2.380000
47	0.586321	-0.171469	0.071068	2.380000
48	0.610857	-0.021332	-0.067997	2.380000
49	0.565088	-0.200062	0.137391	2.380000
50	0.613704	-0.023872	0.031980	2.380000
51	0.606028	0.092104	0.049721	2.380000
52	0.600925	0.123434	0.043344	2.380000
53	0.573875	-0.058329	0.213284	2.380000
54	0.585209	0.072000	-0.174848	2.380000
55	0.610970	-0.038684	0.058687	2.380000
56	0.599382	-0.060071	-0.123925	2.380000
57	0.612916	-0.047241	0.018102	2.380000
58	0.611044	0.017748	-0.067342	2.380000
59	0.614102	-0.017856	-0.028013	2.380000
60	0.604651	0.072461	-0.085859	2.380000
61	0.552163	-0.270811	-0.001389	2.380000
62	0.599023	-0.116905	-0.075699	2.380000
63	0.588304	0.167641	0.063403	2.380000
64	0.611194	0.011249	-0.067378	2.380000
65	0.614278	0.015142	-0.025661	2.380000
66	0.602897	0.032591	-0.116955	2.380000
67	0.614976	-0.005322	-0.000842	2.380000
68	0.597943	0.138830	0.037626	2.380000
69	0.602787	0.108589	-0.055512	2.380000
70	0.573989	0.176544	-0.132641	2.380000
71	0.599849	0.118501	0.066055	2.380000
72	0.552752	0.245860	-0.110648	2.380000
73	0.611974	-0.040084	-0.045892	2.380000
74	0.533318	-0.301149	-0.055738	2.380000
75	0.607333	0.087884	-0.040592	2.380000
76	0.569623	-0.011172	0.231581	2.380000
77	0.595578	0.083505	-0.128604	2.380000
78	0.602326	-0.054414	-0.111660	2.380000
79	0.612214	-0.056397	-0.015452	2.380000
80	0.603941	0.100231	-0.058602	2.380000
81	0.600250	0.032074	-0.129986	2.380000
82	0.603242	0.089926	-0.078981	2.380000
83	0.592754	-0.034025	0.160344	2.380000
84	0.561862	0.206754	-0.140675	2.380000
85	0.583418	-0.193065	0.023968	2.380000
86	0.609136	-0.003279	0.084663	2.380000
87	0.603542	-0.104929	0.054337	2.380000
88	0.589590	0.174953	0.000777	2.380000
89	0.595079	0.155151	-0.005819	2.380000
90	0.609838	-0.003517	0.079436	2.380000
91	0.550139	0.247216	-0.120233	2.380000
92	0.500630	-0.233768	-0.270087	2.380000
93	0.604145	0.102880	-0.051474	2.380000
94	0.577621	0.206331	-0.044801	2.380000
95	0.469226	0.354877	0.179206	2.380000
96	0.599056	-0.056863	-0.126978	2.380000
97	0.608013	0.091594	0.012464	2.380000
98	0.586394	0.027144	0.183385	2.380000
99	0.542548	0.242433	-0.158408	2.380000
100	0.608356	0.079210	-0.043060	2.380000
101	0.606112	0.095755	-0.041036	2.380000
102	0.590250	-0.000569	-0.172713	2.380000
103	0.613384	-0.042712	0.012665	2.380000
104	0.612358	0.012931	-0.055459	2.380000
105	0.610648	-0.068948	-0.024081	2.380000
106	0.555874	0.261586	0.028304	2.380000
107	0.589892	0.161475	0.064643	2.380000
108	0.596521	0.144716	-0.038019	2.380000
109	0.594073	0.152876	0.043941	2.380000
110	0.585362	0.148200	0.116677	2.380000
111	0.611139	-0.062824	-0.028059	2.380000
112	0.601108	0.128476	-0.019687	2.380000
113	0.517688	-0.307684	-0.124718	2.380000
114	0.548386	0.001790	-0.278378	2.380000
115	0.544171	0.161514	0.236677	2.380000
116	0.547224	0.271360	0.071660	2.380000
117	0.397067	0.382409	0.272628	2.380000
118	0.598591	0.139899	0.018506	2.380000
119	0.548088	0.214138	-0.178801	2.380000
120	0.486707	0.219430	0.305273	2.380000
121	0.585609	0.022186	0.186534	2.380000
122	0.611453	-0.062962	-0.019639	2.380000
123	0.585694	-0.175142	0.067180	2.380000
124	0.614431	0.011125	-0.023991	2.380000
125	0.547149	-0.070370	-0.271847	2.380000
126	0.605260	-0.073509	0.080511	2.380000
127	0.606855	0.049205	0.086782	2.380000
128	0.610100	-0.016360	0.075733	2.380000
129	0.596283	-0.131863	-0.072691	2.380000
130	0.570043	0.072749	0.219050	2.380000
131	0.612778	-0.042722	0.030041	2.380000
132	0.613155	-0.019358	0.043491	2.380000
133	0.601997	0.114021	0.053141	2.380000
134	0.597199	-0.024483	0.144843	2.380000
135	0.604019	-0.074017	0.088921	2.380000
136	0.594501	0.118322	0.103893	2.380000
137	0.613153	-0.016943	-0.044518	2.380000
138	0.579533	-0.094111	0.183055	2.380000
139	0.594308	0.101985	-0.120922	2.380000
140	0.579307	-0.105145	0.177688	2.380000
141	0.573348	0.220836	0.026985	2.380000
142	0.580971	-0.200647	0.020941	2.380000
143	0.566326	0.045376	0.235460	2.380000
144	0.600841	0.126349	0.035366	2.380000
145	0.594312	-0.146930	0.058568	2.380000
146	0.613227	0.046659	-0.000743	2.380000
147	0.545608	0.094709	0.267521	2.380000
148	0.610410	-0.056245	-0.049604	2.380000
149	0.610959	0.021665	-0.066972	2.380000
150	0.606667	-0.029548	-0.096474	2.380000
151	0.612422	0.051527	-0.022579	2.380000
152	0.610273	0.071161	0.026974	2.380000
153	0.613665	0.006487	0.039975	2.380000
154	0.548685	0.044129	0.274267	2.380000
155	0.482699	0.171231	0.340451	2.380000
156	0.612716	-0.007847	-0.052367	2.380000
157	0.584200	0.163964	-0.100256	2.380000
158	0.595935	-0.100476	-0.113981	2.380000
159	0.586007	-0.093587	0.161439	2.380000
160	0.609040	0.025143	-0.081626	2.380000
161	0.604816	-0.111299	0.005946	2.380000
162	0.562293	0.195316	-0.154608	2.380000
163	0.610643	0.060117	0.041549	2.380000
164	0.593356	-0.016636	-0.160862	2.380000
165	0.545086	0.074153	0.274968	2.380000
166	0.609795	0.050468	0.061874	2.380000
167	0.594614	0.096502	0.123883	2.380000
168	0.602468	-0.079318	-0.094691	2.380000
169	0.608744	0.008171	-0.087113	2.380000
170	0.605309	-0.025133	-0.105803	2.380000
171	0.601532	0.104861	-0.073405	2.380000
172	0.614813	-0.014174	-0.005357	2.380000
173	0.604599	-0.035997	0.106720	2.380000
174	0.555025	0.124215	0.233973	2.380000
175	0.584934	-0.183899	-0.047519	2.380000
176	0.609070	-0.030018	-0.079736	2.380000
177	0.601757	0.104653	0.071845	2.380000
178	0.577678	0.044283	-0.206281	2.380000
179	0.608711	-0.039456	0.078353	2.380000
180	0.546778	0.115950	-0.256544	2.380000
181	0.584363	0.178339	0.070284	2.380000
182	0.599118	-0.084734	-0.110015	2.380000
183	0.605893	-0.059132	-0.087307	2.380000
184	0.607052	0.063406	-0.075446	2.380000
185	0.586868	0.145845	0.111981	2.380000
186	0.596896	0.141172	-0.044842	2.380000
187	0.569165	0.218750	0.080155	2.380000
188	0.590627	0.118959	-0.123426	2.380000
189	0.590778	0.153043	-0.076051	2.380000
190	0.614474	0.022476	-0.011914	2.380000
191	0.605713	0.012999	0.105678	2.380000
192	0.611729	0.059874	0.020687	2.380000
193	0.565708	-0.085112	0.225733	2.380000
194	0.590996	0.153705	0.072965	2.380000
195	0.607530	0.013030	-0.094667	2.380000
196	0.614943	-0.002014	-0.008138	2.380000
197	0.550816	0.258632	-0.089081	2.380000
198	0.606322	0.015201	0.101824	2.380000
199	0.588283	-0.061543	-0.168406	2.380000
200	0.613660	-0.036140	0.018459	2.380000
201	0.612002	0.060637	0.001338	2.380000
202	0.605254	-0.042512	-0.100426	2.380000
203	0.590801	0.025804	0.168860	2.380000
204	0.577316	0.207697	-0.042349	2.380000
205	0.591942	0.129159	0.105583	2.380000
206	0.595403	-0.089072	-0.125646	2.380000
207	0.575979	0.107801	-0.186688	2.380000
208	0.580436	0.142459	-0.145000	2.380000
209	0.590385	-0.046195	-0.165940	2.380000
210	0.603837	-0.092469	-0.071100	2.380000
211	0.614332	-0.020785	0.019721	2.380000
212	0.559459	0.251702	-0.043330	2.380000
213	0.531457	0.306163	0.045194	2.380000
214	0.612119	-0.002358	-0.059415	2.380000
215	0.612617	-0.044658	0.030515	2.380000
216	0.595053	0.061879	0.142504	2.380000
217	0.609890	0.050434	0.060956	2.380000
218	0.569239	-0.182842	0.144086	2.380000
219	0.613200	-0.016877	-0.043885	2.380000
220	0.590129	-0.127036	-0.117624	2.380000
221	0.606036	0.052900	-0.090258	2.380000
222	0.522342	-0.215992	-0.242346	2.380000
223	0.591756	-0.070549	0.151898	2.380000
224	0.612893	0.036517	0.035409	2.380000
225	0.609256	-0.019521	0.081553	2.380000
226	0.571462	-0.041386	0.223479	2.380000
227	0.608852	0.031410	0.080856	2.380000
228	0.614589	-0.000948	0.022458	2.380000
229	0.538851	-0.295616	0.021816	2.380000
230	0.574979	0.088513	-0.199473	2.380000
231	0.606281	0.012073	0.102480	2.380000
232	0.559409	0.065091	0.247082	2.380000
233	0.611627	0.063523	-0.010092	2.380000
234	0.566468	-0.220843	0.092559	2.380000
235	0.599245	-0.048681	0.129462	2.380000
236	0.577660	-0.072708	-0.198110	2.380000
237	0.593978	0.149291	0.055916	2.380000
238	0.603822	-0.078859	0.086056	2.380000
239	0.596576	0.144461	-0.038112	2.380000
240	0.600671	-0.126522	-0.037562	2.380000
241	0.601657	-0.098909	0.080315	2.380000
242	0.579165	-0.206862	-0.001205	2.380000
243	0.612444	-0.012209	-0.054670	2.380000
244	0.601873	-0.068234	0.106388	2.380000
245	0.612986	-0.011097	-0.048476	2.380000
246	0.608691	0.086512	0.015382	2.380000
247	0.613935	-0.023666	-0.027354	2.380000
248	0.596518	0.141231	-0.049449	2.380000
249	0.579174	-0.077789	-0.191654	2.380000
250	0.602596	-0.099984	-0.071457	2.380000
251	0.583844	0.093618	0.169076	2.380000
252	0.614579	0.007143	0.021594	2.380000
253	0.613201	-0.046960	-0.001996	2.380000
254	0.577422	-0.182566	-0.107137	2.380000
255	0.614574	-0.008331	-0.021329	2.380000
256	0.584238	0.156158	0.111828	2.380000
257	0.604519	-0.050365	-0.101216	2.380000
258	0.606866	-0.099553	0.005265	2.380000
259	0.610393	-0.055205	-0.050974	2.380000
260	0.614347	0.001701	0.028271	2.380000
261	0.613934	-0.026695	0.024433	2.380000
262	0.588964	-0.024073	-0.175404	2.380000
263	0.607025	0.049420	-0.085463	2.380000
264	0.604955	0.101072	-0.045160	2.380000
265	0.603222	-0.048819	-0.109385	2.380000
266	0.580437	0.144463	0.142998	2.380000
267	0.604752	0.029888	0.107737	2.380000
268	0.606156	-0.016937	-0.102536	2.380000
269	0.611352	0.061965	0.025187	2.380000
270	0.600730	-0.053695	-0.120271	2.380000
271	0.546691	-0.223781	-0.171104	2.380000
272	0.606561	0.078870	-0.063937	2.380000
273	0.603242	0.072946	-0.094884	2.380000
274	0.604761	0.078122	-0.079914	2.380000
275	0.614045	-0.019496	0.028164	2.380000
276	0.568645	0.222353	-0.073665	2.380000
277	0.598656	0.002271	0.140822	2.380000
278	0.602829	-0.105801	-0.060238	2.380000
279	0.605726	-0.089183	-0.058030	2.380000
280	0.609161	0.018305	0.082537	2.380000
281	0.607904	-0.024680	-0.089826	2.380000
282	0.607939	0.006870	-0.092669	2.380000
283	0.571879	0.213438	-0.074992	2.380000
284	0.562319	0.210884	-0.132479	2.380000
285	0.514273	0.318224	-0.111721	2.380000
286	0.596353	0.135418	0.065188	2.380000
287	0.610808	-0.055114	-0.045837	2.380000
288	0.614841	-0.013191	-0.004600	2.380000
289	0.570965	0.228403	-0.007500	2.380000
290	0.599469	0.024996	0.135045	2.380000
291	0.593736	0.107030	-0.119360	2.380000
292	0.595654	0.061920	-0.139953	2.380000
293	0.597999	0.142987	0.013327	2.380000
294	0.614371	-0.015062	0.023372	2.380000
295	0.588020	0.094122	0.153619	2.380000
296	0.614045	-0.021851	-0.026392	2.380000
297	0.600500	0.078272	-0.107228	2.380000
298	0.606365	-0.009661	0.102242	2.380000
299	0.607244	-0.095680	0.018046	2.380000
300	0.611692	0.053727	-0.034219	2.380000
301	0.614023	0.030413	0.016600	2.380000
302	0.596748	0.079611	-0.125614	2.380000
303	0.603664	0.114616	-0.026038	2.380000
304	0.569165	0.232102	-0.020138	2.380000
305	0.611484	-0.061851	0.022061	2.380000
306	0.609963	0.041671	0.066585	2.380000
307	0.611855	-0.020748	0.058553	2.380000
308	0.604716	-0.016430	0.110786	2.380000
309	0.607639	0.086802	0.038284	2.380000
310	0.605492	0.020794	-0.105700	2.380000
311	0.563556	0.244900	0.025558	2.380000
312	0.591990	0.153336	-0.065278	2.380000
313	0.608351	0.069510	0.057467	2.380000
314	0.578246	0.174120	0.116354	2.380000
315	0.599459	0.114014	-0.076644	2.380000
316	0.584612	0.185863	-0.043694	2.380000
317	0.548047	-0.275758	0.042741	2.380000
318	0.597644	-0.091093	-0.112912	2.380000
319	0.515137	0.321022	-0.099015	2.380000
320	0.550139	0.272978	0.032473	2.380000
321	0.576516	0.086796	0.195758	2.380000
322	0.607255	0.095123	0.020441	2.380000
323	0.550554	0.253964	0.103043	2.380000
324	0.601841	0.069036	0.106051	2.380000
325	0.592168	0.063485	0.153401	2.380000
326	0.542135	-0.279632	0.078231	2.380000
327	0.561646	-0.182671	-0.171495	2.380000
328	0.579314	-0.202961	-0.037782	2.380000
329	0.469501	0.197550	-0.344627	2.380000
330	0.605669	-0.067211	-0.082905	2.380000
331	0.614610	-0.016208	-0.014707	2.380000
332	0.606846	0.093785	0.034167	2.380000
333	0.592562	0.060299	-0.153163	2.380000
334	0.559185	-0.173695	0.188062	2.380000
335	0.609812	-0.047146	-0.064278	2.380000
336	0.604896	-0.048711	-0.099764	2.380000
337	0.604940	-0.109133	-0.019030	2.380000
338	0.611163	0.037130	0.057671	2.380000
339	0.612033	0.031269	0.051599	2.380000
340	0.566637	-0.082963	0.224198	2.380000
341	0.559782	-0.096873	-0.235552	2.380000
342	0.605691	0.067364	0.082613	2.380000
343	0.563759	0.144003	0.199159	2.380000
344	0.560119	0.152443	-0.203108	2.380000
345	0.610377	0.049435	0.056759	2.380000
346	0.613279	0.036567	-0.027875	2.380000
347	0.610299	-0.032185	0.068736	2.380000
348	0.593887	0.126064	-0.098138	2.380000
349	0.604554	-0.076098	0.083357	2.380000
350	0.613116	0.017916	-0.044645	2.380000
351	0.562040	-0.006141	0.249596	2.380000
352	0.610288	0.069395	0.030943	2.380000
353	0.598231	0.098081	-0.103558	2.380000
354	0.600853	-0.131014	0.005964	2.380000
355	0.592184	-0.158467	0.049304	2.380000
356	0.596206	0.150761	0.005853	2.380000
357	0.596142	-0.127129	0.081719	2.380000
358	0.514202	-0.334925	0.040574	2.380000
359	0.574383	-0.217941	0.028476	2.380000
360	0.614810	-0.015099	0.002423	2.380000
361	0.588986	-0.080523	0.157597	2.380000
362	0.613772	-0.006532	0.038286	2.380000
363	0.601247	-0.129323	-0.001744	2.380000
364	0.589451	0.119532	-0.128394	2.380000
365	0.598543	-0.106216	-0.093220	2.380000
366	0.611774	0.042959	0.045954	2.380000
367	0.591090	0.098379	0.138417	2.380000
368	0.599477	0.106404	0.086780	2.380000
369	0.593348	0.160325	0.021427	2.380000
370	0.597644	-0.108868	0.095885	2.380000
371	0.555461	-0.263983	0.001004	2.380000
372	0.599167	-0.034012	0.134416	2.380000
373	0.562316	-0.001817	-0.249042	2.380000
374	0.561404	-0.091503	-0.233833	2.380000
375	0.607015	-0.078541	-0.059914	2.380000
376	0.589901	-0.169964	0.036794	2.380000
377	0.612631	0.030786	0.044284	2.380000
378	0.602055	-0.118612	0.041057	2.380000
379	0.609333	-0.067241	0.049166	2.380000
380	0.600509	-0.123018	-0.049808	2.380000
381	0.611878	-0.048637	-0.038276	2.380000
382	0.604600	0.042546	-0.104275	2.380000
383	0.543572	0.033925	-0.285664	2.380000
384	0.604765	-0.055397	-0.097034	2.380000
385	0.612840	-0.025381	-0.044807	2.380000
386	0.612138	0.055366	-0.021144	2.380000
387	0.560056	-0.179492	-0.179846	2.380000
388	0.608141	0.052603	-0.074986	2.380000
389	0.611597	0.016803	-0.062386	2.380000
390	0.604302	-0.082486	0.078993	2.380000
391	0.588715	0.175861	-0.026683	2.380000
392	0.612294	0.046140	-0.034527	2.380000
393	0.611947	0.057237	0.021682	2.380000
394	0.597331	-0.137780	-0.049364	2.380000
395	0.608003	-0.081006	-0.044667	2.380000
396	0.590685	0.117694	0.124354	2.380000
397	0.593185	-0.146518	0.069920	2.380000
398	0.594055	-0.148813	-0.056376	2.380000
399	0.599368	0.121059	0.065789	2.380000
400	0.614856	-0.000838	0.013288	2.380000
401	0.597546	0.142469	-0.029431	2.380000
402	0.588593	0.136317	0.114893	2.380000
403	0.611516	-0.024421	-0.060635	2.380000
404	0.601575	-0.119965	-0.044054	2.380000
405	0.605056	-0.031617	0.105511	2.380000
406	0.613832	0.017659	0.033521	2.380000
407	0.603137	0.022442	0.118100	2.380000
408	0.601966	0.080751	-0.096647	2.380000
409	0.563276	0.227634	-0.095538	2.380000
410	0.571471	0.045303	0.222696	2.380000
411	0.605638	0.078754	-0.072289	2.380000
412	0.610194	-0.060982	0.046581	2.380000
413	0.605010	0.027879	-0.106822	2.380000
414	0.614887	0.010093	0.006042	2.380000
415	0.613750	-0.029574	0.025720	2.380000
416	0.557016	0.258854	0.030875	2.380000
417	0.578408	0.172323	0.118214	2.380000
418	0.544987	0.230988	-0.166910	2.380000
419	0.600465	0.125713	0.043167	2.380000
420	0.596615	0.148971	0.009083	2.380000
421	0.603423	-0.108262	-0.048836	2.380000
422	0.557140	0.211784	-0.151551	2.380000
423	0.613455	0.031972	-0.029601	2.380000
424	0.562616	0.239910	0.064279	2.380000
425	0.477650	0.381681	0.066291	2.380000
426	0.611997	-0.060650	0.002480	2.380000
427	0.584099	0.152921	-0.116911	2.380000
428	0.512655	0.136260	0.311196	2.380000
429	0.598452	0.130088	0.056186	2.380000
430	0.583221	-0.194289	-0.018160	2.380000
431	0.570813	-0.071663	-0.217399	2.380000
432	0.597953	-0.133844	0.052563	2.380000
433	0.476708	0.041555	-0.386326	2.380000
434	0.465823	-0.079207	-0.393650	2.380000
435	0.607194	-0.094049	-0.026364	2.380000
436	0.583619	0.183831	0.061806	2.380000
437	0.598052	0.140840	0.026880	2.380000
438	0.611613	-0.055358	0.033025	2.380000
439	0.588534	0.110129	0.140442	2.380000
440	0.602255	0.120447	-0.031715	2.380000
441	0.613169	-0.012181	-0.045832	2.380000
442	0.564511	-0.124293	-0.210008	2.380000
443	0.607969	0.078300	-0.049680	2.380000
444	0.557393	0.251620	-0.065004	2.380000
445	0.589792	-0.041975	-0.169140	2.380000
446	0.609450	0.019023	0.080208	2.380000
447	0.613239	-0.025883	0.038642	2.380000
448	0.606324	-0.070323	0.075175	2.380000
449	0.608039	-0.091736	0.009892	2.380000
450	0.609644	-0.072726	0.035631	2.380000
451	0.601632	0.123805	-0.030590	2.380000
452	0.605678	-0.074364	-0.076476	2.380000
453	0.562222	0.184223	-0.167909	2.380000
454	0.574000	0.217776	-0.036377	2.380000
455	0.593457	-0.068052	0.146295	2.380000
456	0.565017	-0.154171	0.187649	2.380000
457	0.612080	-0.049566	0.033559	2.380000
458	0.600511	0.086267	0.100845	2.380000
459	0.569340	0.043606	0.228419	2.380000
460	0.608987	0.063292	-0.057912	2.380000
461	0.527686	-0.226177	-0.220492	2.380000
462	0.584325	-0.150554	0.118837	2.380000
463	0.573514	-0.016489	0.221437	2.380000
464	0.584442	0.190329	0.020670	2.380000
465	0.605587	-0.013247	0.106369	2.380000
466	0.548534	-0.050760	0.273422	2.380000
467	0.608952	0.085703	0.007557	2.380000
468	0.598015	-0.138176	-0.038869	2.380000
469	0.600058	0.092788	0.097704	2.380000
470	0.601333	-0.044258	-0.121100	2.380000
471	0.572621	-0.055103	-0.217473	2.380000
472	0.610606	-0.058322	0.044536	2.380000
473	0.587351	0.171864	0.060881	2.380000
474	0.605821	0.050972	-0.092779	2.380000
475	0.612862	0.040112	0.031873	2.380000
476	0.605495	0.058625	0.090356	2.380000
477	0.571761	0.139522	0.178460	2.380000
478	0.582282	0.132649	0.146889	2.380000
479	0.572182	0.202699	0.098722	2.380000
480	0.581256	-0.076667	0.185713	2.380000
481	0.610822	0.071543	-0.001583	2.380000
482	0.614948	0.002187	-0.007660	2.380000
483	0.613739	0.022660	0.032192	2.380000
484	0.520356	0.063736	-0.321547	2.380000
485	0.591618	-0.162130	-0.043890	2.380000
486	0.604649	-0.030353	0.108184	2.380000
487	0.571540	-0.056029	0.220063	2.380000
488	0.569024	0.104523	0.208595	2.380000
489	0.565510	0.163850	0.177697	2.380000
490	0.595666	-0.089274	-0.124247	2.380000
491	0.589092	-0.105542	-0.141621	2.380000
492	0.595594	-0.025165	-0.151192	2.380000
493	0.610952	-0.054568	-0.044553	2.380000
494	0.580213	-0.168894	-0.114248	2.380000
495	0.613346	0.045072	0.000484	2.380000
496	0.572747	-0.219156	-0.046433	2.380000
497	0.591194	0.163751	-0.043590	2.380000
498	0.591913	-0.151974	-0.069048	2.380000
499	0.606044	-0.072091	-0.075752	2.380000
500	0.609247	0.083885	0.002590	2.380000
501	0.600872	-0.129698	0.018862	2.380000
502	0.598054	0.001525	0.143369	2.380000
503	0.611132	-0.051134	-0.046131	2.380000
504	0.609434	-0.074116	-0.036353	2.380000
505	0.594923	0.047299	-0.148507	2.380000
506	0.581964	0.050799	0.192256	2.380000
507	0.570063	-0.224996	-0.051288	2.380000
508	0.550337	-0.222263	-0.161101	2.380000
509	0.602681	-0.098813	-0.072362	2.380000
510	0.595523	-0.153549	-0.000738	2.380000
511	0.598179	-0.024950	0.140657	2.380000
512	0.592111	-0.153950	-0.062684	2.380000
513	0.603713	0.064392	0.098025	2.380000
514	0.568372	0.186817	0.142399	2.380000
515	0.600414	0.131634	-0.020009	2.380000
516	0.581895	0.198815	0.009798	2.380000
517	0.601398	-0.107290	-0.070955	2.380000
518	0.614261	-0.023141	-0.019300	2.380000
519	0.607881	-0.093264	0.002717	2.380000
520	0.580258	-0.164933	0.119677	2.380000
521	0.610602	0.066518	0.031067	2.380000
522	0.614531	-0.013427	0.019915	2.380000
523	0.603877	0.096691	-0.064870	2.380000
524	0.586101	0.182484	-0.037548	2.380000
525	0.568958	0.177907	0.151199	2.380000
526	0.595409	0.130366	-0.081960	2.380000
527	0.596601	0.122447	-0.085437	2.380000
528	0.612868	-0.015307	0.048816	2.380000
529	0.606435	-0.003730	0.102217	2.380000
530	0.578389	-0.200239	-0.059968	2.380000
531	0.493034	0.334245	0.153046	2.380000
532	0.526598	0.265275	0.174781	2.380000
533	0.594955	0.114683	0.105360	2.380000
534	0.460796	-0.398795	-0.082790	2.380000
535	0.584604	0.128295	-0.141435	2.380000
536	0.570319	-0.168758	0.156468	2.380000
537	0.607686	-0.015844	0.093230	2.380000
538	0.611203	-0.067686	-0.008665	2.380000
539	0.504728	0.180407	0.301543	2.380000
540	0.509089	0.310495	0.150488	2.380000
541	0.491206	0.190314	0.317368	2.380000
542	0.588347	0.178650	-0.012508	2.380000
543	0.591408	0.167993	0.015493	2.380000
544	0.576045	0.149487	0.155085	2.380000
545	0.596779	0.023091	0.146786	2.380000
546	0.596680	0.145199	0.033399	2.380000
547	0.612045	0.037199	0.047350	2.380000
548	0.614925	-0.003791	-0.008857	2.380000
549	0.593410	-0.156666	0.039303	2.380000
550	0.577935	0.009867	-0.210044	2.380000
551	0.609170	-0.078582	0.031007	2.380000
552	0.490902	0.289718	0.230875	2.380000
553	0.562472	-0.014802	0.248256	2.380000
554	0.595846	0.149928	-0.026725	2.380000
555	0.606549	-0.001094	0.101595	2.380000
556	0.606746	-0.041124	0.091612	2.380000
557	0.584816	-0.008472	-0.190116	2.380000
558	0.611479	0.065093	-0.008989	2.380000
559	0.560973	0.225927	-0.111767	2.380000
560	0.614446	-0.013234	0.022483	2.380000
561	0.591229	0.085848	0.145958	2.380000
562	0.544662	-0.074665	0.275669	2.380000
563	0.614220	0.004542	-0.030637	2.380000
564	0.587977	0.060229	0.169942	2.380000
565	0.609006	-0.076047	0.039411	2.380000
566	0.614586	0.007777	-0.021171	2.380000
567	0.612181	0.043089	0.040034	2.380000
568	0.610239	0.073356	-0.021266	2.380000
569	0.597834	-0.070627	0.125824	2.380000
570	0.602799	-0.009559	0.121519	2.380000
571	0.606148	-0.062850	0.082820	2.380000
572	0.573064	0.184409	0.125762	2.380000
573	0.574847	0.210737	0.058017	2.380000
574	0.610319	-0.058008	0.048697	2.380000
575	0.588829	-0.151943	0.091755	2.380000
576	0.499633	0.155695	0.323034	2.380000
577	0.597565	0.133243	0.058203	2.380000
578	0.596275	-0.142026	0.050102	2.380000
579	0.576402	-0.163239	0.139064	2.380000
580	0.591096	-0.069029	0.155129	2.380000
581	0.604429	0.087310	0.072575	2.380000
582	0.606113	-0.101134	-0.024984	2.380000
583	0.613303	0.032527	0.032043	2.380000
584	0.553607	0.155856	-0.217838	2.380000
585	0.612886	-0.050430	0.007287	2.380000
586	0.598255	-0.053008	-0.132310	2.380000
587	0.613648	0.009502	0.039627	2.380000
588	0.611234	0.032943	0.059439	2.380000
589	0.591095	0.091337	0.143139	2.380000
590	0.588288	0.135061	0.117900	2.380000
591	0.608384	0.086326	-0.025340	2.380000
592	0.600992	-0.130497	0.002016	2.380000
593	0.613182	0.044806	0.015006	2.380000
594	0.604369	-0.051247	-0.101672	2.380000
595	0.586692	-0.064857	-0.172659	2.380000
596	0.613420	0.002880	-0.043965	2.380000
597	0.609957	0.036729	0.069490	2.380000
598	0.607046	-0.032085	0.093224	2.380000
599	0.608443	-0.048790	0.075113	2.380000
600	0.599156	-0.115729	0.076446	2.380000
601	0.610576	0.073631	0.000702	2.380000
602	0.601549	-0.112223	-0.061403	2.380000
603	0.611224	0.032472	-0.059794	2.380000
604	0.569505	0.162294	-0.165980	2.380000
605	0.606680	0.032345	-0.095487	2.380000
606	0.578597	0.207347	-0.021383	2.380000
607	0.589881	-0.146014	-0.094577	2.380000
608	0.586897	0.063854	-0.172335	2.380000
609	0.612236	0.026540	0.051844	2.380000
610	0.595764	0.077400	0.131525	2.380000
611	0.612605	0.019934	0.050429	2.380000
612	0.613648	-0.007053	-0.040139	2.380000
613	0.609389	0.007361	-0.082561	2.380000
614	0.587620	0.054495	0.173085	2.380000
615	0.573572	0.206578	-0.081029	2.380000
616	0.614240	0.002047	0.030487	2.380000
617	0.594149	-0.137188	-0.079949	2.380000
618	0.595640	-0.150932	0.025646	2.380000
619	0.601471	-0.126328	-0.022342	2.380000
620	0.594472	0.031113	-0.154466	2.380000
621	0.613365	0.044637	-0.003919	2.380000
622	0.602519	-0.007732	-0.123031	2.380000
623	0.588932	0.172292	0.041222	2.380000
624	0.608934	0.073524	-0.044935	2.380000
625	0.608166	0.008597	0.091026	2.380000
626	0.583833	-0.184710	0.056978	2.380000
627	0.606064	-0.102054	0.022286	2.380000
628	0.606391	-0.086888	-0.054458	2.380000
629	0.578000	0.200806	-0.061788	2.380000
630	0.561958	0.228058	0.102067	2.380000
631	0.603692	-0.111816	0.035751	2.380000
632	0.601492	0.109588	-0.066506	2.380000
633	0.608653	0.034317	-0.081170	2.380000
634	0.614975	-0.003095	-0.004627	2.380000
635	0.603701	0.043479	0.108993	2.380000
636	0.614224	-0.028071	0.012890	2.380000
637	0.563625	0.243479	0.035638	2.380000
638	0.567191	0.133060	0.197015	2.380000
639	0.607014	0.034864	0.092431	2.380000
640	0.591409	0.165238	-0.034021	2.380000
641	0.577930	0.162517	0.133453	2.380000
642	0.524094	0.079221	0.311888	2.380000
643	0.596795	-0.007989	0.148315	2.380000
644	0.588020	-0.160388	0.082053	2.380000
645	0.612358	-0.007274	0.056474	2.380000
646	0.588521	0.010539	-0.178205	2.380000
647	0.611984	0.014145	-0.059167	2.380000
648	0.594729	-0.019519	0.155375	2.380000
649	0.605816	0.059459	-0.087618	2.380000
650	0.599875	0.058980	0.122051	2.380000
651	0.603028	0.120755	-0.000631	2.380000
652	0.558780	0.255884	-0.022670	2.380000
653	0.605230	0.068570	0.084967	2.380000
654	0.604468	0.106075	-0.039897	2.380000
655	0.606055	0.095266	-0.042969	2.380000
656	0.429786	-0.326124	0.295215	2.380000
657	0.535748	0.218679	0.208274	2.380000
658	0.525188	0.117577	-0.297622	2.380000
659	0.611754	0.048774	0.040038	2.380000
660	0.603723	-0.116988	-0.007547	2.380000
661	0.575179	-0.009184	0.217507	2.380000
662	0.609999	0.072287	0.030015	2.380000
663	0.566357	-0.041946	0.236019	2.380000
664	0.610299	-0.041154	-0.063770	2.380000
665	0.602503	0.123220	0.005655	2.380000
666	0.576162	0.187705	0.105018	2.380000
667	0.604179	0.100463	0.055676	2.380000
668	0.552310	-0.263034	0.063187	2.380000
669	0.614248	-0.006869	-0.029623	2.380000
670	0.607436	0.091424	-0.029803	2.380000
671	0.581786	0.185297	0.073586	2.380000
672	0.540624	0.243494	0.163282	2.380000
673	0.610520	0.073378	-0.010296	2.380000
674	0.482321	-0.213066	-0.316535	2.380000
675	0.599540	-0.123510	0.059346	2.380000
676	0.577549	-0.058208	0.203160	2.380000
677	0.580722	0.007110	0.202329	2.380000
678	0.605271	0.107325	0.018786	2.380000
679	0.614634	0.015272	0.014733	2.380000
680	0.603237	-0.119553	-0.006114	2.380000
681	0.596718	0.024009	0.146889	2.380000
682	0.574612	0.116998	0.185358	2.380000
683	0.553937	-0.050206	0.262409	2.380000
684	0.599478	-0.132759	-0.035015	2.380000
685	0.605725	0.024434	-0.103561	2.380000
686	0.607189	0.088553	-0.041291	2.380000
687	0.602708	0.108141	0.057213	2.380000
688	0.605319	-0.108648	0.003094	2.380000
689	0.578265	0.033450	0.206677	2.380000
690	0.587002	-0.029899	0.180996	2.380000
691	0.585116	0.081252	0.171061	2.380000
692	0.498562	-0.243158	0.265585	2.380000
693	0.581315	0.016193	0.200090	2.380000
694	0.612634	0.007492	-0.053371	2.380000
695	0.601659	-0.005244	-0.127297	2.380000
696	0.600410	0.041590	-0.126505	2.380000
697	0.610899	0.026472	-0.065777	2.380000
698	0.572391	-0.135129	-0.179817	2.380000
699	0.613219	0.043029	0.018331	2.380000
700	0.604122	0.048778	0.104321	2.380000
701	0.571463	0.217676	0.065364	2.380000
702	0.575571	0.029411	-0.214657	2.380000
703	0.575835	0.208744	0.055362	2.380000
704	0.612463	-0.007528	-0.055295	2.380000
705	0.593100	0.086791	0.137565	2.380000
706	0.591217	-0.163156	0.045467	2.380000
707	0.574349	-0.033120	-0.217374	2.380000
708	0.609050	0.080977	-0.026942	2.380000
709	0.579018	-0.048335	0.201562	2.380000
710	0.521623	0.220878	0.239473	2.380000
711	0.596437	-0.128005	-0.078119	2.380000
712	0.599879	-0.126767	0.047964	2.380000
713	0.595025	0.082321	-0.131884	2.380000
714	0.594550	-0.157077	-0.007888	2.380000
715	0.595796	0.092221	0.121440	2.380000
716	0.586225	-0.183676	0.028783	2.380000
717	0.545952	-0.191901	-0.208173	2.380000
718	0.603312	0.104253	0.058062	2.380000
719	0.612276	-0.057766	-0.002365	2.380000
720	0.567056	0.233167	-0.048018	2.380000
721	0.591660	-0.109168	0.127461	2.380000
722	0.595768	0.007485	-0.152413	2.380000
723	0.574434	-0.170998	-0.137878	2.380000
724	0.582145	0.026521	-0.196541	2.380000
725	0.559455	0.014622	0.254993	2.380000
726	0.580593	0.129014	0.156498	2.380000
727	0.610088	-0.023707	-0.073862	2.380000
728	0.346554	0.451361	-0.233235	2.380000
729	0.604321	0.111668	-0.023492	2.380000
730	0.530027	0.311253	0.020450	2.380000
731	0.600706	0.095241	-0.091140	2.380000
732	0.585171	0.051772	-0.181989	2.380000
733	0.609841	-0.055023	-0.057365	2.380000
734	0.614855	-0.009064	-0.009776	2.380000
735	0.606367	0.099185	-0.026587	2.380000
736	0.586629	0.154915	0.100461	2.380000
737	0.525033	0.294663	0.125455	2.380000
738	0.612234	-0.056882	0.012616	2.380000
739	0.611895	0.026327	-0.055824	2.380000
740	0.609123	-0.081365	-0.023951	2.380000
741	0.591931	0.114986	-0.120918	2.380000
742	0.602010	-0.102233	0.073196	2.380000
743	0.599179	0.004100	0.138538	2.380000
744	0.609530	-0.035286	0.073844	2.380000
745	0.473867	0.329502	0.212377	2.380000
746	0.530007	0.245640	0.192298	2.380000
747	0.613162	0.039114	0.026973	2.380000
748	0.546919	0.164609	0.228053	2.380000
749	0.493333	0.306587	0.202119	2.380000
750	0.609610	0.070908	0.039655	2.380000
751	0.578112	0.134349	-0.161128	2.380000
752	0.589000	-0.118455	0.131423	2.380000
753	0.602163	-0.121646	-0.028759	2.380000
754	0.610161	-0.060600	0.047505	2.380000
755	0.612545	0.050201	0.022205	2.380000
756	0.576233	-0.137869	-0.164841	2.380000
757	0.596804	-0.063916	0.134032	2.380000
758	0.614764	0.006328	0.015815	2.380000
759	0.590013	0.159539	0.068245	2.380000
760	0.599691	0.006459	-0.136212	2.380000
761	0.601485	0.107644	-0.069665	2.380000
762	0.570497	-0.191050	0.127508	2.380000
763	0.561549	0.220648	-0.119173	2.380000
764	0.614027	0.034454	0.002969	2.380000
765	0.608706	-0.075917	-0.044029	2.380000
766	0.611743	0.060377	-0.018715	2.380000
767	0.580970	-0.198398	-0.036570	2.380000
768	0.603945	0.114734	-0.017637	2.380000
769	0.594077	0.037481	-0.154571	2.380000
770	0.607776	-0.019009	-0.092044	2.380000
771	0.577427	0.192461	-0.088099	2.380000
772	0.600692	-0.061990	0.116410	2.380000
773	0.597221	-0.138682	0.048164	2.380000
774	0.582983	-0.187721	-0.055824	2.380000
775	0.598668	0.138702	-0.024148	2.380000
776	0.598636	0.098762	0.100527	2.380000
777	0.594039	0.158390	0.015969	2.380000
778	0.579624	-0.085690	-0.186864	2.380000
779	0.610688	-0.049668	0.053083	2.380000
780	0.522795	0.307884	0.100591	2.380000
781	0.584436	0.184127	0.052500	2.380000
782	0.607744	-0.018207	-0.092416	2.380000
783	0.598029	0.032134	0.139834	2.380000
784	0.594944	-0.155723	0.004147	2.380000
785	0.592264	0.059478	0.154633	2.380000
786	0.580595	-0.200319	-0.031739	2.380000
787	0.590874	-0.168101	-0.028889	2.380000
788	0.483594	0.242755	0.292287	2.380000
789	0.582697	0.139855	0.138309	2.380000
790	0.597442	-0.001540	-0.145898	2.380000
791	0.599740	0.106953	-0.084251	2.380000
792	0.588479	-0.105384	0.144263	2.380000
793	0.506442	0.266415	0.225310	2.380000
794	0.596950	-0.067165	0.131773	2.380000
795	0.596575	-0.056246	0.138419	2.380000
796	0.588493	0.039284	0.174234	2.380000
797	0.555096	0.264436	0.012922	2.380000
798	0.586965	-0.158536	-0.092540	2.380000
799	0.611658	0.060092	-0.022097	2.380000
800	0.545656	-0.274443	-0.071874	2.380000
801	0.604313	0.113462	-0.012549	2.380000
802	0.607503	-0.027250	0.091773	2.380000
803	0.609425	-0.046910	-0.068011	2.380000
804	0.593853	0.087304	-0.133949	2.380000
805	0.610643	-0.032906	-0.065244	2.380000
806	0.614606	-0.021998	-0.000984	2.380000
807	0.601604	-0.030178	-0.124044	2.380000
808	0.614088	0.026668	0.020229	2.380000
809	0.564735	-0.205522	-0.130614	2.380000
810	0.591875	0.040154	0.162162	2.380000
811	0.606891	-0.098624	-0.013488	2.380000
812	0.604142	-0.082061	0.080645	2.380000
813	0.609049	-0.084325	-0.013189	2.380000
814	0.573578	-0.134161	0.176732	2.380000
815	0.563790	-0.158465	0.187763	2.380000
816	0.594830	-0.086637	0.129986	2.380000
817	0.602073	0.115174	0.049676	2.380000
818	0.601105	0.054977	0.117791	2.380000
819	0.605591	-0.036945	-0.100599	2.380000
820	0.602571	-0.122345	0.012820	2.380000
821	0.591343	-0.135377	-0.101053	2.380000
822	0.578707	-0.112075	0.175391	2.380000
823	0.606277	0.064194	0.080825	2.380000
824	0.611650	-0.054792	-0.033266	2.380000
825	0.587174	-0.023850	-0.181337	2.380000
826	0.612990	-0.017858	0.046365	2.380000
827	0.568752	0.115048	-0.203741	2.380000
828	0.611295	-0.023014	-0.063354	2.380000
829	0.581649	-0.163153	-0.115284	2.380000
830	0.597709	0.001067	0.144804	2.380000
831	0.605244	-0.044071	0.099811	2.380000
832	0.571941	-0.219204	-0.055302	2.380000
833	0.593975	-0.128331	-0.094604	2.380000
834	0.605231	0.106328	-0.024791	2.380000
835	0.597641	-0.113126	-0.090844	2.380000
836	0.591645	0.077482	-0.148923	2.380000
837	0.567624	0.160518	0.173958	2.380000
838	0.603166	-0.068592	-0.098547	2.380000
839	0.587909	0.083835	0.159874	2.380000
840	0.600231	0.066054	0.116554	2.380000
841	0.581390	0.197677	0.033679	2.380000
842	0.583705	0.189607	-0.039526	2.380000
843	0.538388	-0.289854	0.065938	2.380000
844	0.592344	0.129070	-0.103415	2.380000
845	0.609171	-0.084420	-0.003037	2.380000
846	0.576385	0.041537	0.210428	2.380000
847	0.610954	0.066750	0.022464	2.380000
848	0.532597	0.240413	0.191746	2.380000
849	0.500089	0.323799	0.152612	2.380000
850	0.427896	0.436346	0.068786	2.380000
