1	-0.574689	-0.177143	-0.128753	-2.930000
2	-0.594641	-0.140746	-0.069405	-2.930000
3	-0.561582	-0.184031	-0.170243	-2.930000
4	-0.565450	-0.218534	-0.103605	-2.930000
5	-0.603137	0.051106	-0.108805	-2.930000
6	-0.606437	-0.078547	-0.065491	-2.930000
7	-0.569999	0.111509	0.202217	-2.930000
8	-0.406855	0.445011	-0.121077	-2.930000
9	-0.543581	-0.136720	0.253085	-2.930000
10	-0.569170	-0.222270	-0.069763	-2.930000
11	-0.607590	0.059420	-0.074352	-2.930000
12	-0.598042	-0.120255	0.078162	-2.930000
13	-0.604053	0.029667	0.111647	-2.930000
14	-0.614486	-0.013933	0.020936	-2.930000
15	-0.574508	-0.168009	-0.141203	-2.930000
16	-0.614542	0.023323	-0.004372	-2.930000
17	-0.566531	0.218911	0.096674	-2.930000
18	-0.485076	0.117797	0.359236	-2.930000
19	-0.575541	-0.077304	-0.202490	-2.930000
20	-0.606868	0.067367	-0.073468	-2.930000
21	-0.585943	0.086424	0.165609	-2.930000
22	-0.613271	-0.036536	-0.028086	-2.930000
23	-0.559223	-0.116404	-0.227914	-2.930000
24	-0.601491	-0.090651	0.090641	-2.930000
25	-0.592773	0.097937	0.131355	-2.930000
26	-0.598722	-0.137816	-0.027631	-2.930000
27	-0.595323	0.035998	-0.150066	-2.930000
28	-0.556730	0.163921	-0.203486	-2.930000
29	-0.526066	0.140310	-0.285994	-2.930000
30	-0.577498	0.053663	-0.204551	-2.930000
31	-0.591108	-0.068941	-0.155123	-2.930000
32	-0.589338	0.107008	-0.139482	-2.930000
33	-0.582627	0.176043	0.088201	-2.930000
34	-0.605039	-0.110159	-0.004247	-2.930000
35	-0.538820	-0.231246	-0.185537	-2.930000
36	-0.609593	0.058314	0.056754	-2.930000
37	-0.530007	-0.113049	-0.290754	-2.930000
38	-0.602481	-0.119056	-0.032677	-2.930000
39	-0.574456	-0.203750	0.081920	-2.930000
40	-0.571346	-0.044455	-0.223188	-2.930000
41	-0.590972	0.001571	-0.170219	-2.930000
42	-0.612667	-0.021671	-0.048932	-2.930000
43	-0.557641	0.172522	0.193643	-2.930000
44	-0.608309	-0.038405	-0.081918	-2.930000
45	-0.611527	-0.052818	-0.038343	-2.930000
46	-0.492282	0.366335	-0.041008	-2.930000
47	-0.612165	0.023441	0.054123	-2.930000
48	-0.583322	0.144095	-0.131136	-2.930000
49	-0.608462	0.028605	-0.084736	-2.930000
50	-0.608567	-0.088268	-0.008911	-2.930000
51	-0.610830	0.030522	-0.064650	-2.930000
52	-0.576881	0.210243	0.035085	-2.930000
53	-0.558070	-0.139987	-0.217226	-2.930000
54	-0.595706	-0.004115	0.152781	-2.930000
55	-0.588005	0.171198	-0.056267	-2.930000
56	-0.597291	0.146514	-0.001355	-2.930000
57	-0.605902	0.046201	-0.094726	-2.930000
58	-0.593810	0.066369	0.145634	-2.930000
59	-0.578214	-0.086187	0.190958	-2.930000
60	-0.499558	-0.353005	0.063673	-2.930000
61	-0.609195	-0.018744	-0.082188	-2.930000
62	-0.570231	-0.177071	-0.147333	-2.930000
63	-0.593745	-0.058189	0.149353	-2.930000
64	-0.604217	-0.106431	0.042654	-2.930000
65	-0.606497	0.013343	-0.101038	-2.930000
66	-0.613108	-0.025733	-0.040766	-2.930000
67	-0.563296	-0.133988	-0.207293	-2.930000
68	-0.580539	-0.169819	0.111182	-2.930000
69	-0.586817	-0.018518	-0.183105	-2.930000
70	-0.562569	-0.197530	-0.150741	-2.930000
71	-0.526851	-0.272443	-0.162568	-2.930000
72	-0.570529	0.213875	-0.083538	-2.930000
73	-0.481991	-0.363485	-0.117423	-2.930000
74	-0.571391	0.215704	-0.072177	-2.930000
75	-0.612737	0.050509	0.015060	-2.930000
76	-0.613489	0.037680	0.020896	-2.930000
77	-0.594322	-0.114939	0.108608	-2.930000
78	-0.600900	0.128392	-0.025680	-2.930000
79	-0.596034	0.124199	0.086853	-2.930000
80	-0.599089	-0.135378	-0.031462	-2.930000
81	-0.543238	0.069737	0.279739	-2.930000
82	-0.520762	0.017316	-0.326699	-2.930000
83	-0.581451	-0.185335	-0.076099	-2.930000
84	-0.602558	0.072927	-0.099150	-2.930000
85	-0.568452	0.096009	-0.214171	-2.930000
86	-0.546686	0.095655	-0.264971	-2.930000
87	-0.602780	0.094928	0.076618	-2.930000
88	-0.583325	0.152505	0.121240	-2.930000
89	-0.603618	-0.116540	0.016991	-2.930000
90	-0.608939	-0.084860	0.014724	-2.930000
91	-0.559975	0.250277	0.044878	-2.930000
92	-0.569440	0.222653	-0.066249	-2.930000
93	-0.587344	-0.039288	-0.178068	-2.930000
94	-0.563333	-0.241916	0.048553	-2.930000
95	-0.587852	-0.180493	0.008799	-2.930000
96	-0.601808	-0.125712	-0.015766	-2.930000
97	-0.613122	-0.017123	-0.044875	-2.930000
98	-0.562300	-0.222882	-0.111208	-2.930000
99	-0.522262	0.107823	0.306336	-2.930000
100	-0.531817	0.132096	-0.279188	-2.930000
101	-0.597224	0.134516	-0.058769	-2.930000
102	-0.575125	0.070766	0.206029	-2.930000
103	-0.545132	0.138278	0.248868	-2.930000
104	-0.613288	0.045360	-0.006746	-2.930000
105	-0.610748	-0.042075	-0.058668	-2.930000
106	-0.559556	-0.216991	-0.134303	-2.930000
107	-0.566487	-0.235590	-0.042600	-2.930000
108	-0.594965	-0.091064	-0.126288	-2.930000
109	-0.528644	0.237768	-0.205492	-2.930000
110	-0.597671	0.119522	0.082030	-2.930000
111	-0.601183	-0.121501	0.045185	-2.930000
112	-0.521979	-0.222600	0.237091	-2.930000
113	-0.600037	0.066418	-0.117341	-2.930000
114	-0.574786	-0.183840	0.118530	-2.930000
115	-0.580343	-0.201312	0.030008	-2.930000
116	-0.613876	-0.037102	-0.002091	-2.930000
117	-0.423481	-0.377930	0.236765	-2.930000
118	-0.584428	0.070287	-0.178125	-2.930000
119	-0.610289	-0.012431	-0.074952	-2.930000
120	-0.603157	-0.045255	-0.111261	-2.930000
121	-0.589964	0.137507	-0.106111	-2.930000
122	-0.570790	-0.182075	-0.138826	-2.930000
123	-0.613864	-0.035913	-0.010335	-2.930000
124	-0.540853	0.282097	0.078255	-2.930000
125	-0.608124	0.089187	0.021360	-2.930000
126	-0.601798	-0.018363	-0.125406	-2.930000
127	-0.596052	-0.107222	0.107009	-2.930000
128	-0.606222	-0.095557	-0.039863	-2.930000
129	-0.594977	0.030886	-0.152556	-2.930000
130	-0.613443	0.001409	-0.043713	-2.930000
131	-0.605578	0.019883	-0.105377	-2.930000
132	-0.544983	0.283264	-0.031310	-2.930000
133	-0.583898	-0.152527	0.118422	-2.930000
134	-0.555871	0.172829	-0.198401	-2.930000
135	-0.614812	-0.014511	0.004478	-2.930000
136	-0.578389	-0.184617	0.098017	-2.930000
137	-0.607926	-0.055579	0.074577	-2.930000
138	-0.606091	0.095629	0.041632	-2.930000
139	-0.586365	0.153267	0.104455	-2.930000
140	-0.594926	0.009977	0.155527	-2.930000
141	-0.600458	-0.029180	-0.129706	-2.930000
142	-0.512750	-0.086925	-0.328263	-2.930000
143	-0.572309	0.112777	-0.194855	-2.930000
144	-0.495383	-0.246376	-0.268551	-2.930000
145	-0.608688	0.080037	0.036303	-2.930000
146	-0.593854	0.150231	-0.054713	-2.930000
147	-0.589206	-0.019341	0.175176	-2.930000
148	-0.535809	-0.253800	-0.163461	-2.930000
149	-0.590106	-0.037255	-0.169149	-2.930000
150	-0.603578	0.117196	0.013569	-2.930000
151	-0.600411	-0.052032	0.122573	-2.930000
152	-0.606472	0.082754	-0.059738	-2.930000
153	-0.606172	0.089252	0.053051	-2.930000
154	-0.573107	-0.113374	-0.192145	-2.930000
155	-0.586996	-0.010662	-0.183158	-2.930000
156	-0.601946	-0.027145	0.123080	-2.930000
157	-0.606255	-0.088779	-0.052894	-2.930000
158	-0.607905	0.069263	0.062281	-2.930000
159	-0.605291	0.092281	-0.057721	-2.930000
160	-0.590913	0.159068	0.061189	-2.930000
161	-0.570626	-0.090942	0.210571	-2.930000
162	-0.602658	-0.099699	0.071329	-2.930000
163	-0.608639	0.054288	-0.069541	-2.930000
164	-0.582560	-0.141988	0.136706	-2.930000
165	-0.612632	-0.002142	-0.053872	-2.930000
166	-0.599846	-0.128543	0.043428	-2.930000
167	-0.594398	0.043027	-0.151872	-2.930000
168	-0.614464	0.025588	0.001914	-2.930000
169	-0.588390	-0.177977	-0.018613	-2.930000
170	-0.414316	-0.444238	-0.096018	-2.930000
171	-0.575772	-0.147728	-0.157761	-2.930000
172	-0.582856	-0.045373	0.190907	-2.930000
173	-0.613394	0.027685	0.034725	-2.930000
174	-0.614801	0.015413	-0.002571	-2.930000
175	-0.609701	0.069195	-0.041245	-2.930000
176	-0.606727	0.093498	0.036951	-2.930000
177	-0.599898	0.012793	0.134845	-2.930000
178	-0.612260	-0.053730	-0.021808	-2.930000
179	-0.609185	-0.015760	-0.082888	-2.930000
180	-0.603969	0.112020	-0.029961	-2.930000
181	-0.609088	-0.002763	-0.085024	-2.930000
182	-0.437781	-0.116828	-0.415842	-2.930000
183	-0.548561	0.015838	-0.277587	-2.930000
184	-0.607108	-0.050191	-0.084412	-2.930000
185	-0.585323	0.179424	-0.058558	-2.930000
186	-0.557585	0.254875	-0.048607	-2.930000
187	-0.580087	0.111662	0.171044	-2.930000
188	-0.601901	-0.020356	-0.124603	-2.930000
189	-0.600032	-0.008604	-0.134585	-2.930000
190	-0.504066	0.160847	-0.313482	-2.930000
191	-0.593085	0.002355	-0.162696	-2.930000
192	-0.614702	0.003352	-0.018845	-2.930000
193	-0.604205	0.032843	-0.109922	-2.930000
194	-0.595441	-0.064502	-0.139693	-2.930000
195	-0.562831	-0.207883	0.135023	-2.930000
196	-0.562502	-0.245721	0.037924	-2.930000
197	-0.599581	-0.020190	-0.135353	-2.930000
198	-0.614816	0.006685	0.013479	-2.930000
199	-0.592323	-0.067134	0.151234	-2.930000
200	-0.585777	-0.160822	0.096052	-2.930000
201	-0.567839	-0.143820	0.187350	-2.930000
202	-0.612938	-0.049978	-0.005896	-2.930000
203	-0.582815	-0.193657	0.032379	-2.930000
204	-0.584502	-0.191267	-0.000225	-2.930000
205	-0.604438	-0.109038	-0.031465	-2.930000
206	-0.606105	0.043852	-0.094544	-2.930000
207	-0.601896	0.117709	0.045731	-2.930000
208	-0.565600	0.150100	0.189186	-2.930000
209	-0.607716	0.022345	-0.091691	-2.930000
210	-0.588396	0.178079	0.017401	-2.930000
211	-0.572905	-0.191090	0.116144	-2.930000
212	-0.567107	-0.186102	-0.148260	-2.930000
213	-0.605997	-0.033689	-0.099288	-2.930000
214	-0.612983	-0.045998	0.018988	-2.930000
215	-0.601906	-0.039694	-0.119830	-2.930000
216	-0.554656	-0.263483	-0.034036	-2.930000
217	-0.590934	-0.117667	-0.123193	-2.930000
218	-0.614850	0.003276	-0.013168	-2.930000
219	-0.550357	-0.001179	-0.274465	-2.930000
220	-0.589318	0.175846	-0.002742	-2.930000
221	-0.509863	0.336520	-0.070841	-2.930000
222	-0.613967	-0.033951	-0.010791	-2.930000
223	-0.604215	-0.089020	-0.072281	-2.930000
224	-0.600881	-0.008865	-0.130724	-2.930000
225	-0.608238	-0.090387	0.010093	-2.930000
226	-0.594328	-0.147952	0.055759	-2.930000
227	-0.606817	-0.091834	0.039562	-2.930000
228	-0.568586	0.229793	-0.046155	-2.930000
229	-0.595600	0.145144	0.049187	-2.930000
230	-0.604663	-0.041387	-0.104380	-2.930000
231	-0.607839	-0.048018	-0.080316	-2.930000
232	-0.547295	0.029168	-0.279003	-2.930000
233	-0.583450	0.133300	-0.141570	-2.930000
234	-0.586588	-0.159816	-0.092725	-2.930000
235	-0.601465	-0.123426	-0.035080	-2.930000
236	-0.604498	-0.024951	0.110382	-2.930000
237	-0.589065	-0.009710	0.176446	-2.930000
238	-0.603280	0.067978	0.098273	-2.930000
239	-0.608552	-0.056885	-0.068220	-2.930000
240	-0.602454	0.108872	-0.058494	-2.930000
241	-0.553910	-0.219674	-0.152158	-2.930000
242	-0.595869	-0.032831	-0.148619	-2.930000
243	-0.554226	-0.239176	-0.117700	-2.930000
244	-0.600669	-0.104021	-0.081245	-2.930000
245	-0.604626	-0.055040	-0.098095	-2.930000
246	-0.590597	0.171511	0.001916	-2.930000
247	-0.590838	-0.035147	-0.167033	-2.930000
248	-0.611700	-0.003252	0.063542	-2.930000
249	-0.543068	-0.259668	-0.125996	-2.930000
250	-0.601671	-0.111869	0.060850	-2.930000
251	-0.606527	-0.009240	-0.101316	-2.930000
252	-0.597908	-0.110155	0.092719	-2.930000
253	-0.613787	-0.038083	0.006350	-2.930000
254	-0.605288	-0.099171	-0.044911	-2.930000
255	-0.586354	0.158641	-0.096160	-2.930000
256	-0.597326	0.070570	0.128246	-2.930000
257	-0.610176	-0.052921	0.055763	-2.930000
258	-0.607717	0.085424	-0.040093	-2.930000
259	-0.603880	0.036031	-0.110705	-2.930000
260	-0.609805	0.048748	-0.063140	-2.930000
261	-0.614847	-0.004490	-0.012978	-2.930000
262	-0.611954	0.060433	0.009236	-2.930000
263	-0.603068	-0.088436	0.081932	-2.930000
264	-0.597902	-0.032375	-0.140321	-2.930000
265	-0.567732	0.202054	-0.122801	-2.930000
266	-0.605678	-0.105886	0.012951	-2.930000
267	-0.602863	-0.029432	0.117962	-2.930000
268	-0.606292	-0.019677	-0.101229	-2.930000
269	-0.585884	-0.128686	-0.135662	-2.930000
270	-0.589562	-0.044522	-0.169290	-2.930000
271	-0.604319	-0.060843	-0.096551	-2.930000
272	-0.605029	-0.105665	-0.031629	-2.930000
273	-0.614975	0.002924	0.004735	-2.930000
274	-0.587031	-0.003828	-0.183316	-2.930000
275	-0.613811	-0.000805	0.038217	-2.930000
276	-0.580789	0.021899	0.201070	-2.930000
277	-0.578020	-0.206645	0.037623	-2.930000
278	-0.570477	0.090673	0.211092	-2.930000
279	-0.602707	0.020675	0.120587	-2.930000
280	-0.609472	0.073354	-0.037257	-2.930000
281	-0.607825	-0.061927	-0.070280	-2.930000
282	-0.603229	-0.082318	-0.086970	-2.930000
283	-0.605787	0.019978	0.104152	-2.930000
284	-0.593514	0.154192	-0.046810	-2.930000
285	-0.555986	0.041870	0.259521	-2.930000
286	-0.580842	-0.153863	-0.131051	-2.930000
287	-0.581580	-0.189313	-0.064424	-2.930000
288	-0.614398	-0.011628	0.024583	-2.930000
289	-0.564823	0.158707	0.184422	-2.930000
290	-0.602586	0.120868	0.022483	-2.930000
291	-0.599835	0.056417	0.123449	-2.930000
292	-0.613170	-0.037957	0.028412	-2.930000
293	-0.613536	-0.002316	-0.042345	-2.930000
294	-0.566105	-0.107534	-0.214911	-2.930000
295	-0.579040	0.076696	-0.192498	-2.930000
296	-0.610792	-0.065304	0.029889	-2.930000
297	-0.602381	0.005965	-0.123802	-2.930000
298	-0.614826	0.014609	0.000867	-2.930000
299	-0.600779	0.115137	-0.063507	-2.930000
300	-0.613213	-0.024138	0.040152	-2.930000
301	-0.593804	-0.160042	0.002772	-2.930000
302	-0.597936	-0.143866	0.000344	-2.930000
303	-0.608889	-0.082004	-0.027462	-2.930000
304	-0.613280	-0.045076	-0.008966	-2.930000
305	-0.594532	0.128330	0.091037	-2.930000
306	-0.604532	0.012466	-0.112298	-2.930000
307	-0.603984	0.086304	0.077332	-2.930000
308	-0.614931	-0.009001	-0.001993	-2.930000
309	-0.604766	0.025310	-0.108821	-2.930000
310	-0.599061	-0.101388	-0.095243	-2.930000
311	-0.594943	-0.152472	-0.031945	-2.930000
312	-0.601593	0.115133	-0.055280	-2.930000
313	-0.445762	0.299949	-0.299251	-2.930000
314	-0.608474	0.076576	0.046044	-2.930000
315	-0.613667	-0.034385	0.021349	-2.930000
316	-0.606561	0.039125	0.093690	-2.930000
317	-0.603804	0.082803	-0.082397	-2.930000
318	-0.599385	0.117627	-0.071604	-2.930000
319	-0.564560	0.052423	-0.238221	-2.930000
320	-0.601747	-0.126830	-0.006303	-2.930000
321	-0.502671	-0.199118	-0.293086	-2.930000
322	-0.570171	-0.183802	-0.139093	-2.930000
323	-0.611618	0.046640	-0.044415	-2.930000
324	-0.558794	-0.099487	-0.236804	-2.930000
325	-0.596177	-0.114355	-0.098596	-2.930000
326	-0.608267	-0.051998	-0.074382	-2.930000
327	-0.583487	0.181067	0.070592	-2.930000
328	-0.522761	0.323305	-0.020483	-2.930000
329	-0.594522	0.156543	-0.016210	-2.930000
330	-0.607915	0.057824	-0.072944	-2.930000
331	-0.578817	-0.194400	0.073512	-2.930000
332	-0.574679	-0.038496	-0.215608	-2.930000
333	-0.601017	-0.011467	-0.129892	-2.930000
334	-0.607193	-0.082616	0.052122	-2.930000
335	-0.605135	0.034398	-0.104182	-2.930000
336	-0.587606	0.179655	0.025858	-2.930000
337	-0.612086	0.050855	0.031465	-2.930000
338	-0.609850	-0.052030	-0.060003	-2.930000
339	-0.601754	-0.105632	-0.070417	-2.930000
340	-0.605821	-0.074553	0.075155	-2.930000
341	-0.586385	0.156436	0.099526	-2.930000
342	-0.543176	-0.245071	-0.152067	-2.930000
343	-0.574733	0.210332	0.060558	-2.930000
344	-0.595525	0.099826	-0.116658	-2.930000
345	-0.588373	0.177395	0.023951	-2.930000
346	-0.583694	-0.058031	-0.184820	-2.930000
347	-0.604690	0.109739	-0.023072	-2.930000
348	-0.569753	-0.171185	-0.155893	-2.930000
349	-0.607108	-0.080553	-0.056180	-2.930000
350	-0.603481	-0.065503	0.098717	-2.930000
351	-0.609499	0.008116	0.081674	-2.930000
352	-0.597635	-0.140951	-0.034504	-2.930000
353	-0.605032	-0.107566	-0.024318	-2.930000
354	-0.612897	0.011183	-0.049573	-2.930000
355	-0.596211	-0.149948	0.016523	-2.930000
356	-0.609878	-0.056331	-0.055681	-2.930000
357	-0.610980	0.040589	-0.057277	-2.930000
358	-0.601254	-0.027905	-0.126253	-2.930000
359	-0.591713	-0.087652	-0.142893	-2.930000
360	-0.610911	0.004265	-0.070669	-2.930000
361	-0.601562	0.121975	-0.038343	-2.930000
362	-0.574428	0.109801	-0.190266	-2.930000
363	-0.602921	-0.053509	0.108851	-2.930000
364	-0.611108	0.062561	-0.029291	-2.930000
365	-0.611985	0.024154	0.055824	-2.930000
366	-0.603543	-0.116106	-0.021927	-2.930000
367	-0.598307	-0.130229	0.057394	-2.930000
368	-0.595641	0.017103	-0.152133	-2.930000
369	-0.591484	-0.083787	0.146120	-2.930000
370	-0.563863	0.219312	0.110389	-2.930000
371	-0.606032	0.077008	-0.070853	-2.930000
372	-0.607860	-0.037558	0.085563	-2.930000
373	-0.581608	-0.197558	-0.030460	-2.930000
374	-0.583817	-0.192765	-0.014977	-2.930000
375	-0.588386	-0.170005	0.055908	-2.930000
376	-0.614051	-0.007687	0.033268	-2.930000
377	-0.577014	-0.208710	-0.041469	-2.930000
378	-0.583006	0.051300	-0.188937	-2.930000
379	-0.601209	-0.097601	0.085130	-2.930000
380	-0.569326	-0.122585	-0.197650	-2.930000
381	-0.602794	-0.036078	-0.116462	-2.930000
382	-0.605233	-0.104140	0.032750	-2.930000
383	-0.612843	0.029959	-0.041842	-2.930000
384	-0.589112	-0.100737	-0.144997	-2.930000
385	-0.608953	0.085708	-0.007468	-2.930000
386	-0.580555	-0.031927	-0.200402	-2.930000
387	-0.610853	-0.030889	0.064259	-2.930000
388	-0.603953	-0.042183	0.108101	-2.930000
389	-0.590983	0.158985	-0.060729	-2.930000
390	-0.587996	0.078411	-0.162289	-2.930000
391	-0.606529	0.097396	-0.029343	-2.930000
392	-0.605280	0.005841	0.108751	-2.930000
393	-0.595997	0.150598	0.018242	-2.930000
394	-0.596955	-0.068077	-0.131282	-2.930000
395	-0.579101	-0.173223	-0.113408	-2.930000
396	-0.606741	0.013589	-0.099526	-2.930000
397	-0.613726	-0.039051	-0.006335	-2.930000
398	-0.608533	0.087619	0.015328	-2.930000
399	-0.597998	-0.141863	0.022334	-2.930000
400	-0.613976	0.005322	0.035068	-2.930000
401	-0.608775	-0.010652	-0.086631	-2.930000
402	-0.587387	-0.182082	-0.006873	-2.930000
403	-0.585718	-0.176513	-0.063267	-2.930000
404	-0.614311	-0.026914	-0.011091	-2.930000
405	-0.610396	0.074092	0.012327	-2.930000
406	-0.614786	-0.014899	0.006379	-2.930000
407	-0.586072	0.000148	0.186400	-2.930000
408	-0.601714	-0.124589	-0.025364	-2.930000
409	-0.614929	0.002768	0.008927	-2.930000
410	-0.561896	0.245509	-0.047154	-2.930000
411	-0.605776	0.096919	0.043217	-2.930000
412	-0.593457	0.142334	0.075991	-2.930000
413	-0.556855	0.196157	0.172219	-2.930000
414	-0.600791	-0.003378	0.131394	-2.930000
415	-0.612455	-0.049789	-0.025393	-2.930000
416	-0.571572	-0.226523	0.014738	-2.930000
417	-0.591615	-0.154928	0.064920	-2.930000
418	-0.581780	0.185294	-0.073638	-2.930000
419	-0.599350	0.114150	-0.077292	-2.930000
420	-0.522924	-0.036387	0.321639	-2.930000
421	-0.575183	-0.091904	0.197339	-2.930000
422	-0.605251	-0.109001	0.003823	-2.930000
423	-0.590277	-0.154002	-0.077982	-2.930000
424	-0.562454	-0.229784	0.095235	-2.930000
425	-0.605644	-0.103138	0.027978	-2.930000
426	-0.578409	-0.066355	-0.198153	-2.930000
427	-0.584455	-0.135101	-0.135593	-2.930000
428	-0.527836	-0.290641	-0.123054	-2.930000
429	-0.561509	-0.213770	-0.131282	-2.930000
430	-0.480950	-0.268555	-0.273478	-2.930000
431	-0.561860	0.000232	-0.250077	-2.930000
432	-0.517516	0.258574	0.208667	-2.930000
433	-0.529755	0.312196	0.010848	-2.930000
434	-0.505333	0.318116	0.147192	-2.930000
435	-0.606040	0.041010	0.096220	-2.930000
436	-0.598595	-0.073203	-0.120626	-2.930000
437	-0.610557	-0.011903	0.072829	-2.930000
438	-0.595904	-0.067333	-0.136343	-2.930000
439	-0.611752	0.018284	0.060422	-2.930000
440	-0.610555	0.032605	-0.066217	-2.930000
441	-0.581072	0.073447	-0.187577	-2.930000
442	-0.563752	0.190094	-0.155797	-2.930000
443	-0.603174	0.089830	-0.079607	-2.930000
444	-0.614087	0.014602	-0.030140	-2.930000
445	-0.599872	-0.113527	-0.074094	-2.930000
446	-0.601014	-0.014448	-0.129610	-2.930000
447	-0.565241	-0.237823	0.046554	-2.930000
448	-0.595377	-0.067776	-0.138409	-2.930000
449	-0.593998	-0.002085	-0.159335	-2.930000
450	-0.613870	0.028186	-0.024373	-2.930000
451	-0.604206	0.017493	-0.113376	-2.930000
452	-0.612369	-0.053866	0.018104	-2.930000
453	-0.581020	0.091431	-0.179669	-2.930000
454	-0.587036	-0.074681	-0.167439	-2.930000
455	-0.552390	-0.064591	-0.262522	-2.930000
456	-0.611757	0.039940	0.048824	-2.930000
457	-0.597026	-0.121921	-0.083190	-2.930000
458	-0.606678	0.072365	0.070212	-2.930000
459	-0.613023	-0.040284	0.028379	-2.930000
460	-0.608823	0.083266	-0.025019	-2.930000
461	-0.519266	-0.327909	0.032611	-2.930000
462	-0.590856	0.150806	-0.079821	-2.930000
463	-0.612370	-0.044918	0.034790	-2.930000
464	-0.609759	-0.072737	-0.033597	-2.930000
465	-0.612894	0.044685	0.024277	-2.930000
466	-0.611547	0.051280	0.040064	-2.930000
467	-0.603130	-0.105852	-0.057048	-2.930000
468	-0.611580	0.044017	-0.047519	-2.930000
469	-0.609747	-0.013101	0.079131	-2.930000
470	-0.570233	0.057242	0.223120	-2.930000
471	-0.575090	-0.205918	-0.071379	-2.930000
472	-0.596642	0.129518	-0.073949	-2.930000
473	-0.606530	-0.012881	-0.100897	-2.930000
474	-0.611738	-0.026614	0.057390	-2.930000
475	-0.613764	0.011404	-0.037273	-2.930000
476	-0.610953	-0.051442	-0.048119	-2.930000
477	-0.588937	-0.130445	-0.119841	-2.930000
478	-0.569248	0.076203	-0.219944	-2.930000
479	-0.603433	-0.118654	-0.003789	-2.930000
480	-0.557604	0.198358	-0.167204	-2.930000
481	-0.614926	0.009428	-0.001380	-2.930000
482	-0.585709	-0.181083	-0.048777	-2.930000
483	-0.598888	-0.001906	-0.139838	-2.930000
484	-0.599645	0.113480	-0.075984	-2.930000
485	-0.609471	-0.082205	0.003559	-2.930000
486	-0.606806	-0.072535	0.068917	-2.930000
487	-0.574970	0.185182	0.115511	-2.930000
488	-0.594889	0.021732	-0.154467	-2.930000
489	-0.566909	-0.108857	-0.212106	-2.930000
490	-0.607592	-0.079230	0.052723	-2.930000
491	-0.611135	-0.063518	0.026537	-2.930000
492	-0.602293	-0.021987	-0.122413	-2.930000
493	-0.602278	-0.123171	0.017759	-2.930000
494	-0.599946	-0.019513	-0.133824	-2.930000
495	-0.584678	0.122657	0.146056	-2.930000
496	-0.583447	-0.165461	0.102161	-2.930000
497	-0.573578	-0.187965	-0.117910	-2.930000
498	-0.602700	0.028875	-0.118929	-2.930000
499	-0.595438	-0.107882	0.109725	-2.930000
500	-0.614556	-0.016615	0.016445	-2.930000
501	-0.609188	0.084226	-0.004645	-2.930000
502	-0.607445	-0.036999	0.088691	-2.930000
503	-0.611839	0.011927	-0.061123	-2.930000
504	-0.609307	-0.077267	-0.031629	-2.930000
505	-0.593293	0.137278	-0.085925	-2.930000
506	-0.612590	-0.040589	-0.036211	-2.930000
507	-0.598420	0.138442	-0.030866	-2.930000
508	-0.610630	0.070560	-0.019431	-2.930000
509	-0.607109	-0.070561	-0.068301	-2.930000
510	-0.606388	0.044976	0.092171	-2.930000
511	-0.602227	0.108815	0.060883	-2.930000
512	-0.603968	0.024607	-0.113325	-2.930000
513	-0.586373	-0.184704	0.016611	-2.930000
514	-0.584391	-0.189925	0.025323	-2.930000
515	-0.567988	-0.165591	-0.167911	-2.930000
516	-0.603014	0.030340	-0.116956	-2.930000
517	-0.614671	-0.014219	0.014214	-2.930000
518	-0.610738	0.044632	-0.056854	-2.930000
519	-0.600778	0.131362	0.005930	-2.930000
520	-0.592599	0.164079	0.011377	-2.930000
521	-0.603052	-0.116611	-0.030912	-2.930000
522	-0.575981	-0.169786	-0.132827	-2.930000
523	-0.409436	-0.444756	-0.113045	-2.930000
524	-0.597477	-0.064933	-0.130498	-2.930000
525	-0.583208	0.085318	-0.175541	-2.930000
526	-0.603940	0.056064	-0.101679	-2.930000
527	-0.600621	-0.097070	0.089762	-2.930000
528	-0.575533	0.181518	0.118480	-2.930000
529	-0.589349	-0.115040	0.132884	-2.930000
530	-0.609949	-0.062802	0.047368	-2.930000
531	-0.607647	0.018460	-0.093004	-2.930000
532	-0.599801	-0.022749	-0.133965	-2.930000
533	-0.543640	-0.237564	-0.162000	-2.930000
534	-0.428118	0.376226	-0.231070	-2.930000
535	-0.565002	0.223748	-0.094522	-2.930000
536	-0.608354	-0.009211	0.089696	-2.930000
537	-0.549660	0.003603	0.275837	-2.930000
538	-0.614053	0.009513	-0.032768	-2.930000
539	-0.557347	0.193927	-0.173152	-2.930000
540	-0.561663	0.096839	-0.231045	-2.930000
541	-0.476396	-0.387787	0.029887	-2.930000
542	-0.599394	-0.080927	0.111367	-2.930000
543	-0.607460	-0.035419	-0.089238	-2.930000
544	-0.607863	-0.016044	0.092032	-2.930000
545	-0.523942	0.062764	-0.315865	-2.930000
546	-0.602217	-0.123453	0.017849	-2.930000
547	-0.582481	-0.187005	0.063005	-2.930000
548	-0.595567	0.146732	0.044657	-2.930000
549	-0.606419	0.101255	-0.015132	-2.930000
550	-0.587162	0.137992	-0.120099	-2.930000
551	-0.594983	0.155574	0.004135	-2.930000
552	-0.601705	-0.112157	0.059979	-2.930000
553	-0.561280	-0.251345	0.003987	-2.930000
554	-0.586003	-0.177718	0.056932	-2.930000
555	-0.614777	0.016560	0.000453	-2.930000
556	-0.605507	0.042895	0.098720	-2.930000
557	-0.597709	0.117558	-0.084551	-2.930000
558	-0.600076	0.132309	0.025064	-2.930000
559	-0.560453	-0.090736	-0.236398	-2.930000
560	-0.585418	-0.038744	-0.184418	-2.930000
561	-0.613073	0.023141	-0.042785	-2.930000
562	-0.607302	-0.036006	0.090071	-2.930000
563	-0.610663	-0.013855	0.071582	-2.930000
564	-0.611112	0.037437	-0.058016	-2.930000
565	-0.607900	0.063683	0.068020	-2.930000
566	-0.589705	0.058182	0.164585	-2.930000
567	-0.614529	0.002705	0.023905	-2.930000
568	-0.611624	-0.061609	0.018568	-2.930000
569	-0.598170	-0.078630	-0.119311	-2.930000
570	-0.614459	-0.004346	-0.025423	-2.930000
571	-0.612280	0.016903	-0.055253	-2.930000
572	-0.585956	-0.186565	-0.008601	-2.930000
573	-0.552212	-0.260245	0.074561	-2.930000
574	-0.611285	0.055883	0.037858	-2.930000
575	-0.582431	0.120548	-0.156420	-2.930000
576	-0.605205	-0.092787	-0.057819	-2.930000
577	-0.604796	-0.095259	0.058074	-2.930000
578	-0.576515	0.166601	0.134535	-2.930000
579	-0.602062	0.086881	-0.090544	-2.930000
580	-0.579841	-0.089394	-0.184439	-2.930000
581	-0.583685	-0.089933	-0.171607	-2.930000
582	-0.607584	0.003430	-0.095159	-2.930000
583	-0.602698	0.094078	-0.078291	-2.930000
584	-0.590347	-0.152001	0.081310	-2.930000
585	-0.580998	-0.155208	0.128751	-2.930000
586	-0.611284	0.014091	-0.066018	-2.930000
587	-0.594570	-0.094104	-0.125921	-2.930000
588	-0.512170	-0.281594	-0.191341	-2.930000
589	-0.605967	-0.077654	0.070705	-2.930000
590	-0.576939	-0.144777	0.156226	-2.930000
591	-0.582767	0.006739	-0.196371	-2.930000
592	-0.608945	-0.051963	0.068639	-2.930000
593	-0.610950	-0.016220	-0.068571	-2.930000
594	-0.611535	-0.015431	-0.063334	-2.930000
595	-0.604726	-0.108342	-0.028165	-2.930000
596	-0.579393	-0.074731	0.192208	-2.930000
597	-0.593433	0.100832	0.126077	-2.930000
598	-0.605949	0.104439	0.011954	-2.930000
599	-0.614581	0.017327	0.014653	-2.930000
600	-0.574065	0.069275	0.209466	-2.930000
601	-0.602604	-0.056769	0.108954	-2.930000
602	-0.569096	-0.105939	0.207682	-2.930000
603	-0.606052	0.104377	0.005667	-2.930000
604	-0.572650	-0.223826	-0.014091	-2.930000
605	-0.592027	-0.125935	0.108949	-2.930000
606	-0.611745	0.063122	-0.002920	-2.930000
607	-0.598711	0.096424	-0.102336	-2.930000
608	-0.602210	0.012603	-0.124136	-2.930000
609	-0.610329	-0.040600	0.063840	-2.930000
610	-0.605850	-0.029863	0.101387	-2.930000
611	-0.602931	-0.022860	0.119066	-2.930000
612	-0.582825	-0.193134	-0.035202	-2.930000
613	-0.611883	0.002100	0.061803	-2.930000
614	-0.599768	-0.039529	-0.130159	-2.930000
615	-0.608303	0.049506	-0.075777	-2.930000
616	-0.591394	-0.167187	0.022960	-2.930000
617	-0.573185	-0.081786	-0.207353	-2.930000
618	-0.567988	0.224439	-0.072402	-2.930000
619	-0.573594	-0.101915	-0.197048	-2.930000
620	-0.587776	-0.061924	-0.170030	-2.930000
621	-0.551115	-0.271275	-0.030112	-2.930000
622	-0.595435	-0.148661	-0.039777	-2.930000
623	-0.612326	-0.036601	-0.044071	-2.930000
624	-0.576558	0.031561	-0.211684	-2.930000
625	-0.602095	0.124972	-0.009416	-2.930000
626	-0.610933	0.055666	0.043446	-2.930000
627	-0.610551	0.010959	-0.073026	-2.930000
628	-0.602622	0.034969	-0.117683	-2.930000
629	-0.485852	-0.059527	-0.372330	-2.930000
630	-0.610788	-0.071852	-0.000641	-2.930000
631	-0.574830	0.152119	-0.157022	-2.930000
632	-0.546667	0.079659	-0.270248	-2.930000
633	-0.603791	0.085215	0.079998	-2.930000
634	-0.598474	0.141158	-0.011339	-2.930000
635	-0.595997	0.053171	-0.142077	-2.930000
636	-0.607916	0.031465	0.087595	-2.930000
637	-0.580644	-0.135173	-0.151017	-2.930000
638	-0.582095	-0.198441	0.003449	-2.930000
639	-0.536513	-0.005629	-0.300578	-2.930000
640	-0.610847	0.013318	0.070098	-2.930000
641	-0.608477	0.026642	0.085269	-2.930000
642	-0.607646	0.015169	-0.093603	-2.930000
643	-0.557573	-0.252099	0.061511	-2.930000
644	-0.582366	-0.109841	-0.164347	-2.930000
645	-0.588492	0.146748	-0.101820	-2.930000
646	-0.525836	0.233961	-0.216757	-2.930000
647	-0.519912	0.137261	-0.298456	-2.930000
648	-0.577171	0.191386	0.092033	-2.930000
649	-0.608691	0.055630	-0.068015	-2.930000
650	-0.604973	-0.082151	-0.074057	-2.930000
651	-0.586243	-0.105400	0.153085	-2.930000
652	-0.592065	0.057237	-0.156230	-2.930000
653	-0.573015	0.017649	-0.222637	-2.930000
654	-0.597484	0.005010	0.145645	-2.930000
655	-0.543674	0.156346	-0.241246	-2.930000
656	-0.547590	0.251539	0.122873	-2.930000
657	-0.606180	-0.030656	-0.099149	-2.930000
658	-0.601345	-0.127781	-0.016758	-2.930000
659	-0.582450	-0.151298	-0.126829	-2.930000
660	-0.596371	-0.085264	0.123680	-2.930000
661	-0.612385	0.014004	-0.054897	-2.930000
662	-0.611948	-0.044524	0.041982	-2.930000
663	-0.557846	0.030294	-0.257130	-2.930000
664	-0.608391	-0.009123	0.089456	-2.930000
665	-0.605673	-0.085017	0.064474	-2.930000
666	-0.535607	0.297768	-0.051815	-2.930000
667	-0.606411	-0.097453	0.031517	-2.930000
668	-0.588299	0.059724	-0.169003	-2.930000
669	-0.575246	0.137930	-0.168204	-2.930000
670	-0.608683	0.076670	-0.043033	-2.930000
671	-0.611757	0.027103	-0.056957	-2.930000
672	-0.602198	-0.052742	-0.113140	-2.930000
673	-0.613088	0.018676	0.044712	-2.930000
674	-0.485094	-0.215302	0.310731	-2.930000
675	-0.559248	0.235984	-0.098883	-2.930000
676	-0.555813	0.073992	0.252631	-2.930000
677	-0.602943	0.001883	-0.121164	-2.930000
678	-0.583976	-0.162678	0.103600	-2.930000
679	-0.599492	0.028473	0.134253	-2.930000
680	-0.610180	0.054134	-0.054548	-2.930000
681	-0.585168	0.011125	-0.188892	-2.930000
682	-0.610703	0.026750	-0.067460	-2.930000
683	-0.553190	0.229064	0.140484	-2.930000
684	-0.600332	-0.019516	-0.132083	-2.930000
685	-0.608329	0.088811	0.016528	-2.930000
686	-0.583429	-0.162876	-0.106337	-2.930000
687	-0.597993	-0.039936	-0.137965	-2.930000
688	-0.610115	-0.005288	-0.077177	-2.930000
689	-0.613063	0.033276	-0.035650	-2.930000
690	-0.609573	0.068097	0.044816	-2.930000
691	-0.594843	0.030100	0.153234	-2.930000
692	-0.608111	-0.088728	-0.023510	-2.930000
693	-0.542932	-0.017512	-0.288345	-2.930000
694	-0.552473	-0.180386	-0.201145	-2.930000
695	-0.568766	-0.189177	-0.137631	-2.930000
696	-0.610686	0.036113	0.063116	-2.930000
697	-0.595119	0.145670	0.053275	-2.930000
698	-0.596210	-0.078758	-0.128671	-2.930000
699	-0.606388	-0.032694	0.097207	-2.930000
700	-0.604220	0.103206	-0.049918	-2.930000
701	-0.607237	0.030986	0.092345	-2.930000
702	-0.499849	-0.299112	0.197250	-2.930000
703	-0.588824	-0.066431	0.164614	-2.930000
704	-0.590739	0.162644	-0.052912	-2.930000
705	-0.558230	0.118307	0.229365	-2.930000
706	-0.595565	-0.003277	0.153353	-2.930000
707	-0.614554	-0.004212	-0.023027	-2.930000
708	-0.598246	0.031113	0.139134	-2.930000
709	-0.585570	-0.000691	-0.187970	-2.930000
710	-0.569641	0.034324	-0.229250	-2.930000
711	-0.607459	-0.079925	-0.053198	-2.930000
712	-0.604652	0.101712	0.047702	-2.930000
713	-0.596564	-0.122340	-0.085843	-2.930000
714	-0.614923	0.009728	0.000581	-2.930000
715	-0.564376	0.005717	0.244279	-2.930000
716	-0.585028	0.003306	-0.189623	-2.930000
717	-0.530702	-0.247536	0.187900	-2.930000
718	-0.614818	0.002545	0.014762	-2.930000
719	-0.610019	-0.059935	-0.050096	-2.930000
720	-0.536351	0.138257	-0.267279	-2.930000
721	-0.603911	0.026113	-0.113290	-2.930000
722	-0.590471	0.058867	0.161567	-2.930000
723	-0.610190	0.042330	-0.064039	-2.930000
724	-0.600936	0.121598	0.048117	-2.930000
725	-0.607627	-0.079331	0.052158	-2.930000
726	-0.544715	-0.269819	0.093316	-2.930000
727	-0.543790	-0.227924	-0.174838	-2.930000
728	-0.584237	-0.153442	0.115531	-2.930000
729	-0.561403	0.086967	0.235560	-2.930000
730	-0.610065	0.068432	-0.036914	-2.930000
731	-0.574345	-0.127809	-0.178936	-2.930000
732	-0.614361	0.023291	-0.015578	-2.930000
733	-0.590703	-0.127054	-0.114685	-2.930000
734	-0.600135	0.037534	0.129051	-2.930000
735	-0.543768	-0.259837	-0.122580	-2.930000
736	-0.355507	-0.215642	-0.453143	-2.930000
737	-0.609566	-0.049996	-0.064460	-2.930000
738	-0.506299	0.295910	-0.185268	-2.930000
739	-0.572725	0.162342	-0.154454	-2.930000
740	-0.601102	0.109843	-0.069538	-2.930000
741	-0.608473	-0.009561	-0.088847	-2.930000
742	-0.608978	-0.014305	0.084655	-2.930000
743	-0.613046	0.045401	-0.018409	-2.930000
744	-0.614325	-0.022535	-0.017940	-2.930000
745	-0.490064	-0.371541	0.004414	-2.930000
746	-0.459234	-0.367108	-0.180446	-2.930000
747	-0.560993	-0.209137	-0.140618	-2.930000
748	-0.601243	0.007882	0.129110	-2.930000
749	-0.567221	0.120413	-0.204905	-2.930000
750	-0.580931	-0.199085	0.033311	-2.930000
751	-0.584497	-0.117806	-0.150698	-2.930000
752	-0.600263	0.104326	-0.083821	-2.930000
753	-0.609146	0.073380	0.042201	-2.930000
754	-0.556939	0.188706	-0.180093	-2.930000
755	-0.600121	-0.059429	0.120616	-2.930000
756	-0.594326	-0.064078	-0.144555	-2.930000
757	-0.591985	0.072918	-0.149872	-2.930000
758	-0.587005	-0.172490	0.062427	-2.930000
759	-0.597748	-0.030221	0.141451	-2.930000
760	-0.611612	-0.060213	-0.023036	-2.930000
761	-0.599417	0.135416	-0.024235	-2.930000
762	-0.596092	0.133852	0.070592	-2.930000
763	-0.614956	-0.006735	0.002914	-2.930000
764	-0.602027	-0.058683	0.111106	-2.930000
765	-0.538947	-0.295631	0.019064	-2.930000
766	-0.605082	0.028581	-0.106225	-2.930000
767	-0.580223	0.101650	0.176731	-2.930000
768	-0.573414	-0.057685	0.214696	-2.930000
769	-0.572702	0.021490	-0.223104	-2.930000
770	-0.609190	0.080665	0.024624	-2.930000
771	-0.611977	0.026728	-0.054721	-2.930000
772	-0.487280	0.151372	-0.343322	-2.930000
773	-0.605990	0.006171	-0.104703	-2.930000
774	-0.583826	0.145170	0.127665	-2.930000
775	-0.604363	-0.083542	-0.077399	-2.930000
776	-0.604931	0.072090	-0.084179	-2.930000
777	-0.554029	-0.215160	-0.158062	-2.930000
778	-0.597868	-0.140858	0.030620	-2.930000
779	-0.599108	0.138714	0.007251	-2.930000
780	-0.602696	-0.015160	-0.121463	-2.930000
781	-0.591898	-0.115549	-0.120542	-2.930000
782	-0.598516	0.131492	-0.052085	-2.930000
783	-0.611586	-0.029343	0.057678	-2.930000
784	-0.560802	-0.092814	-0.234759	-2.930000
785	-0.613847	-0.023150	-0.029687	-2.930000
786	-0.607289	0.011390	0.096409	-2.930000
787	-0.597226	0.146219	-0.012889	-2.930000
788	-0.614210	-0.019866	0.023999	-2.930000
789	-0.611304	-0.025460	-0.062322	-2.930000
790	-0.604456	-0.113376	-0.001890	-2.930000
791	-0.613270	-0.013663	0.044023	-2.930000
792	-0.601373	-0.057015	-0.115435	-2.930000
793	-0.603627	-0.027216	-0.114536	-2.930000
794	-0.569227	-0.132168	-0.191668	-2.930000
795	-0.576484	0.027605	-0.212436	-2.930000
796	-0.606731	-0.017515	-0.098976	-2.930000
797	-0.564611	-0.219161	-0.106808	-2.930000
798	-0.549534	-0.031957	-0.274256	-2.930000
799	-0.606236	0.102072	-0.016839	-2.930000
800	-0.572150	-0.197914	0.108163	-2.930000
801	-0.608263	0.075132	-0.050958	-2.930000
802	-0.577928	0.201947	0.058670	-2.930000
803	-0.612213	-0.057379	0.011301	-2.930000
804	-0.601344	0.007336	0.128673	-2.930000
805	-0.579480	-0.196490	-0.061807	-2.930000
806	-0.542872	-0.261125	0.123811	-2.930000
807	-0.572529	-0.126109	-0.185829	-2.930000
808	-0.594397	-0.103394	-0.119278	-2.930000
809	-0.597648	-0.141396	-0.032397	-2.930000
810	-0.597666	0.117931	0.084335	-2.930000
811	-0.613279	-0.037425	0.026699	-2.930000
812	-0.584401	0.187431	-0.039624	-2.930000
813	-0.570543	0.221055	0.061974	-2.930000
814	-0.578367	0.083748	0.191580	-2.930000
815	-0.588189	0.178197	-0.022452	-2.930000
816	-0.587096	-0.116008	-0.141724	-2.930000
817	-0.601848	-0.012158	0.125919	-2.930000
818	-0.596436	-0.114078	0.097339	-2.930000
819	-0.543651	0.170305	-0.231656	-2.930000
820	-0.576124	-0.214817	-0.012653	-2.930000
821	-0.555303	-0.031108	0.262480	-2.930000
822	-0.579224	0.146449	0.145866	-2.930000
823	-0.600138	0.127269	0.043149	-2.930000
824	-0.561724	-0.164228	-0.188998	-2.930000
825	-0.556463	-0.222709	-0.137747	-2.930000
826	-0.596274	0.003000	0.150577	-2.930000
827	-0.529823	0.260597	0.172052	-2.930000
828	-0.598236	-0.039776	0.136953	-2.930000
829	-0.606391	-0.068619	-0.076199	-2.930000
830	-0.567733	0.186220	0.145692	-2.930000
831	-0.605310	-0.103440	0.033548	-2.930000
832	-0.582361	-0.184227	-0.071698	-2.930000
833	-0.507741	-0.106006	-0.330434	-2.930000
834	-0.493955	-0.248842	-0.268908	-2.930000
835	-0.559652	0.192498	-0.167209	-2.930000
836	-0.551589	-0.193034	-0.191605	-2.930000
837	-0.613090	-0.046618	0.013131	-2.930000
838	-0.565486	0.216408	0.107789	-2.930000
839	-0.590987	-0.104601	0.134231	-2.930000
840	-0.597621	0.089878	-0.113999	-2.930000
841	-0.519425	0.124067	-0.305008	-2.930000
842	-0.548425	-0.108822	-0.256150	-2.930000
843	-0.496354	0.315029	-0.180596	-2.930000
844	-0.532199	0.141857	-0.273616	-2.930000
845	-0.583046	0.111154	0.161019	-2.930000
846	-0.602798	0.104417	0.062903	-2.930000
847	-0.595982	-0.079114	-0.129503	-2.930000
848	-0.571588	0.090550	0.208118	-2.930000
849	-0.576887	-0.201332	-0.069938	-2.930000
850	-0.521456	-0.250131	0.209150	-2.930000
