1	0.573872	-0.220574	-0.015595	0.680000
2	0.542560	-0.237482	0.165699	0.680000
3	0.499426	-0.302041	0.193831	0.680000
4	0.611200	-0.045701	-0.050710	0.680000
5	0.490415	-0.359319	-0.092779	0.680000
6	0.534431	-0.165911	0.255113	0.680000
7	0.587486	-0.160962	0.084714	0.680000
8	0.605335	0.107472	0.015613	0.680000
9	0.564120	0.238562	0.055515	0.680000
10	0.534101	-0.301762	-0.043596	0.680000
11	0.568986	-0.219409	0.079617	0.680000
12	0.600817	-0.129600	-0.021166	0.680000
13	0.581438	-0.029888	-0.198145	0.680000
14	0.546311	-0.088443	-0.268229	0.680000
15	0.582524	-0.022530	0.195916	0.680000
16	0.547312	-0.228725	0.162357	0.680000
17	0.588070	-0.084253	0.159062	0.680000
18	0.573645	-0.210933	-0.068287	0.680000
19	0.597989	-0.105182	-0.097834	0.680000
20	0.608222	-0.041848	-0.080870	0.680000
21	0.598346	-0.014256	0.141435	0.680000
22	0.608668	0.013783	-0.086936	0.680000
23	0.595252	0.128877	-0.085384	0.680000
24	0.608513	0.038063	0.080547	0.680000
25	0.566343	0.133702	0.199008	0.680000
26	0.479887	-0.297422	0.243871	0.680000
27	0.590900	-0.167411	-0.032174	0.680000
28	0.611473	0.064496	0.012899	0.680000
29	0.600853	-0.115303	-0.062496	0.680000
30	0.608910	0.035630	-0.078636	0.680000
31	0.607555	-0.072747	0.061722	0.680000
32	0.604631	-0.072553	-0.085919	0.680000
33	0.594681	0.068380	0.141081	0.680000
34	0.607227	0.090074	0.037242	0.680000
35	0.444010	-0.280465	0.320030	0.680000
36	0.564993	-0.237518	-0.050926	0.680000
37	0.592635	0.115363	-0.117046	0.680000
38	0.580728	0.179394	-0.093796	0.680000
39	0.568063	0.135338	0.192906	0.680000
40	0.601308	-0.036872	0.123669	0.680000
41	0.542894	-0.124127	0.260929	0.680000
42	0.603128	0.055118	0.106879	0.680000
43	0.592496	0.164309	-0.013283	0.680000
44	0.603149	-0.105113	0.058197	0.680000
45	0.605151	-0.030309	0.105352	0.680000
46	0.599588	-0.086018	-0.106397	0.680000
47	0.546618	-0.072496	-0.272356	0.680000
48	0.590041	0.046783	-0.166997	0.680000
49	0.593687	-0.145655	-0.067424	0.680000
50	0.614964	-0.004231	0.005185	0.680000
51	0.601692	0.028734	-0.123961	0.680000
52	0.534093	-0.198811	0.231179	0.680000
53	0.532781	0.155301	0.265048	0.680000
54	0.589922	0.166517	0.049884	0.680000
55	0.509635	0.046562	-0.341071	0.680000
56	0.603502	0.068993	-0.096179	0.680000
57	0.612036	0.026605	0.054118	0.680000
58	0.602931	0.113970	0.041350	0.680000
59	0.566714	0.128594	-0.201306	0.680000
60	0.612994	0.006451	-0.049214	0.680000
61	0.611671	0.011636	-0.062830	0.680000
62	0.595669	0.147007	-0.042336	0.680000
63	0.562405	0.141290	-0.204848	0.680000
64	0.565877	0.003787	0.240818	0.680000
65	0.587474	-0.030931	-0.179283	0.680000
66	0.610219	-0.022198	-0.073250	0.680000
67	0.608941	0.085696	-0.008468	0.680000
68	0.592970	0.048847	0.155644	0.680000
69	0.573855	0.204372	0.084542	0.680000
70	0.606191	-0.098115	-0.033637	0.680000
71	0.576610	-0.205413	0.059596	0.680000
72	0.488720	-0.343777	-0.145583	0.680000
73	0.538798	-0.269084	-0.124561	0.680000
74	0.526711	-0.208512	0.239423	0.680000
75	0.614152	0.024112	0.021466	0.680000
76	0.610004	-0.009467	0.077658	0.680000
77	0.607032	0.096360	-0.021271	0.680000
78	0.540538	-0.288473	-0.053165	0.680000
79	0.603253	-0.010227	-0.119191	0.680000
80	0.608621	-0.001153	-0.088342	0.680000
81	0.578462	-0.208485	-0.011858	0.680000
82	0.568847	-0.164845	0.165724	0.680000
83	0.576439	-0.213006	0.023902	0.680000
84	0.605636	-0.048223	0.095417	0.680000
85	0.580262	-0.183032	0.089554	0.680000
86	0.593024	0.159162	-0.034861	0.680000
87	0.600188	-0.066595	0.116466	0.680000
88	0.610157	0.028708	0.071479	0.680000
89	0.578553	0.206848	-0.026742	0.680000
90	0.588615	0.021932	0.176850	0.680000
91	0.614725	-0.017551	0.005432	0.680000
92	0.580092	-0.160141	0.126781	0.680000
93	0.609564	-0.013608	0.080446	0.680000
94	0.585324	0.092760	-0.164367	0.680000
95	0.614610	-0.016482	0.014400	0.680000
96	0.526788	-0.279381	-0.150550	0.680000
97	0.594569	0.017541	-0.156220	0.680000
98	0.607868	-0.082502	-0.043761	0.680000
99	0.548010	-0.081520	0.266954	0.680000
100	0.603745	-0.012435	0.116455	0.680000
101	0.566593	-0.198344	-0.133632	0.680000
102	0.610528	-0.072743	0.013744	0.680000
103	0.530578	-0.168985	-0.261068	0.680000
104	0.558012	-0.258356	0.009983	0.680000
105	0.612201	-0.044285	0.038391	0.680000
106	0.545641	-0.222645	-0.175869	0.680000
107	0.588402	-0.103165	-0.146169	0.680000
108	0.604213	-0.024245	-0.112090	0.680000
109	0.436112	-0.078559	0.426450	0.680000
110	0.591869	-0.166848	-0.008801	0.680000
111	0.560090	-0.088605	-0.238061	0.680000
112	0.557233	-0.070156	0.250589	0.680000
113	0.568903	-0.226993	0.055214	0.680000
114	0.593460	-0.114184	0.113983	0.680000
115	0.603395	0.114076	-0.033556	0.680000
116	0.536277	-0.280968	-0.108112	0.680000
117	0.524978	0.315931	-0.053010	0.680000
118	0.525575	-0.318191	-0.027389	0.680000
119	0.541758	-0.249266	0.150298	0.680000
120	0.491184	-0.037070	0.368224	0.680000
121	0.487850	-0.350972	-0.130559	0.680000
122	0.606720	-0.099698	0.013293	0.680000
123	0.415078	-0.324279	0.317456	0.680000
124	0.581286	0.125837	0.156512	0.680000
125	0.600062	-0.113996	0.071801	0.680000
126	0.608467	0.076302	0.046599	0.680000
127	0.595341	-0.152646	-0.022201	0.680000
128	0.606479	-0.060718	0.081989	0.680000
129	0.609435	-0.016723	0.080838	0.680000
130	0.606290	-0.094189	0.042028	0.680000
131	0.614646	0.009271	0.018693	0.680000
132	0.533323	0.026377	0.305116	0.680000
133	0.598294	-0.055219	0.131224	0.680000
134	0.542548	-0.222014	-0.185948	0.680000
135	0.574434	-0.199746	-0.091390	0.680000
136	0.605259	0.062345	-0.089440	0.680000
137	0.597313	0.080702	-0.122186	0.680000
138	0.607444	-0.089004	-0.036256	0.680000
139	0.559664	0.054788	0.248997	0.680000
140	0.527761	-0.167998	0.267339	0.680000
141	0.605340	-0.099532	0.043388	0.680000
142	0.606245	0.093735	0.043650	0.680000
143	0.569891	0.047352	0.226290	0.680000
144	0.575072	-0.113494	0.186109	0.680000
145	0.593900	0.054452	0.150140	0.680000
146	0.599173	-0.027347	0.135900	0.680000
147	0.594856	0.121626	-0.097870	0.680000
148	0.554414	-0.226630	0.139602	0.680000
149	0.595687	-0.099414	0.116184	0.680000
150	0.567220	-0.114178	-0.208445	0.680000
151	0.593670	0.150354	-0.056343	0.680000
152	0.579266	0.017125	-0.205871	0.680000
153	0.609977	-0.040138	0.067394	0.680000
154	0.580363	-0.099235	-0.177640	0.680000
155	0.606739	-0.028480	0.096339	0.680000
156	0.598198	0.067404	0.125860	0.680000
157	0.573757	0.149780	0.163076	0.680000
158	0.566549	-0.123638	-0.204843	0.680000
159	0.575458	0.098067	-0.193536	0.680000
160	0.600055	-0.128839	0.039491	0.680000
161	0.557743	0.248619	-0.073051	0.680000
162	0.595849	-0.095374	-0.118712	0.680000
163	0.595387	0.048400	-0.146276	0.680000
164	0.588495	0.089240	0.154707	0.680000
165	0.612109	-0.033572	0.049204	0.680000
166	0.589651	-0.037134	-0.170758	0.680000
167	0.586499	-0.086292	-0.163700	0.680000
168	0.610112	-0.061825	-0.046539	0.680000
169	0.597668	0.138560	-0.042648	0.680000
170	0.602472	0.040194	0.116778	0.680000
171	0.602432	0.081339	-0.093192	0.680000
172	0.588804	-0.097864	-0.148180	0.680000
173	0.602115	0.082872	-0.093886	0.680000
174	0.602466	-0.018961	-0.122066	0.680000
175	0.610152	-0.059492	0.048995	0.680000
176	0.612455	-0.026559	-0.049183	0.680000
177	0.597678	-0.137572	-0.045606	0.680000
178	0.549007	0.167457	0.220850	0.680000
179	0.582517	-0.061550	-0.187379	0.680000
180	0.592765	0.110793	-0.120745	0.680000
181	0.589518	0.046061	-0.169033	0.680000
182	0.551555	-0.252252	-0.101885	0.680000
183	0.580171	-0.191505	0.070371	0.680000
184	0.552372	-0.246912	0.110202	0.680000
185	0.588339	-0.147070	0.102237	0.680000
186	0.541451	0.291635	0.002182	0.680000
187	0.583727	0.017749	0.192803	0.680000
188	0.609137	-0.059435	-0.060374	0.680000
189	0.613159	-0.018098	-0.043970	0.680000
190	0.513963	-0.319644	-0.109065	0.680000
191	0.613356	-0.025855	0.036748	0.680000
192	0.555358	0.061424	0.256962	0.680000
193	0.611868	-0.061951	-0.002042	0.680000
194	0.590919	0.140931	-0.095801	0.680000
195	0.570851	0.046416	0.224052	0.680000
196	0.575523	-0.097082	-0.193837	0.680000
197	0.562960	0.179935	0.170073	0.680000
198	0.608603	-0.050789	-0.072440	0.680000
199	0.542818	-0.200618	-0.208148	0.680000
200	0.606147	-0.091544	0.049305	0.680000
201	0.586511	-0.142321	-0.118215	0.680000
202	0.552119	-0.258731	0.080295	0.680000
203	0.582280	-0.054325	-0.190325	0.680000
204	0.550897	-0.139461	-0.235134	0.680000
205	0.565545	-0.073077	-0.230311	0.680000
206	0.587947	-0.146437	0.105352	0.680000
207	0.550469	-0.273420	-0.021227	0.680000
208	0.599363	-0.078367	0.113349	0.680000
209	0.490331	-0.317690	0.192025	0.680000
210	0.574020	-0.217253	-0.039088	0.680000
211	0.613836	0.023971	-0.029256	0.680000
212	0.501237	-0.293955	-0.201438	0.680000
213	0.574482	-0.181775	-0.123098	0.680000
214	0.589286	-0.170658	-0.042932	0.680000
215	0.609097	-0.084362	-0.010445	0.680000
216	0.583004	-0.191488	0.040781	0.680000
217	0.587302	-0.182455	-0.003333	0.680000
218	0.609015	-0.084811	0.011521	0.680000
219	0.604926	-0.052904	0.097423	0.680000
220	0.604731	-0.059926	-0.094524	0.680000
221	0.548266	-0.002520	0.278609	0.680000
222	0.552931	0.026598	0.267928	0.680000
223	0.608486	-0.061682	-0.064539	0.680000
224	0.602992	-0.120908	0.002663	0.680000
225	0.588552	-0.173953	-0.039655	0.680000
226	0.562516	-0.123400	-0.215807	0.680000
227	0.592600	-0.137273	-0.090592	0.680000
228	0.561425	0.085282	0.236122	0.680000
229	0.609501	0.044962	0.068645	0.680000
230	0.599214	-0.092961	0.102595	0.680000
231	0.610462	0.073347	-0.013447	0.680000
232	0.611421	0.057666	-0.032620	0.680000
233	0.610714	-0.061466	-0.038410	0.680000
234	0.590216	-0.156527	-0.073272	0.680000
235	0.580146	-0.077063	0.188989	0.680000
236	0.614749	-0.015168	0.008876	0.680000
237	0.606738	-0.100449	0.001987	0.680000
238	0.552849	0.103455	0.248756	0.680000
239	0.541358	-0.187387	0.223702	0.680000
240	0.597300	-0.077274	0.124447	0.680000
241	0.569440	-0.053175	-0.226132	0.680000
242	0.614967	0.006225	0.001203	0.680000
243	0.589559	0.028322	0.172752	0.680000
244	0.613662	0.033488	0.022861	0.680000
245	0.592756	-0.160220	0.034560	0.680000
246	0.609935	-0.038235	0.068863	0.680000
247	0.588284	-0.179087	-0.008681	0.680000
248	0.578410	-0.132639	-0.161475	0.680000
249	0.582820	-0.175295	0.088419	0.680000
250	0.601166	-0.008070	-0.129457	0.680000
251	0.608336	-0.015365	-0.088974	0.680000
252	0.587132	-0.180222	0.031960	0.680000
253	0.609657	0.051747	-0.062170	0.680000
254	0.603446	0.072452	-0.093964	0.680000
255	0.606077	0.093576	-0.046253	0.680000
256	0.614102	-0.025838	0.020885	0.680000
257	0.604032	-0.051789	0.103383	0.680000
258	0.576039	-0.060364	-0.206787	0.680000
259	0.612602	-0.048403	-0.024509	0.680000
260	0.602182	0.091337	-0.085199	0.680000
261	0.594920	-0.033626	-0.152199	0.680000
262	0.598409	0.131775	-0.052605	0.680000
263	0.614260	-0.021795	-0.020834	0.680000
264	0.604398	-0.064380	-0.093718	0.680000
265	0.581516	0.166399	0.111246	0.680000
266	0.592786	-0.080223	0.142808	0.680000
267	0.611463	-0.059980	0.027220	0.680000
268	0.579752	-0.088616	-0.185094	0.680000
269	0.602322	0.123736	-0.011103	0.680000
270	0.610285	0.001590	0.075995	0.680000
271	0.537078	0.065075	-0.292468	0.680000
272	0.608408	0.076615	-0.046853	0.680000
273	0.613439	0.039926	-0.017983	0.680000
274	0.600436	0.051005	-0.122881	0.680000
275	0.596012	-0.075114	-0.131731	0.680000
276	0.577374	-0.003056	-0.211791	0.680000
277	0.601098	0.068879	-0.110282	0.680000
278	0.587642	-0.172200	-0.057006	0.680000
279	0.613880	0.032389	0.018096	0.680000
280	0.609028	0.022981	0.082348	0.680000
281	0.605302	-0.082835	-0.070522	0.680000
282	0.614313	0.011788	0.026571	0.680000
283	0.581860	-0.148981	0.132167	0.680000
284	0.612736	0.000891	-0.052718	0.680000
285	0.612144	-0.056915	0.016302	0.680000
286	0.575305	-0.089682	-0.198007	0.680000
287	0.571705	-0.225911	0.018510	0.680000
288	0.609736	-0.079536	0.011013	0.680000
289	0.598429	0.127711	0.061626	0.680000
290	0.603152	0.073282	0.095195	0.680000
291	0.603423	0.087754	0.080029	0.680000
292	0.604191	-0.081840	0.080500	0.680000
293	0.598324	0.128842	-0.060276	0.680000
294	0.603653	-0.014748	-0.116662	0.680000
295	0.487077	-0.318367	0.199058	0.680000
296	0.603315	-0.039413	0.112617	0.680000
297	0.589621	0.039779	0.170264	0.680000
298	0.583296	-0.011422	-0.194577	0.680000
299	0.613254	-0.042335	0.018763	0.680000
300	0.611286	0.067233	0.005851	0.680000
301	0.598170	-0.118121	0.080405	0.680000
302	0.612250	-0.052335	0.025224	0.680000
303	0.498388	0.208093	0.294162	0.680000
304	0.595580	-0.134574	-0.073476	0.680000
305	0.609142	-0.076793	0.035694	0.680000
306	0.497847	-0.349417	-0.091002	0.680000
307	0.593109	-0.157689	0.039756	0.680000
308	0.570556	-0.227954	-0.026983	0.680000
309	0.564559	-0.203540	-0.134422	0.680000
310	0.606667	0.023239	-0.098183	0.680000
311	0.611351	-0.064475	-0.017846	0.680000
312	0.576829	0.122646	-0.174502	0.680000
313	0.608960	-0.025186	-0.082206	0.680000
314	0.585805	-0.050574	0.180276	0.680000
315	0.581734	-0.165404	-0.111589	0.680000
316	0.570783	-0.218706	-0.067818	0.680000
317	0.574928	-0.169680	-0.137444	0.680000
318	0.606875	0.038272	-0.091996	0.680000
319	0.551025	0.049216	-0.268654	0.680000
320	0.593744	-0.038825	0.155518	0.680000
321	0.604557	0.103225	0.045606	0.680000
322	0.577198	-0.160279	0.139203	0.680000
323	0.607847	-0.060300	0.071491	0.680000
324	0.598918	-0.138536	-0.018180	0.680000
325	0.582723	0.129882	-0.147614	0.680000
326	0.597259	-0.145173	-0.020772	0.680000
327	0.582883	-0.166743	0.103290	0.680000
328	0.612937	-0.000545	0.050324	0.680000
329	0.612094	0.048464	0.034881	0.680000
330	0.613526	-0.041100	-0.011006	0.680000
331	0.608263	-0.029125	0.085983	0.680000
332	0.578390	-0.199243	0.063186	0.680000
333	0.541752	-0.207674	-0.203965	0.680000
334	0.568823	0.066033	0.224287	0.680000
335	0.609804	0.066992	-0.043322	0.680000
336	0.577647	0.191564	0.088614	0.680000
337	0.559668	0.027975	0.253405	0.680000
338	0.602351	-0.000570	-0.124089	0.680000
339	0.609848	0.079201	-0.006083	0.680000
340	0.613522	0.041719	-0.008683	0.680000
341	0.607032	0.047833	-0.086305	0.680000
342	0.584769	-0.160679	0.102236	0.680000
343	0.578925	0.095335	0.184344	0.680000
344	0.538763	0.044590	0.293208	0.680000
345	0.613321	0.040889	0.019749	0.680000
346	0.592723	0.052119	0.155523	0.680000
347	0.605813	-0.090906	-0.054335	0.680000
348	0.578918	-0.205114	-0.031730	0.680000
349	0.613887	0.034732	-0.012686	0.680000
350	0.603947	0.029344	0.112306	0.680000
351	0.602689	0.051115	0.111259	0.680000
352	0.591029	-0.073445	0.153347	0.680000
353	0.600782	-0.128693	0.026914	0.680000
354	0.601435	0.010995	-0.127987	0.680000
355	0.609556	0.057785	-0.057687	0.680000
356	0.603860	0.077646	0.086885	0.680000
357	0.607774	-0.019761	0.091901	0.680000
358	0.592049	-0.162565	-0.035718	0.680000
359	0.610964	-0.023457	-0.066313	0.680000
360	0.608937	-0.067107	-0.054009	0.680000
361	0.604167	-0.095631	0.063733	0.680000
362	0.606365	-0.098017	-0.030638	0.680000
363	0.595608	-0.152860	-0.010485	0.680000
364	0.600859	-0.107751	0.074718	0.680000
365	0.592619	-0.100665	0.129978	0.680000
366	0.609615	-0.053989	-0.060661	0.680000
367	0.580235	0.170767	-0.111312	0.680000
368	0.594900	0.009548	0.155654	0.680000
369	0.611793	-0.050164	0.037652	0.680000
370	0.606915	-0.056342	-0.081882	0.680000
371	0.564172	0.199119	-0.142429	0.680000
372	0.603261	0.119438	-0.005938	0.680000
373	0.592469	0.164062	-0.017007	0.680000
374	0.592230	0.154447	0.060285	0.680000
375	0.586607	0.062294	-0.173887	0.680000
376	0.612939	0.006853	-0.049837	0.680000
377	0.595647	0.091067	-0.123031	0.680000
378	0.563859	0.003617	-0.245509	0.680000
379	0.596654	-0.136640	-0.059648	0.680000
380	0.612950	0.030921	-0.039506	0.680000
381	0.610827	-0.020757	0.068442	0.680000
382	0.595857	0.118731	0.095303	0.680000
383	0.613841	0.037727	0.000707	0.680000
384	0.598659	-0.004098	0.140770	0.680000
385	0.602779	-0.081142	-0.091096	0.680000
386	0.590523	-0.117880	-0.124949	0.680000
387	0.578466	-0.177622	0.109786	0.680000
388	0.610744	-0.042631	0.058299	0.680000
389	0.584551	-0.172139	0.083027	0.680000
390	0.582642	0.196421	-0.013135	0.680000
391	0.606910	-0.055908	0.082213	0.680000
392	0.578934	-0.130725	-0.161158	0.680000
393	0.602037	-0.106023	-0.067346	0.680000
394	0.578064	-0.205041	0.045006	0.680000
395	0.573824	-0.106789	0.193770	0.680000
396	0.578007	0.173860	0.117921	0.680000
397	0.603392	-0.099619	-0.064952	0.680000
398	0.602114	0.114422	-0.050902	0.680000
399	0.585330	0.018004	0.187855	0.680000
400	0.602683	0.014752	0.121574	0.680000
401	0.612649	0.053571	0.004114	0.680000
402	0.599482	-0.105775	0.087511	0.680000
403	0.523181	-0.314855	-0.073298	0.680000
404	0.602499	-0.123356	-0.001778	0.680000
405	0.601545	-0.054392	-0.115804	0.680000
406	0.584891	-0.175653	-0.072620	0.680000
407	0.614859	0.002978	0.012847	0.680000
408	0.609611	-0.006415	0.080985	0.680000
409	0.599408	0.082153	0.110391	0.680000
410	0.598827	-0.126484	0.060271	0.680000
411	0.599999	-0.088494	-0.101956	0.680000
412	0.599210	-0.012185	0.137927	0.680000
413	0.576523	-0.183632	-0.110118	0.680000
414	0.598236	0.077640	0.119629	0.680000
415	0.584645	-0.106086	-0.158623	0.680000
416	0.585975	0.123920	-0.139650	0.680000
417	0.607857	0.083681	0.041621	0.680000
418	0.604967	-0.005071	0.110517	0.680000
419	0.550363	-0.268487	-0.056920	0.680000
420	0.612614	-0.046231	0.028136	0.680000
421	0.613326	0.045221	0.003285	0.680000
422	0.568770	-0.117448	-0.202317	0.680000
423	0.483741	0.360343	-0.119887	0.680000
424	0.614010	0.000693	0.034868	0.680000
425	0.605927	0.083729	0.063775	0.680000
426	0.492986	0.364016	0.051793	0.680000
427	0.467031	-0.331845	0.223574	0.680000
428	0.526254	-0.117440	-0.295787	0.680000
429	0.581080	-0.080771	-0.184518	0.680000
430	0.600317	-0.036564	-0.128481	0.680000
431	0.596325	-0.083622	0.125013	0.680000
432	0.598916	-0.007567	0.139525	0.680000
433	0.614173	0.022282	-0.022815	0.680000
434	0.583306	0.040093	0.190714	0.680000
435	0.582786	-0.119701	0.155748	0.680000
436	0.602314	-0.124265	0.001234	0.680000
437	0.541488	0.139411	-0.256087	0.680000
438	0.582201	-0.147643	-0.132168	0.680000
439	0.465154	-0.396040	0.070770	0.680000
440	0.607772	0.092358	-0.017561	0.680000
441	0.606557	0.025884	-0.098201	0.680000
442	0.593652	-0.095303	0.129306	0.680000
443	0.576745	0.080840	0.197624	0.680000
444	0.529156	0.313397	-0.001013	0.680000
445	0.577757	-0.178675	-0.111792	0.680000
446	0.602037	-0.125106	0.011183	0.680000
447	0.600004	-0.104420	-0.085537	0.680000
448	0.597653	-0.097579	0.107303	0.680000
449	0.602749	0.062269	0.105074	0.680000
450	0.612952	-0.034044	0.036821	0.680000
451	0.565255	0.108766	0.216522	0.680000
452	0.543769	0.222642	-0.181580	0.680000
453	0.575683	0.087709	0.197790	0.680000
454	0.577607	-0.006075	-0.211088	0.680000
455	0.597015	-0.146372	-0.019304	0.680000
456	0.608269	0.067705	-0.060411	0.680000
457	0.612893	-0.046892	0.019704	0.680000
458	0.600877	0.077428	-0.105720	0.680000
459	0.614483	0.024351	0.006499	0.680000
460	0.595258	-0.144818	0.054041	0.680000
461	0.574123	-0.208003	0.073091	0.680000
462	0.582968	0.148846	-0.127351	0.680000
463	0.602181	-0.001798	-0.124901	0.680000
464	0.608352	-0.066025	0.061434	0.680000
465	0.590116	0.079279	0.153958	0.680000
466	0.609762	-0.042750	-0.067729	0.680000
467	0.591067	0.154761	0.070098	0.680000
468	0.607762	0.093708	0.008331	0.680000
469	0.609740	-0.065022	0.047061	0.680000
470	0.610415	-0.037609	0.064842	0.680000
471	0.556982	-0.103565	-0.239312	0.680000
472	0.611609	-0.050152	-0.040556	0.680000
473	0.612545	-0.051282	0.019599	0.680000
474	0.608246	0.000524	-0.090894	0.680000
475	0.607665	0.016162	-0.093313	0.680000
476	0.609761	0.079606	-0.008879	0.680000
477	0.601427	0.021270	0.126718	0.680000
478	0.608041	-0.086318	0.032559	0.680000
479	0.601499	0.098191	-0.082359	0.680000
480	0.610063	0.044727	-0.063624	0.680000
481	0.614468	-0.021174	-0.014364	0.680000
482	0.608104	0.057011	-0.072001	0.680000
483	0.598235	0.060907	-0.128958	0.680000
484	0.614743	0.017221	-0.004464	0.680000
485	0.576170	0.214766	-0.011314	0.680000
486	0.588880	0.176834	-0.013220	0.680000
487	0.608436	-0.078574	-0.043090	0.680000
488	0.573758	0.107255	-0.193710	0.680000
489	0.597563	0.135637	0.052407	0.680000
490	0.591762	-0.165570	0.025071	0.680000
491	0.606693	0.072367	0.070083	0.680000
492	0.613234	-0.045952	0.007600	0.680000
493	0.579759	0.205110	-0.005855	0.680000
494	0.605055	0.084176	0.071048	0.680000
495	0.598664	0.031472	0.137245	0.680000
496	0.612646	0.009732	-0.052869	0.680000
497	0.551485	-0.272184	-0.002213	0.680000
498	0.594648	0.132209	-0.084498	0.680000
499	0.608138	0.060657	-0.068657	0.680000
500	0.614723	-0.015063	0.010660	0.680000
501	0.593020	-0.014538	0.162298	0.680000
502	0.584219	-0.141946	-0.129476	0.680000
503	0.583694	-0.156326	-0.114405	0.680000
504	0.614197	-0.005819	-0.030875	0.680000
505	0.590281	-0.170398	0.027519	0.680000
506	0.602395	-0.123730	-0.006041	0.680000
507	0.543854	-0.266567	-0.106722	0.680000
508	0.524898	-0.260220	0.187063	0.680000
509	0.591699	-0.071421	0.151710	0.680000
510	0.584719	-0.100468	0.161973	0.680000
511	0.594939	0.125028	0.092956	0.680000
512	0.609682	-0.080664	0.002495	0.680000
513	0.610896	0.012907	0.069744	0.680000
514	0.600489	-0.112894	0.069948	0.680000
515	0.556857	0.069556	0.251590	0.680000
516	0.609114	-0.025775	0.080876	0.680000
517	0.597995	-0.109134	-0.093364	0.680000
518	0.565003	-0.228448	0.082512	0.680000
519	0.593132	-0.040830	0.157331	0.680000
520	0.569089	-0.215975	0.087848	0.680000
521	0.597526	-0.058666	0.133216	0.680000
522	0.600470	0.058139	0.119499	0.680000
523	0.597459	0.143862	-0.023900	0.680000
524	0.518167	0.327891	0.047064	0.680000
525	0.610031	-0.043041	0.065072	0.680000
526	0.599710	-0.016166	0.135321	0.680000
527	0.563993	-0.240947	0.045626	0.680000
528	0.606471	0.006896	0.101836	0.680000
529	0.605409	0.049264	0.096325	0.680000
530	0.600060	-0.082876	-0.106229	0.680000
531	0.604525	0.060425	-0.095514	0.680000
532	0.564449	-0.014063	0.243772	0.680000
533	0.515422	0.244342	0.229917	0.680000
534	0.577886	-0.209766	0.016458	0.680000
535	0.568901	-0.174444	-0.155388	0.680000
536	0.591069	-0.100038	0.137313	0.680000
537	0.561325	-0.195265	0.158149	0.680000
538	0.611734	0.063099	0.004951	0.680000
539	0.609864	-0.015736	0.077741	0.680000
540	0.603481	0.102703	0.059060	0.680000
541	0.424188	0.231918	0.380136	0.680000
542	0.532974	0.204407	-0.228869	0.680000
543	0.599428	0.017061	-0.136455	0.680000
544	0.608945	-0.082999	0.022847	0.680000
545	0.590486	-0.120021	-0.123070	0.680000
546	0.575739	-0.214192	-0.029521	0.680000
547	0.593320	-0.113119	0.115762	0.680000
548	0.582666	-0.166798	0.104420	0.680000
549	0.608690	-0.086510	-0.015418	0.680000
550	0.590978	-0.011333	0.169829	0.680000
551	0.605152	0.021673	-0.107457	0.680000
552	0.576458	-0.208753	-0.048410	0.680000
553	0.603636	-0.096121	-0.067896	0.680000
554	0.608188	0.039534	0.082273	0.680000
555	0.595278	-0.100324	0.117491	0.680000
556	0.607119	-0.019424	-0.096197	0.680000
557	0.588052	0.049996	0.172975	0.680000
558	0.598949	0.139360	0.007985	0.680000
559	0.593426	-0.092725	0.132185	0.680000
560	0.609853	-0.018671	-0.077170	0.680000
561	0.613335	-0.029877	0.033952	0.680000
562	0.605321	-0.087732	0.064149	0.680000
563	0.597166	0.096078	-0.111298	0.680000
564	0.601991	-0.020730	0.124104	0.680000
565	0.556759	-0.046592	0.257048	0.680000
566	0.502069	-0.270648	0.230003	0.680000
567	0.612909	-0.047977	-0.016298	0.680000
568	0.609839	-0.049013	0.062607	0.680000
569	0.596754	-0.131789	0.068860	0.680000
570	0.594436	0.087018	0.131524	0.680000
571	0.558126	0.029854	0.256571	0.680000
572	0.604639	0.031154	-0.108009	0.680000
573	0.604780	0.070428	0.086637	0.680000
574	0.567904	-0.235404	-0.017185	0.680000
575	0.596550	0.034689	0.145430	0.680000
576	0.580681	-0.202168	-0.012763	0.680000
577	0.603913	-0.036771	0.110282	0.680000
578	0.593666	0.056186	0.150429	0.680000
579	0.600228	0.029865	-0.130609	0.680000
580	0.598946	-0.100574	0.096816	0.680000
581	0.613701	0.017001	0.036159	0.680000
582	0.613397	-0.043576	0.008412	0.680000
583	0.610438	-0.069149	-0.028437	0.680000
584	0.605923	0.091708	-0.051693	0.680000
585	0.592686	-0.040038	-0.159204	0.680000
586	0.611310	-0.013145	0.065968	0.680000
587	0.596028	-0.100078	0.113842	0.680000
588	0.550807	0.199208	-0.187490	0.680000
589	0.605545	0.106271	0.015720	0.680000
590	0.613694	0.002348	0.039988	0.680000
591	0.613856	0.002108	-0.037437	0.680000
592	0.610897	-0.022256	0.067340	0.680000
593	0.611327	0.065752	-0.013431	0.680000
594	0.607963	-0.010276	-0.092195	0.680000
595	0.587154	0.044337	0.177509	0.680000
596	0.570175	0.206984	-0.101404	0.680000
597	0.606103	0.102851	-0.016912	0.680000
598	0.606474	-0.032493	-0.096738	0.680000
599	0.609578	0.081316	-0.005200	0.680000
600	0.602571	0.092569	-0.081017	0.680000
601	0.556064	-0.073759	0.252146	0.680000
602	0.606612	0.068005	0.074978	0.680000
603	0.561375	0.111372	-0.225121	0.680000
604	0.583056	-0.191716	-0.038926	0.680000
605	0.584694	-0.190518	-0.007833	0.680000
606	0.596022	-0.150037	-0.021732	0.680000
607	0.610098	-0.077438	-0.002907	0.680000
608	0.612447	0.019541	-0.052455	0.680000
609	0.562553	-0.104278	0.225579	0.680000
610	0.588693	0.120621	0.130827	0.680000
611	0.598116	-0.081657	-0.117536	0.680000
612	0.599333	-0.119690	0.068554	0.680000
613	0.611814	0.001254	-0.062502	0.680000
614	0.614147	-0.030501	0.010886	0.680000
615	0.581811	-0.179040	-0.087550	0.680000
616	0.611429	-0.047986	0.045571	0.680000
617	0.537881	0.255110	0.154363	0.680000
618	0.580711	0.136085	0.149934	0.680000
619	0.614000	0.008123	0.034103	0.680000
620	0.588550	-0.095959	0.150418	0.680000
621	0.614302	0.026966	0.011466	0.680000
622	0.603565	-0.106533	-0.050845	0.680000
623	0.606694	-0.083604	0.056197	0.680000
624	0.598686	-0.124469	0.065632	0.680000
625	0.467047	0.116339	0.382828	0.680000
626	0.561237	-0.237686	0.082121	0.680000
627	0.568819	-0.012786	-0.233467	0.680000
628	0.549733	-0.216861	-0.170264	0.680000
629	0.594378	0.151043	-0.046113	0.680000
630	0.606996	-0.012227	0.098140	0.680000
631	0.608901	0.019698	-0.084120	0.680000
632	0.613888	-0.029042	0.022871	0.680000
633	0.586239	-0.161922	-0.091270	0.680000
634	0.568017	-0.232382	0.039761	0.680000
635	0.613043	-0.014062	-0.046958	0.680000
636	0.590852	0.168255	0.028440	0.680000
637	0.548899	0.246816	-0.126558	0.680000
638	0.579716	0.200721	0.043198	0.680000
639	0.567202	0.230726	0.057207	0.680000
640	0.580360	0.083301	-0.185658	0.680000
641	0.603583	0.114219	-0.029429	0.680000
642	0.585817	-0.017374	-0.186392	0.680000
643	0.546951	-0.264809	0.094584	0.680000
644	0.613942	-0.032643	-0.015309	0.680000
645	0.594632	-0.114314	-0.107561	0.680000
646	0.479230	0.267387	0.277611	0.680000
647	0.542459	0.261939	0.123900	0.680000
648	0.584561	0.113771	0.153523	0.680000
649	0.586031	-0.131462	-0.132328	0.680000
650	0.540471	-0.285380	0.068371	0.680000
651	0.588426	0.042412	-0.173729	0.680000
652	0.555205	-0.129251	-0.230796	0.680000
653	0.579746	-0.129752	-0.159011	0.680000
654	0.530653	-0.299138	-0.084550	0.680000
655	0.583178	0.067565	0.183204	0.680000
656	0.582011	-0.056631	0.190475	0.680000
657	0.541686	-0.207488	0.204327	0.680000
658	0.578886	-0.164380	-0.126868	0.680000
659	0.551702	0.135939	-0.235309	0.680000
660	0.572145	-0.061324	0.217058	0.680000
661	0.609858	0.079352	-0.001304	0.680000
662	0.601182	0.054674	-0.117539	0.680000
663	0.592260	0.095888	-0.135124	0.680000
664	0.475029	0.020738	0.390054	0.680000
665	0.604581	0.096538	0.058203	0.680000
666	0.551028	-0.117493	-0.246554	0.680000
667	0.611565	-0.060082	-0.024566	0.680000
668	0.559862	-0.139388	0.212956	0.680000
669	0.605291	0.108051	0.013149	0.680000
670	0.587942	0.151590	0.097822	0.680000
671	0.605718	0.016294	0.105192	0.680000
672	0.609473	-0.076055	-0.031366	0.680000
673	0.561073	-0.145465	0.205577	0.680000
674	0.586694	-0.051820	0.177001	0.680000
675	0.590241	0.119547	0.124697	0.680000
676	0.566431	0.164209	0.174403	0.680000
677	0.532390	-0.265755	0.155435	0.680000
678	0.534725	0.302020	0.032826	0.680000
679	0.603752	0.105895	-0.049944	0.680000
680	0.592933	0.160196	-0.031508	0.680000
681	0.577857	0.137058	-0.159755	0.680000
682	0.613366	0.031978	0.031376	0.680000
683	0.608885	-0.083362	-0.023123	0.680000
684	0.597319	0.024174	0.144398	0.680000
685	0.599302	0.007041	-0.137886	0.680000
686	0.597310	-0.133228	-0.060797	0.680000
687	0.612269	-0.016171	0.055584	0.680000
688	0.598606	-0.138339	0.027523	0.680000
689	0.612855	0.003716	-0.051186	0.680000
690	0.572895	-0.024500	0.222298	0.680000
691	0.578616	0.198470	0.063545	0.680000
692	0.579962	-0.198882	0.048112	0.680000
693	0.598796	-0.104693	-0.093318	0.680000
694	0.595320	-0.116438	-0.101300	0.680000
695	0.606176	0.039974	0.095802	0.680000
696	0.590831	-0.065733	0.157553	0.680000
697	0.600299	-0.111682	0.073435	0.680000
698	0.612536	-0.051102	0.020337	0.680000
699	0.581732	-0.092392	0.176851	0.680000
700	0.609991	-0.071272	-0.032493	0.680000
701	0.524158	-0.308101	-0.092507	0.680000
702	0.566660	0.120799	0.206226	0.680000
703	0.604920	0.035168	-0.105168	0.680000
704	0.608647	-0.042556	-0.077216	0.680000
705	0.599770	-0.050925	0.126123	0.680000
706	0.603709	0.088868	0.076566	0.680000
707	0.609689	0.025179	0.076615	0.680000
708	0.565283	0.043703	0.238265	0.680000
709	0.609702	0.070950	-0.038143	0.680000
710	0.431974	-0.372059	-0.230642	0.680000
711	0.556388	-0.228686	-0.127904	0.680000
712	0.598835	0.071429	-0.120498	0.680000
713	0.596475	-0.136746	0.061185	0.680000
714	0.591349	-0.119470	0.119408	0.680000
715	0.561677	0.202893	-0.146897	0.680000
716	0.570395	0.075135	-0.217323	0.680000
717	0.614096	0.033141	-0.003553	0.680000
718	0.567801	0.040373	-0.232802	0.680000
719	0.588068	0.089743	0.156035	0.680000
720	0.541475	-0.290948	0.019460	0.680000
721	0.530686	-0.216895	0.222607	0.680000
722	0.566193	-0.157284	0.181418	0.680000
723	0.594870	-0.114445	0.106098	0.680000
724	0.549441	0.248585	-0.120605	0.680000
725	0.591798	0.043230	0.161653	0.680000
726	0.603930	0.021035	-0.114243	0.680000
727	0.554290	-0.101676	-0.246272	0.680000
728	0.467779	-0.058715	0.394918	0.680000
729	0.601680	-0.086706	-0.093210	0.680000
730	0.612451	-0.050684	0.023666	0.680000
731	0.577259	-0.070116	0.200202	0.680000
732	0.529543	-0.174293	0.259675	0.680000
733	0.605996	0.032616	0.099647	0.680000
734	0.581186	-0.176886	0.095702	0.680000
735	0.583535	0.045062	0.188896	0.680000
736	0.597423	-0.141717	-0.035035	0.680000
737	0.526954	0.218594	-0.229699	0.680000
738	0.523524	-0.148325	-0.286614	0.680000
739	0.580448	-0.203234	-0.000953	0.680000
740	0.594044	-0.099902	0.123920	0.680000
741	0.614972	-0.000528	-0.005810	0.680000
742	0.598158	0.038275	0.137721	0.680000
743	0.572465	0.210260	0.079366	0.680000
744	0.597936	0.131890	0.057471	0.680000
745	0.481811	0.348063	0.157909	0.680000
746	0.377608	0.482044	0.057193	0.680000
747	0.583959	0.190875	0.027987	0.680000
748	0.560174	-0.252960	0.021003	0.680000
749	0.538390	0.152168	-0.255355	0.680000
750	0.587919	-0.143657	-0.109263	0.680000
751	0.602427	-0.105277	-0.064989	0.680000
752	0.595511	-0.015261	-0.152836	0.680000
753	0.595915	-0.116669	-0.097462	0.680000
754	0.599681	0.046992	0.128059	0.680000
755	0.613737	0.028319	-0.027376	0.680000
756	0.591098	-0.112812	-0.126894	0.680000
757	0.548186	-0.069451	-0.269989	0.680000
758	0.571424	-0.216249	-0.070257	0.680000
759	0.613602	-0.007862	0.040685	0.680000
760	0.609751	-0.054235	-0.059056	0.680000
761	0.610378	-0.061119	-0.043915	0.680000
762	0.583104	0.166089	0.103099	0.680000
763	0.582070	0.039679	-0.194538	0.680000
764	0.613234	-0.046437	-0.003511	0.680000
765	0.603870	-0.034305	-0.111308	0.680000
766	0.602720	0.048038	0.112457	0.680000
767	0.591612	-0.131261	-0.104837	0.680000
768	0.612599	0.022130	0.049580	0.680000
769	0.581502	-0.042363	0.195669	0.680000
770	0.597745	-0.088100	0.114737	0.680000
771	0.576802	-0.207657	0.049020	0.680000
772	0.585511	-0.087851	-0.166384	0.680000
773	0.609682	0.047079	-0.065543	0.680000
774	0.574324	-0.212502	0.056744	0.680000
775	0.576581	0.134368	-0.166508	0.680000
776	0.613521	0.042334	-0.004987	0.680000
777	0.571449	0.072918	0.215299	0.680000
778	0.521609	-0.281745	0.163611	0.680000
779	0.559601	0.223235	0.123440	0.680000
780	0.566787	-0.184611	0.151316	0.680000
781	0.610297	-0.075337	0.009356	0.680000
782	0.544402	-0.018032	0.285528	0.680000
783	0.597208	-0.058115	0.134870	0.680000
784	0.591512	0.085149	0.145218	0.680000
785	0.556427	0.240802	-0.103094	0.680000
786	0.600711	-0.013159	0.131140	0.680000
787	0.583615	0.174485	-0.084698	0.680000
788	0.614731	-0.004395	-0.017655	0.680000
789	0.604243	-0.001628	-0.114510	0.680000
790	0.590280	-0.159226	-0.066643	0.680000
791	0.571910	0.057334	-0.218761	0.680000
792	0.608303	-0.039339	-0.081518	0.680000
793	0.599454	0.006065	0.137271	0.680000
794	0.574840	-0.215721	0.035330	0.680000
795	0.594732	-0.051043	-0.148033	0.680000
796	0.590937	0.125757	0.114909	0.680000
797	0.595525	-0.151619	-0.024235	0.680000
798	0.608157	0.023215	0.088491	0.680000
799	0.576099	0.214887	0.012576	0.680000
800	0.574974	-0.203901	0.077811	0.680000
801	0.611973	-0.049009	-0.036217	0.680000
802	0.564393	0.239671	-0.047366	0.680000
803	0.607965	-0.091598	0.014622	0.680000
804	0.609445	0.058219	0.058419	0.680000
805	0.605618	-0.067813	0.082785	0.680000
806	0.605202	-0.096878	0.050697	0.680000
807	0.607542	-0.002015	0.095465	0.680000
808	0.607559	-0.079547	0.052627	0.680000
809	0.585742	0.184303	0.034112	0.680000
810	0.613079	0.000490	-0.048564	0.680000
811	0.609714	0.069097	-0.041224	0.680000
812	0.599240	0.089790	-0.105237	0.680000
813	0.466571	-0.308570	0.255580	0.680000
814	0.602212	0.081990	-0.094038	0.680000
815	0.592375	-0.025385	-0.163317	0.680000
816	0.602839	-0.111283	0.049252	0.680000
817	0.570326	-0.100216	0.207146	0.680000
818	0.596781	0.094540	0.114628	0.680000
819	0.548218	-0.271129	0.064582	0.680000
820	0.593988	-0.138393	-0.079064	0.680000
821	0.586888	0.122497	-0.137047	0.680000
822	0.591350	0.007389	0.168749	0.680000
823	0.606639	0.025514	-0.097791	0.680000
824	0.594070	0.019307	-0.157904	0.680000
825	0.600730	0.053840	-0.120209	0.680000
826	0.559418	-0.002015	0.255485	0.680000
827	0.605344	0.108480	-0.003979	0.680000
828	0.520756	-0.085993	0.315663	0.680000
829	0.576086	0.079698	0.199997	0.680000
830	0.537002	-0.252185	0.162038	0.680000
831	0.610828	0.046813	0.054067	0.680000
832	0.592395	-0.152541	0.063435	0.680000
833	0.570772	0.226643	0.032820	0.680000
834	0.547732	0.112273	0.256144	0.680000
835	0.601046	0.026563	-0.127525	0.680000
836	0.574040	-0.194790	-0.103729	0.680000
837	0.606726	-0.039743	0.092353	0.680000
838	0.537388	-0.230891	0.190075	0.680000
839	0.546231	-0.260917	0.108529	0.680000
840	0.597871	-0.027606	0.141469	0.680000
841	0.604599	0.083983	-0.075046	0.680000
842	0.581890	0.196315	0.033012	0.680000
843	0.527082	-0.314627	0.037673	0.680000
844	0.601486	-0.118546	0.048845	0.680000
845	0.564537	-0.234656	-0.066777	0.680000
846	0.572230	-0.216242	0.063383	0.680000
847	0.612175	-0.031582	0.049689	0.680000
848	0.610505	0.018542	-0.071866	0.680000
849	0.568505	-0.226061	0.062644	0.680000
850	0.570413	0.214216	0.083459	0.680000
