1	0.453320	0.321731	-0.263088	2.140000
2	0.504631	0.276281	-0.217352	2.140000
3	0.574806	0.218616	0.005530	2.140000
4	0.583470	0.150012	0.123630	2.140000
5	0.601738	-0.057754	0.113139	2.140000
6	0.565882	0.059664	-0.233330	2.140000
7	0.590533	0.013878	0.171180	2.140000
8	0.533357	-0.122569	0.280592	2.140000
9	0.473778	-0.283733	0.270658	2.140000
10	0.571856	-0.224585	-0.027695	2.140000
11	0.559339	0.040977	-0.252361	2.140000
12	0.609777	0.079755	-0.006033	2.140000
13	0.592878	-0.075486	0.144990	2.140000
14	0.599316	-0.017702	-0.136866	2.140000
15	0.589712	-0.173165	-0.021870	2.140000
16	0.589348	-0.109990	0.137099	2.140000
17	0.579847	0.149986	-0.139665	2.140000
18	0.614323	-0.027778	-0.007823	2.140000
19	0.572397	0.070535	-0.213569	2.140000
20	0.590757	0.132890	-0.107572	2.140000
21	0.584848	0.124214	-0.144044	2.140000
22	0.612511	-0.035062	0.042728	2.140000
23	0.589737	0.163921	0.059712	2.140000
24	0.568277	-0.201500	0.121176	2.140000
25	0.611503	-0.060376	0.025380	2.140000
26	0.602182	0.124628	-0.008347	2.140000
27	0.518347	0.081390	-0.320807	2.140000
28	0.573742	-0.020797	-0.220482	2.140000
29	0.604488	-0.092764	0.064911	2.140000
30	0.600981	0.109220	0.071537	2.140000
31	0.604890	0.015407	0.109979	2.140000
32	0.592824	-0.025682	0.161632	2.140000
33	0.613719	-0.021379	-0.033419	2.140000
34	0.595344	0.071110	-0.136870	2.140000
35	0.589091	0.155063	0.084574	2.140000
36	0.610672	0.027665	0.067378	2.140000
37	0.573657	-0.109741	0.192613	2.140000
38	0.595251	0.008670	0.154355	2.140000
39	0.605591	-0.016730	-0.105854	2.140000
40	0.612799	0.050230	0.013384	2.140000
41	0.579823	-0.204727	0.010827	2.140000
42	0.604426	0.034170	0.108288	2.140000
43	0.597502	0.085917	0.117620	2.140000
44	0.604802	-0.060699	-0.093571	2.140000
45	0.605248	-0.109033	0.003477	2.140000
46	0.604408	-0.107696	0.036301	2.140000
47	0.608546	-0.086405	0.020771	2.140000
48	0.599391	-0.085486	0.107923	2.140000
49	0.564907	-0.242092	0.022281	2.140000
50	0.586405	-0.111210	0.148277	2.140000
51	0.608354	0.037716	-0.081900	2.140000
52	0.569805	-0.220255	0.070954	2.140000
53	0.533940	0.240125	0.188341	2.140000
54	0.456016	-0.378925	0.163371	2.140000
55	0.591758	0.025552	-0.165513	2.140000
56	0.583022	-0.109149	0.162470	2.140000
57	0.548038	-0.066119	0.271124	2.140000
58	0.607372	-0.026129	-0.092957	2.140000
59	0.598453	-0.037332	0.136696	2.140000
60	0.587665	-0.009720	0.181052	2.140000
61	0.597596	-0.069150	0.127757	2.140000
62	0.531164	-0.251694	0.180940	2.140000
63	0.602025	-0.092532	0.085022	2.140000
64	0.604538	0.019086	-0.111333	2.140000
65	0.559461	-0.191168	0.169362	2.140000
66	0.608462	0.074135	-0.050027	2.140000
67	0.602208	-0.041590	-0.117645	2.140000
68	0.582434	-0.049890	0.191066	2.140000
69	0.605437	-0.029118	0.104036	2.140000
70	0.577477	-0.069327	0.199849	2.140000
71	0.547382	-0.262306	0.098961	2.140000
72	0.529762	0.135300	0.281551	2.140000
73	0.531206	-0.309901	0.002462	2.140000
74	0.593556	0.144067	-0.071839	2.140000
75	0.598509	0.077461	0.118373	2.140000
76	0.580670	0.018331	-0.201772	2.140000
77	0.580400	-0.030729	-0.201038	2.140000
78	0.612038	0.025946	-0.054413	2.140000
79	0.603106	-0.096850	-0.071468	2.140000
80	0.608580	-0.047356	0.074916	2.140000
81	0.600540	0.127513	-0.036285	2.140000
82	0.608024	-0.084004	-0.038411	2.140000
83	0.602883	0.118754	-0.025580	2.140000
84	0.600325	-0.129163	-0.033938	2.140000
85	0.613334	0.018301	-0.041375	2.140000
86	0.595697	0.062491	-0.139516	2.140000
87	0.510664	0.338478	-0.053666	2.140000
88	0.602138	-0.074419	0.100583	2.140000
89	0.612266	0.029311	0.049966	2.140000
90	0.592272	-0.111732	0.122289	2.140000
91	0.506019	-0.251080	-0.243164	2.140000
92	0.576296	-0.043388	-0.210298	2.140000
93	0.610945	-0.059491	0.037842	2.140000
94	0.610567	0.054986	0.049084	2.140000
95	0.580734	-0.084921	-0.183744	2.140000
96	0.593936	-0.082153	0.136806	2.140000
97	0.596070	-0.143060	0.049595	2.140000
98	0.609703	-0.075138	0.029006	2.140000
99	0.572516	-0.060390	-0.216340	2.140000
100	0.548094	-0.177809	-0.214946	2.140000
101	0.562657	-0.248120	-0.008851	2.140000
102	0.595647	-0.127059	0.085354	2.140000
103	0.604545	0.020402	-0.111057	2.140000
104	0.558030	-0.094618	0.240573	2.140000
105	0.591364	-0.072901	-0.152313	2.140000
106	0.571423	-0.113161	-0.197218	2.140000
107	0.605066	-0.028759	-0.106268	2.140000
108	0.609665	0.074614	-0.031093	2.140000
109	0.536150	-0.131041	-0.271287	2.140000
110	0.585405	-0.012698	-0.188055	2.140000
111	0.565122	-0.213829	0.114629	2.140000
112	0.586693	0.136454	-0.124083	2.140000
113	0.501955	-0.324770	0.144190	2.140000
114	0.572438	-0.112691	0.194526	2.140000
115	0.613053	0.031438	-0.037453	2.140000
116	0.597278	0.096485	-0.110338	2.140000
117	0.574593	0.218823	0.013574	2.140000
118	0.551207	0.125093	-0.242380	2.140000
119	0.573581	0.182404	-0.126329	2.140000
120	0.572773	0.223908	0.004638	2.140000
121	0.614144	0.002475	-0.032341	2.140000
122	0.532658	0.096873	-0.291746	2.140000
123	0.611523	-0.065301	-0.000973	2.140000
124	0.602625	-0.015300	0.121794	2.140000
125	0.610921	-0.025078	0.066118	2.140000
126	0.564039	0.068008	-0.235499	2.140000
127	0.572871	0.109609	-0.195011	2.140000
128	0.607086	-0.002299	0.098317	2.140000
129	0.614716	0.001472	0.018625	2.140000
130	0.611762	0.010522	-0.062137	2.140000
131	0.606034	-0.028643	0.100636	2.140000
132	0.612621	-0.048696	-0.023432	2.140000
133	0.568158	0.202146	-0.120659	2.140000
134	0.547383	0.182211	-0.213062	2.140000
135	0.603725	-0.013732	-0.116416	2.140000
136	0.587740	-0.136421	0.119064	2.140000
137	0.599107	0.083340	-0.111132	2.140000
138	0.612766	-0.043106	-0.029734	2.140000
139	0.614509	0.019240	0.015269	2.140000
140	0.588480	-0.024611	-0.176946	2.140000
141	0.580427	-0.072204	-0.190043	2.140000
142	0.562390	-0.237057	-0.075808	2.140000
143	0.596028	0.136773	-0.065340	2.140000
144	0.597820	0.120567	0.079369	2.140000
145	0.594233	-0.119035	0.104611	2.140000
146	0.612658	0.016877	0.050890	2.140000
147	0.608538	-0.086450	0.020797	2.140000
148	0.611347	0.066905	0.001817	2.140000
149	0.606097	0.012223	0.103550	2.140000
150	0.586440	-0.120398	-0.140776	2.140000
151	0.567407	-0.235406	-0.029306	2.140000
152	0.575540	-0.211703	0.046481	2.140000
153	0.611716	-0.012821	0.062162	2.140000
154	0.613030	-0.013682	-0.047249	2.140000
155	0.595910	0.100966	0.113674	2.140000
156	0.529097	0.035725	-0.311456	2.140000
157	0.567446	0.218318	0.092557	2.140000
158	0.520690	0.140637	-0.295513	2.140000
159	0.595098	0.149487	0.041678	2.140000
160	0.582449	0.152666	0.125183	2.140000
161	0.608248	0.025182	-0.087324	2.140000
162	0.566944	0.015451	0.237824	2.140000
163	0.606803	0.013889	-0.099107	2.140000
164	0.525803	-0.267556	0.173695	2.140000
165	0.563312	-0.116495	0.217561	2.140000
166	0.610614	-0.062908	-0.037652	2.140000
167	0.590520	-0.090039	0.146302	2.140000
168	0.591549	-0.052539	0.159797	2.140000
169	0.607540	0.091949	0.025810	2.140000
170	0.594293	-0.142301	-0.069223	2.140000
171	0.612938	0.029012	0.041117	2.140000
172	0.601093	0.037073	0.124651	2.140000
173	0.502124	-0.131103	0.330012	2.140000
174	0.553767	-0.265938	-0.029062	2.140000
175	0.563548	-0.082008	0.232191	2.140000
176	0.607781	0.035286	-0.087079	2.140000
177	0.595046	0.114004	0.105587	2.140000
178	0.606052	-0.083698	-0.062612	2.140000
179	0.572765	-0.173792	0.141286	2.140000
180	0.590778	-0.142836	-0.093831	2.140000
181	0.582096	-0.086077	0.178828	2.140000
182	0.609018	-0.085558	-0.001161	2.140000
183	0.601140	0.107550	-0.072725	2.140000
184	0.571756	-0.169490	-0.150311	2.140000
185	0.601258	0.037245	-0.123799	2.140000
186	0.595760	0.144327	-0.049650	2.140000
187	0.606254	-0.045486	0.092799	2.140000
188	0.603680	0.006023	0.117298	2.140000
189	0.581002	-0.133225	-0.151370	2.140000
190	0.583770	0.027915	-0.191464	2.140000
191	0.612954	-0.024555	-0.043691	2.140000
192	0.607023	0.065777	-0.073627	2.140000
193	0.609126	0.058788	-0.061114	2.140000
194	0.509062	0.309676	0.152256	2.140000
195	0.575456	0.060244	0.208437	2.140000
196	0.614368	0.004189	-0.027549	2.140000
197	0.498700	0.047900	-0.356691	2.140000
198	0.570590	-0.229094	0.012967	2.140000
199	0.599380	-0.116638	-0.073239	2.140000
200	0.600218	-0.129327	0.035183	2.140000
201	0.601424	-0.122459	-0.038964	2.140000
202	0.604954	0.002066	0.110687	2.140000
203	0.562705	-0.238613	-0.068207	2.140000
204	0.605361	-0.055776	-0.093014	2.140000
205	0.528585	0.074299	-0.305454	2.140000
206	0.561115	-0.022078	-0.250773	2.140000
207	0.605231	-0.081857	-0.072245	2.140000
208	0.582026	-0.173621	0.096574	2.140000
209	0.593399	-0.140640	0.079519	2.140000
210	0.601991	-0.095941	0.081408	2.140000
211	0.595793	-0.115499	-0.099580	2.140000
212	0.585713	-0.054099	-0.179550	2.140000
213	0.563431	0.071906	-0.235796	2.140000
214	0.602835	-0.077242	0.094070	2.140000
215	0.582790	0.161305	-0.112078	2.140000
216	0.589588	0.152203	0.086288	2.140000
217	0.579505	0.172098	0.113053	2.140000
218	0.585835	0.072029	-0.172727	2.140000
219	0.531724	-0.006356	-0.308956	2.140000
220	0.611651	-0.035410	0.053425	2.140000
221	0.605137	-0.101278	-0.042154	2.140000
222	0.560898	-0.177841	0.178859	2.140000
223	0.601184	0.091531	-0.091784	2.140000
224	0.581890	0.151338	0.129328	2.140000
225	0.609535	-0.073979	0.034910	2.140000
226	0.603850	-0.116490	0.004536	2.140000
227	0.593641	-0.160582	0.005377	2.140000
228	0.609259	-0.081983	-0.017521	2.140000
229	0.594547	0.092934	-0.126895	2.140000
230	0.603276	-0.099367	-0.066402	2.140000
231	0.589556	-0.089918	-0.150211	2.140000
232	0.580715	0.173058	-0.105100	2.140000
233	0.603405	-0.043837	-0.110479	2.140000
234	0.563640	0.224638	0.100363	2.140000
235	0.590710	0.085203	0.148417	2.140000
236	0.614324	0.020901	-0.019847	2.140000
237	0.607876	0.073846	-0.057081	2.140000
238	0.605544	0.087701	-0.062048	2.140000
239	0.613301	0.015378	0.043018	2.140000
240	0.602401	-0.122242	-0.019877	2.140000
241	0.552157	-0.167839	-0.212552	2.140000
242	0.561102	-0.114631	0.224163	2.140000
243	0.614510	-0.022897	0.008864	2.140000
244	0.573900	0.072699	-0.208754	2.140000
245	0.586926	-0.173494	0.060356	2.140000
246	0.597163	0.031959	0.143528	2.140000
247	0.601859	0.097776	0.080187	2.140000
248	0.596520	-0.136640	-0.060980	2.140000
249	0.606865	-0.062291	0.077842	2.140000
250	0.607558	0.085055	-0.043169	2.140000
251	0.602105	-0.125165	0.005329	2.140000
252	0.605793	-0.075989	0.073930	2.140000
253	0.603858	-0.053533	0.103512	2.140000
254	0.598119	0.013982	0.142417	2.140000
255	0.595049	-0.050476	0.146948	2.140000
256	0.608555	0.077723	0.042956	2.140000
257	0.609109	-0.064245	0.055536	2.140000
258	0.599379	0.109512	0.083526	2.140000
259	0.579115	0.045764	0.201881	2.140000
260	0.562298	-0.028916	0.247406	2.140000
261	0.577036	0.055500	0.205362	2.140000
262	0.600376	-0.114576	0.068164	2.140000
263	0.603910	0.109036	0.040366	2.140000
264	0.607719	-0.056887	-0.075280	2.140000
265	0.586781	0.049903	0.177265	2.140000
266	0.583491	-0.159099	0.111581	2.140000
267	0.595947	-0.094916	0.118587	2.140000
268	0.555533	0.054127	-0.258222	2.140000
269	0.592078	0.035264	0.162557	2.140000
270	0.607163	-0.052652	0.082499	2.140000
271	0.613038	0.038026	0.031031	2.140000
272	0.605615	0.000347	0.107032	2.140000
273	0.609726	-0.000679	0.080364	2.140000
274	0.595505	-0.153491	0.006298	2.140000
275	0.613975	-0.005217	0.035101	2.140000
276	0.544949	-0.284468	0.018266	2.140000
277	0.610563	-0.073562	0.005145	2.140000
278	0.614540	0.012992	-0.019905	2.140000
279	0.600747	0.052620	0.120659	2.140000
280	0.556354	-0.216233	-0.148116	2.140000
281	0.591952	-0.097937	0.135003	2.140000
282	0.612520	-0.002263	0.055123	2.140000
283	0.598382	-0.092803	0.107478	2.140000
284	0.592885	-0.162445	-0.017985	2.140000
285	0.591105	0.087868	0.145253	2.140000
286	0.571501	-0.033527	-0.224694	2.140000
287	0.610259	-0.011976	0.075269	2.140000
288	0.605377	-0.011357	-0.107770	2.140000
289	0.573375	0.173506	-0.139145	2.140000
290	0.592722	0.053436	-0.155082	2.140000
291	0.603981	0.069458	0.092778	2.140000
292	0.596871	-0.098316	0.110923	2.140000
293	0.582444	-0.183465	0.072966	2.140000
294	0.612659	-0.047328	-0.025169	2.140000
295	0.609355	-0.072162	-0.041282	2.140000
296	0.532454	0.044545	-0.304522	2.140000
297	0.612411	0.055280	0.011032	2.140000
298	0.596937	0.092874	0.115178	2.140000
299	0.602899	0.007758	-0.121154	2.140000
300	0.597794	0.126255	0.070192	2.140000
301	0.611039	0.038913	0.057810	2.140000
302	0.572700	-0.160427	-0.156534	2.140000
303	0.596407	0.045352	-0.143063	2.140000
304	0.560167	-0.250062	-0.043672	2.140000
305	0.614255	0.017146	0.024942	2.140000
306	0.606335	-0.086205	-0.056138	2.140000
307	0.609272	-0.082275	-0.015597	2.140000
308	0.611330	-0.064865	0.017112	2.140000
309	0.578018	0.184677	-0.100074	2.140000
310	0.583240	-0.177318	-0.081331	2.140000
311	0.607570	-0.010685	0.094705	2.140000
312	0.568772	0.041105	-0.230291	2.140000
313	0.582118	-0.173475	-0.096282	2.140000
314	0.612713	-0.040328	0.034374	2.140000
315	0.576489	-0.182375	0.112358	2.140000
316	0.580275	-0.196657	-0.053220	2.140000
317	0.581621	-0.183324	0.079589	2.140000
318	0.567509	-0.236939	0.004350	2.140000
319	0.576983	0.055614	-0.205482	2.140000
320	0.611582	-0.039937	-0.050969	2.140000
321	0.593000	0.160682	-0.027519	2.140000
322	0.518825	0.156069	-0.291013	2.140000
323	0.528748	0.314044	-0.005192	2.140000
324	0.528530	0.279849	-0.143407	2.140000
325	0.563770	0.176092	-0.171407	2.140000
326	0.546042	-0.144505	-0.243271	2.140000
327	0.576050	-0.181262	-0.116343	2.140000
328	0.610750	-0.061836	0.037226	2.140000
329	0.568847	-0.201196	0.118990	2.140000
330	0.611512	0.063384	-0.016150	2.140000
331	0.610155	0.063105	0.044194	2.140000
332	0.603643	0.114292	-0.027879	2.140000
333	0.589996	0.090125	-0.148346	2.140000
334	0.608975	-0.047208	-0.071731	2.140000
335	0.566347	-0.232848	-0.057071	2.140000
336	0.604535	0.108407	0.031784	2.140000
337	0.554409	-0.105195	-0.244519	2.140000
338	0.589840	0.120638	-0.125541	2.140000
339	0.578049	0.103065	0.182926	2.140000
340	0.578449	0.133359	0.160740	2.140000
341	0.588913	0.147386	0.098407	2.140000
342	0.591851	0.159659	-0.049459	2.140000
343	0.613807	-0.027100	-0.027037	2.140000
344	0.611779	-0.062695	0.004597	2.140000
345	0.591686	-0.032214	0.164605	2.140000
346	0.606556	-0.099320	-0.021234	2.140000
347	0.613078	-0.000647	0.048578	2.140000
348	0.587196	0.157241	0.093282	2.140000
349	0.612937	0.006146	0.049954	2.140000
350	0.538570	-0.271408	0.120435	2.140000
351	0.596816	0.142943	0.040037	2.140000
352	0.564674	0.228321	-0.085073	2.140000
353	0.612876	-0.051043	0.001451	2.140000
354	0.596323	-0.044423	0.143702	2.140000
355	0.601987	-0.125125	0.013440	2.140000
356	0.571984	-0.189893	0.122477	2.140000
357	0.561817	0.042442	0.246547	2.140000
358	0.614232	0.015402	0.026575	2.140000
359	0.602202	0.036941	0.119219	2.140000
360	0.594024	0.098326	0.125271	2.140000
361	0.592757	-0.070053	0.148178	2.140000
362	0.606913	0.065639	0.074656	2.140000
363	0.586000	-0.119239	0.143564	2.140000
364	0.568557	-0.166864	0.164693	2.140000
365	0.600860	0.101950	0.082453	2.140000
366	0.614882	-0.011516	0.003475	2.140000
367	0.580993	-0.003623	0.201641	2.140000
368	0.577238	0.192133	0.090035	2.140000
369	0.574462	-0.102710	0.194086	2.140000
370	0.614457	0.021719	-0.013990	2.140000
371	0.611633	-0.063810	-0.007632	2.140000
372	0.600363	-0.107690	0.078690	2.140000
373	0.599516	-0.120400	0.065645	2.140000
374	0.585963	-0.145484	0.117074	2.140000
375	0.608586	-0.088362	-0.006370	2.140000
376	0.605277	-0.039833	0.101383	2.140000
377	0.603258	-0.106853	0.053731	2.140000
378	0.607617	-0.016957	0.093480	2.140000
379	0.612118	0.056870	-0.017382	2.140000
380	0.572866	0.016034	0.223143	2.140000
381	0.613467	-0.036492	-0.023483	2.140000
382	0.608945	-0.015984	0.084590	2.140000
383	0.605514	-0.020728	-0.105582	2.140000
384	0.519535	-0.320192	0.076060	2.140000
385	0.579063	0.201676	0.047306	2.140000
386	0.588283	0.022433	0.177889	2.140000
387	0.574253	0.171176	-0.138409	2.140000
388	0.593202	0.061345	-0.150246	2.140000
389	0.602795	0.105442	0.061200	2.140000
390	0.581938	0.141524	0.139798	2.140000
391	0.608135	-0.026572	0.087699	2.140000
392	0.595171	-0.107691	-0.111351	2.140000
393	0.599647	-0.026237	-0.134013	2.140000
394	0.604994	-0.098456	-0.050138	2.140000
395	0.600249	-0.044914	-0.126131	2.140000
396	0.599604	0.020620	-0.135187	2.140000
397	0.599486	0.134077	-0.029407	2.140000
398	0.525375	0.276740	0.160066	2.140000
399	0.582243	0.194501	0.037249	2.140000
400	0.591691	-0.134740	-0.099860	2.140000
401	0.539394	0.217956	-0.199434	2.140000
402	0.568299	-0.092728	-0.216015	2.140000
403	0.610443	-0.067620	-0.031817	2.140000
404	0.587301	-0.171456	0.062496	2.140000
405	0.598445	0.130513	-0.055267	2.140000
406	0.608687	0.012747	-0.086967	2.140000
407	0.598161	-0.079048	-0.119078	2.140000
408	0.600568	-0.061380	0.117369	2.140000
409	0.569170	0.080964	-0.218438	2.140000
410	0.563430	-0.245666	0.020480	2.140000
411	0.557510	-0.219260	0.139041	2.140000
412	0.598046	-0.143200	-0.007764	2.140000
413	0.557548	-0.250138	0.069253	2.140000
414	0.607574	0.046914	-0.082935	2.140000
415	0.582765	-0.156195	-0.119218	2.140000
416	0.588707	-0.011726	-0.177515	2.140000
417	0.607714	-0.088686	-0.032299	2.140000
418	0.568237	0.040509	0.231712	2.140000
419	0.579089	-0.063434	-0.197122	2.140000
420	0.588114	-0.146201	0.104748	2.140000
421	0.517574	-0.221769	0.247307	2.140000
422	0.609708	-0.080497	0.000990	2.140000
423	0.612043	-0.058722	0.013425	2.140000
424	0.554784	0.254786	-0.074318	2.140000
425	0.614109	-0.026763	0.019470	2.140000
426	0.509768	-0.155810	-0.306732	2.140000
427	0.571625	0.060930	-0.218534	2.140000
428	0.493016	0.346473	0.122952	2.140000
429	0.570257	0.185708	-0.136179	2.140000
430	0.572228	0.220293	-0.047439	2.140000
431	0.590415	-0.058321	-0.161968	2.140000
432	0.505290	-0.309249	0.165144	2.140000
433	0.596760	-0.102958	-0.107249	2.140000
434	0.608158	-0.068873	-0.060213	2.140000
435	0.598013	0.049782	-0.134637	2.140000
436	0.614314	-0.008992	0.027623	2.140000
437	0.596898	0.082639	-0.122917	2.140000
438	0.578487	0.194185	-0.076614	2.140000
439	0.600007	-0.023595	-0.132888	2.140000
440	0.581762	-0.067791	-0.187571	2.140000
441	0.607955	-0.004585	-0.092709	2.140000
442	0.598291	-0.029509	-0.139291	2.140000
443	0.449474	-0.413409	0.072740	2.140000
444	0.584835	-0.113045	-0.153017	2.140000
445	0.604642	0.006034	-0.112235	2.140000
446	0.583013	0.173700	-0.090276	2.140000
447	0.604438	0.061770	0.095205	2.140000
448	0.614091	-0.029275	0.016134	2.140000
449	0.602859	0.108815	-0.054271	2.140000
450	0.589785	0.124647	-0.121828	2.140000
451	0.587498	-0.139700	-0.116429	2.140000
452	0.608990	-0.077575	0.036585	2.140000
453	0.603749	-0.040868	0.109737	2.140000
454	0.610608	-0.054739	0.048855	2.140000
455	0.608611	0.044657	0.076314	2.140000
456	0.579919	0.204710	-0.003609	2.140000
457	0.595125	-0.064613	0.140986	2.140000
458	0.607937	0.028502	0.088459	2.140000
459	0.590360	0.171160	-0.020111	2.140000
460	0.612563	0.024388	-0.048958	2.140000
461	0.533824	0.058794	0.299666	2.140000
462	0.582053	-0.169040	0.104235	2.140000
463	0.598451	0.084807	0.113530	2.140000
464	0.538836	-0.291690	0.052894	2.140000
465	0.613741	-0.016100	-0.035883	2.140000
466	0.554477	-0.054215	0.260463	2.140000
467	0.603839	0.030052	-0.112698	2.140000
468	0.603750	-0.083154	0.082441	2.140000
469	0.609768	0.016023	0.078432	2.140000
470	0.605210	0.105433	0.028801	2.140000
471	0.598399	0.138152	-0.032525	2.140000
472	0.603280	0.030280	0.115594	2.140000
473	0.605856	-0.098564	0.038057	2.140000
474	0.589330	-0.005172	0.175752	2.140000
475	0.611192	-0.059837	0.033007	2.140000
476	0.601294	0.020622	-0.127456	2.140000
477	0.609262	0.002526	-0.083776	2.140000
478	0.606583	0.045622	-0.090558	2.140000
479	0.600871	0.014257	-0.130291	2.140000
480	0.601141	-0.089157	-0.094368	2.140000
481	0.564600	0.142401	0.197924	2.140000
482	0.595694	-0.079550	-0.130559	2.140000
483	0.595055	0.145713	0.053877	2.140000
484	0.604851	-0.105083	0.036581	2.140000
485	0.607116	-0.069824	0.068993	2.140000
486	0.601962	-0.048221	0.116370	2.140000
487	0.602025	-0.088920	-0.088795	2.140000
488	0.530037	-0.311711	0.011038	2.140000
489	0.606396	-0.083188	0.059909	2.140000
490	0.567586	-0.229620	-0.057837	2.140000
491	0.575666	0.177495	0.123812	2.140000
492	0.612986	-0.019263	-0.045849	2.140000
493	0.598946	0.132186	0.044893	2.140000
494	0.608412	-0.059614	-0.067124	2.140000
495	0.606891	0.022406	-0.096984	2.140000
496	0.594377	-0.155212	0.029165	2.140000
497	0.556941	-0.255816	0.050994	2.140000
498	0.583709	0.053343	0.186181	2.140000
499	0.553954	0.014808	-0.266723	2.140000
500	0.590690	0.155987	-0.070560	2.140000
501	0.585606	0.176876	0.063286	2.140000
502	0.591674	-0.049035	0.160444	2.140000
503	0.576468	0.065015	0.204164	2.140000
504	0.609871	-0.077018	-0.018734	2.140000
505	0.577406	-0.033793	-0.209010	2.140000
506	0.529117	-0.310245	0.044811	2.140000
507	0.612025	-0.011245	-0.059362	2.140000
508	0.569552	-0.167542	0.160515	2.140000
509	0.593705	-0.137498	-0.082665	2.140000
510	0.609576	0.014465	-0.080207	2.140000
511	0.607038	0.046336	0.087082	2.140000
512	0.612267	0.026304	-0.051599	2.140000
513	0.603498	0.075151	0.091476	2.140000
514	0.606454	0.007952	-0.101862	2.140000
515	0.599065	-0.134758	0.034448	2.140000
516	0.608353	-0.067605	0.059679	2.140000
517	0.606614	0.046704	-0.089798	2.140000
518	0.588169	-0.110246	0.141873	2.140000
519	0.607427	0.048343	0.083190	2.140000
520	0.585635	-0.033296	-0.184791	2.140000
521	0.591532	-0.077403	-0.149409	2.140000
522	0.611366	-0.040287	-0.053231	2.140000
523	0.607920	-0.086768	0.033600	2.140000
524	0.558808	0.193292	-0.169106	2.140000
525	0.601046	-0.078568	0.103903	2.140000
526	0.613918	0.008902	0.035366	2.140000
527	0.530494	-0.235179	0.203695	2.140000
528	0.612841	-0.044121	-0.026542	2.140000
529	0.601429	-0.112032	-0.062900	2.140000
530	0.608403	0.084358	0.030897	2.140000
531	0.603187	-0.059196	-0.104339	2.140000
532	0.577865	0.011055	-0.210177	2.140000
533	0.592586	0.017068	0.163634	2.140000
534	0.535573	0.254145	0.163700	2.140000
535	0.553513	-0.243448	0.112167	2.140000
536	0.594087	-0.004981	-0.158938	2.140000
537	0.595297	-0.149313	0.039393	2.140000
538	0.602102	-0.093472	-0.083431	2.140000
539	0.592337	-0.164039	-0.021288	2.140000
540	0.603396	0.106896	-0.052070	2.140000
541	0.594377	-0.005221	-0.157840	2.140000
542	0.583988	-0.147790	-0.123860	2.140000
543	0.597169	0.028190	-0.144289	2.140000
544	0.580276	0.181919	-0.091705	2.140000
545	0.600570	0.107974	-0.076696	2.140000
546	0.596531	0.143680	-0.041614	2.140000
547	0.594243	-0.147976	-0.056595	2.140000
548	0.578067	-0.181753	0.105020	2.140000
549	0.601213	0.101305	-0.080653	2.140000
550	0.614032	-0.016115	-0.030493	2.140000
551	0.599538	0.136205	0.015079	2.140000
552	0.610317	-0.051163	0.055866	2.140000
553	0.609895	-0.012087	-0.078148	2.140000
554	0.614634	-0.020637	0.004864	2.140000
555	0.602281	0.065004	-0.106099	2.140000
556	0.559669	0.068554	-0.245552	2.140000
557	0.610779	-0.056231	-0.044858	2.140000
558	0.573428	-0.006616	-0.222174	2.140000
559	0.612546	-0.043930	-0.032901	2.140000
560	0.605882	0.105298	0.006695	2.140000
561	0.608330	-0.065624	0.062077	2.140000
562	0.548953	0.164101	0.223487	2.140000
563	0.611713	0.054374	-0.032798	2.140000
564	0.595741	0.149725	-0.029993	2.140000
565	0.592555	0.068726	-0.149600	2.140000
566	0.604492	0.032128	0.108546	2.140000
567	0.608788	-0.084249	-0.022468	2.140000
568	0.607668	-0.027612	0.090567	2.140000
569	0.614255	0.030214	0.001689	2.140000
570	0.594530	-0.144995	0.061118	2.140000
571	0.569639	-0.131177	0.191126	2.140000
572	0.580864	0.156841	-0.127368	2.140000
573	0.565983	-0.043060	0.236715	2.140000
574	0.610148	-0.075340	-0.016365	2.140000
575	0.591476	0.094398	0.139536	2.140000
576	0.560906	-0.113755	0.225099	2.140000
577	0.588016	-0.035645	0.176611	2.140000
578	0.605940	-0.103397	0.019248	2.140000
579	0.593842	-0.155747	-0.036318	2.140000
580	0.609163	0.080220	-0.026653	2.140000
581	0.614443	-0.023937	0.010573	2.140000
582	0.594355	0.036008	0.153851	2.140000
583	0.598241	0.011004	0.142169	2.140000
584	0.610187	0.056089	0.052452	2.140000
585	0.611991	-0.032121	0.051576	2.140000
586	0.606006	0.089575	0.054386	2.140000
587	0.583508	-0.109826	-0.160255	2.140000
588	0.596063	0.017321	0.150444	2.140000
589	0.613952	-0.013124	0.033402	2.140000
590	0.601409	-0.120869	0.043850	2.140000
591	0.585058	0.112865	-0.152296	2.140000
592	0.597634	0.115869	-0.087367	2.140000
593	0.560622	-0.001943	0.252833	2.140000
594	0.596433	0.116072	0.094971	2.140000
595	0.578441	-0.208277	0.015844	2.140000
596	0.612494	0.054694	0.009219	2.140000
597	0.576031	-0.037635	0.212125	2.140000
598	0.612669	0.019663	-0.049745	2.140000
599	0.585114	0.189350	-0.003647	2.140000
600	0.598990	0.003756	-0.139363	2.140000
601	0.590436	0.069348	0.157484	2.140000
602	0.609011	-0.032806	0.079082	2.140000
603	0.614550	-0.014018	0.018884	2.140000
604	0.609964	-0.046605	0.063225	2.140000
605	0.603628	0.038952	-0.111089	2.140000
606	0.601941	-0.126032	-0.002744	2.140000
607	0.585296	-0.108185	0.154755	2.140000
608	0.610677	0.072707	0.003498	2.140000
609	0.572742	-0.134724	-0.178998	2.140000
610	0.585237	0.149935	0.115077	2.140000
611	0.605537	-0.009827	-0.107019	2.140000
612	0.612909	-0.049965	0.008401	2.140000
613	0.602009	-0.101523	-0.074185	2.140000
614	0.613798	0.037411	0.008775	2.140000
615	0.607294	0.051921	-0.081997	2.140000
616	0.612769	-0.046082	0.024803	2.140000
617	0.611319	0.066952	-0.005556	2.140000
618	0.612318	-0.057305	-0.002759	2.140000
619	0.601143	-0.127413	0.024864	2.140000
620	0.595770	0.015120	-0.151836	2.140000
621	0.574260	-0.030871	0.217940	2.140000
622	0.591673	-0.119407	-0.117857	2.140000
623	0.584184	-0.006419	-0.192129	2.140000
624	0.613818	-0.006676	-0.037526	2.140000
625	0.589379	-0.128830	0.119414	2.140000
626	0.577505	-0.158301	0.140192	2.140000
627	0.613054	-0.019775	-0.044711	2.140000
628	0.597813	0.058760	-0.131877	2.140000
629	0.596447	-0.068898	0.133150	2.140000
630	0.599971	0.037791	-0.129737	2.140000
631	0.576437	-0.210645	-0.039679	2.140000
632	0.607887	-0.071335	0.060080	2.140000
633	0.610176	0.043913	0.063099	2.140000
634	0.584123	-0.139891	0.132119	2.140000
635	0.585331	-0.128099	0.138575	2.140000
636	0.612553	-0.022887	-0.049803	2.140000
637	0.589193	-0.174584	-0.024431	2.140000
638	0.602689	-0.061256	-0.106010	2.140000
639	0.612363	-0.028125	-0.049457	2.140000
640	0.555956	-0.011925	-0.262671	2.140000
641	0.589332	0.074309	-0.159343	2.140000
642	0.563143	0.055422	0.240880	2.140000
643	0.586985	-0.012056	0.183107	2.140000
644	0.596995	0.076668	-0.126272	2.140000
645	0.557816	-0.221996	-0.133356	2.140000
646	0.613693	-0.005612	-0.039675	2.140000
647	0.611066	-0.012911	0.068239	2.140000
648	0.607426	-0.047404	-0.083733	2.140000
649	0.607108	0.089088	0.041322	2.140000
650	0.541266	0.290411	0.030286	2.140000
651	0.588313	0.023660	-0.177633	2.140000
652	0.596572	-0.079183	-0.126717	2.140000
653	0.526528	0.088692	-0.305168	2.140000
654	0.581598	-0.113928	-0.164284	2.140000
655	0.605124	-0.101659	0.041415	2.140000
656	0.608118	-0.033447	-0.085436	2.140000
657	0.569304	0.096564	-0.211645	2.140000
658	0.577403	-0.049857	0.205779	2.140000
659	0.602610	0.100888	-0.070059	2.140000
660	0.613497	-0.006192	-0.042517	2.140000
661	0.609385	0.062248	0.054778	2.140000
662	0.601768	0.089779	-0.089667	2.140000
663	0.551426	0.252268	-0.102546	2.140000
664	0.591199	0.169302	0.006707	2.140000
665	0.576867	-0.184993	0.105956	2.140000
666	0.533078	-0.291491	0.095322	2.140000
667	0.607601	-0.066058	-0.068431	2.140000
668	0.583509	-0.103370	-0.164490	2.140000
669	0.613003	-0.039427	0.029958	2.140000
670	0.610555	0.015075	0.072253	2.140000
671	0.605163	0.086975	0.066620	2.140000
672	0.608584	-0.006499	0.088363	2.140000
673	0.607402	-0.058601	-0.076511	2.140000
674	0.500194	-0.007618	0.357733	2.140000
675	0.595027	-0.097814	0.120833	2.140000
676	0.529460	-0.145203	0.277152	2.140000
677	0.563493	-0.221576	0.107724	2.140000
678	0.608668	0.071508	0.051331	2.140000
679	0.611490	-0.047231	-0.045541	2.140000
680	0.576868	0.170002	-0.128639	2.140000
681	0.608326	-0.062268	0.065476	2.140000
682	0.490211	-0.196604	-0.315064	2.140000
683	0.574571	0.085441	0.201974	2.140000
684	0.534610	0.027512	0.302754	2.140000
685	0.582825	0.048830	0.190145	2.140000
686	0.610238	0.072648	-0.023601	2.140000
687	0.611818	0.000194	0.062480	2.140000
688	0.612367	0.022431	0.052238	2.140000
689	0.585606	-0.135493	-0.130126	2.140000
690	0.568016	0.151612	0.180545	2.140000
691	0.584061	-0.181906	-0.063306	2.140000
692	0.553714	-0.139241	-0.228556	2.140000
693	0.534907	0.252189	0.168819	2.140000
694	0.613277	0.041913	-0.018978	2.140000
695	0.581741	-0.197786	0.026128	2.140000
696	0.611085	0.014999	-0.067644	2.140000
697	0.527798	-0.312017	-0.047953	2.140000
698	0.601468	-0.120878	-0.043016	2.140000
699	0.576226	-0.109757	0.184774	2.140000
700	0.612808	-0.044141	-0.027253	2.140000
701	0.552255	-0.192531	0.190188	2.140000
702	0.597173	-0.105642	-0.102223	2.140000
703	0.596773	0.038432	0.143561	2.140000
704	0.592376	0.143003	-0.082857	2.140000
705	0.592903	-0.009865	0.163077	2.140000
706	0.611688	-0.030835	0.055790	2.140000
707	0.612650	0.053022	0.008575	2.140000
708	0.613010	0.010609	0.048283	2.140000
709	0.600004	0.071118	-0.114728	2.140000
710	0.574631	-0.021140	-0.218123	2.140000
711	0.537599	-0.292609	-0.059936	2.140000
712	0.607099	-0.098178	0.004103	2.140000
713	0.596309	-0.145289	0.039143	2.140000
714	0.561214	-0.081290	-0.238024	2.140000
715	0.613548	0.039654	-0.014537	2.140000
716	0.603733	-0.077373	-0.088004	2.140000
717	0.592824	-0.105467	0.125145	2.140000
718	0.519244	0.009169	-0.329433	2.140000
719	0.593224	-0.097813	-0.129395	2.140000
720	0.538542	-0.285626	-0.081337	2.140000
721	0.613032	-0.049044	0.003362	2.140000
722	0.603110	0.109066	0.050873	2.140000
723	0.605109	0.003660	-0.109793	2.140000
724	0.578606	-0.012837	-0.208026	2.140000
725	0.600918	0.096053	0.088859	2.140000
726	0.584225	-0.161765	-0.103625	2.140000
727	0.611470	0.054638	0.036655	2.140000
728	0.598593	-0.139753	0.019519	2.140000
729	0.611844	-0.061963	-0.005655	2.140000
730	0.598300	-0.065945	-0.126146	2.140000
731	0.589824	0.083201	0.153004	2.140000
732	0.610258	0.055001	0.052771	2.140000
733	0.549760	0.007190	-0.275568	2.140000
734	0.590772	-0.166965	-0.036554	2.140000
735	0.552076	0.221434	0.156217	2.140000
736	0.614905	-0.002922	0.010417	2.140000
737	0.406172	0.213591	0.409425	2.140000
738	0.586781	0.020853	0.182972	2.140000
739	0.595541	-0.151208	-0.026309	2.140000
740	0.586463	-0.051390	-0.177891	2.140000
741	0.576655	-0.045065	0.208956	2.140000
742	0.609770	0.059360	-0.053682	2.140000
743	0.597512	-0.012477	0.145084	2.140000
744	0.599333	-0.110733	-0.082239	2.140000
745	0.612478	0.053729	0.014435	2.140000
746	0.614565	0.011657	0.019965	2.140000
747	0.579562	-0.139539	-0.151202	2.140000
748	0.458018	0.155478	-0.379831	2.140000
749	0.540479	0.292675	0.021189	2.140000
750	0.572441	0.218271	-0.053798	2.140000
751	0.547936	-0.271065	-0.067194	2.140000
752	0.579726	-0.178772	0.100912	2.140000
753	0.580339	0.119408	-0.164844	2.140000
754	0.577043	0.149716	-0.151102	2.140000
755	0.614082	-0.024550	0.022920	2.140000
756	0.611768	0.062051	0.010717	2.140000
757	0.567366	0.237110	0.009963	2.140000
758	0.558483	0.196766	0.166146	2.140000
759	0.589133	0.126572	-0.122991	2.140000
760	0.601643	-0.086445	-0.093691	2.140000
761	0.606269	-0.098980	0.029426	2.140000
762	0.588836	-0.177415	0.004536	2.140000
763	0.613343	0.029082	0.034488	2.140000
764	0.591712	-0.141207	0.090350	2.140000
765	0.547070	0.230047	-0.161300	2.140000
766	0.569394	-0.221013	-0.071892	2.140000
767	0.549720	-0.119659	-0.248425	2.140000
768	0.599983	0.131980	-0.028758	2.140000
769	0.604957	0.099862	-0.047740	2.140000
770	0.592607	-0.003104	0.164416	2.140000
771	0.567767	-0.235512	0.019995	2.140000
772	0.598941	-0.134487	-0.037529	2.140000
773	0.607640	-0.031521	0.089468	2.140000
774	0.567767	0.043490	0.232323	2.140000
775	0.606523	0.096962	0.030882	2.140000
776	0.574542	0.169496	0.139275	2.140000
777	0.604316	-0.082700	-0.078667	2.140000
778	0.612738	0.027339	0.045059	2.140000
779	0.600704	-0.128276	0.030410	2.140000
780	0.530481	-0.306422	0.054046	2.140000
781	0.609116	-0.082205	-0.021081	2.140000
782	0.568912	0.043757	0.229454	2.140000
783	0.599916	-0.128454	0.042720	2.140000
784	0.610072	-0.073140	0.026230	2.140000
785	0.563868	-0.234441	0.072906	2.140000
786	0.606384	0.001831	0.102570	2.140000
787	0.574692	-0.103255	0.193113	2.140000
788	0.604743	-0.095931	-0.057513	2.140000
789	0.613775	0.028877	0.025916	2.140000
790	0.574184	-0.046186	0.215418	2.140000
791	0.605691	0.105912	-0.012086	2.140000
792	0.603039	0.120644	-0.003669	2.140000
793	0.602932	-0.121012	-0.007338	2.140000
794	0.583944	-0.173017	0.085434	2.140000
795	0.540778	0.274978	0.100850	2.140000
796	0.606474	-0.098928	-0.025053	2.140000
797	0.577410	0.057263	0.203822	2.140000
798	0.613857	0.006848	0.036850	2.140000
799	0.613708	0.030202	-0.025982	2.140000
800	0.602822	0.119662	0.022614	2.140000
801	0.593323	-0.121784	0.106588	2.140000
802	0.539441	-0.265408	-0.129565	2.140000
803	0.593006	-0.039088	0.158243	2.140000
804	0.612117	-0.058133	-0.012598	2.140000
805	0.582729	0.119597	0.156039	2.140000
806	0.590960	-0.143101	-0.092267	2.140000
807	0.573111	-0.084208	-0.206585	2.140000
808	0.592692	0.156840	0.048398	2.140000
809	0.554455	-0.174547	-0.200842	2.140000
810	0.599278	-0.138019	0.006472	2.140000
811	0.578744	-0.114929	0.173414	2.140000
812	0.594849	0.147726	0.050563	2.140000
813	0.594196	0.114273	0.109988	2.140000
814	0.613366	0.025150	-0.037081	2.140000
815	0.614827	-0.014259	0.003052	2.140000
816	0.609604	0.068338	0.044029	2.140000
817	0.600661	-0.111336	-0.070963	2.140000
818	0.605094	0.092457	-0.059476	2.140000
819	0.608283	-0.090063	-0.010257	2.140000
820	0.570475	-0.181267	-0.141159	2.140000
821	0.581471	-0.141362	-0.141892	2.140000
822	0.609443	0.058755	-0.057892	2.140000
823	0.578353	0.208959	-0.008269	2.140000
824	0.607476	0.012204	-0.095126	2.140000
825	0.603908	-0.062095	-0.098310	2.140000
826	0.503699	-0.302074	-0.182381	2.140000
827	0.590906	-0.147124	0.086076	2.140000
828	0.613419	0.041195	-0.015658	2.140000
829	0.600013	-0.134358	-0.012523	2.140000
830	0.600773	-0.089035	-0.096797	2.140000
831	0.575835	0.086969	-0.197676	2.140000
832	0.610027	0.066182	-0.041377	2.140000
833	0.579674	-0.204629	0.018156	2.140000
834	0.600886	-0.042569	0.123890	2.140000
835	0.609864	-0.060746	-0.051001	2.140000
836	0.587270	-0.085927	0.161105	2.140000
837	0.608704	0.087769	-0.001136	2.140000
838	0.608227	0.086170	-0.029314	2.140000
839	0.596045	-0.021555	-0.149969	2.140000
840	0.569733	-0.139504	-0.184846	2.140000
841	0.608063	0.015065	0.090873	2.140000
842	0.609069	0.083437	-0.017263	2.140000
843	0.613238	0.040104	0.023572	2.140000
844	0.591290	-0.163539	-0.043087	2.140000
845	0.584210	0.067719	-0.179827	2.140000
846	0.589145	-0.122367	0.127121	2.140000
847	0.602136	-0.063548	-0.107792	2.140000
848	0.600813	0.024832	-0.128965	2.140000
849	0.597468	-0.120186	-0.082537	2.140000
850	0.610033	0.041989	-0.065738	2.140000
