1	-0.526446	-0.103692	-0.300546	-0.850000
2	-0.574927	-0.196927	-0.094361	-0.850000
3	-0.605048	0.038747	-0.103155	-0.850000
4	-0.610733	-0.054993	0.046964	-0.850000
5	-0.584530	-0.164438	-0.097518	-0.850000
6	-0.557787	-0.133265	-0.222123	-0.850000
7	-0.606447	0.032635	-0.096858	-0.850000
8	-0.577931	0.076021	0.196066	-0.850000
9	-0.434150	0.355085	-0.252296	-0.850000
10	-0.570560	-0.040713	0.225897	-0.850000
11	-0.556538	-0.235870	-0.113386	-0.850000
12	-0.562785	0.086420	0.232443	-0.850000
13	-0.578402	-0.200008	0.060606	-0.850000
14	-0.591324	0.022272	0.167527	-0.850000
15	-0.587664	0.176300	0.042355	-0.850000
16	-0.611096	-0.038531	0.057461	-0.850000
17	-0.604395	0.049837	-0.102215	-0.850000
18	-0.605210	0.108885	-0.009460	-0.850000
19	-0.593578	0.053409	0.151781	-0.850000
20	-0.613262	-0.027441	-0.037177	-0.850000
21	-0.594438	0.135375	0.080882	-0.850000
22	-0.597629	-0.003263	0.145102	-0.850000
23	-0.611197	-0.044898	-0.051454	-0.850000
24	-0.610762	0.040340	-0.059731	-0.850000
25	-0.614784	-0.013088	0.009702	-0.850000
26	-0.593994	0.158758	0.013848	-0.850000
27	-0.601297	-0.121681	0.043135	-0.850000
28	-0.590113	0.171356	0.025080	-0.850000
29	-0.610807	0.045677	-0.055261	-0.850000
30	-0.570220	0.214613	0.083755	-0.850000
31	-0.594878	-0.053069	0.146728	-0.850000
32	-0.606933	-0.088875	0.044256	-0.850000
33	-0.575659	-0.015306	-0.215887	-0.850000
34	-0.598094	-0.100956	-0.101567	-0.850000
35	-0.594851	0.109889	0.110911	-0.850000
36	-0.603218	0.088151	0.081134	-0.850000
37	-0.425858	0.331383	-0.295052	-0.850000
38	-0.612314	0.032975	-0.046997	-0.850000
39	-0.590692	0.171187	0.001722	-0.850000
40	-0.527476	-0.313772	-0.039259	-0.850000
41	-0.593362	-0.095520	0.130470	-0.850000
42	-0.613617	-0.033415	0.024134	-0.850000
43	-0.577053	0.037015	-0.209439	-0.850000
44	-0.597341	0.104395	-0.102520	-0.850000
45	-0.608499	0.012398	0.088320	-0.850000
46	-0.600992	0.094119	-0.090418	-0.850000
47	-0.613278	0.043367	-0.015297	-0.850000
48	-0.610573	0.000036	-0.073655	-0.850000
49	-0.544956	-0.160153	0.235794	-0.850000
50	-0.455064	0.393785	0.126788	-0.850000
51	-0.611401	-0.064655	-0.015300	-0.850000
52	-0.600221	0.132306	0.021318	-0.850000
53	-0.608765	0.042397	0.076376	-0.850000
54	-0.598849	0.024294	0.137896	-0.850000
55	-0.605967	-0.054195	-0.089957	-0.850000
56	-0.579244	-0.115571	-0.171302	-0.850000
57	-0.614583	0.001471	0.022599	-0.850000
58	-0.603909	0.101474	-0.056768	-0.850000
59	-0.605365	-0.035476	-0.102469	-0.850000
60	-0.592164	0.118934	0.115850	-0.850000
61	-0.561774	0.246954	-0.040600	-0.850000
62	-0.598775	-0.024423	-0.138193	-0.850000
63	-0.568523	0.060544	-0.226587	-0.850000
64	-0.585446	-0.137689	-0.128530	-0.850000
65	-0.600104	-0.126940	0.044571	-0.850000
66	-0.567453	-0.023693	-0.235926	-0.850000
67	-0.574074	-0.212859	0.057921	-0.850000
68	-0.614058	-0.034029	-0.000039	-0.850000
69	-0.598829	0.106181	0.091404	-0.850000
70	-0.542074	0.183516	0.225174	-0.850000
71	-0.486573	0.219168	-0.305674	-0.850000
72	-0.606823	-0.042805	-0.090327	-0.850000
73	-0.608030	-0.087226	-0.030277	-0.850000
74	-0.571237	0.050125	0.222263	-0.850000
75	-0.524065	-0.167198	-0.275001	-0.850000
76	-0.611495	-0.030131	-0.058234	-0.850000
77	-0.592383	0.157400	-0.050330	-0.850000
78	-0.596586	-0.070339	0.131768	-0.850000
79	-0.507708	0.343803	0.047506	-0.850000
80	-0.610234	0.016363	-0.074641	-0.850000
81	-0.490205	-0.190979	-0.318513	-0.850000
82	-0.610846	0.018141	-0.069014	-0.850000
83	-0.614502	-0.019154	0.015647	-0.850000
84	-0.582038	-0.124227	-0.154998	-0.850000
85	-0.580734	0.075732	0.187718	-0.850000
86	-0.607790	0.093586	0.007643	-0.850000
87	-0.606776	-0.082002	0.057652	-0.850000
88	-0.602029	0.124789	-0.014610	-0.850000
89	-0.581426	-0.133629	-0.149373	-0.850000
90	-0.565043	0.173845	-0.169498	-0.850000
91	-0.595252	-0.147953	0.044831	-0.850000
92	-0.601598	-0.032574	-0.123467	-0.850000
93	-0.610759	-0.007572	-0.071701	-0.850000
94	-0.474616	0.391104	-0.001310	-0.850000
95	-0.602437	0.063127	0.106346	-0.850000
96	-0.542758	-0.128083	0.259294	-0.850000
97	-0.516621	0.315081	0.109781	-0.850000
98	-0.560351	0.200008	0.155655	-0.850000
99	-0.548245	0.162987	0.226026	-0.850000
100	-0.596009	-0.129028	0.079685	-0.850000
101	-0.595902	0.146221	0.041777	-0.850000
102	-0.614086	0.001777	0.033461	-0.850000
103	-0.601423	0.036638	-0.123180	-0.850000
104	-0.597757	0.144439	-0.006968	-0.850000
105	-0.614723	-0.005544	0.017588	-0.850000
106	-0.581853	-0.006465	0.199073	-0.850000
107	-0.591886	-0.065280	0.153735	-0.850000
108	-0.578131	-0.164586	0.130006	-0.850000
109	-0.556161	-0.244594	-0.095307	-0.850000
110	-0.551482	-0.129599	-0.239368	-0.850000
111	-0.612690	0.027662	0.045508	-0.850000
112	-0.593050	-0.161991	0.016597	-0.850000
113	-0.561882	0.249342	0.018498	-0.850000
114	-0.558320	0.204201	0.157497	-0.850000
115	-0.530155	-0.203516	0.236096	-0.850000
116	-0.580088	-0.203568	-0.016837	-0.850000
117	-0.591535	0.002740	-0.168239	-0.850000
118	-0.545187	0.151468	-0.240942	-0.850000
119	-0.609306	-0.048841	-0.067722	-0.850000
120	-0.580726	-0.078615	0.186553	-0.850000
121	-0.584563	-0.034494	0.187941	-0.850000
122	-0.575536	0.206704	0.065246	-0.850000
123	-0.594442	0.047236	0.150442	-0.850000
124	-0.600728	-0.130261	-0.019562	-0.850000
125	-0.551948	0.157991	-0.220492	-0.850000
126	-0.553713	0.145239	0.224794	-0.850000
127	-0.450469	-0.417141	-0.036003	-0.850000
128	-0.610370	-0.070374	-0.026850	-0.850000
129	-0.608802	-0.067367	0.055197	-0.850000
130	-0.610029	0.051740	-0.058422	-0.850000
131	-0.580160	-0.201765	0.030493	-0.850000
132	-0.610375	0.037635	0.065202	-0.850000
133	-0.606056	0.104268	0.006997	-0.850000
134	-0.609005	-0.020571	-0.083156	-0.850000
135	-0.586274	0.184901	-0.017861	-0.850000
136	-0.600435	0.095172	0.092977	-0.850000
137	-0.600204	0.039176	0.128242	-0.850000
138	-0.585802	-0.183794	-0.035790	-0.850000
139	-0.573797	0.189706	-0.113989	-0.850000
140	-0.565251	-0.111703	0.215032	-0.850000
141	-0.611615	0.029176	0.057453	-0.850000
142	-0.574510	0.153850	-0.156504	-0.850000
143	-0.611706	0.061199	0.017179	-0.850000
144	-0.612590	-0.053840	0.007733	-0.850000
145	-0.552497	-0.267229	-0.039505	-0.850000
146	-0.588294	0.149063	0.099574	-0.850000
147	-0.574467	-0.024995	-0.218147	-0.850000
148	-0.596817	-0.101483	0.108330	-0.850000
149	-0.611440	0.015805	0.064161	-0.850000
150	-0.592262	0.053904	0.156669	-0.850000
151	-0.589612	-0.169556	0.042816	-0.850000
152	-0.608536	-0.087998	0.012875	-0.850000
153	-0.580967	0.018014	0.200943	-0.850000
154	-0.611081	-0.059027	-0.036335	-0.850000
155	-0.583786	-0.183205	0.062087	-0.850000
156	-0.593590	0.153526	-0.048018	-0.850000
157	-0.571604	0.160905	0.160010	-0.850000
158	-0.614470	-0.010091	-0.023444	-0.850000
159	-0.612976	-0.041730	-0.027266	-0.850000
160	-0.580383	0.010784	0.203137	-0.850000
161	-0.603569	-0.117969	-0.003477	-0.850000
162	-0.614798	-0.013644	0.007897	-0.850000
163	-0.611973	-0.038853	-0.046947	-0.850000
164	-0.572687	-0.034990	0.221428	-0.850000
165	-0.581373	0.093730	-0.177329	-0.850000
166	-0.603820	-0.085188	-0.079808	-0.850000
167	-0.599514	-0.125032	0.056350	-0.850000
168	-0.593467	-0.061745	-0.149030	-0.850000
169	-0.537532	0.193684	-0.227532	-0.850000
170	-0.603364	0.118978	0.004665	-0.850000
171	-0.587061	0.074253	0.167545	-0.850000
172	-0.578068	0.177089	0.112703	-0.850000
173	-0.558033	0.172725	-0.192329	-0.850000
174	-0.608525	-0.056731	0.068585	-0.850000
175	-0.599141	0.112304	0.081500	-0.850000
176	-0.613721	-0.006817	-0.039044	-0.850000
177	-0.586831	0.157537	0.095060	-0.850000
178	-0.585709	-0.040375	0.183140	-0.850000
179	-0.601392	0.009824	0.128282	-0.850000
180	-0.554618	0.257015	0.067584	-0.850000
181	-0.596757	0.057736	-0.137015	-0.850000
182	-0.609626	-0.081076	0.002710	-0.850000
183	-0.584111	-0.192452	-0.001188	-0.850000
184	-0.604555	-0.111385	0.018220	-0.850000
185	-0.557060	0.074296	0.249779	-0.850000
186	-0.607744	-0.092032	-0.020073	-0.850000
187	-0.604165	-0.054270	0.101314	-0.850000
188	-0.596663	0.025470	-0.146865	-0.850000
189	-0.610734	0.044775	-0.056785	-0.850000
190	-0.516913	-0.323599	-0.079432	-0.850000
191	-0.608462	-0.012630	0.088544	-0.850000
192	-0.613146	-0.046996	0.008234	-0.850000
193	-0.507632	0.305792	0.164394	-0.850000
194	-0.598585	-0.127778	-0.059952	-0.850000
195	-0.606716	0.086268	-0.051757	-0.850000
196	-0.592428	0.134414	-0.095847	-0.850000
197	-0.510428	0.295611	-0.174076	-0.850000
198	-0.591764	-0.012473	-0.166988	-0.850000
199	-0.614862	-0.005030	0.012009	-0.850000
200	-0.603077	0.110565	0.047940	-0.850000
201	-0.561185	0.211821	-0.135751	-0.850000
202	-0.609455	-0.076866	-0.029679	-0.850000
203	-0.606894	-0.071031	-0.069709	-0.850000
204	-0.528631	0.098928	0.298307	-0.850000
205	-0.592294	0.057743	0.155173	-0.850000
206	-0.589753	-0.042558	-0.169131	-0.850000
207	-0.576199	0.116737	-0.180532	-0.850000
208	-0.602204	-0.095799	-0.079988	-0.850000
209	-0.585106	0.109505	-0.154546	-0.850000
210	-0.511559	0.186949	0.285626	-0.850000
211	-0.514287	-0.054950	0.332738	-0.850000
212	-0.613332	0.000395	-0.045267	-0.850000
213	-0.566515	-0.021865	0.238343	-0.850000
214	-0.571822	-0.225594	0.018761	-0.850000
215	-0.597180	0.101363	0.106429	-0.850000
216	-0.584184	-0.102397	0.162695	-0.850000
217	-0.606761	0.001984	-0.100311	-0.850000
218	-0.607377	-0.059719	-0.075839	-0.850000
219	-0.607061	0.010352	0.097954	-0.850000
220	-0.614649	0.020443	-0.003658	-0.850000
221	-0.613481	0.041030	-0.013497	-0.850000
222	-0.588775	0.161497	-0.074075	-0.850000
223	-0.607812	-0.058664	0.073128	-0.850000
224	-0.611947	0.017700	-0.058590	-0.850000
225	-0.602184	-0.051219	0.113914	-0.850000
226	-0.588172	-0.138838	-0.114031	-0.850000
227	-0.593814	0.111009	0.115267	-0.850000
228	-0.612745	0.045013	0.027242	-0.850000
229	-0.574572	0.213906	0.048329	-0.850000
230	-0.559672	0.115732	-0.227153	-0.850000
231	-0.575860	0.150352	0.154935	-0.850000
232	-0.595104	-0.007973	0.154960	-0.850000
233	-0.609492	-0.082005	0.004487	-0.850000
234	-0.590580	-0.018347	0.170599	-0.850000
235	-0.602758	-0.118518	0.029355	-0.850000
236	-0.559043	0.247121	-0.068020	-0.850000
237	-0.574245	0.211470	0.061221	-0.850000
238	-0.605023	-0.048456	-0.099116	-0.850000
239	-0.472025	0.150324	0.364446	-0.850000
240	-0.609051	0.083016	-0.019759	-0.850000
241	-0.600519	0.132628	-0.003393	-0.850000
242	-0.599063	0.078267	0.114990	-0.850000
243	-0.566385	0.161306	0.177237	-0.850000
244	-0.614320	0.017746	0.022837	-0.850000
245	-0.610072	0.069743	0.034257	-0.850000
246	-0.613162	0.006118	-0.047116	-0.850000
247	-0.613823	0.001219	0.038003	-0.850000
248	-0.609449	-0.055859	0.060634	-0.850000
249	-0.558838	0.233550	0.106676	-0.850000
250	-0.611503	-0.016682	0.063334	-0.850000
251	-0.611314	-0.024583	-0.062582	-0.850000
252	-0.614242	0.030449	0.002241	-0.850000
253	-0.552250	-0.227872	0.146013	-0.850000
254	-0.594622	0.132756	-0.083821	-0.850000
255	-0.603954	-0.115998	0.002937	-0.850000
256	-0.598489	-0.129914	0.056201	-0.850000
257	-0.612543	0.054806	0.003475	-0.850000
258	-0.597251	0.140077	-0.043531	-0.850000
259	-0.572708	0.181945	-0.130867	-0.850000
260	-0.592525	-0.132202	-0.098294	-0.850000
261	-0.574836	-0.124226	-0.179878	-0.850000
262	-0.596358	-0.061159	0.137265	-0.850000
263	-0.610041	-0.069605	-0.035080	-0.850000
264	-0.578323	-0.191797	0.083555	-0.850000
265	-0.602805	0.105670	0.060709	-0.850000
266	-0.604035	0.021421	0.113615	-0.850000
267	-0.610585	0.009743	-0.072911	-0.850000
268	-0.590634	-0.063811	-0.159076	-0.850000
269	-0.561998	-0.249359	0.014258	-0.850000
270	-0.594368	-0.150346	0.048460	-0.850000
271	-0.607519	-0.087941	-0.037582	-0.850000
272	-0.599399	0.095495	-0.099129	-0.850000
273	-0.548697	0.266930	0.076845	-0.850000
274	-0.612903	0.023315	0.045070	-0.850000
275	-0.612304	0.026309	-0.051152	-0.850000
276	-0.610924	0.070491	-0.005224	-0.850000
277	-0.605853	-0.014717	-0.104643	-0.850000
278	-0.600393	-0.132355	0.015352	-0.850000
279	-0.609288	0.057095	0.061103	-0.850000
280	-0.614080	0.029833	0.015518	-0.850000
281	-0.604635	-0.058780	0.095843	-0.850000
282	-0.590651	-0.014889	0.170689	-0.850000
283	-0.573897	0.174105	0.136218	-0.850000
284	-0.607834	0.044494	0.082361	-0.850000
285	-0.590326	0.172285	0.007594	-0.850000
286	-0.594290	-0.052117	0.149425	-0.850000
287	-0.597398	-0.104533	0.102045	-0.850000
288	-0.611651	0.003578	-0.063998	-0.850000
289	-0.577418	0.112498	0.179327	-0.850000
290	-0.603834	0.021959	-0.114576	-0.850000
291	-0.614966	-0.006411	-0.000755	-0.850000
292	-0.609430	0.080438	0.018703	-0.850000
293	-0.603016	-0.110462	-0.048934	-0.850000
294	-0.595946	-0.149185	0.028596	-0.850000
295	-0.595933	-0.141301	-0.055884	-0.850000
296	-0.561926	-0.021567	-0.248996	-0.850000
297	-0.580226	0.043833	0.199101	-0.850000
298	-0.610166	-0.074555	0.019093	-0.850000
299	-0.606344	-0.031298	0.097943	-0.850000
300	-0.604774	-0.085466	0.071896	-0.850000
301	-0.613321	-0.041502	0.018431	-0.850000
302	-0.598671	0.116992	-0.078302	-0.850000
303	-0.582873	0.190286	-0.047697	-0.850000
304	-0.579900	-0.004679	-0.204741	-0.850000
305	-0.606424	0.064860	-0.079173	-0.850000
306	-0.610455	0.072846	-0.016232	-0.850000
307	-0.601581	0.032465	0.123576	-0.850000
308	-0.613197	-0.035533	-0.030857	-0.850000
309	-0.582398	0.024165	0.196096	-0.850000
310	-0.576972	0.122352	0.174237	-0.850000
311	-0.536739	0.067024	0.292649	-0.850000
312	-0.613177	0.011676	0.045849	-0.850000
313	-0.520644	0.002981	-0.327331	-0.850000
314	-0.602367	-0.040653	-0.117158	-0.850000
315	-0.603624	0.003943	-0.117678	-0.850000
316	-0.605811	0.101232	0.031151	-0.850000
317	-0.606660	0.048514	0.088513	-0.850000
318	-0.605314	-0.012671	0.107979	-0.850000
319	-0.606078	-0.073656	0.073953	-0.850000
320	-0.610412	-0.074135	-0.011241	-0.850000
321	-0.482965	0.136874	0.355296	-0.850000
322	-0.570834	-0.172401	0.150505	-0.850000
323	-0.606569	-0.101397	-0.004275	-0.850000
324	-0.561846	-0.166704	0.186450	-0.850000
325	-0.576572	-0.174733	-0.123525	-0.850000
326	-0.586302	-0.112368	0.147812	-0.850000
327	-0.614712	-0.018648	0.002633	-0.850000
328	-0.612414	0.052543	-0.020329	-0.850000
329	-0.534008	0.302597	0.038670	-0.850000
330	-0.577970	0.152115	0.145040	-0.850000
331	-0.590405	-0.169873	0.028119	-0.850000
332	-0.604569	-0.027061	0.109496	-0.850000
333	-0.607156	-0.087379	0.044175	-0.850000
334	-0.596411	0.087645	0.121806	-0.850000
335	-0.610414	0.068237	-0.031042	-0.850000
336	-0.555627	0.141596	0.222384	-0.850000
337	-0.601091	0.118660	-0.053237	-0.850000
338	-0.603159	-0.096979	-0.070844	-0.850000
339	-0.601539	0.091774	0.089181	-0.850000
340	-0.591641	-0.093889	0.139179	-0.850000
341	-0.608587	0.013918	-0.087486	-0.850000
342	-0.605393	0.086978	0.064494	-0.850000
343	-0.495538	0.348044	0.107390	-0.850000
344	-0.566998	-0.135250	0.196075	-0.850000
345	-0.603164	0.091891	-0.077293	-0.850000
346	-0.608348	0.033464	0.083775	-0.850000
347	-0.609029	-0.084754	-0.011200	-0.850000
348	-0.588537	-0.107485	0.142466	-0.850000
349	-0.594160	-0.133557	-0.085800	-0.850000
350	-0.596048	0.106143	-0.108098	-0.850000
351	-0.598968	0.129424	-0.052075	-0.850000
352	-0.600183	0.052420	0.123520	-0.850000
353	-0.590568	0.168226	0.033985	-0.850000
354	-0.602983	0.041096	-0.113790	-0.850000
355	-0.548488	0.135245	0.243094	-0.850000
356	-0.598607	-0.073823	0.120188	-0.850000
357	-0.605497	-0.107568	-0.005191	-0.850000
358	-0.586798	0.028831	-0.181829	-0.850000
359	-0.607448	-0.095212	0.012905	-0.850000
360	-0.591683	-0.015313	-0.167040	-0.850000
361	-0.614070	-0.033807	-0.000275	-0.850000
362	-0.583181	0.176596	-0.083298	-0.850000
363	-0.609193	-0.078569	0.030588	-0.850000
364	-0.550867	-0.272230	0.025721	-0.850000
365	-0.576735	0.055492	0.206210	-0.850000
366	-0.594073	-0.155746	0.032339	-0.850000
367	-0.614014	-0.033210	-0.010426	-0.850000
368	-0.595339	0.151001	0.031546	-0.850000
369	-0.601524	-0.095451	0.085338	-0.850000
370	-0.605115	-0.093867	-0.057009	-0.850000
371	-0.581498	-0.165424	-0.112782	-0.850000
372	-0.605904	0.056083	0.089218	-0.850000
373	-0.614078	0.032532	0.008651	-0.850000
374	-0.611179	0.040653	0.055064	-0.850000
375	-0.601653	-0.009812	0.127054	-0.850000
376	-0.593651	0.002222	0.160620	-0.850000
377	-0.612481	-0.052764	-0.017551	-0.850000
378	-0.611039	-0.005062	0.069501	-0.850000
379	-0.572480	-0.175295	-0.140582	-0.850000
380	-0.610469	0.071630	-0.020539	-0.850000
381	-0.614140	-0.020354	0.025363	-0.850000
382	-0.587628	0.056289	0.172481	-0.850000
383	-0.612532	-0.009885	0.054143	-0.850000
384	-0.565564	0.114270	-0.212850	-0.850000
385	-0.575428	0.214677	0.031957	-0.850000
386	-0.575054	-0.128963	0.175803	-0.850000
387	-0.609861	0.033992	0.071686	-0.850000
388	-0.588227	-0.089913	-0.155338	-0.850000
389	-0.613183	0.047231	-0.000809	-0.850000
390	-0.589756	-0.087215	0.151019	-0.850000
391	-0.613191	-0.046549	0.007382	-0.850000
392	-0.599165	0.096933	-0.099147	-0.850000
393	-0.602806	-0.040281	-0.115011	-0.850000
394	-0.581415	-0.141182	-0.142299	-0.850000
395	-0.552823	-0.115153	0.243621	-0.850000
396	-0.608786	0.038624	-0.078187	-0.850000
397	-0.610550	-0.061360	-0.041099	-0.850000
398	-0.602237	-0.116138	0.045247	-0.850000
399	-0.612417	0.026258	0.049810	-0.850000
400	-0.612348	-0.025313	-0.051133	-0.850000
401	-0.610320	-0.015640	-0.074096	-0.850000
402	-0.549306	-0.122989	-0.247713	-0.850000
403	-0.582833	-0.041181	-0.191923	-0.850000
404	-0.607049	0.056521	0.080761	-0.850000
405	-0.570451	0.229477	0.012299	-0.850000
406	-0.609221	-0.083772	0.007555	-0.850000
407	-0.613509	0.002443	0.042722	-0.850000
408	-0.592266	0.036879	0.161510	-0.850000
409	-0.578389	0.200225	0.060016	-0.850000
410	-0.613997	0.032066	-0.014303	-0.850000
411	-0.588027	-0.140835	0.112316	-0.850000
412	-0.602817	0.110041	0.052225	-0.850000
413	-0.609572	0.037536	0.072377	-0.850000
414	-0.580307	0.092842	0.181244	-0.850000
415	-0.588133	-0.005943	0.179692	-0.850000
416	-0.590125	-0.018136	0.172188	-0.850000
417	-0.602278	0.036505	0.118969	-0.850000
418	-0.535740	-0.285074	-0.099703	-0.850000
419	-0.605931	0.085886	0.060798	-0.850000
420	-0.551642	0.262508	-0.070747	-0.850000
421	-0.548965	0.275980	0.026409	-0.850000
422	-0.603326	0.082409	0.086205	-0.850000
423	-0.601023	0.115210	0.061012	-0.850000
424	-0.608826	0.083729	-0.023339	-0.850000
425	-0.555628	-0.003632	0.263608	-0.850000
426	-0.585667	-0.001577	0.187660	-0.850000
427	-0.478738	-0.244041	0.299130	-0.850000
428	-0.584105	-0.039456	0.188387	-0.850000
429	-0.570272	-0.171675	0.153437	-0.850000
430	-0.609552	-0.071069	-0.040261	-0.850000
431	-0.603377	0.094326	0.072549	-0.850000
432	-0.537432	0.295228	-0.047244	-0.850000
433	-0.604374	0.069047	0.090495	-0.850000
434	-0.472595	0.392966	0.021390	-0.850000
435	-0.612260	0.051915	-0.025835	-0.850000
436	-0.602468	-0.123180	-0.009191	-0.850000
437	-0.608875	0.036100	0.078697	-0.850000
438	-0.596009	-0.020380	0.150275	-0.850000
439	-0.575138	0.187317	-0.111145	-0.850000
440	-0.610478	0.074255	-0.005243	-0.850000
441	-0.608232	0.066693	-0.061892	-0.850000
442	-0.589571	0.168154	0.048530	-0.850000
443	-0.588380	0.161436	0.077284	-0.850000
444	-0.585115	-0.185412	0.038575	-0.850000
445	-0.614627	0.001363	-0.021378	-0.850000
446	-0.611243	0.061588	0.028533	-0.850000
447	-0.605771	-0.093602	0.050051	-0.850000
448	-0.599247	0.138301	-0.001103	-0.850000
449	-0.579114	0.203544	-0.037704	-0.850000
450	-0.552804	0.166400	0.212000	-0.850000
451	-0.606668	0.100879	-0.001545	-0.850000
452	-0.592770	0.138669	-0.087288	-0.850000
453	-0.611897	-0.057098	0.023382	-0.850000
454	-0.599582	-0.083581	0.108356	-0.850000
455	-0.567517	-0.153249	0.180734	-0.850000
456	-0.596151	-0.084839	0.125024	-0.850000
457	-0.581723	0.190670	0.058894	-0.850000
458	-0.603292	0.050693	0.108140	-0.850000
459	-0.600924	0.110025	0.070779	-0.850000
460	-0.614432	0.008105	-0.025150	-0.850000
461	-0.611232	0.021810	-0.064383	-0.850000
462	-0.602495	0.121833	0.019542	-0.850000
463	-0.612627	-0.039858	0.036390	-0.850000
464	-0.509761	0.143906	0.312506	-0.850000
465	-0.541101	-0.277885	-0.090635	-0.850000
466	-0.600037	0.039183	0.129017	-0.850000
467	-0.589412	0.070562	-0.160746	-0.850000
468	-0.609159	-0.067983	0.050287	-0.850000
469	-0.610179	0.052103	0.056494	-0.850000
470	-0.584701	0.093093	-0.166383	-0.850000
471	-0.601136	0.053810	-0.118176	-0.850000
472	-0.611057	-0.051577	-0.046628	-0.850000
473	-0.609062	-0.065052	-0.055106	-0.850000
474	-0.594634	-0.040866	0.151545	-0.850000
475	-0.592229	-0.162256	0.034097	-0.850000
476	-0.581651	-0.076658	0.184473	-0.850000
477	-0.605337	0.038859	0.101401	-0.850000
478	-0.612161	-0.000180	-0.059021	-0.850000
479	-0.577229	0.053081	-0.205461	-0.850000
480	-0.576159	0.057297	0.207322	-0.850000
481	-0.599175	0.025079	-0.136329	-0.850000
482	-0.468852	-0.336981	-0.211772	-0.850000
483	-0.609786	-0.075008	0.027559	-0.850000
484	-0.597745	-0.115174	0.087528	-0.850000
485	-0.588360	-0.141754	0.109376	-0.850000
486	-0.595874	0.149683	0.027468	-0.850000
487	-0.599765	-0.129653	-0.041190	-0.850000
488	-0.593807	-0.131467	-0.091296	-0.850000
489	-0.590408	-0.052620	-0.163936	-0.850000
490	-0.594758	-0.153349	-0.031170	-0.850000
491	-0.567147	-0.223652	-0.080924	-0.850000
492	-0.610697	-0.019662	-0.069915	-0.850000
493	-0.608336	0.076151	0.048511	-0.850000
494	-0.608856	0.074530	0.044328	-0.850000
495	-0.596717	-0.106169	0.104318	-0.850000
496	-0.605458	0.104543	-0.026764	-0.850000
497	-0.598555	0.131840	-0.050750	-0.850000
498	-0.611812	0.046952	-0.041310	-0.850000
499	-0.604548	-0.112458	0.009969	-0.850000
500	-0.577934	-0.105425	0.181942	-0.850000
501	-0.614299	0.023970	-0.016937	-0.850000
502	-0.596125	-0.089052	-0.122187	-0.850000
503	-0.601250	0.043279	0.121862	-0.850000
504	-0.612704	-0.030725	0.043305	-0.850000
505	-0.591409	0.084842	-0.145815	-0.850000
506	-0.609299	0.047904	-0.068443	-0.850000
507	-0.606256	-0.087882	-0.054367	-0.850000
508	-0.590721	-0.167159	0.036485	-0.850000
509	-0.585947	-0.082173	0.167746	-0.850000
510	-0.612324	-0.046294	-0.033778	-0.850000
511	-0.610832	-0.029961	0.064899	-0.850000
512	-0.601299	-0.128316	-0.014142	-0.850000
513	-0.611222	0.009327	-0.067424	-0.850000
514	-0.607372	0.091986	-0.029378	-0.850000
515	-0.612972	-0.043266	0.024870	-0.850000
516	-0.550427	-0.217450	-0.167244	-0.850000
517	-0.485923	0.079264	-0.368538	-0.850000
518	-0.539216	-0.001710	-0.295750	-0.850000
519	-0.571255	0.212691	0.081582	-0.850000
520	-0.597377	-0.118597	-0.085445	-0.850000
521	-0.613039	-0.048892	0.004216	-0.850000
522	-0.605387	0.107354	0.014357	-0.850000
523	-0.612407	0.055213	0.011568	-0.850000
524	-0.565901	-0.071721	0.229864	-0.850000
525	-0.605271	-0.107350	0.018654	-0.850000
526	-0.601116	-0.062984	-0.113655	-0.850000
527	-0.614624	0.003307	0.021243	-0.850000
528	-0.607158	0.092134	0.033099	-0.850000
529	-0.614057	-0.032221	0.011002	-0.850000
530	-0.577198	0.045039	0.207457	-0.850000
531	-0.611079	-0.025335	0.064541	-0.850000
532	-0.586189	0.025740	0.184242	-0.850000
533	-0.610565	-0.056331	0.047568	-0.850000
534	-0.610365	0.058837	-0.047099	-0.850000
535	-0.599159	0.063923	-0.123072	-0.850000
536	-0.556416	0.237809	-0.109878	-0.850000
537	-0.584025	0.169280	-0.092111	-0.850000
538	-0.508203	-0.236054	0.253444	-0.850000
539	-0.610081	-0.021468	-0.074599	-0.850000
540	-0.604295	-0.104822	-0.045435	-0.850000
541	-0.578875	-0.118617	0.170467	-0.850000
542	-0.525055	-0.071360	0.312170	-0.850000
543	-0.569628	-0.208095	0.102200	-0.850000
544	-0.548676	-0.205306	0.187161	-0.850000
545	-0.603869	-0.047699	0.106263	-0.850000
546	-0.594286	0.055001	-0.148403	-0.850000
547	-0.609510	-0.005508	0.081804	-0.850000
548	-0.614978	0.004576	0.002568	-0.850000
549	-0.609801	0.013392	0.078665	-0.850000
550	-0.555347	0.252658	-0.077321	-0.850000
551	-0.613625	-0.020291	-0.035743	-0.850000
552	-0.611919	0.060432	-0.011315	-0.850000
553	-0.588274	-0.084951	0.157931	-0.850000
554	-0.612752	0.008021	0.051917	-0.850000
555	-0.531011	0.272694	0.147953	-0.850000
556	-0.580134	0.141557	0.147075	-0.850000
557	-0.555386	0.211321	-0.158477	-0.850000
558	-0.597269	0.067802	-0.129993	-0.850000
559	-0.574693	-0.138790	0.169382	-0.850000
560	-0.597418	-0.116364	0.088186	-0.850000
561	-0.612308	0.029350	0.049421	-0.850000
562	-0.612029	-0.047971	-0.036672	-0.850000
563	-0.610764	0.071025	-0.012155	-0.850000
564	-0.575428	0.175121	0.128220	-0.850000
565	-0.582731	0.159453	0.114997	-0.850000
566	-0.609757	-0.018334	-0.078010	-0.850000
567	-0.614578	0.011447	-0.019683	-0.850000
568	-0.582256	0.028324	0.195962	-0.850000
569	-0.598716	-0.112051	0.084908	-0.850000
570	-0.585367	0.027443	0.186596	-0.850000
571	-0.580696	0.061777	-0.192874	-0.850000
572	-0.608881	0.071466	0.048806	-0.850000
573	-0.599796	0.023816	0.133799	-0.850000
574	-0.529094	-0.031406	0.311926	-0.850000
575	-0.614774	0.015151	-0.006919	-0.850000
576	-0.605892	0.051994	0.091744	-0.850000
577	-0.596990	-0.141011	0.044086	-0.850000
578	-0.605958	-0.094183	0.046572	-0.850000
579	-0.610914	0.020576	0.067718	-0.850000
580	-0.608136	-0.090386	-0.015053	-0.850000
581	-0.600480	-0.006238	0.132704	-0.850000
582	-0.612122	0.030903	-0.050760	-0.850000
583	-0.609710	0.079646	-0.011610	-0.850000
584	-0.612364	0.019718	-0.053349	-0.850000
585	-0.595423	-0.153282	-0.014185	-0.850000
586	-0.612153	-0.059104	-0.000303	-0.850000
587	-0.586273	-0.142341	0.119364	-0.850000
588	-0.613676	0.017206	0.036477	-0.850000
589	-0.612430	-0.055605	-0.007913	-0.850000
590	-0.607587	-0.052052	-0.079710	-0.850000
591	-0.613848	-0.034360	0.015314	-0.850000
592	-0.590988	-0.169542	-0.014620	-0.850000
593	-0.591996	0.043664	-0.160808	-0.850000
594	-0.614551	0.017837	0.015312	-0.850000
595	-0.614680	-0.019814	-0.000660	-0.850000
596	-0.604782	-0.037961	-0.104987	-0.850000
597	-0.610944	0.050570	0.049142	-0.850000
598	-0.611225	0.043917	0.051959	-0.850000
599	-0.600762	-0.128897	0.026370	-0.850000
600	-0.612147	-0.027571	-0.052359	-0.850000
601	-0.603722	0.015130	-0.116256	-0.850000
602	-0.598531	0.103228	-0.096589	-0.850000
603	-0.591297	-0.150182	0.077705	-0.850000
604	-0.598902	-0.138587	-0.018312	-0.850000
605	-0.599461	0.087352	-0.106027	-0.850000
606	-0.583367	0.194572	-0.007080	-0.850000
607	-0.596502	-0.149008	0.014400	-0.850000
608	-0.601762	-0.115724	-0.052112	-0.850000
609	-0.573493	-0.194101	0.107961	-0.850000
610	-0.601544	-0.117722	-0.050109	-0.850000
611	-0.597446	-0.110490	-0.095264	-0.850000
612	-0.612192	-0.019832	-0.055256	-0.850000
613	-0.599668	0.021201	-0.134812	-0.850000
614	-0.611888	0.031152	-0.053364	-0.850000
615	-0.566715	-0.107386	-0.213373	-0.850000
616	-0.609980	-0.060144	-0.050324	-0.850000
617	-0.613703	-0.039909	0.000896	-0.850000
618	-0.610234	-0.076211	0.005597	-0.850000
619	-0.605251	0.004966	0.108956	-0.850000
620	-0.592499	-0.123319	0.109373	-0.850000
621	-0.612335	0.045734	-0.034336	-0.850000
622	-0.610496	0.038262	0.063680	-0.850000
623	-0.584601	0.165330	-0.095563	-0.850000
624	-0.549461	-0.072880	-0.266470	-0.850000
625	-0.606807	0.006401	-0.099844	-0.850000
626	-0.604418	0.071915	-0.087936	-0.850000
627	-0.557239	0.121077	0.230325	-0.850000
628	-0.610504	0.058820	0.045278	-0.850000
629	-0.577637	0.165319	0.131265	-0.850000
630	-0.595008	-0.114012	0.105789	-0.850000
631	-0.604205	0.093850	-0.065983	-0.850000
632	-0.580381	-0.002608	-0.203411	-0.850000
633	-0.595439	0.071500	-0.136254	-0.850000
634	-0.604189	-0.079240	0.083073	-0.850000
635	-0.557828	-0.115433	0.231794	-0.850000
636	-0.595076	0.153466	0.023607	-0.850000
637	-0.582214	0.045562	0.192811	-0.850000
638	-0.592566	-0.108200	0.124031	-0.850000
639	-0.549369	-0.205160	-0.185279	-0.850000
640	-0.598190	-0.133389	0.051004	-0.850000
641	-0.548665	-0.112729	0.253936	-0.850000
642	-0.589217	-0.170813	0.043261	-0.850000
643	-0.570327	0.143322	-0.180030	-0.850000
644	-0.586692	0.116954	-0.142615	-0.850000
645	-0.567300	0.058976	0.230039	-0.850000
646	-0.604250	0.081955	0.079939	-0.850000
647	-0.489063	0.338631	-0.156112	-0.850000
648	-0.580816	-0.190849	0.066738	-0.850000
649	-0.613369	-0.034692	-0.028291	-0.850000
650	-0.573265	0.055297	0.215719	-0.850000
651	-0.530785	-0.194424	0.242263	-0.850000
652	-0.596683	0.146435	-0.027412	-0.850000
653	-0.605681	0.105333	0.016731	-0.850000
654	-0.587913	0.155871	-0.091038	-0.850000
655	-0.553865	0.090664	0.251473	-0.850000
656	-0.613969	0.029995	-0.019174	-0.850000
657	-0.553000	-0.172394	-0.206630	-0.850000
658	-0.575245	-0.207904	-0.063986	-0.850000
659	-0.541572	-0.090302	0.277075	-0.850000
660	-0.579215	-0.155138	0.136627	-0.850000
661	-0.580373	0.098846	-0.177824	-0.850000
662	-0.591644	0.092827	0.139876	-0.850000
663	-0.547094	0.280783	0.008619	-0.850000
664	-0.588585	0.178086	-0.008805	-0.850000
665	-0.531013	0.309898	0.014590	-0.850000
666	-0.588092	0.105134	0.146014	-0.850000
667	-0.589822	0.011551	-0.173786	-0.850000
668	-0.532727	-0.083051	0.295854	-0.850000
669	-0.585075	-0.183364	-0.047854	-0.850000
670	-0.587797	0.161270	0.081928	-0.850000
671	-0.588360	0.120180	0.132719	-0.850000
672	-0.614330	0.028653	0.001629	-0.850000
673	-0.589764	-0.083287	0.153188	-0.850000
674	-0.591213	-0.050192	0.161780	-0.850000
675	-0.573183	-0.064194	-0.213461	-0.850000
676	-0.587430	-0.021375	0.180816	-0.850000
677	-0.585584	-0.187757	0.007982	-0.850000
678	-0.613976	0.000204	0.035482	-0.850000
679	-0.554868	-0.250303	0.087724	-0.850000
680	-0.599304	-0.087132	0.107090	-0.850000
681	-0.612462	0.010893	-0.054744	-0.850000
682	-0.606502	0.062629	-0.080360	-0.850000
683	-0.589716	-0.147808	-0.092808	-0.850000
684	-0.538795	-0.142087	-0.260262	-0.850000
685	-0.593467	-0.057238	-0.150815	-0.850000
686	-0.601163	-0.112425	-0.064717	-0.850000
687	-0.606736	-0.057267	-0.082563	-0.850000
688	-0.572090	-0.206578	0.090904	-0.850000
689	-0.537349	-0.214373	0.208626	-0.850000
690	-0.535663	0.039378	0.299566	-0.850000
691	-0.551463	-0.143257	-0.231497	-0.850000
692	-0.510018	0.339071	-0.056011	-0.850000
693	-0.552839	0.180912	0.199661	-0.850000
694	-0.606934	-0.086465	-0.048780	-0.850000
695	-0.610698	-0.072485	-0.004365	-0.850000
696	-0.598928	-0.079738	0.114683	-0.850000
697	-0.588731	-0.176562	-0.021141	-0.850000
698	-0.592459	0.160283	-0.039078	-0.850000
699	-0.558985	-0.151779	0.206697	-0.850000
700	-0.592272	0.067535	-0.151254	-0.850000
701	-0.606284	0.087307	0.054972	-0.850000
702	-0.538163	-0.207897	-0.213036	-0.850000
703	-0.574332	-0.207506	0.072865	-0.850000
704	-0.586109	-0.058769	-0.176769	-0.850000
705	-0.607866	0.056080	0.074695	-0.850000
706	-0.569076	-0.191847	-0.132559	-0.850000
707	-0.499888	-0.130080	0.333790	-0.850000
708	-0.610214	-0.055589	-0.052663	-0.850000
709	-0.497485	0.265713	-0.245214	-0.850000
710	-0.610631	0.054591	0.048728	-0.850000
711	-0.588578	-0.026564	0.176338	-0.850000
712	-0.564792	-0.241116	-0.033140	-0.850000
713	-0.579112	0.091114	0.185883	-0.850000
714	-0.604500	-0.111690	0.018164	-0.850000
715	-0.610677	-0.069834	0.020528	-0.850000
716	-0.519540	-0.309556	0.111706	-0.850000
717	-0.580996	-0.200406	-0.022490	-0.850000
718	-0.575598	0.166604	-0.138400	-0.850000
719	-0.571542	0.050644	0.221360	-0.850000
720	-0.561699	-0.108077	-0.225918	-0.850000
721	-0.541708	-0.184062	-0.225607	-0.850000
722	-0.557111	0.024400	0.259340	-0.850000
723	-0.583428	-0.193546	-0.019414	-0.850000
724	-0.610694	-0.070652	-0.016904	-0.850000
725	-0.611372	-0.063813	0.019411	-0.850000
726	-0.599712	-0.136086	-0.007163	-0.850000
727	-0.595885	0.102750	-0.112198	-0.850000
728	-0.563158	0.246242	0.021044	-0.850000
729	-0.601014	-0.106612	0.075111	-0.850000
730	-0.602670	0.057128	-0.108401	-0.850000
731	-0.521103	0.153922	-0.288070	-0.850000
732	-0.586662	0.166663	-0.079220	-0.850000
733	-0.611113	0.018596	-0.066486	-0.850000
734	-0.599415	0.120844	0.065750	-0.850000
735	-0.537791	-0.297979	-0.014647	-0.850000
736	-0.608067	-0.069112	0.060857	-0.850000
737	-0.556099	-0.153366	-0.213209	-0.850000
738	-0.561187	0.237645	0.082579	-0.850000
739	-0.610140	-0.042352	-0.064506	-0.850000
740	-0.560617	0.171924	-0.185407	-0.850000
741	-0.599392	0.035548	-0.133004	-0.850000
742	-0.538392	-0.143102	0.260541	-0.850000
743	-0.568894	0.219846	0.079073	-0.850000
744	-0.605877	0.050315	0.092772	-0.850000
745	-0.596418	0.149932	0.005579	-0.850000
746	-0.614296	-0.009885	0.027706	-0.850000
747	-0.535855	-0.202062	0.224177	-0.850000
748	-0.489651	-0.255298	0.270721	-0.850000
749	-0.524654	-0.128978	0.293817	-0.850000
750	-0.555308	0.101063	-0.244223	-0.850000
751	-0.573482	0.198010	0.100677	-0.850000
752	-0.587184	-0.055763	0.174156	-0.850000
753	-0.565533	0.239314	-0.033563	-0.850000
754	-0.609621	0.036624	-0.072431	-0.850000
755	-0.579933	-0.172262	-0.110583	-0.850000
756	-0.603962	-0.069212	-0.093082	-0.850000
757	-0.497896	-0.281617	0.225869	-0.850000
758	-0.595939	0.151322	-0.013516	-0.850000
759	-0.576950	0.199427	0.074717	-0.850000
760	-0.590560	0.147687	0.087481	-0.850000
761	-0.583147	0.122827	0.151915	-0.850000
762	-0.574398	0.129409	-0.177611	-0.850000
763	-0.562945	0.012994	-0.247283	-0.850000
764	-0.584374	0.106994	0.159011	-0.850000
765	-0.574720	-0.115437	0.186000	-0.850000
766	-0.612030	-0.002037	-0.060338	-0.850000
767	-0.597841	0.131584	-0.059137	-0.850000
768	-0.523329	0.312280	-0.082662	-0.850000
769	-0.610089	0.067210	0.038721	-0.850000
770	-0.557987	0.210472	-0.150257	-0.850000
771	-0.590219	-0.061818	-0.161384	-0.850000
772	-0.469448	-0.343999	0.198765	-0.850000
773	-0.557363	-0.173767	0.193330	-0.850000
774	-0.609850	0.029366	0.073792	-0.850000
775	-0.583205	0.053028	0.187843	-0.850000
776	-0.523391	0.040511	0.320383	-0.850000
777	-0.570300	0.209794	0.094706	-0.850000
778	-0.610800	-0.002241	-0.071713	-0.850000
779	-0.613454	0.017422	-0.039941	-0.850000
780	-0.534545	0.145790	-0.266894	-0.850000
781	-0.614121	-0.032781	0.002465	-0.850000
782	-0.589883	-0.127074	-0.118807	-0.850000
783	-0.594288	0.135256	-0.082173	-0.850000
784	-0.593271	0.057432	-0.151511	-0.850000
785	-0.602524	-0.120402	-0.026339	-0.850000
786	-0.614470	-0.011855	0.022605	-0.850000
787	-0.601000	-0.073234	-0.107984	-0.850000
788	-0.549748	-0.083876	0.262616	-0.850000
789	-0.588297	-0.132201	-0.121057	-0.850000
790	-0.613797	0.032394	0.020699	-0.850000
791	-0.582845	-0.143866	0.133488	-0.850000
792	-0.611503	-0.058367	0.029702	-0.850000
793	-0.607330	0.094670	-0.020317	-0.850000
794	-0.614235	-0.025786	0.016593	-0.850000
795	-0.593687	0.129101	-0.095361	-0.850000
796	-0.575992	0.082826	-0.198992	-0.850000
797	-0.523134	-0.011762	-0.323137	-0.850000
798	-0.581318	-0.194064	0.051317	-0.850000
799	-0.596036	-0.150988	-0.012994	-0.850000
800	-0.614693	-0.017084	-0.009252	-0.850000
801	-0.612287	-0.047511	0.032754	-0.850000
802	-0.592690	0.132591	-0.096762	-0.850000
803	-0.608423	0.054372	0.071341	-0.850000
804	-0.598848	-0.126403	-0.060241	-0.850000
805	-0.614835	0.013454	0.004663	-0.850000
806	-0.602382	-0.120566	0.028713	-0.850000
807	-0.614594	0.003464	0.022081	-0.850000
808	-0.538598	-0.296255	0.019256	-0.850000
809	-0.575000	-0.123128	-0.180108	-0.850000
810	-0.557395	0.104202	-0.238072	-0.850000
811	-0.569634	0.021157	-0.230856	-0.850000
812	-0.614347	0.016765	-0.022851	-0.850000
813	-0.609607	-0.075862	0.029134	-0.850000
814	-0.580209	0.142378	-0.145981	-0.850000
815	-0.601850	-0.126110	0.009887	-0.850000
816	-0.592953	-0.157944	-0.041060	-0.850000
817	-0.594236	0.089236	-0.130941	-0.850000
818	-0.599173	0.137608	-0.016759	-0.850000
819	-0.588468	-0.149506	-0.097871	-0.850000
820	-0.570235	0.197739	0.118136	-0.850000
821	-0.566448	-0.229632	-0.068053	-0.850000
822	-0.588957	-0.176940	-0.006824	-0.850000
823	-0.556861	-0.141416	-0.219392	-0.850000
824	-0.607675	-0.094144	0.009631	-0.850000
825	-0.601980	0.106537	0.067046	-0.850000
826	-0.575136	0.201025	-0.083860	-0.850000
827	-0.577532	-0.208050	-0.037376	-0.850000
828	-0.580973	0.050938	-0.195195	-0.850000
829	-0.577261	-0.155170	-0.144626	-0.850000
830	-0.602729	0.042094	-0.114763	-0.850000
831	-0.585176	-0.003902	0.189151	-0.850000
832	-0.611757	-0.055597	0.029795	-0.850000
833	-0.605855	0.092607	-0.050879	-0.850000
834	-0.602330	-0.048949	-0.114141	-0.850000
835	-0.531361	0.282255	0.127328	-0.850000
836	-0.511531	0.104910	-0.324892	-0.850000
837	-0.519032	0.326714	0.045699	-0.850000
838	-0.589641	0.174045	-0.016033	-0.850000
839	-0.607099	0.098213	-0.003224	-0.850000
840	-0.593265	0.094424	0.131702	-0.850000
841	-0.600866	0.079671	-0.104105	-0.850000
842	-0.598962	0.120668	0.070066	-0.850000
843	-0.425394	0.150772	-0.417771	-0.850000
844	-0.605868	0.097738	0.039958	-0.850000
845	-0.498037	-0.202563	-0.298583	-0.850000
846	-0.594338	-0.129589	-0.090520	-0.850000
847	-0.613252	0.010180	0.045209	-0.850000
848	-0.587739	-0.172524	-0.054990	-0.850000
849	-0.490275	-0.368652	0.044165	-0.850000
850	-0.593035	0.080484	0.141621	-0.850000
