1	-0.115969	0.594088	0.108789	-1.420000
2	-0.065545	0.559357	0.247080	-1.420000
3	-0.000046	0.461026	0.407038	-1.420000
4	-0.202138	0.575640	-0.077484	-1.420000
5	-0.098782	0.498381	0.346531	-1.420000
6	-0.130047	0.584482	-0.140336	-1.420000
7	-0.236962	0.563328	0.068815	-1.420000
8	-0.172331	0.585343	-0.076816	-1.420000
9	-0.387722	0.420190	-0.226578	-1.420000
10	-0.073907	0.596017	0.132387	-1.420000
11	-0.077951	0.601182	-0.103583	-1.420000
12	0.165783	0.590794	0.041275	-1.420000
13	0.031368	0.598531	0.137846	-1.420000
14	-0.128714	0.553821	0.234394	-1.420000
15	-0.268137	0.538835	-0.126429	-1.420000
16	-0.052422	0.604275	0.101633	-1.420000
17	-0.327903	0.520120	0.013423	-1.420000
18	0.054965	0.589749	-0.165529	-1.420000
19	-0.133542	0.590019	-0.110766	-1.420000
20	-0.290366	0.510960	-0.181196	-1.420000
21	-0.192381	0.571428	0.121178	-1.420000
22	-0.265692	0.525999	0.175948	-1.420000
23	-0.234016	0.555048	0.124030	-1.420000
24	0.061437	0.606467	-0.081540	-1.420000
25	-0.000586	0.608079	-0.092005	-1.420000
26	-0.021277	0.575614	-0.215502	-1.420000
27	0.067828	0.597284	-0.129908	-1.420000
28	-0.247171	0.563016	0.012013	-1.420000
29	-0.119894	0.603159	-0.007010	-1.420000
30	0.098677	0.603089	-0.069073	-1.420000
31	0.070778	0.492870	0.360964	-1.420000
32	0.141795	0.558667	0.214501	-1.420000
33	0.208134	0.555571	-0.162007	-1.420000
34	0.031247	0.589458	-0.172592	-1.420000
35	0.132985	0.590502	-0.108849	-1.420000
36	0.041295	0.476378	-0.386760	-1.420000
37	-0.135819	0.599614	-0.015536	-1.420000
38	0.295519	0.526930	-0.115057	-1.420000
39	0.177307	0.577910	-0.113167	-1.420000
40	0.255174	0.515473	0.217712	-1.420000
41	0.171372	0.584715	0.083459	-1.420000
42	0.261681	0.553959	-0.053646	-1.420000
43	0.271760	0.534440	0.136914	-1.420000
44	0.315580	0.514028	-0.120038	-1.420000
45	0.096542	0.560977	-0.232828	-1.420000
46	0.145488	0.597353	0.015079	-1.420000
47	0.247865	0.560874	0.046993	-1.420000
48	0.250628	0.548618	0.120119	-1.420000
49	0.400307	0.466639	0.015073	-1.420000
50	0.439096	0.430525	-0.008213	-1.420000
51	0.454918	0.362579	-0.199529	-1.420000
52	0.284784	0.545083	-0.002829	-1.420000
53	0.382661	0.476845	-0.066440	-1.420000
54	-0.081756	0.592547	-0.142928	-1.420000
55	0.183785	0.511592	0.287614	-1.420000
56	0.291235	0.535286	0.082919	-1.420000
57	0.294262	0.536824	0.058773	-1.420000
58	0.276726	0.509896	-0.204094	-1.420000
59	0.536708	0.298672	-0.031056	-1.420000
60	0.444335	0.424513	0.024084	-1.420000
61	0.372558	0.489012	0.017107	-1.420000
62	0.521965	0.323415	0.034358	-1.420000
63	0.364471	0.423576	-0.256845	-1.420000
64	0.383954	0.471505	0.092127	-1.420000
65	0.319560	0.420371	0.315268	-1.420000
66	0.441150	0.414272	0.109499	-1.420000
67	0.408731	0.452332	0.080992	-1.420000
68	0.440545	0.421845	0.078688	-1.420000
69	0.460914	0.390090	0.116674	-1.420000
70	0.516269	0.334115	-0.007665	-1.420000
71	0.489670	0.313042	-0.201130	-1.420000
72	0.461411	0.193252	-0.357741	-1.420000
73	0.481972	0.301228	-0.234925	-1.420000
74	0.541658	0.263243	0.124640	-1.420000
75	0.474524	0.389001	0.041592	-1.420000
76	0.514566	0.335537	0.029356	-1.420000
77	0.515031	0.310757	-0.128056	-1.420000
78	0.466684	0.385025	-0.110393	-1.420000
79	0.576609	0.213615	-0.010764	-1.420000
80	0.538167	0.269434	-0.126517	-1.420000
81	0.403172	0.426373	0.184076	-1.420000
82	0.432949	0.436655	-0.010598	-1.420000
83	0.376875	0.484890	0.032734	-1.420000
84	0.521898	0.303904	0.116148	-1.420000
85	0.471238	0.359834	-0.163337	-1.420000
86	0.525194	0.307425	-0.088807	-1.420000
87	0.567839	0.233318	-0.036696	-1.420000
88	0.533156	0.291511	-0.094821	-1.420000
89	0.367166	0.402767	-0.284944	-1.420000
90	0.281674	0.545377	-0.038063	-1.420000
91	0.496587	0.232022	-0.278911	-1.420000
92	0.587465	0.136840	-0.119933	-1.420000
93	0.535872	0.252018	-0.165992	-1.420000
94	0.345398	0.469479	-0.196252	-1.420000
95	0.376793	0.458253	-0.162036	-1.420000
96	0.526910	0.308670	-0.072900	-1.420000
97	0.478870	0.380785	-0.062538	-1.420000
98	0.430219	0.416778	-0.139400	-1.420000
99	0.317428	0.499092	0.168438	-1.420000
100	0.428938	0.312096	-0.311180	-1.420000
101	0.487578	0.293347	-0.233325	-1.420000
102	0.470855	0.143082	-0.368847	-1.420000
103	0.257036	0.537540	-0.152341	-1.420000
104	0.321617	0.516857	0.087443	-1.420000
105	0.465252	0.400532	-0.036600	-1.420000
106	0.424514	0.391822	-0.210922	-1.420000
107	0.394341	0.419027	-0.217109	-1.420000
108	0.389283	0.366103	-0.304388	-1.420000
109	0.249596	0.107615	-0.551676	-1.420000
110	0.604849	-0.060047	-0.093688	-1.420000
111	0.392784	0.408679	-0.238593	-1.420000
112	0.530063	0.305129	0.064458	-1.420000
113	0.491793	0.247482	-0.274076	-1.420000
114	0.478063	0.372360	-0.105022	-1.420000
115	0.496935	0.274981	-0.235935	-1.420000
116	0.321239	0.491337	-0.183353	-1.420000
117	0.591297	0.135277	-0.101455	-1.420000
118	-0.019006	0.575218	0.216767	-1.420000
119	-0.091793	0.607036	0.036146	-1.420000
120	-0.176661	0.570638	-0.146249	-1.420000
121	-0.218416	0.557340	0.141039	-1.420000
122	-0.209369	0.553269	0.168175	-1.420000
123	-0.201622	0.580877	0.012453	-1.420000
124	-0.349416	0.498213	-0.088980	-1.420000
125	-0.325583	0.518957	0.053890	-1.420000
126	-0.228690	0.568369	-0.053688	-1.420000
127	-0.032356	0.555678	-0.261533	-1.420000
128	0.049181	0.580476	0.197115	-1.420000
129	-0.384991	0.409834	0.249085	-1.420000
130	-0.243133	0.556841	-0.095073	-1.420000
131	-0.104609	0.606024	-0.004091	-1.420000
132	0.124057	0.571759	0.189544	-1.420000
133	0.058592	0.607227	-0.077891	-1.420000
134	-0.229977	0.549596	-0.152578	-1.420000
135	-0.247355	0.558519	-0.071392	-1.420000
136	-0.161965	0.591369	-0.047693	-1.420000
137	0.071654	0.564180	0.234076	-1.420000
138	-0.003290	0.593335	-0.161765	-1.420000
139	0.016726	0.608299	-0.088982	-1.420000
140	0.174997	0.527363	-0.263608	-1.420000
141	-0.030425	0.506833	-0.347015	-1.420000
142	-0.242151	0.563323	0.047487	-1.420000
143	0.201345	0.575983	-0.077000	-1.420000
144	-0.022373	0.571774	0.225385	-1.420000
145	0.072097	0.584906	0.175819	-1.420000
146	0.060283	0.602572	-0.107227	-1.420000
147	0.242876	0.564892	0.011532	-1.420000
148	-0.031960	0.608549	0.082896	-1.420000
149	0.449098	0.414236	-0.070317	-1.420000
150	0.328018	0.518503	-0.042235	-1.420000
151	0.300560	0.529484	0.086808	-1.420000
152	0.083311	0.608136	0.038147	-1.420000
153	0.267237	0.551851	0.047646	-1.420000
154	0.371219	0.456197	0.179738	-1.420000
155	0.391541	0.467532	0.079591	-1.420000
156	0.377570	0.483735	-0.040818	-1.420000
157	0.351762	0.503236	-0.035240	-1.420000
158	0.328918	0.514817	0.070719	-1.420000
159	0.297236	0.533291	0.074002	-1.420000
160	0.305633	0.533351	-0.018700	-1.420000
161	0.360612	0.466086	-0.175920	-1.420000
162	0.442298	0.400989	-0.147666	-1.420000
163	0.484689	0.340914	-0.164558	-1.420000
164	0.301016	0.498283	-0.198315	-1.420000
165	0.199769	0.559701	0.158278	-1.420000
166	0.272612	0.454477	0.312022	-1.420000
167	0.487644	0.345538	0.145023	-1.420000
168	0.377568	0.485407	-0.006923	-1.420000
169	0.430389	0.436588	-0.048799	-1.420000
170	0.482608	0.378699	-0.043602	-1.420000
171	0.414032	0.425435	-0.160646	-1.420000
172	0.550853	0.264450	-0.069658	-1.420000
173	0.568330	0.194034	-0.132578	-1.420000
174	0.525689	0.294752	0.122465	-1.420000
175	0.550434	0.197103	0.190781	-1.420000
176	0.351899	0.471131	-0.180077	-1.420000
177	0.503730	0.320123	-0.148333	-1.420000
178	0.502514	0.262230	-0.238621	-1.420000
179	0.572642	0.204084	0.093037	-1.420000
180	0.552288	0.253568	-0.094371	-1.420000
181	0.538296	0.198351	-0.221629	-1.420000
182	0.554415	0.255820	-0.073520	-1.420000
183	0.407966	0.367989	0.276356	-1.420000
184	0.523210	0.292156	-0.138278	-1.420000
185	0.518441	0.329352	0.031163	-1.420000
186	0.573216	0.208404	-0.078839	-1.420000
187	0.492571	0.364594	0.051667	-1.420000
188	0.598643	0.140849	0.003557	-1.420000
189	0.416187	0.437212	-0.117724	-1.420000
190	0.541647	0.165765	-0.239511	-1.420000
191	0.446293	0.392093	0.159094	-1.420000
192	0.458017	0.391696	-0.122556	-1.420000
193	0.343776	0.483700	-0.161486	-1.420000
194	0.572685	0.223372	0.019005	-1.420000
195	0.421510	0.447536	0.016306	-1.420000
196	0.432733	0.435583	-0.035130	-1.420000
197	0.548864	0.230151	-0.154932	-1.420000
198	0.395317	0.323161	-0.342807	-1.420000
199	0.426057	0.441426	-0.042935	-1.420000
200	0.420535	0.432903	-0.118196	-1.420000
201	0.369647	0.486355	-0.071026	-1.420000
202	0.406521	0.406739	-0.218012	-1.420000
203	0.455070	0.393187	-0.128609	-1.420000
204	0.384788	0.434230	-0.203980	-1.420000
205	0.481578	0.377290	-0.062934	-1.420000
206	0.500743	0.058007	-0.352303	-1.420000
207	0.529620	0.181006	-0.254882	-1.420000
208	0.427552	0.426871	-0.114915	-1.420000
209	0.303942	0.506162	-0.172174	-1.420000
210	0.493351	0.319830	-0.180383	-1.420000
211	0.441420	0.329322	-0.273716	-1.420000
212	0.431229	0.372793	-0.230851	-1.420000
213	0.537958	0.236738	-0.181056	-1.420000
214	0.104741	0.533728	0.287034	-1.420000
215	-0.121166	0.502070	0.333871	-1.420000
216	-0.180654	0.582705	0.077739	-1.420000
217	0.044586	0.609748	0.066668	-1.420000
218	-0.103705	0.604545	-0.044678	-1.420000
219	-0.130375	0.596771	-0.071355	-1.420000
220	-0.238858	0.565651	0.034789	-1.420000
221	-0.082061	0.606731	0.058039	-1.420000
222	-0.326799	0.467126	-0.230696	-1.420000
223	0.068767	0.604307	0.091156	-1.420000
224	-0.124741	0.599126	0.060935	-1.420000
225	0.035907	0.589697	0.170859	-1.420000
226	-0.132523	0.597888	0.056508	-1.420000
227	-0.261078	0.550435	0.084167	-1.420000
228	-0.139423	0.598354	0.027547	-1.420000
229	-0.052229	0.529810	-0.307894	-1.420000
230	0.128121	0.601370	-0.012822	-1.420000
231	-0.291343	0.540437	-0.035660	-1.420000
232	0.035674	0.612751	-0.038579	-1.420000
233	-0.179233	0.587387	-0.032817	-1.420000
234	0.035369	0.609296	-0.075714	-1.420000
235	-0.242565	0.542108	0.159706	-1.420000
236	-0.015842	0.605931	-0.104027	-1.420000
237	0.044065	0.612721	-0.029255	-1.420000
238	0.032961	0.605918	0.100007	-1.420000
239	0.243178	0.563133	-0.044389	-1.420000
240	-0.081224	0.595354	-0.131076	-1.420000
241	0.029104	0.595933	0.149138	-1.420000
242	0.184565	0.586625	0.005637	-1.420000
243	0.146309	0.585736	0.117184	-1.420000
244	0.142007	0.598086	0.018772	-1.420000
245	0.274616	0.543130	0.088431	-1.420000
246	0.249489	0.519310	-0.215167	-1.420000
247	0.316105	0.524261	0.058760	-1.420000
248	0.287970	0.474946	-0.264054	-1.420000
249	0.168910	0.543876	-0.232148	-1.420000
250	0.057436	0.606149	0.086658	-1.420000
251	0.359679	0.496765	0.045608	-1.420000
252	0.322364	0.522752	-0.032197	-1.420000
253	0.371511	0.479966	0.099186	-1.420000
254	0.340501	0.495027	-0.131270	-1.420000
255	0.482092	0.377073	0.060236	-1.420000
256	0.341109	0.510290	0.038393	-1.420000
257	0.382507	0.480821	0.026927	-1.420000
258	0.185435	0.586373	0.002234	-1.420000
259	0.127885	0.584397	0.142656	-1.420000
260	0.297019	0.538300	-0.015432	-1.420000
261	0.314664	0.528247	-0.012913	-1.420000
262	0.276184	0.537510	-0.114150	-1.420000
263	0.352687	0.503167	0.025702	-1.420000
264	0.420941	0.438840	-0.091941	-1.420000
265	0.429703	0.439922	-0.007041	-1.420000
266	0.431813	0.367332	-0.238390	-1.420000
267	0.251792	0.533623	-0.173414	-1.420000
268	0.264286	0.555308	0.003304	-1.420000
269	0.321160	0.523382	0.033941	-1.420000
270	0.462353	0.399732	0.068331	-1.420000
271	0.379497	0.476853	-0.082573	-1.420000
272	0.513680	0.293097	-0.168678	-1.420000
273	0.459454	0.401920	-0.074747	-1.420000
274	0.536177	0.299082	-0.035909	-1.420000
275	0.574538	0.218880	0.014928	-1.420000
276	0.497080	0.361625	-0.019079	-1.420000
277	0.407372	0.460249	0.021075	-1.420000
278	0.453486	0.401269	0.107510	-1.420000
279	0.462294	0.405450	-0.010948	-1.420000
280	0.343384	0.508843	0.037302	-1.420000
281	0.463968	0.386116	-0.117783	-1.420000
282	0.516849	0.325760	0.070519	-1.420000
283	0.604479	0.113128	0.005681	-1.420000
284	0.516307	0.312605	0.118027	-1.420000
285	0.511560	0.338161	0.046678	-1.420000
286	0.482739	0.314828	-0.214642	-1.420000
287	0.370594	0.487045	0.060596	-1.420000
288	0.440958	0.427152	0.036358	-1.420000
289	0.539717	0.291751	0.042569	-1.420000
290	0.456606	0.325501	-0.252558	-1.420000
291	0.551714	0.270776	-0.022734	-1.420000
292	0.527702	0.254627	-0.186869	-1.420000
293	0.442518	0.417341	0.090715	-1.420000
294	0.226502	0.570886	-0.031790	-1.420000
295	0.436177	0.406981	-0.149468	-1.420000
296	0.493092	0.365952	-0.034128	-1.420000
297	0.429673	0.394655	-0.194559	-1.420000
298	0.474518	0.351296	-0.172187	-1.420000
299	0.555598	0.255544	-0.065060	-1.420000
300	0.559524	0.254384	-0.021132	-1.420000
301	0.482933	0.380773	0.003592	-1.420000
302	0.497061	0.351958	-0.085329	-1.420000
303	0.471695	0.388847	-0.067286	-1.420000
304	0.347007	0.489600	-0.134546	-1.420000
305	0.409427	0.434002	-0.149119	-1.420000
306	0.473308	0.288943	-0.265925	-1.420000
307	0.423975	0.444440	-0.030709	-1.420000
308	0.535254	0.295035	-0.068432	-1.420000
309	0.480020	0.369940	-0.104645	-1.420000
310	0.459262	0.383251	-0.142905	-1.420000
311	0.560937	0.222866	-0.117921	-1.420000
312	0.317276	0.510031	-0.132021	-1.420000
313	0.352194	0.262259	-0.430587	-1.420000
314	0.589867	0.148964	-0.089955	-1.420000
315	0.550795	0.193857	-0.193052	-1.420000
316	0.532755	0.251397	-0.176626	-1.420000
317	0.462153	0.351897	-0.202011	-1.420000
318	0.400467	0.426133	-0.190425	-1.420000
319	0.334694	0.462340	-0.229012	-1.420000
320	0.359326	0.493074	-0.077379	-1.420000
321	0.584946	0.189807	-0.006009	-1.420000
322	0.079403	0.433318	0.429134	-1.420000
323	-0.055658	0.612132	-0.020534	-1.420000
324	0.153996	0.592727	0.056434	-1.420000
325	-0.182870	0.556832	-0.186339	-1.420000
326	-0.409334	0.448745	-0.096433	-1.420000
327	-0.318535	0.473601	0.229046	-1.420000
328	-0.246063	0.563525	-0.010863	-1.420000
329	-0.423597	0.373852	-0.242952	-1.420000
330	-0.063769	0.607381	0.072435	-1.420000
331	-0.120384	0.602301	-0.031080	-1.420000
332	-0.052977	0.584513	0.183747	-1.420000
333	-0.118009	0.527298	0.293693	-1.420000
334	-0.029006	0.614253	0.008781	-1.420000
335	-0.139020	0.591307	-0.096198	-1.420000
336	-0.328207	0.517542	0.051526	-1.420000
337	-0.202258	0.579009	-0.045449	-1.420000
338	0.022849	0.599555	-0.135046	-1.420000
339	0.013320	0.612003	-0.059161	-1.420000
340	-0.163768	0.582066	-0.112270	-1.420000
341	-0.101116	0.568823	0.210811	-1.420000
342	0.052150	0.598427	-0.131874	-1.420000
343	0.034941	0.594374	-0.154024	-1.420000
344	0.081635	0.584381	-0.173378	-1.420000
345	-0.107732	0.568662	-0.207948	-1.420000
346	-0.165792	0.589256	-0.059292	-1.420000
347	0.133596	0.593562	-0.089784	-1.420000
348	0.242552	0.565124	-0.005370	-1.420000
349	-0.016428	0.614777	-0.002107	-1.420000
350	0.041882	0.610223	-0.064026	-1.420000
351	0.080499	0.606621	-0.061281	-1.420000
352	0.102521	0.603928	0.054635	-1.420000
353	0.173632	0.574522	-0.134167	-1.420000
354	0.224895	0.570403	0.047826	-1.420000
355	0.138117	0.594641	0.074503	-1.420000
356	0.248435	0.560473	0.048732	-1.420000
357	0.296326	0.538893	0.003201	-1.420000
358	0.392354	0.453145	-0.137634	-1.420000
359	0.319533	0.524872	0.025159	-1.420000
360	0.355543	0.498453	-0.057953	-1.420000
361	0.311515	0.529625	-0.026084	-1.420000
362	0.175308	0.589444	0.006920	-1.420000
363	0.422964	0.446090	-0.018170	-1.420000
364	0.197710	0.582095	0.017353	-1.420000
365	0.318935	0.504814	0.147200	-1.420000
366	0.272557	0.549260	-0.047449	-1.420000
367	0.505472	0.330767	-0.115394	-1.420000
368	0.362606	0.485324	-0.105841	-1.420000
369	0.131528	0.600022	0.029984	-1.420000
370	0.368841	0.481037	0.103852	-1.420000
371	0.379933	0.476451	0.082889	-1.420000
372	0.247063	0.486169	0.284297	-1.420000
373	0.314227	0.478966	-0.223782	-1.420000
374	0.552988	0.268796	-0.013343	-1.420000
375	0.377885	0.474003	-0.103676	-1.420000
376	0.537622	0.274225	-0.118271	-1.420000
377	0.378015	0.456787	-0.163326	-1.420000
378	0.379942	0.477627	0.075775	-1.420000
379	0.414959	0.440566	0.109251	-1.420000
380	0.475677	0.389421	-0.017554	-1.420000
381	0.523923	0.293866	-0.131804	-1.420000
382	0.441592	0.400948	-0.149874	-1.420000
383	0.425967	0.443110	0.020763	-1.420000
384	0.551250	0.215022	-0.167674	-1.420000
385	0.596925	0.147862	0.006477	-1.420000
386	0.559507	0.249943	-0.052008	-1.420000
387	0.382755	0.480413	0.030444	-1.420000
388	0.367068	0.450325	-0.201728	-1.420000
389	0.479210	0.376717	-0.081654	-1.420000
390	0.481184	0.382921	-0.007660	-1.420000
391	0.536534	0.300564	-0.004148	-1.420000
392	0.464387	0.380711	-0.132775	-1.420000
393	0.476031	0.366663	-0.131063	-1.420000
394	0.405202	0.458663	-0.060536	-1.420000
395	0.426353	0.440067	-0.052810	-1.420000
396	0.465013	0.343890	-0.209111	-1.420000
397	0.474222	0.355747	-0.163655	-1.420000
398	0.518700	0.308558	-0.118186	-1.420000
399	0.571739	0.207359	-0.091332	-1.420000
400	0.482646	0.363395	-0.114986	-1.420000
401	0.451744	0.354449	-0.220269	-1.420000
402	0.501681	0.299821	-0.191438	-1.420000
403	0.502619	0.353393	0.026688	-1.420000
404	0.533696	0.199571	-0.231442	-1.420000
405	0.520740	0.326584	-0.019947	-1.420000
406	0.385976	0.475879	-0.052789	-1.420000
407	0.500318	0.268692	-0.236032	-1.420000
408	0.542394	0.258492	-0.131207	-1.420000
409	0.513265	0.291368	-0.172883	-1.420000
410	0.373224	0.482503	-0.078226	-1.420000
411	0.545083	0.257271	-0.122151	-1.420000
412	0.505466	0.198529	-0.288643	-1.420000
413	0.493906	0.188744	-0.314098	-1.420000
414	0.397653	0.418375	-0.212272	-1.420000
415	0.372441	0.437931	-0.218471	-1.420000
416	0.480939	0.373777	-0.084932	-1.420000
417	0.520161	0.319594	-0.074276	-1.420000
418	0.437782	0.198951	-0.383393	-1.420000
419	0.491268	0.047114	-0.366962	-1.420000
420	0.512359	0.296001	-0.167620	-1.420000
421	0.413948	0.447510	-0.081283	-1.420000
422	0.306960	0.412236	-0.337731	-1.420000
423	0.346317	0.411897	-0.297709	-1.420000
424	0.500985	0.346565	-0.084447	-1.420000
425	0.541048	0.225757	-0.185811	-1.420000
426	0.016863	0.535446	0.302057	-1.420000
427	-0.286653	0.535967	0.093779	-1.420000
428	-0.072774	0.532481	0.298986	-1.420000
429	0.056486	0.562411	0.242340	-1.420000
430	-0.113982	0.586155	-0.147159	-1.420000
431	-0.423537	0.431014	0.114316	-1.420000
432	-0.132953	0.597172	-0.062724	-1.420000
433	-0.120574	0.584265	0.149404	-1.420000
434	-0.367430	0.447926	-0.206356	-1.420000
435	-0.087031	0.594602	0.130765	-1.420000
436	-0.202101	0.580789	0.008005	-1.420000
437	-0.172053	0.575980	0.129884	-1.420000
438	-0.138501	0.596990	0.051430	-1.420000
439	-0.096136	0.605043	-0.053906	-1.420000
440	-0.125512	0.600864	0.037866	-1.420000
441	-0.303151	0.522201	-0.116750	-1.420000
442	-0.071168	0.610559	0.019449	-1.420000
443	-0.237191	0.567231	0.014634	-1.420000
444	0.195729	0.581874	-0.036583	-1.420000
445	-0.098027	0.596622	0.112508	-1.420000
446	0.131469	0.598909	0.047421	-1.420000
447	-0.059574	0.588430	0.168601	-1.420000
448	-0.027276	0.612269	-0.051071	-1.420000
449	-0.025772	0.606420	-0.099071	-1.420000
450	0.044365	0.599407	0.130260	-1.420000
451	0.017244	0.614325	0.023087	-1.420000
452	0.031672	0.572749	-0.221768	-1.420000
453	-0.164711	0.586603	-0.083616	-1.420000
454	-0.152022	0.589080	-0.089995	-1.420000
455	0.133693	0.591252	-0.103788	-1.420000
456	-0.000841	0.614381	-0.027569	-1.420000
457	0.025505	0.614088	-0.021702	-1.420000
458	-0.036845	0.595446	-0.149369	-1.420000
459	0.235924	0.553290	-0.128199	-1.420000
460	0.249598	0.518217	-0.217663	-1.420000
461	0.366699	0.489669	0.063097	-1.420000
462	0.109005	0.597179	0.098590	-1.420000
463	0.076257	0.596182	-0.130296	-1.420000
464	0.269630	0.552466	0.017498	-1.420000
465	0.241520	0.564306	-0.038106	-1.420000
466	0.406021	0.427953	-0.173860	-1.420000
467	0.352838	0.474752	-0.168347	-1.420000
468	0.383109	0.479840	-0.034737	-1.420000
469	0.455125	0.413202	0.018715	-1.420000
470	0.183186	0.516800	-0.278541	-1.420000
471	0.293854	0.539432	-0.029801	-1.420000
472	0.226353	0.556512	0.131469	-1.420000
473	0.330581	0.518173	-0.020925	-1.420000
474	0.247389	0.548952	-0.125201	-1.420000
475	0.205143	0.570872	-0.101227	-1.420000
476	0.411765	0.454880	-0.041939	-1.420000
477	0.353351	0.429550	-0.262401	-1.420000
478	0.469451	0.391841	-0.065581	-1.420000
479	0.414443	0.406888	-0.202248	-1.420000
480	0.323104	0.517930	0.074683	-1.420000
481	0.480179	0.376090	0.078801	-1.420000
482	0.256585	0.516486	0.213615	-1.420000
483	0.488254	0.372047	-0.037596	-1.420000
484	0.483254	0.295661	-0.239322	-1.420000
485	0.313454	0.527286	-0.044062	-1.420000
486	0.460442	0.396958	-0.092967	-1.420000
487	0.515915	0.209787	-0.260856	-1.420000
488	0.528553	0.264579	-0.169869	-1.420000
489	0.132303	0.584588	-0.137760	-1.420000
490	0.418611	0.445133	0.069617	-1.420000
491	0.405222	0.440328	0.141883	-1.420000
492	0.537381	0.298565	0.017462	-1.420000
493	0.477024	0.372067	-0.110630	-1.420000
494	0.579186	0.201379	-0.047064	-1.420000
495	0.417844	0.451154	-0.009593	-1.420000
496	0.506515	0.312937	-0.154070	-1.420000
497	0.285461	0.495601	-0.226090	-1.420000
498	0.433147	0.337211	-0.277303	-1.420000
499	0.406240	0.452509	-0.091813	-1.420000
500	0.494340	0.362891	-0.046511	-1.420000
501	0.446863	0.421447	-0.030348	-1.420000
502	0.458218	0.335524	-0.235975	-1.420000
503	0.520019	0.328229	-0.008401	-1.420000
504	0.525957	0.300552	0.106125	-1.420000
505	0.447672	0.421259	-0.018848	-1.420000
506	0.326636	0.519350	0.042542	-1.420000
507	0.476396	0.200951	-0.333002	-1.420000
508	0.508556	0.308647	-0.155991	-1.420000
509	0.521899	0.313043	-0.088599	-1.420000
510	0.519661	0.262158	-0.198621	-1.420000
511	0.518728	0.149243	-0.294742	-1.420000
512	0.513583	0.241972	-0.236447	-1.420000
513	0.544971	0.283780	-0.026474	-1.420000
514	0.441199	0.426542	-0.040376	-1.420000
515	0.501738	0.350260	-0.061657	-1.420000
516	0.555196	-0.008639	-0.264401	-1.420000
517	0.480566	0.379699	-0.055772	-1.420000
518	0.481025	0.281780	-0.259691	-1.420000
519	0.486465	0.366336	-0.085878	-1.420000
520	0.501345	0.355744	-0.018018	-1.420000
521	0.506197	0.300391	-0.178198	-1.420000
522	0.524881	0.312022	-0.073259	-1.420000
523	0.507467	0.344970	-0.041207	-1.420000
524	0.484550	0.349178	-0.146665	-1.420000
525	0.504640	0.208382	-0.283090	-1.420000
526	0.491616	0.369122	-0.016949	-1.420000
527	0.509716	0.330527	-0.095740	-1.420000
528	0.508457	0.302621	-0.167682	-1.420000
529	0.511248	0.293573	-0.175116	-1.420000
530	0.464994	0.381273	-0.128982	-1.420000
531	0.433315	0.262703	-0.348497	-1.420000
532	0.540964	0.290355	-0.035726	-1.420000
533	0.591101	0.155510	0.068127	-1.420000
534	0.531982	0.222010	-0.214316	-1.420000
535	0.559669	0.244087	-0.073605	-1.420000
536	0.402543	0.298210	-0.356727	-1.420000
537	0.572013	0.219616	-0.052863	-1.420000
538	0.536925	0.254121	-0.159246	-1.420000
539	0.527183	0.217224	-0.230471	-1.420000
540	0.357028	0.447476	-0.224769	-1.420000
541	0.464576	0.383419	-0.124030	-1.420000
542	0.596298	0.088927	-0.121430	-1.420000
543	0.003737	0.600313	0.133550	-1.420000
544	-0.242937	0.543886	0.152953	-1.420000
545	-0.089962	0.549745	0.260599	-1.420000
546	-0.023941	0.588770	0.176073	-1.420000
547	-0.110537	0.563230	-0.220858	-1.420000
548	-0.250593	0.559749	0.045921	-1.420000
549	-0.208949	0.561526	-0.138756	-1.420000
550	-0.242500	0.563561	0.042639	-1.420000
551	-0.186541	0.569709	0.137327	-1.420000
552	-0.052252	0.612543	-0.016911	-1.420000
553	-0.091895	0.602813	0.079980	-1.420000
554	-0.176557	0.589110	0.001499	-1.420000
555	-0.199625	0.576875	0.074769	-1.420000
556	-0.028837	0.611236	-0.061514	-1.420000
557	0.002229	0.562744	-0.248072	-1.420000
558	0.140219	0.587960	0.113431	-1.420000
559	-0.032940	0.602571	-0.118527	-1.420000
560	0.023230	0.613311	-0.039176	-1.420000
561	-0.094160	0.606166	-0.043830	-1.420000
562	0.001928	0.607923	-0.093010	-1.420000
563	0.023801	0.613961	0.026644	-1.420000
564	0.095583	0.603593	-0.069025	-1.420000
565	0.078600	0.587497	-0.163994	-1.420000
566	0.395018	0.443472	-0.159744	-1.420000
567	0.052032	0.604859	-0.098301	-1.420000
568	0.293808	0.540275	0.002036	-1.420000
569	0.082505	0.609419	-0.005191	-1.420000
570	0.153288	0.595583	-0.002892	-1.420000
571	0.173700	0.587383	-0.055089	-1.420000
572	0.255874	0.556665	-0.053639	-1.420000
573	0.416041	0.452882	-0.005768	-1.420000
574	0.278018	0.544851	-0.063780	-1.420000
575	0.227729	0.547805	-0.162093	-1.420000
576	0.398101	0.461378	-0.082896	-1.420000
577	0.127919	0.591887	-0.107384	-1.420000
578	0.084876	0.608831	0.018588	-1.420000
579	0.215193	0.574513	0.043030	-1.420000
580	0.219494	0.574360	-0.012559	-1.420000
581	0.398047	0.466976	-0.041428	-1.420000
582	0.367887	0.491851	0.031087	-1.420000
583	0.354762	0.474695	-0.164419	-1.420000
584	0.348928	0.485017	0.145713	-1.420000
585	0.314404	0.528555	-0.002231	-1.420000
586	0.281586	0.544691	0.047393	-1.420000
587	0.422558	0.431048	-0.117758	-1.420000
588	0.544437	0.235077	-0.162948	-1.420000
589	0.401223	0.369525	-0.284072	-1.420000
590	0.494379	0.346205	-0.118136	-1.420000
591	0.247873	0.561394	-0.040260	-1.420000
592	0.334868	0.472015	0.208063	-1.420000
593	0.421426	0.414623	0.169449	-1.420000
594	0.479234	0.366056	0.120678	-1.420000
595	0.481240	0.350731	0.153692	-1.420000
596	0.412142	0.445941	-0.097472	-1.420000
597	0.516397	0.289521	-0.166542	-1.420000
598	0.576169	0.210432	-0.044407	-1.420000
599	0.467327	0.395843	-0.056023	-1.420000
600	0.367025	0.486734	-0.081291	-1.420000
601	0.322581	0.505651	0.135953	-1.420000
602	0.490388	0.364421	0.070300	-1.420000
603	0.522138	0.281954	-0.161550	-1.420000
604	0.500587	0.357138	-0.009491	-1.420000
605	0.573627	0.210978	-0.068303	-1.420000
606	0.510220	0.339513	-0.051305	-1.420000
607	0.538446	0.275068	-0.112420	-1.420000
608	0.482822	0.377772	0.048950	-1.420000
609	0.512081	0.288399	-0.181175	-1.420000
610	0.524023	0.307183	-0.096244	-1.420000
611	0.528909	0.313154	0.020371	-1.420000
612	0.555002	0.237333	0.117773	-1.420000
613	0.504393	0.326430	-0.131363	-1.420000
614	0.406008	0.427410	-0.175224	-1.420000
615	0.525416	0.298724	-0.113697	-1.420000
616	0.534882	0.303298	0.011669	-1.420000
617	0.472945	0.282448	-0.273444	-1.420000
618	0.521827	0.297174	-0.132698	-1.420000
619	0.491097	0.318678	-0.188394	-1.420000
620	0.546639	0.274671	-0.062977	-1.420000
621	0.422274	0.440162	-0.078527	-1.420000
622	0.534987	0.302896	0.016365	-1.420000
623	0.489685	0.370733	-0.031484	-1.420000
624	0.483824	0.335670	-0.177384	-1.420000
625	0.432163	0.411674	-0.148271	-1.420000
626	0.490004	0.353034	-0.116138	-1.420000
627	0.376838	0.449792	-0.184133	-1.420000
628	0.563618	0.212490	-0.124128	-1.420000
629	0.520872	0.318325	-0.074743	-1.420000
630	0.533385	0.302637	-0.046222	-1.420000
631	0.520460	0.150265	-0.291147	-1.420000
632	0.540559	0.203141	-0.211553	-1.420000
633	0.552210	0.267605	-0.040943	-1.420000
634	0.507325	0.304813	-0.167139	-1.420000
635	0.499228	0.309642	-0.181984	-1.420000
636	0.423497	0.336924	-0.292160	-1.420000
637	0.362068	0.487319	-0.098245	-1.420000
638	0.517039	0.331111	-0.035518	-1.420000
639	-0.408634	0.371659	0.270394	-1.420000
640	-0.266227	0.553924	-0.022718	-1.420000
641	-0.158014	0.540627	0.246940	-1.420000
642	0.143650	0.575760	0.161525	-1.420000
643	-0.020256	0.572188	0.224535	-1.420000
644	-0.232891	0.567069	-0.049192	-1.420000
645	-0.001755	0.568482	-0.234627	-1.420000
646	0.058650	0.612178	0.004892	-1.420000
647	-0.170798	0.580947	-0.107490	-1.420000
648	-0.216231	0.560005	-0.133654	-1.420000
649	-0.142654	0.596739	-0.042160	-1.420000
650	-0.220410	0.544375	0.182482	-1.420000
651	0.088765	0.563346	0.230189	-1.420000
652	-0.184358	0.585418	-0.039028	-1.420000
653	-0.059263	0.610309	0.047285	-1.420000
654	0.074833	0.586854	-0.168010	-1.420000
655	0.114290	0.571210	-0.197185	-1.420000
656	0.142228	0.586146	0.120123	-1.420000
657	-0.057101	0.598884	-0.127680	-1.420000
658	0.045289	0.605183	0.099637	-1.420000
659	-0.071854	0.583067	0.181919	-1.420000
660	-0.184818	0.580903	0.081360	-1.420000
661	0.180184	0.542214	-0.227514	-1.420000
662	0.044928	0.590774	0.164903	-1.420000
663	0.348953	0.501490	0.070455	-1.420000
664	0.016573	0.570378	-0.229388	-1.420000
665	0.320771	0.411763	-0.325241	-1.420000
666	-0.297326	0.535627	0.054091	-1.420000
667	0.224549	0.567390	0.076626	-1.420000
668	0.110083	0.596913	0.099006	-1.420000
669	0.273315	0.546988	0.065783	-1.420000
670	0.159483	0.566880	-0.177305	-1.420000
671	0.155936	0.581143	-0.127207	-1.420000
672	0.288249	0.542120	0.035260	-1.420000
673	0.323017	0.507191	-0.129005	-1.420000
674	0.220439	0.548744	-0.168853	-1.420000
675	-0.246467	0.563446	-0.002704	-1.420000
676	0.244556	0.563431	0.031030	-1.420000
677	0.258643	0.554804	-0.059344	-1.420000
678	0.146472	0.593799	-0.064608	-1.420000
679	0.158949	0.594085	-0.004882	-1.420000
680	0.325533	0.495138	-0.164596	-1.420000
681	0.361882	0.484269	-0.112916	-1.420000
682	0.400502	0.466715	0.000800	-1.420000
683	0.129771	0.600415	-0.029776	-1.420000
684	-0.030183	0.610977	0.063416	-1.420000
685	0.443984	0.423618	-0.040629	-1.420000
686	0.478344	0.384920	0.035330	-1.420000
687	0.391715	0.337578	-0.332904	-1.420000
688	0.345235	0.499171	-0.099330	-1.420000
689	0.495444	0.361451	-0.045966	-1.420000
690	0.503441	0.353112	-0.009152	-1.420000
691	0.321964	0.447747	-0.272188	-1.420000
692	0.287102	0.535304	-0.096162	-1.420000
693	0.373395	0.445650	0.200494	-1.420000
694	0.370988	0.451653	0.191319	-1.420000
695	0.340391	0.451274	0.242303	-1.420000
696	0.551949	0.250986	0.102874	-1.420000
697	0.533237	0.289137	0.101404	-1.420000
698	0.472491	0.347565	0.184866	-1.420000
699	0.431051	0.370478	-0.234875	-1.420000
700	0.488282	0.318122	-0.196478	-1.420000
701	0.343574	0.464311	-0.211179	-1.420000
702	0.342494	0.507815	0.055195	-1.420000
703	0.453183	0.414864	0.027163	-1.420000
704	0.378467	0.481433	-0.056656	-1.420000
705	0.472208	0.386504	-0.076547	-1.420000
706	0.334720	0.500699	-0.124453	-1.420000
707	0.367280	0.488960	-0.065178	-1.420000
708	0.586993	0.178770	0.041297	-1.420000
709	0.409415	0.438660	-0.134841	-1.420000
710	0.260246	0.422811	-0.362943	-1.420000
711	0.476731	0.372881	-0.109141	-1.420000
712	0.441075	0.428560	0.003817	-1.420000
713	0.492890	0.342992	-0.132818	-1.420000
714	0.466010	0.319634	-0.242681	-1.420000
715	0.564954	0.239513	-0.041057	-1.420000
716	0.509688	0.338853	0.060177	-1.420000
717	0.544433	0.285372	-0.019497	-1.420000
718	0.474063	0.329557	-0.211854	-1.420000
719	0.520881	0.221120	-0.240860	-1.420000
720	0.314753	0.225869	-0.477639	-1.420000
721	0.448853	0.343017	-0.243095	-1.420000
722	0.484662	0.356609	-0.127113	-1.420000
723	0.512531	0.245670	-0.234911	-1.420000
724	0.472593	0.358796	-0.161698	-1.420000
725	0.481551	0.297341	-0.240669	-1.420000
726	0.479074	0.364011	-0.127315	-1.420000
727	0.519128	0.329742	0.001353	-1.420000
728	0.489841	0.362051	-0.084852	-1.420000
729	0.465390	0.399092	0.048607	-1.420000
730	0.531126	0.309566	-0.017303	-1.420000
731	0.456666	0.383360	-0.150720	-1.420000
732	0.460649	0.388335	-0.123383	-1.420000
733	0.437717	0.428393	-0.055751	-1.420000
734	0.534002	0.293279	-0.083987	-1.420000
735	0.497721	0.328052	-0.151263	-1.420000
736	0.504898	0.314942	-0.155287	-1.420000
737	0.352122	0.476018	0.166260	-1.420000
738	0.564621	-0.006999	-0.243678	-1.420000
739	0.556679	0.246409	-0.087267	-1.420000
740	0.566105	0.120262	-0.208055	-1.420000
741	0.571052	0.178321	-0.142570	-1.420000
742	0.339970	0.340845	-0.382714	-1.420000
743	0.481853	0.285197	-0.254372	-1.420000
744	0.360603	0.377462	-0.325136	-1.420000
745	0.398272	0.408440	-0.229741	-1.420000
746	0.473330	0.226507	0.320746	-1.420000
747	-0.132170	0.590160	-0.111654	-1.420000
748	-0.071038	0.585921	0.172844	-1.420000
749	0.061025	0.589031	0.165961	-1.420000
750	-0.011196	0.605656	-0.106210	-1.420000
751	-0.241016	0.406409	-0.393659	-1.420000
752	-0.319952	0.524557	-0.026381	-1.420000
753	-0.054919	0.605007	0.095790	-1.420000
754	-0.256707	0.553675	0.075963	-1.420000
755	-0.300584	0.473829	-0.251715	-1.420000
756	-0.219167	0.545447	0.180773	-1.420000
757	-0.307382	0.482301	0.226113	-1.420000
758	-0.019097	0.613754	-0.034158	-1.420000
759	-0.052472	0.601012	0.119397	-1.420000
760	-0.273748	0.550632	-0.009591	-1.420000
761	-0.086122	0.601975	-0.091836	-1.420000
762	-0.120933	0.602993	-0.000007	-1.420000
763	-0.165258	0.591344	0.035034	-1.420000
764	-0.130514	0.599729	0.038934	-1.420000
765	-0.184270	0.573280	0.124981	-1.420000
766	-0.048150	0.609155	-0.069547	-1.420000
767	-0.023001	0.555438	0.263029	-1.420000
768	0.028173	0.612561	0.046905	-1.420000
769	0.164117	0.587167	0.080783	-1.420000
770	0.042970	0.613495	-0.001729	-1.420000
771	-0.120392	0.602409	-0.028875	-1.420000
772	0.052065	0.611505	0.039699	-1.420000
773	-0.032532	0.580317	0.200994	-1.420000
774	0.132140	0.569445	-0.191040	-1.420000
775	0.200391	0.580642	0.030385	-1.420000
776	0.122795	0.580247	0.162665	-1.420000
777	0.211686	0.570938	-0.086278	-1.420000
778	0.025599	0.588818	-0.175679	-1.420000
779	-0.106651	0.595549	-0.110327	-1.420000
780	0.350200	0.505281	0.016622	-1.420000
781	-0.046664	0.613196	0.006199	-1.420000
782	0.301544	0.518325	-0.136512	-1.420000
783	0.248352	0.562488	0.012400	-1.420000
784	0.211319	0.566165	0.114132	-1.420000
785	0.285940	0.536949	0.090273	-1.420000
786	0.470776	0.393294	0.043759	-1.420000
787	0.327153	0.512688	0.091361	-1.420000
788	0.267292	0.551899	-0.046773	-1.420000
789	0.163682	0.591565	-0.038529	-1.420000
790	0.298559	0.528776	-0.097385	-1.420000
791	0.468968	0.341756	0.203708	-1.420000
792	0.498236	0.232295	-0.275726	-1.420000
793	0.472988	0.391800	0.031628	-1.420000
794	0.284573	0.543654	0.041034	-1.420000
795	0.505851	0.326230	0.126149	-1.420000
796	0.578597	0.204870	0.038457	-1.420000
797	0.405849	0.461739	0.017569	-1.420000
798	0.287650	0.543563	-0.004647	-1.420000
799	0.460783	0.360244	0.190075	-1.420000
800	0.395369	0.471070	0.000888	-1.420000
801	0.560150	0.208050	-0.145505	-1.420000
802	0.486058	0.346600	-0.147787	-1.420000
803	0.409574	0.443975	-0.115587	-1.420000
804	0.359320	0.476214	-0.149447	-1.420000
805	0.418258	0.435276	-0.117560	-1.420000
806	0.487805	0.355895	0.116662	-1.420000
807	0.502737	0.350995	-0.047782	-1.420000
808	0.491908	0.357448	-0.092099	-1.420000
809	0.471809	0.331110	-0.214446	-1.420000
810	0.373820	0.440157	-0.211530	-1.420000
811	0.355755	0.497243	0.066429	-1.420000
812	0.385894	0.461637	-0.127286	-1.420000
813	0.446517	0.409703	-0.104837	-1.420000
814	0.467821	0.373633	-0.140596	-1.420000
815	0.461003	0.383385	0.136811	-1.420000
816	0.429308	0.435905	-0.062496	-1.420000
817	0.437282	0.385405	-0.196143	-1.420000
818	0.395694	0.447563	-0.146076	-1.420000
819	0.387284	0.454168	-0.148216	-1.420000
820	0.288045	0.512646	-0.180137	-1.420000
821	0.527400	0.308739	-0.068949	-1.420000
822	0.511064	0.339548	0.041783	-1.420000
823	0.586220	0.185045	-0.018152	-1.420000
824	0.487597	0.373877	-0.026283	-1.420000
825	0.445435	0.423977	-0.007490	-1.420000
826	0.565945	0.240357	0.012658	-1.420000
827	0.578731	0.144025	-0.150173	-1.420000
828	0.457996	0.409104	-0.033150	-1.420000
829	0.441414	0.314200	-0.290959	-1.420000
830	0.334671	0.502041	-0.119057	-1.420000
831	0.461301	0.390987	0.112052	-1.420000
832	0.588809	0.159693	-0.077631	-1.420000
833	0.489494	0.372004	-0.015306	-1.420000
834	0.487517	0.374903	0.000423	-1.420000
835	0.567747	0.234151	0.032575	-1.420000
836	0.479798	0.361056	-0.132881	-1.420000
837	0.477762	0.374454	-0.098756	-1.420000
838	0.428073	0.368636	-0.243076	-1.420000
839	0.547617	0.259083	-0.105907	-1.420000
840	0.528615	0.307463	0.065251	-1.420000
841	0.586652	0.137501	-0.123119	-1.420000
842	0.521538	0.317596	-0.073188	-1.420000
843	0.552338	0.220857	-0.156111	-1.420000
844	0.413009	0.198114	-0.410365	-1.420000
845	0.597328	0.146359	0.002002	-1.420000
846	0.502122	0.168638	-0.312506	-1.420000
847	0.432417	0.428919	-0.085256	-1.420000
848	0.342112	0.379870	-0.341881	-1.420000
849	0.360729	0.496005	-0.045588	-1.420000
850	0.604316	0.112143	0.021232	-1.420000
