1	-0.557066	-0.203092	-0.163266	-2.890000
2	-0.562549	-0.247491	-0.022615	-2.890000
3	-0.611421	-0.065893	-0.006862	-2.890000
4	-0.602883	-0.098088	-0.071664	-2.890000
5	-0.604070	-0.101306	0.055336	-2.890000
6	-0.543794	0.230398	-0.171551	-2.890000
7	-0.603665	-0.109313	0.043178	-2.890000
8	-0.602194	0.112450	-0.054240	-2.890000
9	-0.432568	0.404868	-0.164901	-2.890000
10	-0.565471	0.007150	-0.241694	-2.890000
11	-0.572022	-0.225841	-0.003454	-2.890000
12	-0.606749	-0.054115	0.084573	-2.890000
13	-0.566521	-0.031424	-0.237259	-2.890000
14	-0.611142	0.066987	0.015611	-2.890000
15	-0.549955	-0.185053	0.203790	-2.890000
16	-0.583745	-0.008998	-0.193355	-2.890000
17	-0.597916	0.042076	-0.137662	-2.890000
18	-0.612167	0.019468	-0.055658	-2.890000
19	-0.557847	0.206063	0.156747	-2.890000
20	-0.603515	0.041364	-0.110834	-2.890000
21	-0.581828	0.067538	-0.187455	-2.890000
22	-0.522503	0.064967	-0.317797	-2.890000
23	-0.577549	0.174252	-0.119578	-2.890000
24	-0.561631	-0.083680	-0.236206	-2.890000
25	-0.441318	0.075134	-0.421685	-2.890000
26	-0.612646	-0.003959	0.053614	-2.890000
27	-0.529484	0.149122	0.275017	-2.890000
28	-0.529443	0.309122	0.048569	-2.890000
29	-0.612113	0.033459	-0.049224	-2.890000
30	-0.600624	-0.026594	-0.129493	-2.890000
31	-0.573795	0.179776	-0.129094	-2.890000
32	-0.613715	0.012141	-0.037828	-2.890000
33	-0.571494	-0.142790	-0.176721	-2.890000
34	-0.591875	-0.082545	-0.145241	-2.890000
35	-0.613876	0.010586	0.035617	-2.890000
36	-0.599191	-0.094253	-0.101543	-2.890000
37	-0.610613	-0.024957	-0.068952	-2.890000
38	-0.576567	0.212893	0.021718	-2.890000
39	-0.597406	-0.142590	0.031618	-2.890000
40	-0.605433	0.068019	0.083960	-2.890000
41	-0.580634	-0.034768	0.199699	-2.890000
42	-0.610228	0.071151	-0.028007	-2.890000
43	-0.546295	0.084290	-0.269595	-2.890000
44	-0.577680	-0.206027	0.045432	-2.890000
45	-0.576118	-0.026741	0.213536	-2.890000
46	-0.607864	0.053839	0.076339	-2.890000
47	-0.611793	-0.017358	-0.060270	-2.890000
48	-0.573328	-0.196769	0.103933	-2.890000
49	-0.595803	0.145979	0.043976	-2.890000
50	-0.595464	0.109863	0.107600	-2.890000
51	-0.554167	-0.053301	-0.261310	-2.890000
52	-0.586407	0.038746	0.181247	-2.890000
53	-0.602590	-0.072292	0.099420	-2.890000
54	-0.561530	-0.227830	-0.104891	-2.890000
55	-0.593828	-0.157133	-0.030050	-2.890000
56	-0.590281	-0.149138	0.086900	-2.890000
57	-0.614578	0.016378	0.015834	-2.890000
58	-0.611509	0.045113	-0.047396	-2.890000
59	-0.594054	0.138717	-0.077986	-2.890000
60	-0.575595	0.202461	-0.076975	-2.890000
61	-0.608406	-0.038999	-0.080912	-2.890000
62	-0.587764	-0.091551	-0.156131	-2.890000
63	-0.533601	0.157870	-0.261862	-2.890000
64	-0.404912	0.461427	0.036839	-2.890000
65	-0.593424	0.161468	0.000894	-2.890000
66	-0.590096	0.156956	0.073325	-2.890000
67	-0.557740	-0.256948	0.033591	-2.890000
68	-0.612681	0.049401	-0.020155	-2.890000
69	-0.608320	-0.018006	-0.088589	-2.890000
70	-0.540813	-0.072308	-0.283757	-2.890000
71	-0.587424	-0.089729	-0.158450	-2.890000
72	-0.543068	-0.193302	-0.214328	-2.890000
73	-0.383916	0.460737	-0.136216	-2.890000
74	-0.608849	0.086617	-0.005014	-2.890000
75	-0.597218	0.071929	-0.127993	-2.890000
76	-0.555502	-0.207030	-0.163650	-2.890000
77	-0.610981	-0.063484	0.029943	-2.890000
78	-0.576124	-0.199121	0.081593	-2.890000
79	-0.583107	-0.131243	-0.144868	-2.890000
80	-0.599542	-0.073231	0.115809	-2.890000
81	-0.539444	0.176441	-0.236840	-2.890000
82	-0.593106	-0.152349	-0.056919	-2.890000
83	-0.580393	-0.058905	-0.194678	-2.890000
84	-0.550080	-0.250817	-0.112816	-2.890000
85	-0.595572	0.052569	0.144068	-2.890000
86	-0.607180	-0.064735	-0.073263	-2.890000
87	-0.610515	-0.041185	0.061648	-2.890000
88	-0.600134	-0.084564	0.104465	-2.890000
89	-0.496697	-0.296556	-0.208738	-2.890000
90	-0.526606	-0.126626	-0.291336	-2.890000
91	-0.608799	0.015192	-0.085777	-2.890000
92	-0.598135	0.031390	0.139548	-2.890000
93	-0.600702	-0.084544	0.101167	-2.890000
94	-0.595425	0.123559	-0.091802	-2.890000
95	-0.605953	0.016303	0.103826	-2.890000
96	-0.606234	0.058296	-0.085483	-2.890000
97	-0.612999	-0.014960	-0.047259	-2.890000
98	-0.572887	-0.202820	0.094287	-2.890000
99	-0.569663	-0.226958	-0.046890	-2.890000
100	-0.605390	0.017879	-0.106808	-2.890000
101	-0.614919	-0.001696	0.009862	-2.890000
102	-0.600363	-0.024644	0.131080	-2.890000
103	-0.539635	0.277931	0.098861	-2.890000
104	-0.590155	0.172277	0.016190	-2.890000
105	-0.600727	0.077488	-0.106523	-2.890000
106	-0.611380	-0.047372	-0.046861	-2.890000
107	-0.554525	-0.259567	-0.057895	-2.890000
108	-0.550414	-0.107111	-0.252579	-2.890000
109	-0.572356	-0.113338	-0.194392	-2.890000
110	-0.491442	-0.096516	0.356923	-2.890000
111	-0.587399	-0.107118	0.147353	-2.890000
112	-0.549157	0.194192	0.197335	-2.890000
113	-0.563977	0.243709	0.027588	-2.890000
114	-0.314977	0.235859	-0.472637	-2.890000
115	-0.546728	-0.260074	-0.108050	-2.890000
116	-0.551424	-0.272313	0.001356	-2.890000
117	-0.515790	-0.319624	0.100131	-2.890000
118	-0.601960	-0.124680	0.018015	-2.890000
119	-0.586550	-0.095729	-0.158176	-2.890000
120	-0.601774	-0.125218	0.020346	-2.890000
121	-0.524216	0.073274	-0.313136	-2.890000
122	-0.609457	-0.072685	-0.038787	-2.890000
123	-0.559515	0.237424	-0.093800	-2.890000
124	-0.612090	0.049625	-0.033285	-2.890000
125	-0.568859	0.075865	0.221063	-2.890000
126	-0.594839	0.155899	0.009342	-2.890000
127	-0.601994	0.036936	-0.120269	-2.890000
128	-0.562192	0.140121	-0.206230	-2.890000
129	-0.611959	-0.001099	0.061072	-2.890000
130	-0.587304	-0.149766	-0.104253	-2.890000
131	-0.558755	-0.054252	-0.251147	-2.890000
132	-0.577472	0.112998	-0.178838	-2.890000
133	-0.509448	0.239366	0.247773	-2.890000
134	-0.604563	0.037411	-0.106440	-2.890000
135	-0.587346	0.179315	0.033109	-2.890000
136	-0.610615	-0.003447	-0.073229	-2.890000
137	-0.596015	0.141575	0.054294	-2.890000
138	-0.610962	-0.008905	-0.069791	-2.890000
139	-0.538780	0.151690	-0.254816	-2.890000
140	-0.521528	-0.077966	-0.316472	-2.890000
141	-0.608755	0.085772	-0.016905	-2.890000
142	-0.608460	0.075589	-0.047836	-2.890000
143	-0.604234	-0.023232	0.112187	-2.890000
144	-0.609466	-0.070767	0.042050	-2.890000
145	-0.580390	0.146884	0.140705	-2.890000
146	-0.539187	-0.108852	-0.275052	-2.890000
147	-0.585330	-0.147456	-0.117775	-2.890000
148	-0.588326	0.067850	-0.165811	-2.890000
149	-0.597399	0.145450	-0.013567	-2.890000
150	-0.613555	0.042032	-0.002866	-2.890000
151	-0.607776	0.008910	-0.093565	-2.890000
152	-0.608342	-0.027510	-0.085953	-2.890000
153	-0.604517	-0.035325	-0.107407	-2.890000
154	-0.592817	0.154837	-0.053087	-2.890000
155	-0.612662	-0.025561	-0.047084	-2.890000
156	-0.604480	0.112520	-0.012962	-2.890000
157	-0.601781	-0.102798	-0.074275	-2.890000
158	-0.603511	-0.101701	0.060467	-2.890000
159	-0.614641	-0.021022	-0.000193	-2.890000
160	-0.590584	0.010376	0.171255	-2.890000
161	-0.594780	0.154006	0.027269	-2.890000
162	-0.598449	-0.139907	-0.022583	-2.890000
163	-0.459406	0.036142	-0.407265	-2.890000
164	-0.604613	-0.040844	0.104881	-2.890000
165	-0.602353	0.044772	-0.115723	-2.890000
166	-0.592326	0.094556	0.135770	-2.890000
167	-0.614098	-0.025872	-0.020957	-2.890000
168	-0.613459	-0.040095	-0.016877	-2.890000
169	-0.614670	0.018377	-0.008258	-2.890000
170	-0.611246	-0.041752	-0.053482	-2.890000
171	-0.614167	0.031838	0.003203	-2.890000
172	-0.580567	-0.159205	-0.125780	-2.890000
173	-0.613638	-0.001124	-0.040898	-2.890000
174	-0.517506	0.311810	-0.114838	-2.890000
175	-0.596329	0.129819	0.075916	-2.890000
176	-0.602396	-0.102932	0.068913	-2.890000
177	-0.594790	-0.152991	-0.032301	-2.890000
178	-0.606155	0.038091	-0.096697	-2.890000
179	-0.569390	0.229124	0.039018	-2.890000
180	-0.577365	-0.206800	-0.045920	-2.890000
181	-0.576327	0.138469	-0.164007	-2.890000
182	-0.601861	0.114389	-0.053885	-2.890000
183	-0.543942	-0.165436	-0.234484	-2.890000
184	-0.564529	-0.066036	-0.234886	-2.890000
185	-0.612957	0.021163	0.045400	-2.890000
186	-0.602305	0.085855	0.089902	-2.890000
187	-0.549097	-0.095030	0.260167	-2.890000
188	-0.604698	-0.072594	0.085412	-2.890000
189	-0.611740	0.060477	0.018493	-2.890000
190	-0.611107	-0.057899	-0.037690	-2.890000
191	-0.601740	-0.126795	-0.007525	-2.890000
192	-0.583181	-0.151769	-0.122848	-2.890000
193	-0.614177	0.031730	-0.002061	-2.890000
194	-0.577475	-0.158978	-0.139550	-2.890000
195	-0.605002	-0.014427	0.109495	-2.890000
196	-0.602094	-0.125210	-0.005482	-2.890000
197	-0.557337	-0.259861	-0.008488	-2.890000
198	-0.603432	0.117856	-0.014311	-2.890000
199	-0.591850	0.159669	-0.049444	-2.890000
200	-0.593535	0.144528	-0.071081	-2.890000
201	-0.568373	0.084829	-0.219047	-2.890000
202	-0.550928	-0.148969	0.229153	-2.890000
203	-0.587101	-0.178279	0.041888	-2.890000
204	-0.596765	-0.120524	0.087005	-2.890000
205	-0.613763	0.018179	0.034487	-2.890000
206	-0.556207	0.255695	0.058979	-2.890000
207	-0.596861	-0.006086	0.148137	-2.890000
208	-0.573365	0.221811	-0.016674	-2.890000
209	-0.530849	0.273082	0.147820	-2.890000
210	-0.545062	0.206957	-0.195706	-2.890000
211	-0.549377	0.238849	-0.139144	-2.890000
212	-0.568875	-0.226799	0.056290	-2.890000
213	-0.474172	-0.138229	-0.366440	-2.890000
214	-0.603019	-0.118317	-0.024379	-2.890000
215	-0.588975	-0.148453	-0.096414	-2.890000
216	-0.597467	0.126445	0.072592	-2.890000
217	-0.614064	-0.030799	-0.014192	-2.890000
218	-0.614065	0.002278	-0.033829	-2.890000
219	-0.606043	0.032417	0.099427	-2.890000
220	-0.598645	-0.015726	-0.140006	-2.890000
221	-0.546997	0.272116	-0.070516	-2.890000
222	-0.487914	0.358665	-0.107350	-2.890000
223	-0.577283	0.205002	0.054253	-2.890000
224	-0.614799	0.012110	0.010024	-2.890000
225	-0.614766	-0.009271	-0.014186	-2.890000
226	-0.601364	0.060348	-0.113771	-2.890000
227	-0.607069	-0.093075	0.032091	-2.890000
228	-0.610655	-0.025135	-0.068513	-2.890000
229	-0.574210	0.141880	-0.168456	-2.890000
230	-0.574096	0.150791	-0.160939	-2.890000
231	-0.579338	0.177654	0.105030	-2.890000
232	-0.596892	-0.133446	0.064323	-2.890000
233	-0.601606	-0.040279	-0.121132	-2.890000
234	-0.614062	-0.021919	0.025939	-2.890000
235	-0.530438	0.105779	-0.292697	-2.890000
236	-0.557698	0.251959	-0.060950	-2.890000
237	-0.593667	0.097207	-0.127811	-2.890000
238	-0.569965	-0.111848	-0.202126	-2.890000
239	-0.591194	0.077569	-0.150658	-2.890000
240	-0.524796	0.311563	0.075778	-2.890000
241	-0.602010	-0.010345	-0.125309	-2.890000
242	-0.584518	-0.115720	0.152225	-2.890000
243	-0.611148	0.065806	0.019829	-2.890000
244	-0.549448	-0.234187	0.146588	-2.890000
245	-0.612427	0.026780	0.049412	-2.890000
246	-0.568989	0.151634	-0.177436	-2.890000
247	-0.608083	0.016287	-0.090524	-2.890000
248	-0.605474	0.038334	0.100780	-2.890000
249	-0.602530	0.122608	0.012237	-2.890000
250	-0.593496	-0.126548	0.099868	-2.890000
251	-0.604803	-0.053385	-0.097921	-2.890000
252	-0.612902	0.050250	0.007189	-2.890000
253	-0.600837	0.079212	-0.104621	-2.890000
254	-0.604248	-0.074823	0.086665	-2.890000
255	-0.611127	0.060520	0.032957	-2.890000
256	-0.589321	-0.174121	-0.024648	-2.890000
257	-0.577338	-0.080284	0.196114	-2.890000
258	-0.582473	-0.196445	-0.018951	-2.890000
259	-0.597367	0.035720	-0.141782	-2.890000
260	-0.560620	0.233070	0.098025	-2.890000
261	-0.609216	-0.084129	0.001683	-2.890000
262	-0.595204	0.154316	-0.011974	-2.890000
263	-0.596646	0.076513	-0.128001	-2.890000
264	-0.612685	0.049936	-0.018680	-2.890000
265	-0.601726	0.058267	-0.112941	-2.890000
266	-0.612781	-0.034096	0.039523	-2.890000
267	-0.611359	0.004540	-0.066667	-2.890000
268	-0.605595	0.066380	-0.084102	-2.890000
269	-0.599373	0.133658	0.033362	-2.890000
270	-0.613848	0.016918	-0.033600	-2.890000
271	-0.603862	0.035692	-0.110913	-2.890000
272	-0.610156	0.066577	-0.038758	-2.890000
273	-0.604898	-0.051956	0.098101	-2.890000
274	-0.592149	-0.027912	-0.163722	-2.890000
275	-0.601246	-0.038438	-0.123492	-2.890000
276	-0.547521	0.257860	-0.109337	-2.890000
277	-0.464063	0.378099	-0.141111	-2.890000
278	-0.608602	-0.085205	0.023836	-2.890000
279	-0.611344	0.065862	-0.012058	-2.890000
280	-0.600676	-0.127998	-0.032101	-2.890000
281	-0.595416	-0.113030	-0.104541	-2.890000
282	-0.600656	-0.131188	0.015087	-2.890000
283	-0.606856	-0.022596	-0.097162	-2.890000
284	-0.573337	-0.200175	-0.097155	-2.890000
285	-0.578104	-0.129573	-0.165021	-2.890000
286	-0.597718	0.084161	-0.117791	-2.890000
287	-0.612666	0.027773	-0.045767	-2.890000
288	-0.605751	-0.076183	-0.074071	-2.890000
289	-0.613424	-0.043933	-0.002529	-2.890000
290	-0.598408	-0.073230	0.121534	-2.890000
291	-0.610412	0.066238	0.035130	-2.890000
292	-0.600273	-0.106135	0.081439	-2.890000
293	-0.584821	-0.109260	0.155793	-2.890000
294	-0.569574	-0.095037	-0.211610	-2.890000
295	-0.586676	-0.174600	0.059590	-2.890000
296	-0.597803	-0.013890	-0.143747	-2.890000
297	-0.599085	-0.035735	-0.134331	-2.890000
298	-0.614031	0.010635	-0.032839	-2.890000
299	-0.602949	0.022279	0.119084	-2.890000
300	-0.594123	-0.098113	0.124967	-2.890000
301	-0.608801	-0.085906	0.014386	-2.890000
302	-0.567302	-0.135780	-0.194826	-2.890000
303	-0.610351	-0.067751	0.033260	-2.890000
304	-0.604329	-0.113163	0.014357	-2.890000
305	-0.601751	0.099912	0.078345	-2.890000
306	-0.603407	0.065394	-0.099241	-2.890000
307	-0.567361	0.208058	-0.114188	-2.890000
308	-0.605431	0.096806	0.048029	-2.890000
309	-0.609794	0.069148	0.039933	-2.890000
310	-0.592677	-0.109236	0.122582	-2.890000
311	-0.571721	-0.171206	0.148489	-2.890000
312	-0.543001	-0.210008	-0.198170	-2.890000
313	-0.601385	0.054094	0.116767	-2.890000
314	-0.611334	-0.059688	0.030552	-2.890000
315	-0.539588	0.290567	-0.051386	-2.890000
316	-0.525537	0.317264	0.037140	-2.890000
317	-0.522632	0.319868	-0.052586	-2.890000
318	-0.555740	0.087245	-0.248528	-2.890000
319	-0.600368	-0.096779	-0.091745	-2.890000
320	-0.561414	-0.251075	-0.000551	-2.890000
321	-0.585926	-0.178498	-0.055262	-2.890000
322	-0.589683	0.004622	-0.174577	-2.890000
323	-0.550822	0.115048	-0.248162	-2.890000
324	-0.595966	-0.084726	0.125981	-2.890000
325	-0.606020	-0.098129	0.036543	-2.890000
326	-0.583308	-0.191439	0.036443	-2.890000
327	-0.584842	-0.075352	-0.174661	-2.890000
328	-0.604670	0.105559	0.038164	-2.890000
329	-0.611567	0.033074	0.055828	-2.890000
330	-0.604483	-0.108861	0.031219	-2.890000
331	-0.569750	0.054157	-0.225115	-2.890000
332	-0.613075	-0.021862	-0.043424	-2.890000
333	-0.588556	-0.133925	-0.117860	-2.890000
334	-0.606359	-0.055172	-0.086657	-2.890000
335	-0.601358	-0.088612	-0.093499	-2.890000
336	-0.609519	0.015408	-0.080462	-2.890000
337	-0.504794	0.112550	-0.332777	-2.890000
338	-0.583156	0.163855	-0.106326	-2.890000
339	-0.609612	0.035254	-0.073177	-2.890000
340	-0.604179	-0.105742	0.044847	-2.890000
341	-0.604634	0.096166	0.058263	-2.890000
342	-0.595482	0.109549	-0.107822	-2.890000
343	-0.559461	-0.017623	-0.254791	-2.890000
344	-0.570274	-0.022964	-0.229098	-2.890000
345	-0.613735	0.039400	0.001467	-2.890000
346	-0.585748	0.085832	-0.166605	-2.890000
347	-0.544632	0.232645	0.165761	-2.890000
348	-0.601065	-0.129896	-0.008567	-2.890000
349	-0.585208	0.186034	-0.033883	-2.890000
350	-0.557387	-0.123915	-0.228452	-2.890000
351	-0.591427	-0.105550	-0.131524	-2.890000
352	-0.595654	0.060224	-0.140691	-2.890000
353	-0.594473	0.131499	-0.086807	-2.890000
354	-0.606508	-0.066468	-0.077168	-2.890000
355	-0.588019	-0.014346	-0.179592	-2.890000
356	-0.602605	-0.065640	-0.103843	-2.890000
357	-0.602567	-0.115484	0.042450	-2.890000
358	-0.612000	-0.047354	-0.037923	-2.890000
359	-0.612634	-0.014287	-0.051962	-2.890000
360	-0.606208	0.027913	0.099787	-2.890000
361	-0.611879	0.049368	-0.037311	-2.890000
362	-0.607998	0.091307	-0.015042	-2.890000
363	-0.607109	-0.053824	0.082141	-2.890000
364	-0.596799	0.102341	-0.107620	-2.890000
365	-0.602491	0.039527	0.116905	-2.890000
366	-0.607878	-0.009894	-0.092795	-2.890000
367	-0.560517	-0.248612	0.047301	-2.890000
368	-0.575362	-0.203195	0.076782	-2.890000
369	-0.599546	-0.053931	-0.125939	-2.890000
370	-0.613068	-0.009144	0.047839	-2.890000
371	-0.581445	-0.152811	0.129598	-2.890000
372	-0.593136	-0.136819	0.087723	-2.890000
373	-0.600876	0.115012	-0.062807	-2.890000
374	-0.606068	-0.090087	0.052825	-2.890000
375	-0.613256	0.042846	-0.017491	-2.890000
376	-0.608710	-0.001336	0.087726	-2.890000
377	-0.570559	0.077576	-0.216032	-2.890000
378	-0.566579	0.234232	0.048468	-2.890000
379	-0.609672	-0.069206	0.041659	-2.890000
380	-0.602172	-0.099667	0.075368	-2.890000
381	-0.602407	-0.061703	0.107346	-2.890000
382	-0.611907	-0.025489	0.056087	-2.890000
383	-0.605115	-0.073281	-0.081796	-2.890000
384	-0.614820	-0.014865	0.000337	-2.890000
385	-0.591961	-0.109442	-0.125817	-2.890000
386	-0.571932	0.167507	-0.151857	-2.890000
387	-0.613208	0.041872	0.021161	-2.890000
388	-0.584210	-0.020206	-0.191090	-2.890000
389	-0.574601	-0.101552	-0.194283	-2.890000
390	-0.604292	-0.087451	0.073543	-2.890000
391	-0.604683	-0.112067	-0.004896	-2.890000
392	-0.595125	-0.123856	0.093335	-2.890000
393	-0.605363	-0.040962	-0.100415	-2.890000
394	-0.604850	-0.064240	-0.090855	-2.890000
395	-0.580870	-0.178608	-0.094413	-2.890000
396	-0.605091	-0.102123	0.040756	-2.890000
397	-0.609869	-0.052585	0.059329	-2.890000
398	-0.600711	-0.104240	-0.080654	-2.890000
399	-0.583656	-0.176754	0.079554	-2.890000
400	-0.599090	-0.011991	-0.138462	-2.890000
401	-0.612997	-0.049580	-0.001099	-2.890000
402	-0.608108	-0.057565	-0.071526	-2.890000
403	-0.603565	0.109751	-0.043466	-2.890000
404	-0.603533	-0.044571	0.109482	-2.890000
405	-0.612856	0.051118	-0.004355	-2.890000
406	-0.609066	-0.083900	-0.014994	-2.890000
407	-0.600517	0.046597	-0.124231	-2.890000
408	-0.574018	-0.194586	0.104234	-2.890000
409	-0.571572	-0.226798	-0.009647	-2.890000
410	-0.593425	0.159044	0.027869	-2.890000
411	-0.604037	0.063429	-0.096651	-2.890000
412	-0.587709	0.130385	0.125791	-2.890000
413	-0.574210	0.137437	0.172101	-2.890000
414	-0.590742	0.160973	0.057766	-2.890000
415	-0.608918	0.064208	-0.057633	-2.890000
416	-0.606306	-0.077274	-0.068169	-2.890000
417	-0.544370	-0.260741	-0.117901	-2.890000
418	-0.546161	-0.038876	0.280039	-2.890000
419	-0.559436	-0.024378	0.254287	-2.890000
420	-0.567574	0.236820	-0.000831	-2.890000
421	-0.520149	0.157803	0.287695	-2.890000
422	-0.595392	0.152789	-0.019716	-2.890000
423	-0.602955	0.117308	-0.030154	-2.890000
424	-0.471918	-0.369726	-0.137190	-2.890000
425	-0.531878	-0.260483	-0.165768	-2.890000
426	-0.527940	-0.154191	-0.275190	-2.890000
427	-0.607016	0.090888	-0.038679	-2.890000
428	-0.600573	-0.090420	0.096756	-2.890000
429	-0.600543	-0.105351	0.080462	-2.890000
430	-0.612590	0.010670	-0.053334	-2.890000
431	-0.481870	-0.064659	-0.376624	-2.890000
432	-0.610153	-0.047042	-0.061031	-2.890000
433	-0.592010	-0.013704	-0.166016	-2.890000
434	-0.490010	0.337181	-0.156283	-2.890000
435	-0.602940	0.113414	0.042731	-2.890000
436	-0.603285	0.002179	-0.119447	-2.890000
437	-0.603723	-0.056469	0.102735	-2.890000
438	-0.547724	-0.277041	-0.038365	-2.890000
439	-0.611053	-0.043730	0.054106	-2.890000
440	-0.577211	0.210647	-0.026089	-2.890000
441	-0.611203	-0.035116	-0.058501	-2.890000
442	-0.600157	0.067407	-0.116156	-2.890000
443	-0.605275	0.107392	-0.018281	-2.890000
444	-0.600773	-0.043448	0.124135	-2.890000
445	-0.602610	-0.025905	0.120063	-2.890000
446	-0.612261	-0.055838	-0.015592	-2.890000
447	-0.614914	0.003577	0.009643	-2.890000
448	-0.582052	0.090906	-0.176569	-2.890000
449	-0.600192	-0.068802	-0.115157	-2.890000
450	-0.606122	0.099311	0.031281	-2.890000
451	-0.595608	0.093633	-0.121279	-2.890000
452	-0.605154	-0.090368	-0.062030	-2.890000
453	-0.605134	-0.004738	0.109615	-2.890000
454	-0.605998	-0.093984	-0.046458	-2.890000
455	-0.599850	-0.027871	0.132771	-2.890000
456	-0.594812	-0.146165	-0.055314	-2.890000
457	-0.599222	0.088525	-0.106401	-2.890000
458	-0.583701	0.141090	-0.132711	-2.890000
459	-0.601528	0.016202	-0.126991	-2.890000
460	-0.611870	0.050630	0.035732	-2.890000
461	-0.614503	0.018733	-0.016116	-2.890000
462	-0.606869	0.036889	0.092599	-2.890000
463	-0.608697	-0.065455	0.058557	-2.890000
464	-0.609190	0.061859	-0.057329	-2.890000
465	-0.595524	-0.008103	0.153330	-2.890000
466	-0.600854	0.104303	-0.079500	-2.890000
467	-0.596863	-0.133452	-0.064578	-2.890000
468	-0.611830	-0.036531	-0.050542	-2.890000
469	-0.584453	0.005555	0.191334	-2.890000
470	-0.589069	-0.034662	-0.173268	-2.890000
471	-0.572687	0.098715	0.201270	-2.890000
472	-0.609570	-0.035922	0.073207	-2.890000
473	-0.598919	0.062410	0.125004	-2.890000
474	-0.601186	0.007106	0.129420	-2.890000
475	-0.602056	-0.107686	0.064476	-2.890000
476	-0.538796	-0.245099	-0.166885	-2.890000
477	-0.558408	-0.127133	0.224149	-2.890000
478	-0.605305	-0.108736	-0.002612	-2.890000
479	-0.611952	-0.033001	0.051480	-2.890000
480	-0.614279	0.004549	0.029427	-2.890000
481	-0.588234	0.138696	0.113881	-2.890000
482	-0.589344	0.107907	0.138762	-2.890000
483	-0.584976	0.175267	0.072869	-2.890000
484	-0.613960	0.021422	0.028621	-2.890000
485	-0.576550	0.210732	0.037511	-2.890000
486	-0.613713	-0.038549	-0.009756	-2.890000
487	-0.601273	-0.071181	-0.107839	-2.890000
488	-0.563912	0.178674	-0.168239	-2.890000
489	-0.553897	0.151526	-0.220143	-2.890000
490	-0.614363	0.027962	0.001147	-2.890000
491	-0.609759	-0.070912	0.037282	-2.890000
492	-0.612405	-0.053464	0.018071	-2.890000
493	-0.612292	-0.015467	-0.055536	-2.890000
494	-0.614938	0.008757	0.000129	-2.890000
495	-0.582138	-0.101269	-0.170545	-2.890000
496	-0.605931	-0.028735	-0.101227	-2.890000
497	-0.552951	-0.107082	-0.246989	-2.890000
498	-0.609130	0.005278	-0.084606	-2.890000
499	-0.608743	0.070531	0.051794	-2.890000
500	-0.610470	0.038352	0.063880	-2.890000
501	-0.614549	-0.009961	0.021351	-2.890000
502	-0.607960	0.075215	0.054341	-2.890000
503	-0.609963	0.035302	-0.070170	-2.890000
504	-0.608395	-0.087478	-0.020696	-2.890000
505	-0.610876	-0.031012	-0.063982	-2.890000
506	-0.578382	-0.169196	-0.122767	-2.890000
507	-0.594811	-0.110353	-0.110666	-2.890000
508	-0.614167	0.020302	-0.024726	-2.890000
509	-0.610174	0.001921	-0.076867	-2.890000
510	-0.605833	-0.103742	0.020717	-2.890000
511	-0.614557	-0.017537	-0.015388	-2.890000
512	-0.609144	-0.035397	-0.076913	-2.890000
513	-0.606292	-0.103097	0.002510	-2.890000
514	-0.592255	-0.090572	-0.138764	-2.890000
515	-0.579800	-0.128861	-0.159535	-2.890000
516	-0.581557	0.094485	0.176321	-2.890000
517	-0.568761	-0.189359	-0.137401	-2.890000
518	-0.584636	0.100178	-0.162451	-2.890000
519	-0.597311	0.145346	-0.017863	-2.890000
520	-0.594845	0.098200	0.121413	-2.890000
521	-0.613741	0.029188	0.026352	-2.890000
522	-0.608862	-0.006232	0.086448	-2.890000
523	-0.605623	-0.030132	0.102655	-2.890000
524	-0.535559	-0.130977	-0.272481	-2.890000
525	-0.610560	0.054945	-0.049214	-2.890000
526	-0.608103	0.090845	-0.013528	-2.890000
527	-0.614710	-0.002847	0.018668	-2.890000
528	-0.591142	0.147942	-0.083000	-2.890000
529	-0.599094	0.134124	-0.036358	-2.890000
530	-0.608475	0.062307	-0.064043	-2.890000
531	-0.611036	0.035575	0.059952	-2.890000
532	-0.608534	-0.016665	0.087371	-2.890000
533	-0.513631	-0.296727	-0.162364	-2.890000
534	-0.554625	-0.245347	0.102085	-2.890000
535	-0.603787	0.060639	-0.099947	-2.890000
536	-0.565132	0.210398	-0.120762	-2.890000
537	-0.598068	0.083382	0.116565	-2.890000
538	-0.606467	0.086242	0.054633	-2.890000
539	-0.565515	-0.087081	-0.225466	-2.890000
540	-0.591193	0.072516	0.153157	-2.890000
541	-0.597554	-0.143524	-0.023568	-2.890000
542	-0.593152	-0.162214	0.009042	-2.890000
543	-0.599831	0.092359	-0.099488	-2.890000
544	-0.604162	0.075987	0.086253	-2.890000
545	-0.597486	-0.103261	-0.102825	-2.890000
546	-0.602485	-0.119008	-0.032778	-2.890000
547	-0.586455	-0.180239	-0.042532	-2.890000
548	-0.547190	0.019319	-0.280063	-2.890000
549	-0.595898	0.104191	-0.110795	-2.890000
550	-0.603299	0.098474	0.067519	-2.890000
551	-0.603356	-0.095738	-0.070858	-2.890000
552	-0.614582	0.006434	0.021752	-2.890000
553	-0.612043	-0.006815	0.059844	-2.890000
554	-0.601859	0.010793	-0.125994	-2.890000
555	-0.528306	0.085223	-0.303076	-2.890000
556	-0.607320	0.071271	0.065635	-2.890000
557	-0.600222	0.130167	-0.031851	-2.890000
558	-0.599537	0.137041	-0.000467	-2.890000
559	-0.589682	0.104577	-0.139870	-2.890000
560	-0.559118	0.122205	0.225118	-2.890000
561	-0.607214	0.035086	0.091020	-2.890000
562	-0.601723	0.046413	-0.118321	-2.890000
563	-0.597681	-0.025497	-0.142662	-2.890000
564	-0.590922	0.102976	-0.135767	-2.890000
565	-0.595974	0.125279	-0.085706	-2.890000
566	-0.587901	0.169823	-0.061298	-2.890000
567	-0.611544	0.040389	-0.051063	-2.890000
568	-0.614667	0.010246	-0.017454	-2.890000
569	-0.607413	-0.085184	-0.044921	-2.890000
570	-0.605171	-0.054112	-0.095209	-2.890000
571	-0.597851	0.038343	-0.139027	-2.890000
572	-0.586837	-0.103236	-0.152282	-2.890000
573	-0.582735	-0.196059	0.014354	-2.890000
574	-0.588636	-0.005863	-0.178041	-2.890000
575	-0.613342	0.044754	-0.005809	-2.890000
576	-0.601963	-0.098375	0.078666	-2.890000
577	-0.569790	-0.065100	0.222097	-2.890000
578	-0.597554	0.141105	-0.035264	-2.890000
579	-0.596782	0.031038	-0.145302	-2.890000
580	-0.606499	-0.081172	0.061602	-2.890000
581	-0.593475	-0.143255	0.074099	-2.890000
582	-0.586219	-0.185773	-0.007811	-2.890000
583	-0.588115	0.125597	0.128731	-2.890000
584	-0.600780	0.097827	0.087852	-2.890000
585	-0.610430	-0.021610	0.071650	-2.890000
586	-0.611377	0.028957	-0.060040	-2.890000
587	-0.606780	0.080002	0.060356	-2.890000
588	-0.596954	-0.137448	-0.054580	-2.890000
589	-0.612912	0.031977	-0.039260	-2.890000
590	-0.583832	0.116031	-0.154601	-2.890000
591	-0.586399	0.175665	0.059182	-2.890000
592	-0.611557	-0.064743	-0.005640	-2.890000
593	-0.592881	0.050557	0.155437	-2.890000
594	-0.593244	0.104806	-0.123703	-2.890000
595	-0.606176	-0.100313	-0.026700	-2.890000
596	-0.610911	0.054799	-0.044835	-2.890000
597	-0.588778	-0.155135	0.086595	-2.890000
598	-0.608745	-0.005410	-0.087319	-2.890000
599	-0.583863	0.087688	0.172163	-2.890000
600	-0.612224	0.053258	0.023877	-2.890000
601	-0.612174	0.016549	0.056512	-2.890000
602	-0.613551	-0.041224	0.009005	-2.890000
603	-0.605628	-0.105522	0.017467	-2.890000
604	-0.601569	-0.067077	0.108812	-2.890000
605	-0.614417	-0.007943	-0.025561	-2.890000
606	-0.597155	-0.111728	-0.095643	-2.890000
607	-0.612777	-0.003307	0.052135	-2.890000
608	-0.611538	-0.060045	0.025315	-2.890000
609	-0.608099	-0.039276	0.083054	-2.890000
610	-0.612626	-0.045355	-0.029272	-2.890000
611	-0.610256	0.075073	-0.013285	-2.890000
612	-0.601466	-0.117871	-0.050695	-2.890000
613	-0.575002	-0.210961	0.055616	-2.890000
614	-0.602768	-0.007131	-0.121839	-2.890000
615	-0.604737	-0.082933	-0.075104	-2.890000
616	-0.581266	-0.190888	-0.062580	-2.890000
617	-0.612632	0.028168	-0.045969	-2.890000
618	-0.599947	0.100635	0.090341	-2.890000
619	-0.614537	-0.009598	0.021841	-2.890000
620	-0.607320	0.016541	0.095467	-2.890000
621	-0.611557	-0.062494	-0.017816	-2.890000
622	-0.550519	-0.177050	-0.209302	-2.890000
623	-0.606685	-0.090327	0.044707	-2.890000
624	-0.614111	-0.023316	-0.023434	-2.890000
625	-0.587859	0.114680	-0.139624	-2.890000
626	-0.614378	-0.000366	-0.027639	-2.890000
627	-0.606474	0.100290	0.018865	-2.890000
628	-0.596333	-0.141429	0.051089	-2.890000
629	-0.605025	-0.042962	0.101607	-2.890000
630	-0.593565	-0.159751	-0.019620	-2.890000
631	-0.596917	-0.118852	-0.088255	-2.890000
632	-0.584498	0.110200	-0.156344	-2.890000
633	-0.612531	0.050197	-0.022616	-2.890000
634	-0.535641	0.271657	0.132348	-2.890000
635	-0.590390	0.161118	-0.060876	-2.890000
636	-0.614206	-0.017802	0.025661	-2.890000
637	-0.604563	-0.027751	-0.109352	-2.890000
638	-0.582074	-0.172455	-0.098356	-2.890000
639	-0.595472	0.130367	0.081499	-2.890000
640	-0.600583	0.124305	0.045529	-2.890000
641	-0.597123	0.086853	0.118851	-2.890000
642	-0.611909	-0.061528	-0.002607	-2.890000
643	-0.571441	0.058904	0.219570	-2.890000
644	-0.570438	0.078821	-0.215900	-2.890000
645	-0.612552	-0.047960	0.026550	-2.890000
646	-0.587678	-0.050622	-0.174061	-2.890000
647	-0.610607	0.071096	0.018149	-2.890000
648	-0.599136	0.023957	-0.136699	-2.890000
649	-0.613708	-0.020133	-0.034377	-2.890000
650	-0.606151	-0.002741	0.103915	-2.890000
651	-0.555096	-0.010769	0.264534	-2.890000
652	-0.607487	0.084899	-0.044460	-2.890000
653	-0.513856	0.080177	-0.328251	-2.890000
654	-0.579828	0.027853	-0.203099	-2.890000
655	-0.541716	0.291007	-0.009152	-2.890000
656	-0.487066	0.371859	0.052087	-2.890000
657	-0.607049	-0.092803	-0.033233	-2.890000
658	-0.614355	0.010117	-0.026276	-2.890000
659	-0.603445	0.115428	0.027481	-2.890000
660	-0.570839	0.226888	-0.029838	-2.890000
661	-0.584745	0.050863	-0.183607	-2.890000
662	-0.562437	0.228750	0.097792	-2.890000
663	-0.614363	-0.019157	-0.020410	-2.890000
664	-0.609369	0.058785	-0.058642	-2.890000
665	-0.568647	0.103283	-0.210233	-2.890000
666	-0.608384	0.080220	0.040732	-2.890000
667	-0.612276	-0.044883	-0.036449	-2.890000
668	-0.614155	0.029503	-0.012981	-2.890000
669	-0.592298	-0.066742	0.151504	-2.890000
670	-0.610513	0.036311	-0.064652	-2.890000
671	-0.594983	-0.007750	-0.155434	-2.890000
672	-0.611821	-0.051481	-0.035346	-2.890000
673	-0.607163	0.011539	0.097187	-2.890000
674	-0.598490	0.004928	-0.141460	-2.890000
675	-0.613747	0.016659	0.035521	-2.890000
676	-0.608168	0.000919	0.091408	-2.890000
677	-0.550041	0.053476	0.269852	-2.890000
678	-0.597742	0.129866	0.063750	-2.890000
679	-0.610682	0.017817	0.070537	-2.890000
680	-0.599972	0.122854	0.056258	-2.890000
681	-0.600262	-0.090836	-0.098281	-2.890000
682	-0.608500	0.064710	0.061365	-2.890000
683	-0.586819	-0.180499	-0.035904	-2.890000
684	-0.559348	0.087463	0.240219	-2.890000
685	-0.513832	0.163962	0.295497	-2.890000
686	-0.612499	-0.024162	0.049855	-2.890000
687	-0.528671	-0.016836	0.313765	-2.890000
688	-0.579530	0.201731	0.040920	-2.890000
689	-0.614722	-0.014221	-0.011818	-2.890000
690	-0.606353	-0.082442	-0.061358	-2.890000
691	-0.583798	-0.098580	-0.166393	-2.890000
692	-0.562160	0.207053	-0.139032	-2.890000
693	-0.562234	0.119650	0.218637	-2.890000
694	-0.586637	-0.029265	0.182278	-2.890000
695	-0.611844	0.043557	0.044440	-2.890000
696	-0.540985	0.271290	-0.109370	-2.890000
697	-0.594411	0.138995	-0.074708	-2.890000
698	-0.581812	0.177641	-0.090349	-2.890000
699	-0.585332	-0.151202	0.112914	-2.890000
700	-0.535909	0.087728	-0.288669	-2.890000
701	-0.606501	0.015354	-0.100724	-2.890000
702	-0.579707	0.149155	0.141128	-2.890000
703	-0.597984	-0.079693	0.119539	-2.890000
704	-0.611682	-0.018809	0.060959	-2.890000
705	-0.600714	-0.052732	0.120779	-2.890000
706	-0.568504	-0.135426	0.191542	-2.890000
707	-0.609210	0.078505	0.030416	-2.890000
708	-0.600156	-0.117591	-0.064889	-2.890000
709	-0.567182	-0.211944	-0.107744	-2.890000
710	-0.593079	-0.060471	-0.151082	-2.890000
711	-0.613278	-0.043730	-0.014247	-2.890000
712	-0.526772	0.200963	0.245664	-2.890000
713	-0.607875	0.080876	0.046608	-2.890000
714	-0.605591	-0.041144	0.098952	-2.890000
715	-0.582031	0.118637	0.159342	-2.890000
716	-0.603338	-0.119181	0.001989	-2.890000
717	-0.511732	-0.237335	-0.245006	-2.890000
718	-0.589944	-0.123087	-0.122640	-2.890000
719	-0.577231	-0.141994	0.157691	-2.890000
720	-0.588005	-0.113764	0.139758	-2.890000
721	-0.588538	-0.085300	-0.156754	-2.890000
722	-0.591413	0.105222	-0.131848	-2.890000
723	-0.553316	0.266083	0.035578	-2.890000
724	-0.605799	0.098124	0.040046	-2.890000
725	-0.604621	-0.094557	0.060971	-2.890000
726	-0.574967	-0.214764	-0.038915	-2.890000
727	-0.603012	0.040499	-0.113847	-2.890000
728	-0.544667	-0.252909	-0.132663	-2.890000
729	-0.559711	-0.251273	0.042545	-2.890000
730	-0.589376	-0.028240	-0.173387	-2.890000
731	-0.580152	-0.019773	-0.203120	-2.890000
732	-0.604902	0.096588	-0.054670	-2.890000
733	-0.590189	0.052759	-0.164676	-2.890000
734	-0.613058	0.042833	0.023451	-2.890000
735	-0.606374	-0.093619	0.042084	-2.890000
736	-0.599630	-0.119151	-0.066870	-2.890000
737	-0.583230	-0.195059	-0.004480	-2.890000
738	-0.610650	-0.027486	0.067643	-2.890000
739	-0.564288	0.178631	-0.167018	-2.890000
740	-0.601227	0.012332	-0.128835	-2.890000
741	-0.608624	0.041057	0.078206	-2.890000
742	-0.604501	0.110946	0.022228	-2.890000
743	-0.549529	-0.241176	-0.134452	-2.890000
744	-0.595788	0.008657	-0.152273	-2.890000
745	-0.570280	-0.106946	-0.203884	-2.890000
746	-0.366176	-0.469155	0.155028	-2.890000
747	-0.552463	0.173595	-0.207062	-2.890000
748	-0.604908	-0.010312	-0.110479	-2.890000
749	-0.608388	0.058592	0.068236	-2.890000
750	-0.613605	0.037961	0.016536	-2.890000
751	-0.612419	0.043931	0.035188	-2.890000
752	-0.548132	-0.249338	-0.124926	-2.890000
753	-0.587236	0.181007	0.024798	-2.890000
754	-0.510909	0.296474	-0.171174	-2.890000
755	-0.592813	-0.056514	-0.153637	-2.890000
756	-0.576620	0.036360	0.210744	-2.890000
757	-0.606943	-0.055604	0.082181	-2.890000
758	-0.584493	-0.185292	-0.047531	-2.890000
759	-0.607756	0.090118	-0.027126	-2.890000
760	-0.608843	-0.086757	0.002853	-2.890000
761	-0.555006	0.151496	-0.217354	-2.890000
762	-0.545961	0.235804	0.156676	-2.890000
763	-0.593062	-0.049690	0.155026	-2.890000
764	-0.601940	-0.117056	-0.046805	-2.890000
765	-0.550971	0.235694	0.138220	-2.890000
766	-0.583585	-0.138614	-0.135791	-2.890000
767	-0.609327	-0.000400	-0.083342	-2.890000
768	-0.600053	-0.079270	-0.108987	-2.890000
769	-0.611963	-0.049417	-0.035845	-2.890000
770	-0.594593	0.034869	-0.153195	-2.890000
771	-0.608101	-0.087859	-0.026809	-2.890000
772	-0.515071	0.235464	0.239757	-2.890000
773	-0.572620	0.062452	0.215479	-2.890000
774	-0.577619	-0.133229	-0.163802	-2.890000
775	-0.556393	0.128680	-0.228239	-2.890000
776	-0.540398	-0.030465	-0.292005	-2.890000
777	-0.601568	0.120670	0.042191	-2.890000
778	-0.581383	0.107200	-0.169490	-2.890000
779	-0.612986	-0.045102	-0.020940	-2.890000
780	-0.604890	0.059967	0.093469	-2.890000
781	-0.612963	0.048762	0.011110	-2.890000
782	-0.592065	0.133903	0.098763	-2.890000
783	-0.613011	-0.003323	0.049311	-2.890000
784	-0.612292	0.044480	-0.036669	-2.890000
785	-0.603671	0.104474	-0.053769	-2.890000
786	-0.599927	-0.135149	0.006860	-2.890000
787	-0.586029	0.059727	0.176713	-2.890000
788	-0.596109	-0.017682	0.150223	-2.890000
789	-0.536164	-0.021953	0.300452	-2.890000
790	-0.547923	-0.243918	0.136046	-2.890000
791	-0.600198	0.112182	-0.073500	-2.890000
792	-0.585457	0.151917	0.111293	-2.890000
793	-0.609478	-0.021366	-0.079405	-2.890000
794	-0.468963	-0.126172	-0.377331	-2.890000
795	-0.570648	0.219253	0.067184	-2.890000
796	-0.611462	-0.029645	0.058820	-2.890000
797	-0.600968	0.128651	-0.022613	-2.890000
798	-0.598241	0.141247	0.019528	-2.890000
799	-0.581494	-0.180441	0.086781	-2.890000
800	-0.518471	0.175877	-0.280142	-2.890000
801	-0.608836	-0.032208	-0.080664	-2.890000
802	-0.555057	-0.258678	-0.056767	-2.890000
803	-0.610963	-0.057676	0.040275	-2.890000
804	-0.600851	-0.030316	0.127611	-2.890000
805	-0.608559	0.087197	0.016675	-2.890000
806	-0.551391	0.132954	0.237732	-2.890000
807	-0.578045	-0.079547	0.194321	-2.890000
808	-0.594777	0.003651	-0.156372	-2.890000
809	-0.573985	-0.047014	-0.215768	-2.890000
810	-0.545554	-0.201906	-0.199575	-2.890000
811	-0.571162	0.222722	-0.048930	-2.890000
812	-0.591692	-0.090849	0.140967	-2.890000
813	-0.600577	-0.020335	0.130841	-2.890000
814	-0.613513	-0.038139	-0.019277	-2.890000
815	-0.573708	0.175159	0.135660	-2.890000
816	-0.592761	0.037679	-0.159497	-2.890000
817	-0.564601	-0.180514	-0.163907	-2.890000
818	-0.614556	0.003579	0.023093	-2.890000
819	-0.596569	-0.030438	0.146302	-2.890000
820	-0.587788	-0.104029	0.148013	-2.890000
821	-0.611416	-0.018858	-0.063562	-2.890000
822	-0.612637	0.053838	-0.001548	-2.890000
823	-0.585477	-0.071341	0.174220	-2.890000
824	-0.614109	-0.000004	0.033099	-2.890000
825	-0.559354	-0.004675	-0.255591	-2.890000
826	-0.602136	-0.025934	-0.122414	-2.890000
827	-0.562257	-0.196615	-0.153083	-2.890000
828	-0.600642	0.130950	-0.017500	-2.890000
829	-0.611143	0.038404	0.057044	-2.890000
830	-0.606767	0.043526	-0.090360	-2.890000
831	-0.602387	0.107822	0.061069	-2.890000
832	-0.612674	-0.050431	0.017667	-2.890000
833	-0.614269	-0.023729	-0.018309	-2.890000
834	-0.544652	-0.047780	-0.281595	-2.890000
835	-0.613955	0.035814	-0.001083	-2.890000
836	-0.603825	0.116486	-0.007179	-2.890000
837	-0.607893	-0.093223	0.000846	-2.890000
838	-0.561411	0.237293	0.082064	-2.890000
839	-0.592326	0.162886	-0.029031	-2.890000
840	-0.602930	-0.093973	-0.076611	-2.890000
841	-0.614211	0.027873	0.013905	-2.890000
842	-0.567068	-0.066205	-0.228639	-2.890000
843	-0.552394	-0.266847	0.043338	-2.890000
844	-0.571055	0.197676	0.114215	-2.890000
845	-0.579184	0.177903	-0.105456	-2.890000
846	-0.570653	-0.223429	0.051572	-2.890000
847	-0.605625	-0.103100	0.028520	-2.890000
848	-0.569110	-0.222291	-0.070182	-2.890000
849	-0.581641	-0.078021	-0.183933	-2.890000
850	-0.601276	-0.033726	-0.124720	-2.890000
