1	0.570969	-0.140815	0.179973	2.290000
2	0.597850	0.118314	0.082479	2.290000
3	0.585621	0.183218	-0.041280	2.290000
4	0.412560	-0.438212	-0.126447	2.290000
5	0.591182	0.166580	0.031306	2.290000
6	0.580907	-0.103591	-0.173322	2.290000
7	0.489813	-0.359704	0.094452	2.290000
8	0.513712	0.336529	-0.032763	2.290000
9	0.607727	0.079969	0.049983	2.290000
10	0.593928	-0.021570	-0.158143	2.290000
11	0.611078	0.014904	-0.067725	2.290000
12	0.612256	0.043350	0.038583	2.290000
13	0.600800	0.029613	-0.128013	2.290000
14	0.614689	-0.018357	-0.006723	2.290000
15	0.588020	-0.169268	0.061695	2.290000
16	0.583902	-0.099452	0.165507	2.290000
17	0.546713	0.077139	0.270887	2.290000
18	0.555243	-0.137140	0.226104	2.290000
19	0.591287	-0.159022	-0.057587	2.290000
20	0.603883	-0.048869	0.105648	2.290000
21	0.602396	0.064716	-0.105619	2.290000
22	0.601109	-0.123357	-0.040947	2.290000
23	0.556340	0.090059	-0.246170	2.290000
24	0.572280	0.153401	-0.164891	2.290000
25	0.609423	-0.057460	-0.059387	2.290000
26	0.552158	-0.264467	-0.058347	2.290000
27	0.486582	-0.368790	0.073868	2.290000
28	0.535915	-0.137884	0.268342	2.290000
29	0.610465	0.073108	0.014601	2.290000
30	0.595987	-0.041810	-0.145863	2.290000
31	0.607700	-0.036649	-0.087078	2.290000
32	0.596038	0.125874	0.084377	2.290000
33	0.595106	-0.134226	-0.077830	2.290000
34	0.607966	0.009664	0.092243	2.290000
35	0.601561	-0.102295	0.076717	2.290000
36	0.493486	-0.253799	0.265108	2.290000
37	0.595499	-0.144320	0.052708	2.290000
38	0.533923	-0.155687	0.262512	2.290000
39	0.588144	0.008722	0.179543	2.290000
40	0.538110	-0.019371	0.297132	2.290000
41	0.607179	-0.090915	-0.035966	2.290000
42	0.594062	0.093024	-0.129080	2.290000
43	0.542609	-0.287959	-0.029661	2.290000
44	0.609856	-0.077911	0.015180	2.290000
45	0.570848	0.216191	-0.074964	2.290000
46	0.608604	-0.087680	-0.011777	2.290000
47	0.602866	-0.111408	-0.048641	2.290000
48	0.587263	0.053716	0.174532	2.290000
49	0.605540	-0.091584	0.056198	2.290000
50	0.610309	0.010761	0.075046	2.290000
51	0.588329	-0.178948	0.008492	2.290000
52	0.600722	0.115389	-0.063586	2.290000
53	0.596597	0.112094	0.098652	2.290000
54	0.539004	0.051403	-0.291646	2.290000
55	0.580185	0.005099	0.203923	2.290000
56	0.606522	-0.076809	-0.066757	2.290000
57	0.598542	-0.011266	-0.140873	2.290000
58	0.613525	0.035153	0.024007	2.290000
59	0.609405	-0.069810	0.044471	2.290000
60	0.612158	-0.026676	-0.052691	2.290000
61	0.605543	0.102304	0.032821	2.290000
62	0.590210	0.023646	-0.171226	2.290000
63	0.551841	-0.054390	-0.265967	2.290000
64	0.511645	-0.007373	-0.341160	2.290000
65	0.610021	-0.071456	0.031513	2.290000
66	0.536830	-0.024166	-0.299089	2.290000
67	0.584587	-0.183980	0.051331	2.290000
68	0.598613	-0.069859	0.122502	2.290000
69	0.590616	-0.090457	-0.145656	2.290000
70	0.611298	0.067316	0.002923	2.290000
71	0.541072	0.281463	0.079023	2.290000
72	0.523635	0.269572	0.177093	2.290000
73	0.606397	0.102501	-0.001278	2.290000
74	0.608801	0.028831	-0.082192	2.290000
75	0.576881	-0.127333	0.170936	2.290000
76	0.594076	-0.085752	-0.133958	2.290000
77	0.589773	-0.066739	-0.161056	2.290000
78	0.583519	-0.044915	0.188978	2.290000
79	0.591845	-0.161837	-0.041875	2.290000
80	0.574424	0.209680	-0.065550	2.290000
81	0.602431	0.121878	-0.021159	2.290000
82	0.539603	0.262013	0.135656	2.290000
83	0.602229	0.004887	-0.124583	2.290000
84	0.612797	-0.035731	-0.037789	2.290000
85	0.603035	0.116777	0.030616	2.290000
86	0.583115	-0.056620	0.187073	2.290000
87	0.596118	-0.151180	0.003593	2.290000
88	0.608127	0.080573	-0.043755	2.290000
89	0.598371	0.083700	-0.114769	2.290000
90	0.574930	-0.213579	-0.045440	2.290000
91	0.563701	0.245695	0.010034	2.290000
92	0.604573	0.077924	0.081511	2.290000
93	0.596844	0.084389	-0.121989	2.290000
94	0.534522	-0.182154	-0.243581	2.290000
95	0.575593	-0.118350	-0.181414	2.290000
96	0.600061	-0.103304	-0.086489	2.290000
97	0.584258	-0.188422	-0.036948	2.290000
98	0.600191	-0.127574	-0.041485	2.290000
99	0.578105	-0.077943	0.194794	2.290000
100	0.589420	-0.151439	-0.088742	2.290000
101	0.614897	0.007997	-0.007943	2.290000
102	0.597063	-0.033698	-0.143547	2.290000
103	0.614261	0.007349	0.029237	2.290000
104	0.594178	-0.038723	0.153878	2.290000
105	0.614779	0.011151	0.012161	2.290000
106	0.532740	0.165599	0.258824	2.290000
107	0.598602	-0.039752	0.135355	2.290000
108	0.557715	-0.211068	-0.150429	2.290000
109	0.598323	-0.139884	0.025820	2.290000
110	0.606867	0.035947	0.092978	2.290000
111	0.514389	0.333235	-0.050829	2.290000
112	0.588585	-0.070160	0.163921	2.290000
113	0.584607	0.187942	0.033719	2.290000
114	0.583087	0.185416	0.062093	2.290000
115	0.586661	-0.182040	0.030255	2.290000
116	0.523944	-0.146810	-0.286626	2.290000
117	0.513841	0.029342	-0.336647	2.290000
118	0.515058	0.204072	0.267011	2.290000
119	0.600851	0.119116	-0.054904	2.290000
120	0.533195	-0.300247	0.061480	2.290000
121	0.610133	-0.077209	0.001391	2.290000
122	0.612569	0.049443	-0.023240	2.290000
123	0.579754	-0.153286	-0.136431	2.290000
124	0.613230	-0.039393	0.024954	2.290000
125	0.607234	-0.095089	-0.021209	2.290000
126	0.613563	-0.028010	-0.031324	2.290000
127	0.611766	0.014637	-0.061262	2.290000
128	0.611453	0.038510	-0.053547	2.290000
129	0.553666	0.130042	-0.234027	2.290000
130	0.484848	0.244543	-0.288697	2.290000
131	0.564933	0.243004	0.004995	2.290000
132	0.558720	-0.060976	0.249677	2.290000
133	0.600157	0.113075	0.072460	2.290000
134	0.602386	-0.017937	0.122615	2.290000
135	0.614612	0.010183	0.019333	2.290000
136	0.611448	0.065998	0.000937	2.290000
137	0.614533	0.015420	0.018338	2.290000
138	0.581775	0.091307	-0.177272	2.290000
139	0.574053	-0.169805	-0.140904	2.290000
140	0.526937	-0.237075	0.210613	2.290000
141	0.568286	-0.205252	0.114665	2.290000
142	0.608530	-0.078275	-0.042300	2.290000
143	0.613616	0.004950	-0.040937	2.290000
144	0.585047	-0.060447	0.179697	2.290000
145	0.594659	0.023309	0.155122	2.290000
146	0.588363	-0.157207	-0.085677	2.290000
147	0.502860	-0.287890	-0.206099	2.290000
148	0.548128	-0.251270	0.121012	2.290000
149	0.606140	-0.051582	0.090324	2.290000
150	0.573881	-0.088620	0.202564	2.290000
151	0.610692	-0.068237	-0.024969	2.290000
152	0.522699	0.084064	0.312959	2.290000
153	0.591594	-0.154790	0.065436	2.290000
154	0.584361	-0.105670	-0.159942	2.290000
155	0.598036	0.135105	-0.048211	2.290000
156	0.609434	-0.046864	0.067966	2.290000
157	0.599344	-0.091379	-0.103256	2.290000
158	0.478817	-0.378031	0.077794	2.290000
159	0.600980	0.125041	0.037590	2.290000
160	0.605549	-0.094179	-0.051628	2.290000
161	0.599761	0.050888	0.126181	2.290000
162	0.605202	-0.065032	0.087903	2.290000
163	0.568866	-0.098305	0.212021	2.290000
164	0.605874	0.104888	-0.011823	2.290000
165	0.549237	0.217830	-0.170627	2.290000
166	0.577243	-0.204963	-0.054829	2.290000
167	0.586248	-0.085533	0.164992	2.290000
168	0.603673	-0.116861	-0.012124	2.290000
169	0.607183	-0.069032	0.069200	2.290000
170	0.476355	-0.257117	-0.291893	2.290000
171	0.588625	-0.178071	-0.006003	2.290000
172	0.613548	-0.040114	-0.013205	2.290000
173	0.594203	-0.003612	0.158540	2.290000
174	0.609177	0.084381	0.002893	2.290000
175	0.611069	-0.035213	0.059828	2.290000
176	0.605861	0.068475	-0.080426	2.290000
177	0.605605	-0.088923	0.059664	2.290000
178	0.602832	-0.069307	0.100078	2.290000
179	0.595015	-0.154716	0.015659	2.290000
180	0.612597	-0.022982	-0.049213	2.290000
181	0.602825	0.098647	-0.071382	2.290000
182	0.594191	0.127540	0.094318	2.290000
183	0.612903	0.031456	-0.039814	2.290000
184	0.598344	-0.110950	-0.088880	2.290000
185	0.599504	-0.135791	0.019507	2.290000
186	0.519119	0.062908	0.323703	2.290000
187	0.561237	-0.207030	-0.142746	2.290000
188	0.596868	0.048184	-0.140185	2.290000
189	0.599294	0.047115	-0.129817	2.290000
190	0.607197	0.030128	0.092891	2.290000
191	0.584959	-0.038778	0.185860	2.290000
192	0.544761	-0.095480	-0.268968	2.290000
193	0.608903	-0.034498	-0.079193	2.290000
194	0.588683	-0.018116	-0.177058	2.290000
195	0.572650	-0.177723	-0.136792	2.290000
196	0.609644	-0.026941	-0.076379	2.290000
197	0.584718	0.076890	0.174405	2.290000
198	0.611122	0.052757	0.044406	2.290000
199	0.548677	0.241177	0.137887	2.290000
200	0.607167	0.036469	-0.090792	2.290000
201	0.586094	-0.153149	-0.106135	2.290000
202	0.572450	0.116904	-0.191989	2.290000
203	0.610724	0.004038	-0.072284	2.290000
204	0.593653	-0.047962	-0.153301	2.290000
205	0.614333	0.013445	-0.025291	2.290000
206	0.613314	-0.037411	-0.025904	2.290000
207	0.574453	0.130945	-0.176301	2.290000
208	0.593674	0.071882	0.143557	2.290000
209	0.600021	0.023246	0.132889	2.290000
210	0.594789	-0.043150	0.150297	2.290000
211	0.607824	0.093667	0.001186	2.290000
212	0.613758	0.006193	-0.038579	2.290000
213	0.588134	-0.046014	-0.173798	2.290000
214	0.613989	0.034823	-0.005454	2.290000
215	0.583606	0.188634	-0.045238	2.290000
216	0.596704	-0.105493	-0.105075	2.290000
217	0.606620	-0.052127	0.086720	2.290000
218	0.584634	-0.037928	-0.187057	2.290000
219	0.529209	-0.256532	-0.179872	2.290000
220	0.613848	0.034586	0.014833	2.290000
221	0.598788	-0.008323	-0.140030	2.290000
222	0.613735	-0.036601	-0.014659	2.290000
223	0.602867	-0.098257	0.071569	2.290000
224	0.601696	-0.108685	0.066139	2.290000
225	0.612126	-0.056887	-0.017041	2.290000
226	0.610529	-0.004897	0.073862	2.290000
227	0.548266	0.217072	-0.174667	2.290000
228	0.595786	0.148293	-0.035679	2.290000
229	0.593817	-0.137461	-0.081918	2.290000
230	0.613623	-0.023301	-0.033903	2.290000
231	0.571355	-0.102691	0.203059	2.290000
232	0.590732	-0.170472	0.014127	2.290000
233	0.602970	0.018121	0.119684	2.290000
234	0.599765	0.113402	-0.075144	2.290000
235	0.605874	0.018947	-0.103840	2.290000
236	0.592226	-0.053872	-0.156816	2.290000
237	0.576251	-0.114600	-0.181733	2.290000
238	0.601601	-0.006448	0.127513	2.290000
239	0.593898	-0.034679	0.155907	2.290000
240	0.606737	0.004713	-0.100366	2.290000
241	0.610842	-0.030760	-0.064431	2.290000
242	0.582700	-0.196673	-0.002350	2.290000
243	0.612505	0.013377	-0.053705	2.290000
244	0.611760	0.015519	0.061102	2.290000
245	0.592866	0.157799	0.042826	2.290000
246	0.587888	-0.010545	-0.180281	2.290000
247	0.599030	-0.101746	0.095056	2.290000
248	0.588223	-0.166461	0.067153	2.290000
249	0.569923	-0.197012	-0.120827	2.290000
250	0.566496	-0.227894	0.073292	2.290000
251	0.562135	-0.247253	0.033099	2.290000
252	0.591043	-0.087220	0.145896	2.290000
253	0.604482	-0.108993	0.030767	2.290000
254	0.610038	-0.038494	0.067800	2.290000
255	0.590239	-0.102078	-0.139366	2.290000
256	0.595902	-0.100360	-0.114254	2.290000
257	0.578960	-0.171373	0.116882	2.290000
258	0.595818	0.067722	-0.136526	2.290000
259	0.598253	-0.141665	-0.015811	2.290000
260	0.604290	-0.014156	0.113393	2.290000
261	0.614981	0.003961	-0.002691	2.290000
262	0.611363	-0.057534	-0.033908	2.290000
263	0.594402	0.127140	-0.093521	2.290000
264	0.611155	-0.051745	0.045129	2.290000
265	0.596673	0.117177	0.092065	2.290000
266	0.589178	0.147172	0.097131	2.290000
267	0.586967	-0.105849	-0.149968	2.290000
268	0.609073	-0.083770	0.015404	2.290000
269	0.611739	-0.047298	-0.041992	2.290000
270	0.598943	-0.073247	-0.118855	2.290000
271	0.538822	-0.289476	-0.064029	2.290000
272	0.608912	-0.077041	-0.038929	2.290000
273	0.606758	0.042694	-0.090815	2.290000
274	0.596692	0.148926	-0.002059	2.290000
275	0.609078	-0.081161	-0.025718	2.290000
276	0.608859	-0.012701	-0.085755	2.290000
277	0.605945	-0.102624	-0.022888	2.290000
278	0.612112	-0.057858	0.014033	2.290000
279	0.591928	-0.071020	-0.151005	2.290000
280	0.612238	0.054692	0.019959	2.290000
281	0.597983	0.103231	-0.099924	2.290000
282	0.605705	-0.075465	0.075173	2.290000
283	0.598229	-0.111993	0.088345	2.290000
284	0.591942	-0.073433	0.149792	2.290000
285	0.608874	0.047775	-0.072214	2.290000
286	0.528788	0.008842	0.313896	2.290000
287	0.612576	0.037988	-0.039140	2.290000
288	0.612221	0.010547	0.057437	2.290000
289	0.594681	0.090398	-0.128091	2.290000
290	0.579003	-0.090639	0.186454	2.290000
291	0.600719	-0.130951	0.014624	2.290000
292	0.597098	-0.097425	-0.110485	2.290000
293	0.515429	0.158419	0.295738	2.290000
294	0.598112	0.055326	-0.132010	2.290000
295	0.606256	0.098578	-0.031009	2.290000
296	0.600384	-0.030839	0.129665	2.290000
297	0.609830	-0.000067	0.079576	2.290000
298	0.614662	-0.014365	-0.014460	2.290000
299	0.608330	-0.031097	-0.084808	2.290000
300	0.607701	-0.042933	0.084149	2.290000
301	0.551406	-0.266447	0.056417	2.290000
302	0.587821	-0.142988	0.110661	2.290000
303	0.593350	-0.089646	-0.134627	2.290000
304	0.612804	-0.036032	0.037386	2.290000
305	0.601112	0.042744	0.122728	2.290000
306	0.614677	0.016026	-0.011849	2.290000
307	0.581916	0.049042	-0.192857	2.290000
308	0.576651	-0.030441	-0.211594	2.290000
309	0.586928	-0.172022	-0.064410	2.290000
310	0.599679	-0.027659	0.133585	2.290000
311	0.612088	-0.050105	-0.032605	2.290000
312	0.608567	0.049822	-0.073407	2.290000
313	0.600648	-0.123356	0.047230	2.290000
314	0.611207	-0.010942	0.067316	2.290000
315	0.614449	0.012453	0.022842	2.290000
316	0.613867	0.002005	-0.037261	2.290000
317	0.596258	-0.080252	0.127516	2.290000
318	0.576289	-0.041224	0.210751	2.290000
319	0.613823	0.035343	0.014040	2.290000
320	0.564337	0.244136	-0.012095	2.290000
321	0.583556	0.106926	-0.162032	2.290000
322	0.594612	0.133280	0.083053	2.290000
323	0.603006	0.086299	0.084628	2.290000
324	0.602834	-0.121677	-0.003230	2.290000
325	0.548308	-0.276366	-0.034713	2.290000
326	0.608651	0.047086	-0.074508	2.290000
327	0.587826	-0.179378	0.022570	2.290000
328	0.614516	-0.015040	0.019214	2.290000
329	0.609425	-0.027123	-0.078038	2.290000
330	0.613953	0.033850	-0.011846	2.290000
331	0.597097	-0.131475	0.066443	2.290000
332	0.602457	-0.073041	-0.099680	2.290000
333	0.573002	-0.216719	-0.054101	2.290000
334	0.607149	0.040977	-0.088971	2.290000
335	0.613872	-0.032546	0.018086	2.290000
336	0.587274	0.081432	-0.163412	2.290000
337	0.539575	0.074145	0.285634	2.290000
338	0.579484	-0.197987	0.056782	2.290000
339	0.599683	-0.061095	0.121956	2.290000
340	0.614862	0.012563	-0.003503	2.290000
341	0.605950	-0.104286	0.013209	2.290000
342	0.613703	0.011153	0.038329	2.290000
343	0.595525	-0.024968	-0.151497	2.290000
344	0.577195	0.053566	0.205430	2.290000
345	0.579976	-0.180121	0.097002	2.290000
346	0.595774	-0.088974	0.123942	2.290000
347	0.605428	-0.108051	0.002508	2.290000
348	0.614542	-0.012539	-0.020156	2.290000
349	0.606241	0.097431	0.034707	2.290000
350	0.610196	0.037913	0.066697	2.290000
351	0.587644	-0.069424	-0.167571	2.290000
352	0.596401	-0.125983	0.081602	2.290000
353	0.537088	-0.115275	0.276538	2.290000
354	0.523399	-0.266756	0.181989	2.290000
355	0.560676	-0.021248	0.251825	2.290000
356	0.567663	-0.236477	0.007871	2.290000
357	0.565845	0.015563	0.240420	2.290000
358	0.606557	-0.009032	-0.101151	2.290000
359	0.604457	-0.111292	-0.021694	2.290000
360	0.586199	-0.107319	0.151916	2.290000
361	0.595418	0.151110	-0.029460	2.290000
362	0.570748	-0.139830	-0.181437	2.290000
363	0.571118	-0.226357	0.028487	2.290000
364	0.601673	-0.120624	0.040804	2.290000
365	0.604250	-0.082754	0.079114	2.290000
366	0.599713	0.134698	0.020648	2.290000
367	0.612451	0.032420	0.045581	2.290000
368	0.611966	0.059074	0.015267	2.290000
369	0.606852	-0.098164	0.017859	2.290000
370	0.610006	-0.077716	0.008846	2.290000
371	0.605195	-0.011127	0.108812	2.290000
372	0.560804	0.096757	-0.233156	2.290000
373	0.589142	-0.120663	0.128752	2.290000
374	0.597005	-0.146986	-0.014332	2.290000
375	0.601881	-0.122906	0.029300	2.290000
376	0.612012	0.048652	0.036053	2.290000
377	0.583424	-0.026928	-0.192655	2.290000
378	0.607228	-0.096799	-0.011342	2.290000
379	0.603858	-0.107118	0.045890	2.290000
380	0.569568	-0.226668	0.049388	2.290000
381	0.587546	-0.181631	0.004961	2.290000
382	0.609887	0.076436	0.020511	2.290000
383	0.604395	0.113664	-0.003521	2.290000
384	0.614543	0.021308	-0.010405	2.290000
385	0.566074	0.218843	0.099465	2.290000
386	0.611770	0.059088	0.021698	2.290000
387	0.587815	0.093901	-0.154534	2.290000
388	0.608903	0.047360	-0.072244	2.290000
389	0.588466	0.146392	0.102482	2.290000
390	0.599137	-0.128104	0.053379	2.290000
391	0.591341	-0.021467	-0.167572	2.290000
392	0.612466	0.054601	0.011383	2.290000
393	0.578347	0.143909	0.151757	2.290000
394	0.610609	0.061906	0.039356	2.290000
395	0.598900	0.139765	0.003125	2.290000
396	0.566060	0.216965	-0.103574	2.290000
397	0.609842	-0.052555	0.059630	2.290000
398	0.571989	-0.013526	0.225546	2.290000
399	0.593008	-0.113131	-0.117337	2.290000
400	0.608391	-0.062043	-0.065089	2.290000
401	0.597770	0.074060	0.124141	2.290000
402	0.605036	0.107619	0.023980	2.290000
403	0.613408	0.000420	0.044223	2.290000
404	0.599917	0.002525	0.135346	2.290000
405	0.587126	0.077718	0.165736	2.290000
406	0.611930	0.061221	-0.004295	2.290000
407	0.537958	-0.295487	-0.038905	2.290000
408	0.576921	-0.121501	0.174998	2.290000
409	0.611851	0.052853	-0.032701	2.290000
410	0.614959	0.006711	-0.002219	2.290000
411	0.595556	-0.151978	-0.020995	2.290000
412	0.580149	0.199181	-0.044488	2.290000
413	0.612578	0.052161	-0.015871	2.290000
414	0.612273	-0.057650	0.004887	2.290000
415	0.579751	0.152257	0.137592	2.290000
416	0.573711	0.172224	-0.139356	2.290000
417	0.611327	-0.039416	0.054322	2.290000
418	0.611107	-0.018521	0.066559	2.290000
419	0.596099	0.151093	0.007892	2.290000
420	0.596068	0.141287	-0.054465	2.290000
421	0.597124	-0.144953	-0.025623	2.290000
422	0.567836	0.098790	0.214542	2.290000
423	0.602006	0.106761	-0.066454	2.290000
424	0.587346	0.155809	0.094726	2.290000
425	0.607084	0.098283	0.003848	2.290000
426	0.614377	0.024093	-0.013607	2.290000
427	0.581054	0.194551	-0.052452	2.290000
428	0.593682	0.001442	-0.160513	2.290000
429	0.550453	0.002412	-0.274263	2.290000
430	0.581674	-0.166435	-0.110360	2.290000
431	0.527887	-0.168390	-0.266842	2.290000
432	0.609806	-0.073595	0.030742	2.290000
433	0.598945	0.093566	-0.103613	2.290000
434	0.577868	0.128389	-0.166764	2.290000
435	0.595937	0.021692	-0.150377	2.290000
436	0.589564	0.129625	0.117630	2.290000
437	0.606380	0.097332	-0.032476	2.290000
438	0.590466	-0.058086	0.161867	2.290000
439	0.602580	-0.090079	-0.083714	2.290000
440	0.578287	0.152560	-0.143297	2.290000
441	0.608917	0.082580	0.025022	2.290000
442	0.611483	-0.063012	-0.018508	2.290000
443	0.592043	-0.064078	0.153638	2.290000
444	0.595025	-0.118523	0.100609	2.290000
445	0.585104	-0.065514	0.177727	2.290000
446	0.568641	0.202172	-0.118318	2.290000
447	0.608299	0.083565	-0.034837	2.290000
448	0.602045	-0.066308	-0.106632	2.290000
449	0.590615	0.051761	-0.163461	2.290000
450	0.526828	0.311343	-0.061176	2.290000
451	0.614790	0.010642	-0.012052	2.290000
452	0.602974	-0.084863	-0.086286	2.290000
453	0.607568	0.040265	0.086400	2.290000
454	0.555768	-0.227443	-0.132727	2.290000
455	0.609458	-0.027333	-0.077710	2.290000
456	0.596551	-0.049400	-0.141109	2.290000
457	0.614098	-0.011240	-0.031344	2.290000
458	0.610127	0.077264	0.000698	2.290000
459	0.579496	-0.141472	-0.149649	2.290000
460	0.607341	0.054415	0.080007	2.290000
461	0.607245	-0.011479	0.096677	2.290000
462	0.580112	-0.192344	0.068552	2.290000
463	0.592385	-0.101898	-0.130083	2.290000
464	0.613956	-0.034577	-0.009376	2.290000
465	0.580719	0.027490	0.200585	2.290000
466	0.607120	-0.074746	0.063583	2.290000
467	0.593017	0.059515	-0.151703	2.290000
468	0.525556	-0.318521	-0.023667	2.290000
469	0.599428	-0.129592	0.046015	2.290000
470	0.604877	0.023365	0.108643	2.290000
471	0.571272	-0.210522	0.086909	2.290000
472	0.614153	-0.008506	-0.031120	2.290000
473	0.566268	-0.124919	-0.204845	2.290000
474	0.597318	0.145313	-0.017908	2.290000
475	0.507464	0.337278	0.083357	2.290000
476	0.594038	0.159198	0.000492	2.290000
477	0.605513	0.014863	0.106577	2.290000
478	0.605125	0.039763	0.102313	2.290000
479	0.611753	0.004259	-0.062966	2.290000
480	0.515398	-0.300378	-0.149542	2.290000
481	0.561350	-0.229868	-0.101353	2.290000
482	0.613523	-0.013053	0.040541	2.290000
483	0.594214	-0.152857	0.042066	2.290000
484	0.607638	0.077791	0.054306	2.290000
485	0.606025	0.037723	0.097653	2.290000
486	0.594090	-0.007007	-0.158847	2.290000
487	0.589993	0.089831	-0.148538	2.290000
488	0.603587	-0.081875	-0.084878	2.290000
489	0.562850	-0.194578	-0.153508	2.290000
490	0.571270	-0.220488	0.057103	2.290000
491	0.603206	-0.092874	0.075774	2.290000
492	0.611281	-0.062171	0.026362	2.290000
493	0.600306	-0.080925	-0.106341	2.290000
494	0.559555	0.072503	-0.244677	2.290000
495	0.557086	0.020782	-0.259707	2.290000
496	0.582549	-0.188377	-0.058096	2.290000
497	0.601581	-0.048819	0.118077	2.290000
498	0.591707	-0.148070	-0.078631	2.290000
499	0.609266	-0.064529	0.053442	2.290000
500	0.607494	-0.017078	-0.094258	2.290000
501	0.574597	-0.211666	-0.057101	2.290000
502	0.613961	0.010307	0.034217	2.290000
503	0.614967	-0.002359	-0.005915	2.290000
504	0.604498	-0.069017	-0.089688	2.290000
505	0.605543	-0.101387	0.035542	2.290000
506	0.603767	0.034010	-0.111953	2.290000
507	0.535256	-0.168694	0.251532	2.290000
508	0.610911	0.049745	0.050381	2.290000
509	0.613829	0.001016	0.037915	2.290000
510	0.555948	-0.089043	-0.247424	2.290000
511	0.570991	-0.206021	0.098743	2.290000
512	0.609202	0.020819	-0.081636	2.290000
513	0.594012	-0.088105	0.132711	2.290000
514	0.608969	-0.015058	0.084586	2.290000
515	0.591147	0.113760	-0.125813	2.290000
516	0.594120	0.022302	-0.157317	2.290000
517	0.599711	-0.127434	-0.048292	2.290000
518	0.596360	-0.135009	-0.065975	2.290000
519	0.593500	-0.024504	-0.159320	2.290000
520	0.611404	0.030616	-0.058931	2.290000
521	0.577857	-0.202740	-0.056593	2.290000
522	0.599562	-0.127021	0.051152	2.290000
523	0.591142	-0.021220	0.168303	2.290000
524	0.597847	-0.055675	-0.133059	2.290000
525	0.582365	-0.166180	-0.107051	2.290000
526	0.573561	0.149419	-0.164094	2.290000
527	0.610085	-0.077424	-0.005131	2.290000
528	0.573771	-0.077728	-0.207294	2.290000
529	0.596181	-0.133370	-0.070751	2.290000
530	0.530686	-0.255876	0.176423	2.290000
531	0.608380	-0.070292	-0.056194	2.290000
532	0.597667	0.143234	-0.022432	2.290000
533	0.570719	-0.063325	-0.220214	2.290000
534	0.612230	-0.034637	-0.046895	2.290000
535	0.612091	0.059694	0.002616	2.290000
536	0.590200	0.106635	-0.136081	2.290000
537	0.568008	-0.222525	-0.077942	2.290000
538	0.603044	-0.110316	-0.048927	2.290000
539	0.586829	0.091711	0.159519	2.290000
540	0.577008	0.212806	0.000592	2.290000
541	0.551082	0.271027	-0.032835	2.290000
542	0.585483	0.140694	-0.125062	2.290000
543	0.583839	0.120607	-0.151033	2.290000
544	0.577539	0.144502	-0.154250	2.290000
545	0.600964	-0.129768	-0.015075	2.290000
546	0.562147	-0.019777	-0.248646	2.290000
547	0.528477	-0.127718	-0.287447	2.290000
548	0.613539	0.020299	-0.037189	2.290000
549	0.599498	-0.065584	-0.120522	2.290000
550	0.559342	0.231539	-0.108403	2.290000
551	0.613875	-0.000661	-0.037168	2.290000
552	0.614670	0.007873	-0.018542	2.290000
553	0.567617	0.149253	-0.183738	2.290000
554	0.605018	-0.099823	-0.047048	2.290000
555	0.588757	0.164533	-0.067222	2.290000
556	0.602492	0.093650	-0.080360	2.290000
557	0.513678	0.238811	-0.239435	2.290000
558	0.600474	0.015912	0.131919	2.290000
559	0.553280	0.059791	0.261784	2.290000
560	0.604229	0.113580	-0.015236	2.290000
561	0.555008	0.092540	-0.248249	2.290000
562	0.581578	-0.041371	-0.195653	2.290000
563	0.609753	-0.065523	-0.046188	2.290000
564	0.590605	-0.095159	-0.142674	2.290000
565	0.602831	-0.072546	0.097762	2.290000
566	0.610900	-0.070533	0.007192	2.290000
567	0.599583	-0.136606	0.008008	2.290000
568	0.595597	-0.066783	-0.137947	2.290000
569	0.610539	-0.000102	0.073939	2.290000
570	0.608685	0.013089	0.086924	2.290000
571	0.548768	0.108056	0.255739	2.290000
572	0.612661	-0.053584	-0.000629	2.290000
573	0.587481	-0.172425	0.057973	2.290000
574	0.597727	-0.088223	0.114735	2.290000
575	0.591014	-0.170061	-0.002645	2.290000
576	0.563017	0.108252	0.222528	2.290000
577	0.580187	-0.151329	0.136777	2.290000
578	0.600224	0.095203	0.094302	2.290000
579	0.609389	0.079393	-0.023802	2.290000
580	0.613110	-0.047185	-0.009736	2.290000
581	0.576003	0.123136	-0.176869	2.290000
582	0.614901	-0.004828	0.009952	2.290000
583	0.585609	-0.145052	-0.119360	2.290000
584	0.614870	-0.002935	0.012299	2.290000
585	0.602201	-0.027209	-0.121812	2.290000
586	0.611371	-0.022776	-0.062700	2.290000
587	0.578494	0.132166	0.161562	2.290000
588	0.597552	0.133827	-0.056986	2.290000
589	0.595488	0.137610	0.068429	2.290000
590	0.601302	0.100315	0.081230	2.290000
591	0.521990	-0.325186	-0.002349	2.290000
592	0.609669	-0.057751	0.056513	2.290000
593	0.599445	-0.134387	0.028822	2.290000
594	0.609678	-0.052688	-0.061175	2.290000
595	0.603705	-0.114037	-0.027584	2.290000
596	0.611371	0.025886	-0.061482	2.290000
597	0.577747	0.034076	-0.208020	2.290000
598	0.576755	0.099784	-0.188736	2.290000
599	0.587168	-0.124307	0.134188	2.290000
600	0.608516	-0.075018	0.048012	2.290000
601	0.598140	-0.140975	-0.024081	2.290000
602	0.609569	-0.008403	0.081116	2.290000
603	0.613537	0.037141	-0.020437	2.290000
604	0.604321	-0.099027	-0.056693	2.290000
605	0.589007	-0.170748	0.046268	2.290000
606	0.613166	-0.004934	0.047202	2.290000
607	0.609556	-0.011273	0.080864	2.290000
608	0.579419	0.072322	-0.193048	2.290000
609	0.567602	0.082362	-0.221968	2.290000
610	0.576347	-0.213379	-0.022765	2.290000
611	0.578975	-0.189314	-0.084693	2.290000
612	0.613193	-0.033645	0.032976	2.290000
613	0.570285	-0.105829	0.204452	2.290000
614	0.597404	0.144222	-0.023098	2.290000
615	0.589841	-0.149008	0.090053	2.290000
616	0.613010	-0.032382	0.037348	2.290000
617	0.581527	0.105506	-0.170059	2.290000
618	0.598150	0.042779	-0.136425	2.290000
619	0.592604	-0.141080	0.084513	2.290000
620	0.598370	-0.041240	0.135933	2.290000
621	0.600790	-0.060293	0.116795	2.290000
622	0.613424	-0.031255	-0.030962	2.290000
623	0.598553	-0.086468	0.111727	2.290000
624	0.592509	-0.098158	-0.132375	2.290000
625	0.590659	0.080377	-0.151282	2.290000
626	0.595943	0.079685	-0.129333	2.290000
627	0.614080	-0.027451	-0.019430	2.290000
628	0.613450	-0.040146	-0.017097	2.290000
629	0.586486	0.110693	0.148343	2.290000
630	0.611639	0.050281	-0.039937	2.290000
631	0.606007	-0.103498	-0.016403	2.290000
632	0.603421	0.115609	-0.027247	2.290000
633	0.607276	0.036751	0.089944	2.290000
634	0.608030	-0.090670	-0.017424	2.290000
635	0.588558	-0.175422	-0.032429	2.290000
636	0.596117	-0.056814	0.140147	2.290000
637	0.557776	0.238185	-0.101880	2.290000
638	0.548913	0.221410	0.167024	2.290000
639	0.551515	-0.003528	-0.272110	2.290000
640	0.499435	0.332710	0.134514	2.290000
641	0.608109	-0.001256	-0.091795	2.290000
642	0.610142	-0.054085	-0.055010	2.290000
643	0.589616	-0.096744	-0.145666	2.290000
644	0.546727	-0.160381	-0.231501	2.290000
645	0.602789	0.108601	-0.055459	2.290000
646	0.517970	0.089458	-0.319263	2.290000
647	0.564656	0.207181	-0.128316	2.290000
648	0.606199	0.034861	0.097634	2.290000
649	0.566124	0.221008	0.094256	2.290000
650	0.539154	0.286454	-0.074039	2.290000
651	0.598141	0.004705	0.142933	2.290000
652	0.614416	0.025555	-0.008045	2.290000
653	0.581146	0.165787	-0.114055	2.290000
654	0.589159	-0.089019	-0.152291	2.290000
655	0.583526	0.186529	-0.054122	2.290000
656	0.606830	0.000614	-0.099909	2.290000
657	0.601446	0.118664	0.049057	2.290000
658	0.572677	-0.080593	0.209214	2.290000
659	0.614816	-0.001885	-0.014926	2.290000
660	0.599285	-0.131553	-0.042139	2.290000
661	0.548638	-0.217570	0.172872	2.290000
662	0.567570	-0.077332	-0.223850	2.290000
663	0.535019	0.089997	-0.289622	2.290000
664	0.572259	0.032354	0.222930	2.290000
665	0.582450	0.136728	0.142418	2.290000
666	0.554942	-0.085469	-0.250918	2.290000
667	0.563129	-0.246939	0.011483	2.290000
668	0.611014	-0.038916	0.058075	2.290000
669	0.594892	-0.140910	0.066883	2.290000
670	0.600138	0.134086	-0.008985	2.290000
671	0.603709	-0.095579	-0.068008	2.290000
672	0.609534	-0.035024	0.073933	2.290000
673	0.601100	0.095911	0.087779	2.290000
674	0.586221	-0.089760	-0.162827	2.290000
675	0.593887	-0.042301	-0.154057	2.290000
676	0.569867	-0.109671	0.203591	2.290000
677	0.596175	-0.089604	0.121539	2.290000
678	0.534262	-0.030200	0.303112	2.290000
679	0.585038	0.187471	0.028473	2.290000
680	0.578967	0.198697	0.059509	2.290000
681	0.575782	0.129506	-0.172998	2.290000
682	0.566423	-0.048960	-0.234505	2.290000
683	0.573626	0.019616	0.220892	2.290000
684	0.513994	-0.286308	-0.179060	2.290000
685	0.576789	-0.202808	-0.066396	2.290000
686	0.602093	-0.113406	-0.053366	2.290000
687	0.580072	0.027498	0.202447	2.290000
688	0.565462	0.235952	0.052955	2.290000
689	0.610744	0.069747	0.018752	2.290000
690	0.612000	-0.058566	-0.015842	2.290000
691	0.603419	0.033808	-0.113877	2.290000
692	0.587339	0.028632	0.180105	2.290000
693	0.538699	-0.296417	-0.012873	2.290000
694	0.543221	-0.288297	0.004595	2.290000
695	0.603519	-0.110539	-0.042082	2.290000
696	0.591562	-0.168158	-0.001661	2.290000
697	0.606661	0.004420	-0.100838	2.290000
698	0.552269	0.265077	-0.054387	2.290000
699	0.610044	-0.063012	-0.045834	2.290000
700	0.585388	0.046828	-0.182628	2.290000
701	0.571691	-0.213961	-0.074934	2.290000
702	0.592586	-0.126911	0.104695	2.290000
703	0.580221	-0.141897	0.146402	2.290000
704	0.525330	-0.203247	-0.246870	2.290000
705	0.548281	-0.196544	0.197441	2.290000
706	0.605742	-0.027493	-0.102690	2.290000
707	0.611896	0.059357	0.016870	2.290000
708	0.592513	0.153992	0.058655	2.290000
709	0.572494	-0.128987	-0.183952	2.290000
710	0.585979	0.107325	-0.152756	2.290000
711	0.614775	0.010611	0.012817	2.290000
712	0.587806	0.111574	-0.142341	2.290000
713	0.580487	-0.148570	0.138519	2.290000
714	0.603376	-0.073315	-0.093744	2.290000
715	0.590335	-0.058714	0.162118	2.290000
716	0.546304	-0.254624	0.122244	2.290000
717	0.572490	-0.024527	0.223335	2.290000
718	0.612410	0.002430	0.056333	2.290000
719	0.567567	0.206238	-0.116443	2.290000
720	0.598405	-0.127216	-0.062873	2.290000
721	0.602355	0.120492	-0.029574	2.290000
722	0.576295	0.095481	0.192335	2.290000
723	0.555573	0.055853	-0.257767	2.290000
724	0.517257	-0.219636	-0.249860	2.290000
725	0.557083	0.073976	0.249821	2.290000
726	0.583608	-0.167829	-0.097263	2.290000
727	0.596674	0.146489	-0.027322	2.290000
728	0.514586	-0.335692	-0.027144	2.290000
729	0.565569	-0.205430	0.127103	2.290000
730	0.549667	-0.177938	-0.210783	2.290000
731	0.546294	-0.038097	-0.279887	2.290000
732	0.559203	-0.231051	-0.110147	2.290000
733	0.608447	0.035697	0.082115	2.290000
734	0.582679	-0.196608	-0.007464	2.290000
735	0.576695	-0.041961	-0.209493	2.290000
736	0.590760	-0.010479	-0.170640	2.290000
737	0.484406	0.112310	-0.361887	2.290000
738	0.533039	-0.274136	-0.137638	2.290000
739	0.548566	0.153011	-0.232139	2.290000
740	0.593909	0.143442	-0.070152	2.290000
741	0.613727	0.029753	-0.026057	2.290000
742	0.614336	-0.011945	0.025965	2.290000
743	0.606912	0.093734	0.033115	2.290000
744	0.603365	0.108286	0.049499	2.290000
745	0.513322	0.334881	0.050802	2.290000
746	0.519648	0.144074	-0.295691	2.290000
747	0.580379	0.104895	-0.174304	2.290000
748	0.613624	0.035634	-0.020507	2.290000
749	0.603269	-0.087642	0.081303	2.290000
750	0.518676	0.003305	-0.330437	2.290000
751	0.398652	-0.425514	-0.195549	2.290000
752	0.581056	-0.015840	-0.200868	2.290000
753	0.595498	0.149631	0.034899	2.290000
754	0.549332	0.101792	-0.257095	2.290000
755	0.604349	-0.083355	0.077712	2.290000
756	0.575703	0.118801	0.180769	2.290000
757	0.594565	0.102772	-0.118975	2.290000
758	0.609883	0.073425	-0.029601	2.290000
759	0.533949	0.234963	-0.194719	2.290000
760	0.582205	-0.031733	-0.195588	2.290000
761	0.606547	0.038328	-0.094113	2.290000
762	0.591691	0.149197	-0.076594	2.290000
763	0.590200	0.084063	0.151070	2.290000
764	0.588193	-0.179414	-0.008063	2.290000
765	0.535004	0.193453	-0.233605	2.290000
766	0.614352	-0.026892	-0.008567	2.290000
767	0.612898	-0.013228	-0.049053	2.290000
768	0.576593	-0.045248	-0.209088	2.290000
769	0.610319	-0.018683	0.073396	2.290000
770	0.603913	0.077181	0.086932	2.290000
771	0.573668	0.111594	0.191512	2.290000
772	0.609638	0.029176	0.075597	2.290000
773	0.550945	0.091589	-0.257480	2.290000
774	0.546003	-0.282406	0.018764	2.290000
775	0.599959	-0.119253	0.063666	2.290000
776	0.595139	-0.109618	-0.109628	2.290000
777	0.602251	-0.124564	-0.001575	2.290000
778	0.609294	-0.040075	0.073346	2.290000
779	0.574795	-0.218399	0.011731	2.290000
780	0.614275	-0.029271	-0.005904	2.290000
781	0.572719	0.136236	0.177927	2.290000
782	0.597889	-0.122117	0.076430	2.290000
783	0.603001	-0.017917	0.119557	2.290000
784	0.608405	-0.088978	0.012288	2.290000
785	0.591900	-0.166971	-0.000335	2.290000
786	0.606594	-0.010824	-0.100753	2.290000
787	0.530119	-0.199438	-0.239632	2.290000
788	0.596099	-0.128373	0.080070	2.290000
789	0.612754	-0.037785	-0.036466	2.290000
790	0.583019	0.195585	0.007728	2.290000
791	0.594607	0.018636	0.155950	2.290000
792	0.604714	0.111991	0.001848	2.290000
793	0.611680	0.061859	0.015684	2.290000
794	0.606345	-0.102430	0.008872	2.290000
795	0.564689	-0.243620	0.000905	2.290000
796	0.611398	-0.057054	-0.034091	2.290000
797	0.601393	0.128422	-0.007731	2.290000
798	0.595756	-0.056768	-0.141696	2.290000
799	0.609231	0.056797	-0.061941	2.290000
800	0.614200	0.031359	-0.000259	2.290000
801	0.587207	0.087170	0.160670	2.290000
802	0.599891	-0.015920	-0.134543	2.290000
803	0.594886	-0.120278	0.099343	2.290000
804	0.607321	-0.095818	0.014333	2.290000
805	0.568291	-0.226066	-0.064533	2.290000
806	0.589295	-0.129706	0.118882	2.290000
807	0.596904	0.142634	0.039825	2.290000
808	0.575183	0.036829	-0.214553	2.290000
809	0.589460	0.008053	-0.175206	2.290000
810	0.610608	0.055660	0.047805	2.290000
811	0.572610	-0.215501	0.062467	2.290000
812	0.600946	0.005827	0.130595	2.290000
813	0.599771	-0.116851	0.069608	2.290000
814	0.612747	-0.051246	-0.011821	2.290000
815	0.591382	0.063141	-0.156541	2.290000
816	0.612074	-0.015887	-0.057771	2.290000
817	0.605306	0.067538	0.085256	2.290000
818	0.611683	-0.058694	-0.024968	2.290000
819	0.567842	0.030859	0.234155	2.290000
820	0.595407	0.080915	0.131027	2.290000
821	0.572354	-0.114288	-0.193842	2.290000
822	0.563635	0.090766	-0.228696	2.290000
823	0.576994	-0.171799	-0.125649	2.290000
824	0.590592	-0.169271	-0.027803	2.290000
825	0.613575	-0.017314	-0.038088	2.290000
826	0.601438	0.039443	0.122234	2.290000
827	0.543669	-0.265128	0.111157	2.290000
828	0.559340	-0.253445	-0.033610	2.290000
829	0.585370	0.123021	-0.142942	2.290000
830	0.600094	0.037758	-0.129178	2.290000
831	0.572371	-0.224079	0.020135	2.290000
832	0.565667	-0.233781	0.059937	2.290000
833	0.612713	-0.001981	0.052955	2.290000
834	0.583264	-0.093242	-0.171272	2.290000
835	0.606933	-0.040065	-0.090840	2.290000
836	0.579239	0.143548	-0.148665	2.290000
837	0.540859	0.211493	-0.202405	2.290000
838	0.572451	-0.218604	0.052313	2.290000
839	0.597914	-0.126823	-0.068120	2.290000
840	0.577612	-0.185216	-0.101409	2.290000
841	0.599620	0.042277	-0.129974	2.290000
842	0.576768	0.124122	-0.173658	2.290000
843	0.487623	-0.373263	0.033512	2.290000
844	0.593401	0.161216	0.010488	2.290000
845	0.614848	0.001085	0.013645	2.290000
846	0.598370	0.119469	-0.076849	2.290000
847	0.599617	-0.117986	0.069024	2.290000
848	0.604967	-0.107791	0.024918	2.290000
849	0.599724	0.084609	-0.106759	2.290000
850	0.466754	0.400099	0.016906	2.290000
