1	0.487978	-0.092682	0.362646	-0.070000
2	0.293456	0.515069	-0.163747	-0.070000
3	0.556359	0.246859	-0.088039	-0.070000
4	0.599310	-0.126984	0.054112	-0.070000
5	0.606308	0.025181	-0.099906	-0.070000
6	0.527233	-0.247833	-0.197051	-0.070000
7	0.579888	-0.108983	0.173429	-0.070000
8	0.597364	-0.092442	0.113298	-0.070000
9	0.498193	-0.039525	-0.358422	-0.070000
10	0.614183	-0.029721	0.011020	-0.070000
11	0.586749	0.178822	-0.044424	-0.070000
12	0.563768	0.207046	0.132374	-0.070000
13	0.596743	0.103025	-0.107280	-0.070000
14	0.612407	-0.056191	-0.004987	-0.070000
15	0.568253	-0.207391	0.110919	-0.070000
16	0.596602	0.142809	0.043551	-0.070000
17	0.557507	0.055870	-0.253553	-0.070000
18	0.609750	-0.074071	0.030710	-0.070000
19	0.589531	0.174934	0.008767	-0.070000
20	0.609911	0.058386	-0.053145	-0.070000
21	0.611615	-0.020494	0.061089	-0.070000
22	0.585120	0.185664	0.037263	-0.070000
23	0.612243	-0.035763	-0.045879	-0.070000
24	0.585725	-0.114490	0.148468	-0.070000
25	0.609150	-0.040397	-0.074363	-0.070000
26	0.613794	-0.036807	0.011259	-0.070000
27	0.493782	-0.355677	0.088872	-0.070000
28	0.596434	-0.063225	-0.135992	-0.070000
29	0.603241	-0.052351	-0.107630	-0.070000
30	0.611822	-0.026527	0.056527	-0.070000
31	0.600851	-0.094759	-0.090683	-0.070000
32	0.603182	0.100747	0.065166	-0.070000
33	0.573237	-0.000136	0.222766	-0.070000
34	0.592999	-0.133877	0.093029	-0.070000
35	0.604280	-0.114271	-0.003526	-0.070000
36	0.598402	0.112097	-0.087033	-0.070000
37	0.454458	0.344825	0.229758	-0.070000
38	0.608136	-0.090611	-0.013592	-0.070000
39	0.549342	0.188829	0.201971	-0.070000
40	0.599904	0.076940	-0.111449	-0.070000
41	0.601332	0.077792	-0.102824	-0.070000
42	0.609551	-0.061959	0.053233	-0.070000
43	0.608637	-0.069646	0.054184	-0.070000
44	0.555402	0.004037	0.264079	-0.070000
45	0.590871	0.005945	0.170472	-0.070000
46	0.543436	-0.209062	0.197979	-0.070000
47	0.613793	-0.029748	0.024451	-0.070000
48	0.451183	0.279895	-0.310352	-0.070000
49	0.550538	0.189171	-0.198361	-0.070000
50	0.497291	0.017492	-0.361415	-0.070000
51	0.609604	0.081044	0.006342	-0.070000
52	0.565241	0.207981	0.124383	-0.070000
53	0.598761	-0.073758	0.119455	-0.070000
54	0.600143	-0.090720	-0.099113	-0.070000
55	0.598408	-0.078808	-0.117993	-0.070000
56	0.614597	-0.018647	0.012159	-0.070000
57	0.585015	0.081755	-0.171167	-0.070000
58	0.608725	0.072070	0.049853	-0.070000
59	0.564859	0.135464	-0.202011	-0.070000
60	0.553054	-0.012723	-0.268691	-0.070000
61	0.571307	0.100785	0.204145	-0.070000
62	0.586451	-0.110532	-0.148601	-0.070000
63	0.579450	-0.148881	-0.142470	-0.070000
64	0.592926	0.028684	-0.160751	-0.070000
65	0.576514	0.195985	0.086296	-0.070000
66	0.586896	0.143407	-0.114944	-0.070000
67	0.582971	0.183160	-0.069442	-0.070000
68	0.552223	0.269251	0.027904	-0.070000
69	0.597205	0.107694	0.099867	-0.070000
70	0.585880	0.184551	-0.030176	-0.070000
71	0.611632	0.062104	0.016578	-0.070000
72	0.582837	0.193775	-0.031265	-0.070000
73	0.549820	0.108555	-0.253256	-0.070000
74	0.576267	0.139765	-0.163117	-0.070000
75	0.603081	0.103470	0.061742	-0.070000
76	0.595416	0.141250	0.061262	-0.070000
77	0.583898	0.193080	0.002913	-0.070000
78	0.525306	0.313871	0.061352	-0.070000
79	0.606475	-0.060565	0.082130	-0.070000
80	0.519508	0.218263	-0.246369	-0.070000
81	0.593751	0.029055	-0.157609	-0.070000
82	0.576968	0.211472	0.024745	-0.070000
83	0.573635	0.205678	0.082849	-0.070000
84	0.587206	0.120748	-0.137239	-0.070000
85	0.613984	0.004018	-0.035115	-0.070000
86	0.600212	-0.124059	-0.050797	-0.070000
87	0.611736	0.045374	0.044104	-0.070000
88	0.571757	0.226484	0.004830	-0.070000
89	0.605818	-0.076361	-0.073340	-0.070000
90	0.552686	0.236775	-0.129233	-0.070000
91	0.527502	-0.309737	0.063482	-0.070000
92	0.580249	-0.075766	-0.189199	-0.070000
93	0.566698	-0.148253	0.187348	-0.070000
94	0.599289	0.124788	-0.059209	-0.070000
95	0.607098	-0.096075	0.020664	-0.070000
96	0.589899	-0.044699	0.168065	-0.070000
97	0.590697	0.158362	-0.064990	-0.070000
98	0.590689	0.044563	-0.165305	-0.070000
99	0.609310	-0.049886	0.066913	-0.070000
100	0.553808	-0.239326	-0.119353	-0.070000
101	0.609777	0.048938	-0.063260	-0.070000
102	0.535440	0.057948	-0.296937	-0.070000
103	0.601214	-0.040223	-0.123083	-0.070000
104	0.601405	0.128596	-0.000526	-0.070000
105	0.590781	0.149759	-0.082310	-0.070000
106	0.539633	0.260038	-0.139288	-0.070000
107	0.563981	0.015539	-0.244763	-0.070000
108	0.547187	0.279763	-0.023322	-0.070000
109	0.443295	-0.417732	0.084937	-0.070000
110	0.523547	-0.145827	-0.287851	-0.070000
111	0.544023	0.285223	-0.030191	-0.070000
112	0.497057	0.287606	-0.220097	-0.070000
113	0.605039	0.109508	-0.012662	-0.070000
114	0.576547	0.178594	-0.117996	-0.070000
115	0.595026	0.155419	-0.003751	-0.070000
116	0.412662	-0.205800	-0.406917	-0.070000
117	0.544238	0.142566	-0.248405	-0.070000
118	0.560614	0.242264	0.072421	-0.070000
119	0.583811	0.138060	0.135387	-0.070000
120	0.537985	0.297221	-0.021380	-0.070000
121	0.580539	-0.173282	-0.105702	-0.070000
122	0.613888	0.034107	-0.014267	-0.070000
123	0.545722	-0.183433	0.216252	-0.070000
124	0.574912	-0.208578	0.064779	-0.070000
125	0.590866	-0.072308	-0.154511	-0.070000
126	0.606113	0.096408	-0.039473	-0.070000
127	0.541011	0.036039	0.290230	-0.070000
128	0.603314	0.113030	0.038231	-0.070000
129	0.614028	0.027144	-0.021408	-0.070000
130	0.579327	-0.183823	-0.093885	-0.070000
131	0.586539	-0.172184	0.067453	-0.070000
132	0.613507	-0.037116	0.021370	-0.070000
133	0.573938	-0.218917	-0.029934	-0.070000
134	0.583188	0.190813	-0.041312	-0.070000
135	0.592641	-0.164321	-0.000915	-0.070000
136	0.599134	0.024579	-0.136599	-0.070000
137	0.595839	0.130769	0.078104	-0.070000
138	0.598397	-0.032311	0.138208	-0.070000
139	0.602716	-0.014572	-0.121433	-0.070000
140	0.602769	-0.071777	-0.098706	-0.070000
141	0.574861	-0.188633	-0.110351	-0.070000
142	0.613934	0.011733	0.034232	-0.070000
143	0.573119	-0.185465	0.123947	-0.070000
144	0.608829	0.048556	-0.072076	-0.070000
145	0.577202	0.141121	0.158582	-0.070000
146	0.600794	0.000562	-0.131418	-0.070000
147	0.605581	-0.098990	-0.041202	-0.070000
148	0.546632	0.049917	0.277358	-0.070000
149	0.602935	-0.029544	0.117563	-0.070000
150	0.603083	0.115829	0.033163	-0.070000
151	0.609288	0.056774	-0.061399	-0.070000
152	0.591541	0.140194	-0.093003	-0.070000
153	0.605803	-0.017691	-0.104476	-0.070000
154	0.526514	0.195426	-0.250632	-0.070000
155	0.567798	-0.146510	0.185380	-0.070000
156	0.605877	0.038800	0.098143	-0.070000
157	0.573004	0.030440	0.221281	-0.070000
158	0.577821	0.053171	0.203766	-0.070000
159	0.605575	0.079288	-0.072233	-0.070000
160	0.603850	0.104525	0.051618	-0.070000
161	0.592120	0.069195	0.151097	-0.070000
162	0.601441	0.097216	-0.083918	-0.070000
163	0.591614	0.125328	-0.111851	-0.070000
164	0.609825	-0.017879	-0.077584	-0.070000
165	0.574433	-0.057547	0.211991	-0.070000
166	0.610700	0.041230	0.059755	-0.070000
167	0.468951	0.176100	-0.356790	-0.070000
168	0.504992	0.339637	-0.088627	-0.070000
169	0.370291	0.340724	0.353577	-0.070000
170	0.601040	0.081740	-0.101462	-0.070000
171	0.590631	0.142140	-0.095793	-0.070000
172	0.614029	-0.023597	-0.025237	-0.070000
173	0.589456	0.174639	-0.016384	-0.070000
174	0.595668	0.130920	0.079152	-0.070000
175	0.578556	-0.158424	-0.135647	-0.070000
176	0.585750	0.055447	0.179019	-0.070000
177	0.587681	0.165687	-0.073510	-0.070000
178	0.559675	0.223251	-0.123078	-0.070000
179	0.602466	-0.122741	-0.013935	-0.070000
180	0.614244	-0.026637	-0.014828	-0.070000
181	0.527275	0.029885	-0.315139	-0.070000
182	0.599936	0.121050	-0.060407	-0.070000
183	0.568159	0.181539	0.149882	-0.070000
184	0.568187	-0.020184	0.234481	-0.070000
185	0.604355	-0.004706	0.113832	-0.070000
186	0.582681	0.196710	-0.003561	-0.070000
187	0.586686	0.036767	-0.180756	-0.070000
188	0.581915	0.080211	-0.182116	-0.070000
189	0.607101	0.093439	0.030371	-0.070000
190	0.593050	0.118707	0.111469	-0.070000
191	0.611873	-0.047772	0.039419	-0.070000
192	0.604362	-0.109027	-0.032928	-0.070000
193	0.564405	0.045562	-0.239992	-0.070000
194	0.537769	-0.002107	0.298371	-0.070000
195	0.593455	0.103545	0.123752	-0.070000
196	0.603988	0.038442	-0.109299	-0.070000
197	0.560460	0.239962	-0.080794	-0.070000
198	0.567072	-0.035261	0.235395	-0.070000
199	0.606778	0.075989	0.065357	-0.070000
200	0.574304	-0.209215	0.068035	-0.070000
201	0.575679	0.017394	-0.215676	-0.070000
202	0.528047	0.195058	0.247676	-0.070000
203	0.578864	0.203090	-0.043544	-0.070000
204	0.583495	0.122012	-0.151234	-0.070000
205	0.527075	0.307973	-0.074629	-0.070000
206	0.566730	-0.238819	0.002645	-0.070000
207	0.486611	-0.272315	-0.259383	-0.070000
208	0.570453	0.161701	-0.163283	-0.070000
209	0.613152	0.026065	0.039873	-0.070000
210	0.595737	0.152567	0.006736	-0.070000
211	0.574850	0.041066	-0.214676	-0.070000
212	0.598202	0.089518	-0.111200	-0.070000
213	0.581920	-0.055762	-0.191010	-0.070000
214	0.570666	0.123767	0.192996	-0.070000
215	0.538829	0.294397	-0.034913	-0.070000
216	0.556428	0.234035	-0.117648	-0.070000
217	0.588344	0.049423	-0.172143	-0.070000
218	0.610687	-0.061790	0.038325	-0.070000
219	0.588796	-0.065670	0.165020	-0.070000
220	0.593369	-0.150372	0.059380	-0.070000
221	0.601004	0.111418	0.067865	-0.070000
222	0.512902	-0.295682	-0.166521	-0.070000
223	0.560996	0.148839	-0.203360	-0.070000
224	0.592337	0.128817	-0.103768	-0.070000
225	0.603263	0.101789	0.062749	-0.070000
226	0.569499	0.165489	-0.162817	-0.070000
227	0.590367	0.019060	-0.171256	-0.070000
228	0.594127	-0.158706	0.007080	-0.070000
229	0.608580	-0.053795	0.070435	-0.070000
230	0.584407	-0.130956	-0.139801	-0.070000
231	0.594094	-0.123042	0.100687	-0.070000
232	0.610286	-0.046067	0.060450	-0.070000
233	0.613094	0.047590	-0.008741	-0.070000
234	0.609977	0.039624	0.067698	-0.070000
235	0.592766	-0.002601	-0.163848	-0.070000
236	0.590814	-0.127383	-0.113741	-0.070000
237	0.607239	-0.078751	0.057307	-0.070000
238	0.592573	-0.107523	-0.124585	-0.070000
239	0.555112	-0.237810	0.116283	-0.070000
240	0.436486	-0.399544	0.167541	-0.070000
241	0.600423	-0.129584	0.030424	-0.070000
242	0.612290	0.038228	0.043175	-0.070000
243	0.579839	0.195299	0.062214	-0.070000
244	0.609142	0.028244	-0.079832	-0.070000
245	0.592167	0.024210	0.164248	-0.070000
246	0.598558	0.128906	0.057767	-0.070000
247	0.610634	-0.042948	-0.059220	-0.070000
248	0.608499	-0.018811	0.087181	-0.070000
249	0.550525	0.235485	0.140333	-0.070000
250	0.540041	0.083919	-0.282025	-0.070000
251	0.582914	0.120226	0.154860	-0.070000
252	0.594820	0.142250	0.064646	-0.070000
253	0.603825	0.068042	-0.094817	-0.070000
254	0.611587	-0.063215	-0.013795	-0.070000
255	0.596291	0.016071	-0.149681	-0.070000
256	0.604061	0.034766	0.110122	-0.070000
257	0.609479	0.082150	0.003415	-0.070000
258	0.606071	0.006675	-0.104206	-0.070000
259	0.584715	0.105741	-0.158595	-0.070000
260	0.579582	0.037770	0.202195	-0.070000
261	0.542130	0.241456	-0.161302	-0.070000
262	0.605348	-0.033241	0.103316	-0.070000
263	0.583932	0.174757	0.081901	-0.070000
264	0.604498	0.082876	-0.077061	-0.070000
265	0.558676	0.242029	0.086763	-0.070000
266	0.585359	-0.096019	0.162357	-0.070000
267	0.585639	-0.149771	-0.113227	-0.070000
268	0.560153	0.053579	-0.248159	-0.070000
269	0.583897	-0.056274	-0.184724	-0.070000
270	0.609312	0.036856	-0.074871	-0.070000
271	0.562297	0.229055	0.097880	-0.070000
272	0.598209	-0.104472	-0.097246	-0.070000
273	0.608897	0.085935	-0.009218	-0.070000
274	0.605229	0.107457	-0.019399	-0.070000
275	0.610395	-0.068391	0.031068	-0.070000
276	0.614215	0.030676	-0.004910	-0.070000
277	0.524827	0.133923	-0.291284	-0.070000
278	0.601735	0.117350	0.048674	-0.070000
279	0.608744	0.059883	0.063797	-0.070000
280	0.578018	0.194899	-0.078324	-0.070000
281	0.614160	0.021220	-0.024140	-0.070000
282	0.560599	0.242101	-0.073083	-0.070000
283	0.578024	0.208959	-0.021194	-0.070000
284	0.603978	0.086334	0.077345	-0.070000
285	0.605022	0.040174	-0.102762	-0.070000
286	0.612657	0.046290	-0.027097	-0.070000
287	0.574174	0.219966	0.012807	-0.070000
288	0.603407	0.109840	0.045384	-0.070000
289	0.529360	0.177705	0.257727	-0.070000
290	0.610983	0.070178	-0.000267	-0.070000
291	0.583951	0.141694	0.130953	-0.070000
292	0.560697	0.251504	0.024282	-0.070000
293	0.580293	0.038693	-0.199969	-0.070000
294	0.612134	0.053368	-0.025870	-0.070000
295	0.503562	-0.351984	-0.027533	-0.070000
296	0.612124	0.046186	-0.037369	-0.070000
297	0.607985	-0.017494	-0.090959	-0.070000
298	0.610836	-0.067630	-0.023026	-0.070000
299	0.609383	0.082927	-0.000519	-0.070000
300	0.585915	0.179984	0.050338	-0.070000
301	0.609072	0.084089	-0.013632	-0.070000
302	0.605016	0.030602	-0.106040	-0.070000
303	0.610177	0.075787	0.012858	-0.070000
304	0.614801	-0.013005	0.008710	-0.070000
305	0.590547	-0.045119	0.165660	-0.070000
306	0.611604	0.039483	-0.051059	-0.070000
307	0.583288	-0.114702	-0.157617	-0.070000
308	0.607649	0.065787	0.068261	-0.070000
309	0.608170	0.033512	-0.085040	-0.070000
310	0.540242	0.228873	-0.184339	-0.070000
311	0.564766	0.236044	-0.059558	-0.070000
312	0.562570	0.024106	-0.247304	-0.070000
313	0.557142	-0.259315	-0.023952	-0.070000
314	0.517283	-0.169467	-0.286224	-0.070000
315	0.613059	0.030614	-0.038040	-0.070000
316	0.592667	0.043624	-0.158326	-0.070000
317	0.607118	0.086031	0.047238	-0.070000
318	0.529306	0.271370	-0.156264	-0.070000
319	0.440481	0.224720	-0.365653	-0.070000
320	0.555687	-0.055823	-0.257528	-0.070000
321	0.511727	0.316195	-0.127986	-0.070000
322	0.537875	0.245861	0.168723	-0.070000
323	0.568224	0.225233	-0.067942	-0.070000
324	0.575958	0.120401	-0.178887	-0.070000
325	0.613008	0.040567	-0.028299	-0.070000
326	0.537401	-0.243513	0.173571	-0.070000
327	0.608818	0.086665	0.007400	-0.070000
328	0.556025	-0.067880	0.253877	-0.070000
329	0.563090	-0.241752	0.052058	-0.070000
330	0.539337	0.294570	0.023858	-0.070000
331	0.600659	0.132007	0.002827	-0.070000
332	0.605735	0.093887	0.049948	-0.070000
333	0.603655	0.114666	-0.026019	-0.070000
334	0.605758	-0.106098	-0.005087	-0.070000
335	0.604869	-0.111169	0.000607	-0.070000
336	0.598745	0.125840	-0.062397	-0.070000
337	0.613372	-0.015937	0.041783	-0.070000
338	0.599568	0.109466	-0.082222	-0.070000
339	0.613512	-0.042394	-0.005502	-0.070000
340	0.545750	0.278029	-0.055516	-0.070000
341	0.575747	-0.045706	-0.211309	-0.070000
342	0.613747	0.025810	-0.029551	-0.070000
343	0.589756	-0.171578	0.031207	-0.070000
344	0.610506	-0.015767	-0.072521	-0.070000
345	0.614325	-0.022787	-0.017619	-0.070000
346	0.611532	0.065181	0.002198	-0.070000
347	0.612871	0.039643	-0.032282	-0.070000
348	0.595816	0.015173	0.151651	-0.070000
349	0.600548	-0.129599	-0.027762	-0.070000
350	0.611243	0.066428	-0.013921	-0.070000
351	0.611603	-0.046593	0.044679	-0.070000
352	0.608530	-0.053783	-0.070877	-0.070000
353	0.610734	-0.071163	0.012838	-0.070000
354	0.584487	0.108232	0.157751	-0.070000
355	0.583256	0.194287	0.017016	-0.070000
356	0.612718	0.034579	0.040077	-0.070000
357	0.536710	0.292636	0.067312	-0.070000
358	0.612152	0.015934	0.056925	-0.070000
359	0.608429	0.075771	-0.047936	-0.070000
360	0.607528	0.063990	-0.070992	-0.070000
361	0.603787	0.039452	0.110046	-0.070000
362	0.597097	0.033628	0.143419	-0.070000
363	0.590456	0.164055	0.051698	-0.070000
364	0.603794	-0.017803	-0.115502	-0.070000
365	0.607501	0.031475	-0.090429	-0.070000
366	0.608372	0.037696	-0.081778	-0.070000
367	0.609287	0.066040	0.051313	-0.070000
368	0.554495	0.175168	0.200191	-0.070000
369	0.614967	-0.006393	0.000252	-0.070000
370	0.612970	0.047532	-0.015282	-0.070000
371	0.595460	0.037625	-0.149121	-0.070000
372	0.610001	0.025363	0.074028	-0.070000
373	0.560451	0.245928	-0.060327	-0.070000
374	0.574168	0.147771	-0.163464	-0.070000
375	0.606723	0.067256	0.074756	-0.070000
376	0.609905	0.078489	-0.008978	-0.070000
377	0.591718	-0.023338	-0.165984	-0.070000
378	0.559357	0.068107	-0.246386	-0.070000
379	0.585446	0.176967	-0.064500	-0.070000
380	0.607513	0.049431	-0.081913	-0.070000
381	0.524246	0.215222	-0.238895	-0.070000
382	0.540759	0.240472	0.167266	-0.070000
383	0.579724	0.051669	-0.198686	-0.070000
384	0.588144	0.125765	-0.128430	-0.070000
385	0.608570	0.006332	-0.088476	-0.070000
386	0.599154	0.138492	-0.007712	-0.070000
387	0.611099	0.065690	0.021638	-0.070000
388	0.564057	0.186189	-0.159367	-0.070000
389	0.530811	0.250922	-0.183039	-0.070000
390	0.592687	0.163042	0.019091	-0.070000
391	0.575152	0.215461	-0.031638	-0.070000
392	0.592911	0.163011	-0.010459	-0.070000
393	0.587943	0.123086	-0.131902	-0.070000
394	0.598488	0.099116	0.101058	-0.070000
395	0.581218	0.131856	0.151740	-0.070000
396	0.603957	-0.113796	-0.022623	-0.070000
397	0.606868	-0.025185	0.096444	-0.070000
398	0.579884	0.197433	-0.054586	-0.070000
399	0.598735	0.130317	-0.052520	-0.070000
400	0.603722	0.117150	0.004542	-0.070000
401	0.604055	0.115176	0.008777	-0.070000
402	0.614224	0.027432	-0.014206	-0.070000
403	0.579960	-0.200871	-0.039020	-0.070000
404	0.565200	-0.228014	-0.082364	-0.070000
405	0.614891	-0.003626	0.010979	-0.070000
406	0.578579	0.159974	0.133714	-0.070000
407	0.594338	0.157206	-0.016549	-0.070000
408	0.583988	0.158721	-0.109501	-0.070000
409	0.553444	0.239230	0.121218	-0.070000
410	0.606692	-0.007180	0.100491	-0.070000
411	0.605375	-0.054537	-0.093657	-0.070000
412	0.588063	-0.137426	-0.116280	-0.070000
413	0.610166	0.061574	-0.046161	-0.070000
414	0.608747	-0.071533	0.050353	-0.070000
415	0.470567	0.265291	-0.293959	-0.070000
416	0.559413	0.097740	-0.236070	-0.070000
417	0.595868	0.117169	-0.097151	-0.070000
418	0.586188	-0.183798	-0.028766	-0.070000
419	0.598662	0.105824	-0.092897	-0.070000
420	0.569489	0.221003	-0.071172	-0.070000
421	0.582292	0.125464	-0.153037	-0.070000
422	0.547995	0.279001	0.009211	-0.070000
423	0.548830	0.103016	-0.257678	-0.070000
424	0.604886	-0.016229	-0.109884	-0.070000
425	0.608284	0.085471	0.030169	-0.070000
426	0.608281	0.072660	-0.054225	-0.070000
427	0.571031	0.205819	0.098929	-0.070000
428	0.574540	0.146207	-0.163561	-0.070000
429	0.477962	0.250028	-0.295404	-0.070000
430	0.488729	0.294664	-0.229221	-0.070000
431	0.600269	-0.123324	-0.051896	-0.070000
432	0.516900	-0.035058	0.331376	-0.070000
433	0.530081	-0.294977	-0.101130	-0.070000
434	0.504707	-0.205820	-0.284840	-0.070000
435	0.569450	0.114203	-0.202260	-0.070000
436	0.593042	0.161490	-0.021132	-0.070000
437	0.607955	0.055448	0.074441	-0.070000
438	0.598769	0.007654	-0.140149	-0.070000
439	0.609669	-0.048375	-0.064722	-0.070000
440	0.614634	-0.014653	-0.015322	-0.070000
441	0.585865	-0.014645	-0.186475	-0.070000
442	0.560309	-0.210285	-0.141628	-0.070000
443	0.584283	-0.186031	-0.047230	-0.070000
444	0.613265	-0.045021	0.010185	-0.070000
445	0.610718	0.052201	-0.050231	-0.070000
446	0.540949	0.291245	-0.027847	-0.070000
447	0.612995	0.027598	-0.041239	-0.070000
448	0.608786	0.017655	0.085399	-0.070000
449	0.590738	-0.005336	-0.170952	-0.070000
450	0.571611	-0.222189	-0.046024	-0.070000
451	0.600807	0.003181	0.131323	-0.070000
452	0.537523	-0.280054	0.104231	-0.070000
453	0.573348	0.129791	0.180697	-0.070000
454	0.613344	0.030215	-0.033486	-0.070000
455	0.603572	0.088169	-0.078434	-0.070000
456	0.614139	-0.032092	-0.005354	-0.070000
457	0.554401	-0.240839	-0.113408	-0.070000
458	0.611154	-0.068645	-0.001867	-0.070000
459	0.596252	0.120677	0.090250	-0.070000
460	0.604599	-0.112127	-0.010611	-0.070000
461	0.564691	0.134165	0.203344	-0.070000
462	0.554959	0.059807	0.258202	-0.070000
463	0.607751	0.045058	0.082668	-0.070000
464	0.570276	0.049268	0.224906	-0.070000
465	0.573524	0.124856	0.183593	-0.070000
466	0.600287	0.124867	-0.047841	-0.070000
467	0.614405	0.009780	0.025216	-0.070000
468	0.567281	0.232489	0.048647	-0.070000
469	0.590689	0.150756	-0.081141	-0.070000
470	0.609697	-0.019738	0.078137	-0.070000
471	0.589661	0.135686	-0.110065	-0.070000
472	0.562629	-0.225026	0.105058	-0.070000
473	0.529457	0.187490	-0.250494	-0.070000
474	0.591751	0.166038	-0.022072	-0.070000
475	0.598949	0.055392	-0.128126	-0.070000
476	0.604289	-0.000545	0.114276	-0.070000
477	0.591595	0.113044	0.124345	-0.070000
478	0.614845	-0.012381	-0.006121	-0.070000
479	0.596695	-0.125442	0.080277	-0.070000
480	0.613451	0.043428	0.004050	-0.070000
481	0.595203	-0.154177	-0.013701	-0.070000
482	0.613012	-0.015739	-0.046833	-0.070000
483	0.594941	0.101840	-0.117894	-0.070000
484	0.563971	0.213662	-0.120458	-0.070000
485	0.603673	0.110852	0.038929	-0.070000
486	0.608378	-0.040989	-0.080128	-0.070000
487	0.603336	0.108217	0.049992	-0.070000
488	0.596067	-0.058365	0.139724	-0.070000
489	0.531124	0.120912	-0.285505	-0.070000
490	0.610387	-0.000755	-0.075183	-0.070000
491	0.593587	0.124921	0.101363	-0.070000
492	0.525038	0.223061	-0.229791	-0.070000
493	0.593536	-0.003835	-0.161012	-0.070000
494	0.609081	0.068440	-0.050612	-0.070000
495	0.573627	0.198809	-0.098247	-0.070000
496	0.608846	-0.074492	0.044522	-0.070000
497	0.605452	0.094858	0.051527	-0.070000
498	0.599742	-0.058438	0.122959	-0.070000
499	0.598743	-0.043619	0.133524	-0.070000
500	0.602069	0.067791	-0.105557	-0.070000
501	0.571292	0.222256	0.049532	-0.070000
502	0.593631	0.159307	0.021187	-0.070000
503	0.540458	0.124823	0.265611	-0.070000
504	0.593824	0.129370	-0.094136	-0.070000
505	0.587298	0.101004	-0.152000	-0.070000
506	0.614597	-0.021603	0.005398	-0.070000
507	0.576964	0.198181	-0.077857	-0.070000
508	0.538205	0.155625	-0.253655	-0.070000
509	0.606647	0.093928	0.037170	-0.070000
510	0.603777	-0.034393	0.111783	-0.070000
511	0.594345	-0.071416	0.140992	-0.070000
512	0.596868	0.147042	0.018777	-0.070000
513	0.570263	0.208254	-0.098264	-0.070000
514	0.613645	-0.020854	-0.035074	-0.070000
515	0.580854	0.071835	0.188872	-0.070000
516	0.603273	0.119412	-0.005259	-0.070000
517	0.597886	0.138667	-0.039104	-0.070000
518	0.608778	-0.086803	0.008923	-0.070000
519	0.580219	-0.170380	-0.111991	-0.070000
520	0.583125	0.019235	0.194475	-0.070000
521	0.529470	0.249064	0.189350	-0.070000
522	0.600895	0.129521	0.019349	-0.070000
523	0.599418	0.126438	0.054187	-0.070000
524	0.453302	0.411113	-0.061057	-0.070000
525	0.552292	-0.263533	-0.061232	-0.070000
526	0.609248	-0.042211	0.072527	-0.070000
527	0.605755	0.106168	0.003766	-0.070000
528	0.586300	0.056341	-0.176925	-0.070000
529	0.560469	0.250400	0.037405	-0.070000
530	0.588540	0.033978	-0.175191	-0.070000
531	0.528952	0.217191	-0.226412	-0.070000
532	0.534670	0.109204	-0.283597	-0.070000
533	0.558695	0.252043	-0.050595	-0.070000
534	0.421182	-0.410954	0.178739	-0.070000
535	0.589796	-0.004579	-0.174198	-0.070000
536	0.594956	0.145807	-0.054710	-0.070000
537	0.594876	-0.141215	0.066379	-0.070000
538	0.581410	0.199765	0.016783	-0.070000
539	0.582721	0.040446	-0.192419	-0.070000
540	0.574678	0.198337	-0.092911	-0.070000
541	0.569335	-0.116007	-0.201557	-0.070000
542	0.604913	0.109159	0.019736	-0.070000
543	0.610175	0.061176	0.046570	-0.070000
544	0.614038	0.008299	-0.033373	-0.070000
545	0.515133	0.293361	-0.163713	-0.070000
546	0.596165	-0.006749	-0.150885	-0.070000
547	0.579230	-0.188088	0.085678	-0.070000
548	0.578056	-0.012583	0.209566	-0.070000
549	0.595392	-0.130738	0.081489	-0.070000
550	0.538318	-0.239217	-0.176674	-0.070000
551	0.585934	0.183609	-0.034549	-0.070000
552	0.572892	0.215607	-0.059439	-0.070000
553	0.607085	0.058313	0.079200	-0.070000
554	0.600166	0.107239	-0.080781	-0.070000
555	0.614411	0.017203	-0.020699	-0.070000
556	0.588293	-0.070572	-0.164792	-0.070000
557	0.574883	-0.041933	-0.214421	-0.070000
558	0.575806	-0.196813	0.089093	-0.070000
559	0.600393	-0.084659	0.102886	-0.070000
560	0.594060	0.017015	0.158202	-0.070000
561	0.610426	0.039704	0.063471	-0.070000
562	0.609540	0.054552	-0.060912	-0.070000
563	0.603049	-0.040101	-0.113792	-0.070000
564	0.574655	-0.106089	-0.191681	-0.070000
565	0.596902	0.085467	0.120948	-0.070000
566	0.613072	-0.032779	0.035960	-0.070000
567	0.593157	0.133164	0.093044	-0.070000
568	0.607250	0.089949	-0.037175	-0.070000
569	0.600606	0.074559	0.109265	-0.070000
570	0.613951	-0.020488	0.029490	-0.070000
571	0.604003	0.115667	0.005104	-0.070000
572	0.569418	-0.129587	0.192860	-0.070000
573	0.603756	-0.001941	0.117044	-0.070000
574	0.599878	0.078508	0.110491	-0.070000
575	0.594470	0.137679	0.076649	-0.070000
576	0.541113	0.137195	0.258068	-0.070000
577	0.524703	0.320068	-0.021647	-0.070000
578	0.612986	0.027879	-0.041189	-0.070000
579	0.613819	-0.005913	-0.037637	-0.070000
580	0.575546	0.164896	0.140644	-0.070000
581	0.596924	-0.142595	-0.039667	-0.070000
582	0.563914	-0.069759	0.235286	-0.070000
583	0.606138	-0.084288	-0.060964	-0.070000
584	0.573640	0.038523	-0.218352	-0.070000
585	0.556489	0.126898	-0.229001	-0.070000
586	0.588575	0.170499	-0.052291	-0.070000
587	0.613755	0.038170	-0.008555	-0.070000
588	0.593961	0.154412	0.039904	-0.070000
589	0.602938	0.120417	0.013793	-0.070000
590	0.612220	-0.014386	0.056613	-0.070000
591	0.599959	-0.016094	-0.134220	-0.070000
592	0.580904	-0.007692	-0.201782	-0.070000
593	0.580206	0.202381	-0.025065	-0.070000
594	0.554230	0.168658	-0.206418	-0.070000
595	0.547033	0.226246	-0.166712	-0.070000
596	0.580762	0.191688	-0.064776	-0.070000
597	0.606570	0.010487	0.100936	-0.070000
598	0.601299	0.129091	-0.000125	-0.070000
599	0.572424	0.087373	-0.207175	-0.070000
600	0.611441	0.064023	-0.016317	-0.070000
601	0.588171	0.168056	-0.063536	-0.070000
602	0.592656	0.156982	-0.048373	-0.070000
603	0.590657	0.168803	-0.029237	-0.070000
604	0.584208	0.138553	-0.133151	-0.070000
605	0.594441	0.146389	-0.058616	-0.070000
606	0.609788	0.078596	-0.014367	-0.070000
607	0.608583	0.075760	0.045953	-0.070000
608	0.598185	0.132848	-0.052453	-0.070000
609	0.536122	0.293812	-0.066882	-0.070000
610	0.606515	0.062525	-0.080341	-0.070000
611	0.609197	0.061702	0.057418	-0.070000
612	0.579881	0.203875	-0.019945	-0.070000
613	0.588747	0.106113	-0.142627	-0.070000
614	0.594433	0.146400	-0.058665	-0.070000
615	0.594713	0.106561	-0.114832	-0.070000
616	0.527774	0.136779	-0.284555	-0.070000
617	0.612658	-0.005864	-0.053296	-0.070000
618	0.614032	-0.034362	-0.002968	-0.070000
619	0.607921	0.069283	0.062103	-0.070000
620	0.583334	0.112978	0.158692	-0.070000
621	0.598595	0.135544	-0.039200	-0.070000
622	0.565597	0.191777	0.146787	-0.070000
623	0.611355	0.009974	0.066114	-0.070000
624	0.583586	-0.109292	-0.160335	-0.070000
625	0.595588	-0.148468	0.038182	-0.070000
626	0.610884	0.060036	0.037959	-0.070000
627	0.576457	0.209816	0.043582	-0.070000
628	0.555711	0.151430	-0.215590	-0.070000
629	0.593570	0.090240	-0.133255	-0.070000
630	0.547926	0.276738	-0.037660	-0.070000
631	0.586497	-0.180423	0.041160	-0.070000
632	0.596654	0.143092	0.041870	-0.070000
633	0.611999	0.054509	-0.026671	-0.070000
634	0.574357	0.219722	-0.007865	-0.070000
635	0.599510	0.099875	0.094011	-0.070000
636	0.503887	0.254984	-0.243527	-0.070000
637	0.611226	0.056958	-0.037202	-0.070000
638	0.608087	-0.066375	-0.063636	-0.070000
639	0.607738	0.088739	-0.031691	-0.070000
640	0.611154	-0.041917	-0.054399	-0.070000
641	0.422462	0.237751	-0.378451	-0.070000
642	0.571112	0.100679	-0.204743	-0.070000
643	0.599231	0.055326	-0.126831	-0.070000
644	0.611431	0.041468	-0.051547	-0.070000
645	0.608671	-0.064426	-0.059946	-0.070000
646	0.540392	-0.291978	-0.030832	-0.070000
647	0.479308	-0.366501	-0.119019	-0.070000
648	0.604196	0.111559	0.026967	-0.070000
649	0.608016	0.079953	0.046354	-0.070000
650	0.604612	0.033700	0.107396	-0.070000
651	0.606850	0.098292	0.017239	-0.070000
652	0.613215	-0.010883	-0.045547	-0.070000
653	0.578339	0.201356	0.056608	-0.070000
654	0.596472	-0.143752	-0.042206	-0.070000
655	0.609905	-0.074354	0.026691	-0.070000
656	0.436679	-0.428129	-0.065132	-0.070000
657	0.516956	0.197368	0.268380	-0.070000
658	0.594857	-0.137597	-0.073737	-0.070000
659	0.579396	0.098018	0.181433	-0.070000
660	0.548741	-0.140033	0.239789	-0.070000
661	0.605346	0.088729	-0.062519	-0.070000
662	0.608197	0.055395	-0.072479	-0.070000
663	0.600207	0.124197	0.050519	-0.070000
664	0.586931	-0.012796	0.183229	-0.070000
665	0.572526	-0.216691	0.059025	-0.070000
666	0.530409	0.105870	0.292716	-0.070000
667	0.575090	-0.063301	-0.208542	-0.070000
668	0.562085	-0.017962	0.248923	-0.070000
669	0.598900	0.096983	0.100689	-0.070000
670	0.609247	0.079744	-0.026155	-0.070000
671	0.588980	-0.126905	0.123382	-0.070000
672	0.548629	0.250250	0.120855	-0.070000
673	0.573549	-0.117537	0.188287	-0.070000
674	0.603805	-0.021063	0.114893	-0.070000
675	0.607332	-0.095782	-0.014088	-0.070000
676	0.602446	0.065121	-0.105085	-0.070000
677	0.593765	0.044293	-0.153969	-0.070000
678	0.522989	0.315184	0.073257	-0.070000
679	0.591181	0.082855	-0.147867	-0.070000
680	0.539251	-0.029957	0.294170	-0.070000
681	0.575936	-0.205193	0.066470	-0.070000
682	0.596825	0.035236	-0.144165	-0.070000
683	0.600253	-0.127989	-0.039241	-0.070000
684	0.583554	0.040316	0.189905	-0.070000
685	0.604264	-0.099261	0.056898	-0.070000
686	0.613487	0.037129	0.021921	-0.070000
687	0.578651	0.004422	0.208251	-0.070000
688	0.583934	0.175010	0.081350	-0.070000
689	0.536433	0.198489	0.225980	-0.070000
690	0.611027	-0.059482	-0.036502	-0.070000
691	0.608703	0.087288	-0.009311	-0.070000
692	0.601252	-0.015466	0.128381	-0.070000
693	0.589032	0.000586	-0.176822	-0.070000
694	0.612265	-0.056117	-0.014393	-0.070000
695	0.600020	0.133614	0.018670	-0.070000
696	0.600115	0.081893	-0.106682	-0.070000
697	0.388608	0.357966	-0.314751	-0.070000
698	0.589796	0.167583	0.047762	-0.070000
699	0.554657	-0.065012	-0.257592	-0.070000
700	0.577438	0.210909	-0.017555	-0.070000
701	0.604968	0.044645	0.101221	-0.070000
702	0.564158	0.207521	-0.129947	-0.070000
703	0.609742	-0.070977	0.037442	-0.070000
704	0.590228	0.143000	0.096991	-0.070000
705	0.569735	0.215021	-0.085984	-0.070000
706	0.591163	0.158168	0.061103	-0.070000
707	0.568124	0.223098	-0.075412	-0.070000
708	0.596950	-0.147802	-0.005453	-0.070000
709	0.612591	0.039600	-0.037269	-0.070000
710	0.560026	-0.131780	-0.217324	-0.070000
711	0.583947	0.192946	-0.001565	-0.070000
712	0.602801	0.121062	-0.014160	-0.070000
713	0.596277	-0.141059	0.052741	-0.070000
714	0.588804	0.174857	0.030990	-0.070000
715	0.612027	0.058751	-0.014016	-0.070000
716	0.572959	0.202709	0.094086	-0.070000
717	0.529599	0.312560	-0.007461	-0.070000
718	0.558565	0.156022	-0.204664	-0.070000
719	0.537917	0.094236	0.282825	-0.070000
720	0.598784	0.099750	0.098653	-0.070000
721	0.589161	0.118035	-0.131082	-0.070000
722	0.581209	0.198381	-0.032660	-0.070000
723	0.611519	0.041841	0.050182	-0.070000
724	0.592562	0.059336	0.153538	-0.070000
725	0.603553	-0.002525	-0.118080	-0.070000
726	0.578388	0.182332	0.102211	-0.070000
727	0.589890	0.145943	0.094631	-0.070000
728	0.582197	0.185540	0.069619	-0.070000
729	0.573450	0.131115	-0.179414	-0.070000
730	0.573860	0.198674	0.097150	-0.070000
731	0.558078	-0.237775	0.101180	-0.070000
732	0.611170	0.053117	0.043294	-0.070000
733	0.587266	0.170714	0.064810	-0.070000
734	0.535337	0.235483	0.190230	-0.070000
735	0.599742	0.098566	-0.093913	-0.070000
736	0.603105	0.100598	-0.066097	-0.070000
737	0.591356	0.163007	0.044185	-0.070000
738	0.575535	-0.204118	-0.072944	-0.070000
739	0.593712	-0.152030	0.051166	-0.070000
740	0.611038	0.041214	-0.056207	-0.070000
741	0.581192	0.201012	-0.005911	-0.070000
742	0.571140	0.226864	-0.023587	-0.070000
743	0.539490	0.262500	-0.135164	-0.070000
744	0.578091	0.081325	-0.193449	-0.070000
745	0.588455	0.006636	-0.178609	-0.070000
746	0.526017	0.282774	0.146867	-0.070000
747	0.507702	0.275561	-0.211022	-0.070000
748	0.563783	0.178074	-0.169302	-0.070000
749	0.569745	0.189430	-0.133162	-0.070000
750	0.250346	0.341895	-0.445713	-0.070000
751	0.569195	0.192913	-0.130487	-0.070000
752	0.600207	-0.133470	0.012724	-0.070000
753	0.569936	-0.194754	-0.124375	-0.070000
754	0.377424	-0.371405	-0.312786	-0.070000
755	0.613311	0.013894	0.043379	-0.070000
756	0.602591	-0.049706	0.112421	-0.070000
757	0.586692	0.170755	-0.069716	-0.070000
758	0.609673	-0.058836	-0.055332	-0.070000
759	0.603101	0.111800	-0.044669	-0.070000
760	0.602351	0.121299	-0.026179	-0.070000
761	0.559460	-0.172049	-0.188756	-0.070000
762	0.579599	-0.193469	-0.069710	-0.070000
763	0.608319	0.088165	0.019991	-0.070000
764	0.565042	0.148134	0.192377	-0.070000
765	0.592669	-0.134647	0.094011	-0.070000
766	0.608650	0.071798	-0.051136	-0.070000
767	0.598111	0.032625	-0.139370	-0.070000
768	0.590780	-0.012749	-0.170415	-0.070000
769	0.613842	-0.000029	0.037728	-0.070000
770	0.602950	-0.121020	0.005505	-0.070000
771	0.594343	0.157581	0.012220	-0.070000
772	0.580588	0.183992	0.085379	-0.070000
773	0.535159	-0.270309	0.136978	-0.070000
774	0.592482	0.044080	0.158891	-0.070000
775	0.588476	-0.075368	-0.161989	-0.070000
776	0.599626	0.134812	0.022350	-0.070000
777	0.568341	-0.022511	0.233895	-0.070000
778	0.598296	0.055707	0.131010	-0.070000
779	0.596607	-0.055535	0.138566	-0.070000
780	0.575430	0.154249	0.152684	-0.070000
781	0.580659	0.086105	0.183428	-0.070000
782	0.573254	0.002482	-0.222707	-0.070000
783	0.590991	0.168878	0.020845	-0.070000
784	0.573037	0.163587	0.151965	-0.070000
785	0.553774	0.116605	-0.240755	-0.070000
786	0.517511	-0.305201	0.131376	-0.070000
787	0.582891	0.166606	-0.103471	-0.070000
788	0.610657	0.061572	-0.039137	-0.070000
789	0.581542	-0.128153	-0.153657	-0.070000
790	0.595937	0.141208	0.056075	-0.070000
791	0.601432	0.100902	0.079520	-0.070000
792	0.557757	0.258623	0.015709	-0.070000
793	0.610927	0.009198	-0.070060	-0.070000
794	0.553051	0.265082	-0.045722	-0.070000
795	0.579317	-0.200273	0.050069	-0.070000
796	0.613186	-0.046483	0.008217	-0.070000
797	0.614771	-0.015054	-0.007440	-0.070000
798	0.597681	0.127399	0.069080	-0.070000
799	0.549397	0.265669	-0.076206	-0.070000
800	0.545869	0.243850	0.144184	-0.070000
801	0.614109	0.009095	-0.031810	-0.070000
802	0.600207	0.125705	-0.046639	-0.070000
803	0.532520	0.110307	0.287193	-0.070000
804	0.603415	-0.065272	0.099269	-0.070000
805	0.541994	0.290468	0.009792	-0.070000
806	0.540037	0.280537	-0.088793	-0.070000
807	0.537981	0.297873	-0.008565	-0.070000
808	0.550405	0.274344	-0.003880	-0.070000
809	0.607284	0.086202	0.044724	-0.070000
810	0.613573	0.038783	0.015793	-0.070000
811	0.613480	-0.039358	-0.017831	-0.070000
812	0.608706	0.065351	0.058581	-0.070000
813	0.558757	0.226144	-0.121963	-0.070000
814	0.592888	-0.078715	0.143223	-0.070000
815	0.539958	0.240867	0.169272	-0.070000
816	0.603645	0.027446	-0.114389	-0.070000
817	0.613418	0.023126	-0.037533	-0.070000
818	0.608092	0.082750	-0.040016	-0.070000
819	0.576282	0.209348	0.047930	-0.070000
820	0.525099	0.087291	-0.308021	-0.070000
821	0.607219	0.062100	0.075193	-0.070000
822	0.554611	0.070915	-0.256130	-0.070000
823	0.595582	0.152092	-0.019360	-0.070000
824	0.508949	0.344940	0.014570	-0.070000
825	0.465617	0.398591	0.050508	-0.070000
826	0.538097	0.275807	0.112281	-0.070000
827	0.582414	0.171354	-0.098266	-0.070000
828	0.586353	0.076028	0.169217	-0.070000
829	0.598351	-0.110700	0.089144	-0.070000
830	0.548759	-0.108853	0.255422	-0.070000
831	0.585113	0.144309	0.122647	-0.070000
832	0.610099	0.035936	0.068650	-0.070000
833	0.552831	0.269158	0.012515	-0.070000
834	0.603437	0.106888	0.051615	-0.070000
835	0.607380	0.011259	0.095853	-0.070000
836	0.602453	-0.023864	-0.121267	-0.070000
837	0.597143	0.131010	-0.066944	-0.070000
838	0.599180	0.124341	-0.061219	-0.070000
839	0.542104	0.159446	0.242746	-0.070000
840	0.600247	0.081358	-0.106347	-0.070000
841	0.534178	0.215695	-0.215300	-0.070000
842	0.514294	0.211601	-0.262587	-0.070000
843	0.613532	-0.041163	0.010472	-0.070000
844	0.598442	0.040437	-0.135855	-0.070000
845	0.484243	0.087466	0.368895	-0.070000
846	0.537371	0.218859	-0.203858	-0.070000
847	0.557006	0.255941	-0.049636	-0.070000
848	0.577139	0.144223	-0.155997	-0.070000
849	0.606061	-0.046073	-0.093767	-0.070000
850	0.534781	-0.190737	-0.236334	-0.070000
