1	-0.512446	-0.323359	-0.105180	-2.910000
2	-0.586325	-0.166812	0.081373	-2.910000
3	-0.589275	0.052421	0.168023	-2.910000
4	-0.583328	-0.041168	-0.190418	-2.910000
5	-0.587477	0.176176	0.045366	-2.910000
6	-0.567483	0.036578	-0.234201	-2.910000
7	-0.561910	0.053234	-0.244230	-2.910000
8	-0.465171	0.200396	0.348830	-2.910000
9	-0.445149	0.024008	0.423664	-2.910000
10	-0.564982	0.180559	0.162538	-2.910000
11	-0.599177	-0.063644	-0.123133	-2.910000
12	-0.600051	-0.085080	-0.104521	-2.910000
13	-0.572512	-0.042370	-0.220589	-2.910000
14	-0.588487	0.177231	-0.022302	-2.910000
15	-0.603823	0.019114	-0.115141	-2.910000
16	-0.604470	-0.079662	-0.080589	-2.910000
17	-0.571312	-0.226500	0.022927	-2.910000
18	-0.614218	0.016482	-0.026256	-2.910000
19	-0.521135	-0.324814	-0.033757	-2.910000
20	-0.612332	-0.048493	-0.030388	-2.910000
21	-0.612793	0.039058	-0.034409	-2.910000
22	-0.603772	-0.030569	0.112916	-2.910000
23	-0.572691	-0.008420	-0.224008	-2.910000
24	-0.546877	0.065271	-0.273661	-2.910000
25	-0.575234	-0.019984	-0.216636	-2.910000
26	-0.589358	0.054687	-0.167006	-2.910000
27	-0.592532	0.164595	-0.006222	-2.910000
28	-0.544177	-0.106403	-0.266035	-2.910000
29	-0.574407	0.033882	0.217102	-2.910000
30	-0.604208	0.059134	0.098287	-2.910000
31	-0.605813	0.105477	-0.009500	-2.910000
32	-0.560197	0.193265	0.164476	-2.910000
33	-0.594581	-0.080309	-0.135088	-2.910000
34	-0.595644	-0.129447	0.081709	-2.910000
35	-0.614311	0.016783	-0.023787	-2.910000
36	-0.614417	0.019730	0.018103	-2.910000
37	-0.580348	-0.146555	-0.141221	-2.910000
38	-0.503430	-0.263943	0.234770	-2.910000
39	-0.586273	-0.174329	-0.064170	-2.910000
40	-0.595268	0.093797	-0.122815	-2.910000
41	-0.611510	-0.013593	0.063996	-2.910000
42	-0.614175	0.014066	0.028573	-2.910000
43	-0.600763	0.131495	-0.004218	-2.910000
44	-0.606472	0.022170	-0.099623	-2.910000
45	-0.608333	-0.089893	0.008657	-2.910000
46	-0.550709	0.005240	-0.273711	-2.910000
47	-0.586094	0.104521	-0.154252	-2.910000
48	-0.561810	0.240628	0.068501	-2.910000
49	-0.608474	0.089357	-0.000198	-2.910000
50	-0.601336	-0.116654	-0.054882	-2.910000
51	-0.610462	0.021247	0.071482	-2.910000
52	-0.613977	0.032264	-0.014728	-2.910000
53	-0.582322	-0.048612	-0.191735	-2.910000
54	-0.538984	0.284193	-0.083402	-2.910000
55	-0.596966	-0.141844	-0.041677	-2.910000
56	-0.588318	-0.165272	-0.069225	-2.910000
57	-0.587746	-0.179781	0.021401	-2.910000
58	-0.614490	0.010728	-0.022628	-2.910000
59	-0.589129	-0.152792	-0.088355	-2.910000
60	-0.599405	-0.007831	-0.137394	-2.910000
61	-0.603116	0.033691	-0.115504	-2.910000
62	-0.614483	-0.023724	-0.008528	-2.910000
63	-0.566864	0.071560	0.227528	-2.910000
64	-0.591617	0.131107	-0.104999	-2.910000
65	-0.612978	-0.048052	-0.013204	-2.910000
66	-0.611840	0.061597	-0.009104	-2.910000
67	-0.613650	-0.012369	0.038811	-2.910000
68	-0.577317	-0.211912	-0.004811	-2.910000
69	-0.601669	0.042276	-0.120133	-2.910000
70	-0.607611	-0.050817	-0.080324	-2.910000
71	-0.563150	-0.247000	0.008808	-2.910000
72	-0.601102	-0.129978	0.002754	-2.910000
73	-0.579192	-0.101705	-0.180050	-2.910000
74	-0.589528	0.031503	-0.172305	-2.910000
75	-0.572300	0.032837	-0.222754	-2.910000
76	-0.512004	-0.215543	-0.263853	-2.910000
77	-0.566476	-0.038993	-0.236240	-2.910000
78	-0.608199	-0.076062	-0.050333	-2.910000
79	-0.597911	0.143803	0.006912	-2.910000
80	-0.609537	0.028361	0.076719	-2.910000
81	-0.565521	0.013677	-0.241296	-2.910000
82	-0.566748	-0.238248	0.016114	-2.910000
83	-0.610874	0.036194	0.061222	-2.910000
84	-0.608674	-0.081480	-0.033203	-2.910000
85	-0.614058	0.007337	0.033222	-2.910000
86	-0.602234	0.083636	-0.092432	-2.910000
87	-0.600042	-0.039208	0.128984	-2.910000
88	-0.611529	0.064117	0.012122	-2.910000
89	-0.614449	0.003915	0.025740	-2.910000
90	-0.470223	0.330543	-0.218762	-2.910000
91	-0.505910	-0.022505	0.348961	-2.910000
92	-0.609034	-0.036863	0.077094	-2.910000
93	-0.606793	-0.093601	-0.035589	-2.910000
94	-0.561125	0.223677	0.115465	-2.910000
95	-0.475349	0.389596	0.021983	-2.910000
96	-0.596608	0.098560	-0.112113	-2.910000
97	-0.542194	0.288720	-0.029848	-2.910000
98	-0.584518	0.119226	-0.149495	-2.910000
99	-0.574991	-0.068321	0.207225	-2.910000
100	-0.499874	-0.009733	0.358129	-2.910000
101	-0.590888	-0.111034	0.129414	-2.910000
102	-0.598764	0.096464	0.101989	-2.910000
103	-0.597486	0.005712	-0.145613	-2.910000
104	-0.557428	0.252202	-0.062396	-2.910000
105	-0.594367	-0.157256	-0.014938	-2.910000
106	-0.586600	0.181469	-0.034561	-2.910000
107	-0.549650	-0.031466	-0.274080	-2.910000
108	-0.607782	-0.045082	0.082426	-2.910000
109	-0.535457	0.169935	0.250265	-2.910000
110	-0.546800	-0.084087	0.268634	-2.910000
111	-0.591605	0.113328	0.124039	-2.910000
112	-0.470546	0.359370	0.166327	-2.910000
113	-0.566460	0.232066	-0.059111	-2.910000
114	-0.535967	0.241253	0.181001	-2.910000
115	-0.573920	-0.177257	0.131990	-2.910000
116	-0.591574	-0.168085	0.003529	-2.910000
117	-0.552458	-0.023981	-0.269147	-2.910000
118	-0.604867	-0.111173	-0.001003	-2.910000
119	-0.574877	0.216863	-0.026676	-2.910000
120	-0.608356	-0.015736	-0.088769	-2.910000
121	-0.600753	-0.034753	-0.126938	-2.910000
122	-0.597528	-0.083971	-0.118889	-2.910000
123	-0.547241	0.012358	-0.280357	-2.910000
124	-0.584182	0.166019	0.096923	-2.910000
125	-0.499978	-0.071340	0.350939	-2.910000
126	-0.610941	-0.070304	-0.005808	-2.910000
127	-0.603647	0.095922	0.068074	-2.910000
128	-0.594220	0.092516	-0.128720	-2.910000
129	-0.585695	0.135766	-0.129436	-2.910000
130	-0.590424	0.107638	-0.134308	-2.910000
131	-0.557310	-0.015212	-0.259614	-2.910000
132	-0.588739	0.010341	-0.177496	-2.910000
133	-0.608115	-0.010529	-0.091158	-2.910000
134	-0.561340	-0.172467	-0.182696	-2.910000
135	-0.604339	0.044413	0.105007	-2.910000
136	-0.579403	0.193158	-0.072156	-2.910000
137	-0.596539	0.024938	0.147460	-2.910000
138	-0.558601	0.232538	-0.110072	-2.910000
139	-0.572838	-0.051457	-0.217793	-2.910000
140	-0.591039	0.035817	0.166178	-2.910000
141	-0.533834	0.301133	-0.050649	-2.910000
142	-0.587185	-0.105875	-0.149096	-2.910000
143	-0.577420	-0.126713	0.169572	-2.910000
144	-0.600246	0.113546	-0.070971	-2.910000
145	-0.606378	-0.051980	-0.088479	-2.910000
146	-0.606354	-0.100163	-0.022971	-2.910000
147	-0.613520	0.003074	-0.042531	-2.910000
148	-0.601021	0.015137	-0.129497	-2.910000
149	-0.587345	-0.058127	0.172836	-2.910000
150	-0.549455	-0.271198	0.052686	-2.910000
151	-0.568760	-0.094664	0.213952	-2.910000
152	-0.614851	0.009364	-0.009772	-2.910000
153	-0.612366	0.052775	-0.021159	-2.910000
154	-0.608118	0.046359	-0.079174	-2.910000
155	-0.549815	0.266852	-0.068689	-2.910000
156	-0.587733	0.048696	-0.174423	-2.910000
157	-0.565289	-0.106063	-0.217772	-2.910000
158	-0.596308	0.130420	-0.075052	-2.910000
159	-0.591846	0.029983	-0.164453	-2.910000
160	-0.590200	-0.076456	-0.155058	-2.910000
161	-0.601836	-0.048586	0.116869	-2.910000
162	-0.612805	0.034361	-0.038918	-2.910000
163	-0.613024	0.015091	-0.046887	-2.910000
164	-0.614884	-0.006044	-0.010321	-2.910000
165	-0.576648	0.147163	0.155065	-2.910000
166	-0.608896	-0.060477	-0.061751	-2.910000
167	-0.596890	-0.132987	-0.065287	-2.910000
168	-0.577632	0.009671	0.210884	-2.910000
169	-0.609751	-0.053912	-0.059348	-2.910000
170	-0.605805	0.052990	-0.091747	-2.910000
171	-0.566359	0.086639	-0.223510	-2.910000
172	-0.543243	-0.021873	-0.287460	-2.910000
173	-0.600072	0.049678	-0.125185	-2.910000
174	-0.561219	0.181444	-0.174174	-2.910000
175	-0.608486	-0.055093	0.070245	-2.910000
176	-0.578295	0.112481	-0.176488	-2.910000
177	-0.536988	-0.030869	-0.298188	-2.910000
178	-0.587218	0.151916	-0.101593	-2.910000
179	-0.552779	-0.261729	0.064488	-2.910000
180	-0.593473	-0.022875	0.159661	-2.910000
181	-0.578297	-0.171775	0.119544	-2.910000
182	-0.562722	0.184681	0.165718	-2.910000
183	-0.610018	0.051142	-0.059051	-2.910000
184	-0.585967	0.035194	-0.183384	-2.910000
185	-0.521214	-0.100041	-0.310729	-2.910000
186	-0.609841	-0.042237	-0.067341	-2.910000
187	-0.614894	0.008994	-0.007001	-2.910000
188	-0.611248	0.054829	0.039937	-2.910000
189	-0.541449	0.057024	-0.286017	-2.910000
190	-0.614804	-0.002624	-0.015289	-2.910000
191	-0.600002	-0.050845	-0.125049	-2.910000
192	-0.583794	0.193088	-0.011229	-2.910000
193	-0.604084	0.021947	0.113249	-2.910000
194	-0.546948	0.038268	-0.278583	-2.910000
195	-0.586839	0.031046	0.181331	-2.910000
196	-0.597342	0.141669	-0.036572	-2.910000
197	-0.606576	0.069445	0.073944	-2.910000
198	-0.576788	-0.212411	0.020549	-2.910000
199	-0.567108	-0.055395	-0.231397	-2.910000
200	-0.522587	0.320478	-0.049206	-2.910000
201	-0.593313	0.134358	0.090289	-2.910000
202	-0.600876	0.065330	-0.113599	-2.910000
203	-0.606266	-0.102610	-0.011734	-2.910000
204	-0.591893	0.024261	-0.165226	-2.910000
205	-0.532908	-0.125003	0.280371	-2.910000
206	-0.592706	0.072546	0.147177	-2.910000
207	-0.604161	0.083117	0.079409	-2.910000
208	-0.591499	-0.168130	0.009259	-2.910000
209	-0.442615	0.351486	-0.242435	-2.910000
210	-0.599308	-0.085244	0.108573	-2.910000
211	-0.578069	0.114514	0.175920	-2.910000
212	-0.598925	-0.094056	-0.103283	-2.910000
213	-0.604325	-0.106720	0.040331	-2.910000
214	-0.613879	0.030063	-0.021772	-2.910000
215	-0.613187	-0.009380	-0.046247	-2.910000
216	-0.606815	-0.087589	0.048262	-2.910000
217	-0.536527	-0.148261	-0.261500	-2.910000
218	-0.603279	-0.067805	-0.098397	-2.910000
219	-0.578906	0.125128	-0.165639	-2.910000
220	-0.571195	-0.052468	-0.221830	-2.910000
221	-0.601507	0.061621	-0.112328	-2.910000
222	-0.577215	0.208120	0.041641	-2.910000
223	-0.594605	-0.062100	-0.144270	-2.910000
224	-0.606063	-0.038343	-0.097173	-2.910000
225	-0.612760	0.011511	0.051161	-2.910000
226	-0.609505	0.028590	0.076884	-2.910000
227	-0.574042	-0.089663	-0.201646	-2.910000
228	-0.594006	0.050372	-0.151144	-2.910000
229	-0.575788	-0.017483	-0.215378	-2.910000
230	-0.609006	0.085651	-0.000292	-2.910000
231	-0.606574	0.018559	-0.099742	-2.910000
232	-0.561960	-0.216336	-0.125000	-2.910000
233	-0.607824	-0.017693	0.091989	-2.910000
234	-0.614820	0.014621	-0.002754	-2.910000
235	-0.589932	-0.112859	-0.132168	-2.910000
236	-0.576317	0.205694	0.061429	-2.910000
237	-0.601637	-0.085307	-0.094765	-2.910000
238	-0.614918	-0.004928	0.008734	-2.910000
239	-0.595290	0.141843	-0.061116	-2.910000
240	-0.589561	0.104655	0.140323	-2.910000
241	-0.606172	-0.075111	-0.071687	-2.910000
242	-0.532670	-0.174369	0.253147	-2.910000
243	-0.611828	-0.018473	0.059583	-2.910000
244	-0.595372	0.149041	-0.039293	-2.910000
245	-0.613877	0.036804	0.004990	-2.910000
246	-0.614958	0.007136	0.001061	-2.910000
247	-0.568021	0.087791	0.218791	-2.910000
248	-0.596892	0.045447	-0.140994	-2.910000
249	-0.609721	0.030548	0.074378	-2.910000
250	-0.553328	-0.258349	0.072864	-2.910000
251	-0.605262	0.059551	0.091302	-2.910000
252	-0.605690	-0.081219	0.069049	-2.910000
253	-0.603757	-0.099775	-0.061214	-2.910000
254	-0.583963	0.118146	-0.152491	-2.910000
255	-0.601226	-0.013233	0.128752	-2.910000
256	-0.613510	0.033008	0.027218	-2.910000
257	-0.538678	0.295418	0.027920	-2.910000
258	-0.610208	0.031331	-0.069928	-2.910000
259	-0.613473	-0.040737	0.014711	-2.910000
260	-0.609564	-0.059316	-0.056016	-2.910000
261	-0.614708	-0.006305	0.017872	-2.910000
262	-0.604883	0.075077	-0.081883	-2.910000
263	-0.610272	0.007245	0.075768	-2.910000
264	-0.612685	0.049936	-0.018680	-2.910000
265	-0.609970	0.060793	-0.049660	-2.910000
266	-0.604865	-0.110581	-0.011619	-2.910000
267	-0.611393	0.007123	-0.066125	-2.910000
268	-0.597160	-0.003525	-0.147011	-2.910000
269	-0.573169	-0.182383	-0.128212	-2.910000
270	-0.614710	-0.018261	0.004756	-2.910000
271	-0.611780	-0.047017	0.041713	-2.910000
272	-0.598261	0.140023	0.026510	-2.910000
273	-0.602203	0.120248	-0.033429	-2.910000
274	-0.589703	-0.077818	-0.156267	-2.910000
275	-0.592652	-0.124377	-0.107328	-2.910000
276	-0.614470	0.022083	-0.012826	-2.910000
277	-0.613218	0.041686	0.021226	-2.910000
278	-0.604428	0.043294	-0.104961	-2.910000
279	-0.612936	-0.050301	-0.002074	-2.910000
280	-0.592453	0.074410	-0.147266	-2.910000
281	-0.604130	-0.084917	-0.077720	-2.910000
282	-0.605532	-0.008384	-0.107173	-2.910000
283	-0.553825	-0.123295	-0.237279	-2.910000
284	-0.607874	-0.093177	0.005653	-2.910000
285	-0.568525	-0.227002	0.058946	-2.910000
286	-0.607993	-0.088000	0.028728	-2.910000
287	-0.603086	-0.095981	0.072804	-2.910000
288	-0.594682	0.108189	-0.113463	-2.910000
289	-0.598327	-0.130109	-0.057463	-2.910000
290	-0.604409	0.094371	-0.063314	-2.910000
291	-0.612875	-0.011767	-0.049707	-2.910000
292	-0.590973	0.137147	0.100827	-2.910000
293	-0.584845	-0.066759	-0.178113	-2.910000
294	-0.584293	0.170531	-0.088012	-2.910000
295	-0.581848	0.113522	0.163679	-2.910000
296	-0.588360	0.071228	-0.164267	-2.910000
297	-0.592963	0.160764	0.027834	-2.910000
298	-0.608157	-0.043353	-0.080561	-2.910000
299	-0.604813	0.100163	0.048920	-2.910000
300	-0.592284	-0.110206	-0.123608	-2.910000
301	-0.603175	-0.106794	0.054769	-2.910000
302	-0.576722	0.075608	0.199751	-2.910000
303	-0.598664	-0.054045	-0.130021	-2.910000
304	-0.519735	-0.038425	0.326533	-2.910000
305	-0.600608	-0.051778	-0.121712	-2.910000
306	-0.613238	-0.005453	0.046198	-2.910000
307	-0.602122	0.110891	0.058115	-2.910000
308	-0.613585	0.013409	0.039488	-2.910000
309	-0.594597	0.023668	-0.155305	-2.910000
310	-0.610180	-0.019140	-0.074422	-2.910000
311	-0.608964	-0.077824	-0.036488	-2.910000
312	-0.611865	0.062002	0.001188	-2.910000
313	-0.602381	-0.001614	0.123935	-2.910000
314	-0.612871	0.030042	0.041366	-2.910000
315	-0.590086	0.167399	0.044731	-2.910000
316	-0.610981	0.039203	0.058230	-2.910000
317	-0.553040	0.260303	-0.067932	-2.910000
318	-0.608863	0.003797	-0.086585	-2.910000
319	-0.608029	0.083018	0.040421	-2.910000
320	-0.612066	-0.054620	0.024829	-2.910000
321	-0.589342	-0.088358	-0.151967	-2.910000
322	-0.599685	-0.083970	-0.107481	-2.910000
323	-0.594449	-0.138969	0.074454	-2.910000
324	-0.604579	-0.078013	-0.081382	-2.910000
325	-0.547108	-0.180721	-0.215030	-2.910000
326	-0.579603	0.027652	-0.203766	-2.910000
327	-0.578119	-0.007470	-0.209638	-2.910000
328	-0.559943	0.226559	-0.115586	-2.910000
329	-0.531976	0.174446	0.254549	-2.910000
330	-0.609081	-0.044885	-0.072319	-2.910000
331	-0.589025	-0.009890	0.176571	-2.910000
332	-0.608156	-0.083150	-0.038176	-2.910000
333	-0.612169	0.031127	-0.050050	-2.910000
334	-0.579289	0.004809	-0.206461	-2.910000
335	-0.583682	-0.106607	-0.161788	-2.910000
336	-0.614062	-0.021444	0.026327	-2.910000
337	-0.568180	0.225908	0.066048	-2.910000
338	-0.606835	-0.018911	-0.098073	-2.910000
339	-0.602820	-0.050061	-0.111025	-2.910000
340	-0.614586	0.022342	0.003099	-2.910000
341	-0.613600	0.019217	0.036753	-2.910000
342	-0.590146	0.043428	-0.167531	-2.910000
343	-0.525532	-0.120933	-0.295663	-2.910000
344	-0.591580	0.134101	-0.101368	-2.910000
345	-0.578465	0.170564	-0.120461	-2.910000
346	-0.599657	0.128690	-0.045551	-2.910000
347	-0.598637	0.105843	0.093039	-2.910000
348	-0.591386	-0.067730	-0.154595	-2.910000
349	-0.602900	0.091605	0.079658	-2.910000
350	-0.601867	-0.085204	0.093388	-2.910000
351	-0.592210	0.006826	0.165726	-2.910000
352	-0.607609	0.029346	0.090419	-2.910000
353	-0.603837	0.007914	0.116377	-2.910000
354	-0.602160	-0.022400	0.122992	-2.910000
355	-0.600882	-0.118839	-0.055161	-2.910000
356	-0.592828	-0.118240	0.113134	-2.910000
357	-0.607501	-0.093747	0.019467	-2.910000
358	-0.611369	0.056838	0.034961	-2.910000
359	-0.597655	-0.080271	-0.120790	-2.910000
360	-0.596776	0.130790	-0.070553	-2.910000
361	-0.608643	-0.009309	0.087703	-2.910000
362	-0.612570	-0.048674	0.024774	-2.910000
363	-0.614617	0.019226	-0.010067	-2.910000
364	-0.611526	0.014239	-0.063701	-2.910000
365	-0.595060	-0.135328	0.076259	-2.910000
366	-0.603076	-0.067000	0.100178	-2.910000
367	-0.597797	0.099584	-0.104629	-2.910000
368	-0.605191	-0.096269	0.051971	-2.910000
369	-0.588158	-0.106174	0.144990	-2.910000
370	-0.613034	0.023308	0.043255	-2.910000
371	-0.614518	0.024165	-0.002870	-2.910000
372	-0.600475	0.015434	-0.131971	-2.910000
373	-0.608434	0.078783	-0.042734	-2.910000
374	-0.607965	0.075526	-0.053850	-2.910000
375	-0.593730	-0.016807	-0.159458	-2.910000
376	-0.560574	-0.246572	-0.056429	-2.910000
377	-0.575672	0.145524	0.160153	-2.910000
378	-0.608080	0.084715	0.035878	-2.910000
379	-0.605677	0.020717	-0.104647	-2.910000
380	-0.595007	-0.049112	-0.147581	-2.910000
381	-0.538154	-0.262962	-0.139522	-2.910000
382	-0.606261	0.103227	-0.004031	-2.910000
383	-0.601447	-0.116275	-0.054466	-2.910000
384	-0.605278	-0.033467	-0.103653	-2.910000
385	-0.525090	-0.311564	-0.073710	-2.910000
386	-0.591261	0.169214	0.001207	-2.910000
387	-0.604651	-0.090552	-0.066500	-2.910000
388	-0.612356	0.051504	-0.024340	-2.910000
389	-0.587142	-0.005359	-0.182922	-2.910000
390	-0.586542	0.042713	-0.179913	-2.910000
391	-0.603309	0.119345	-0.000127	-2.910000
392	-0.612283	0.053189	-0.022484	-2.910000
393	-0.609851	-0.046206	-0.064591	-2.910000
394	-0.608551	0.030598	0.083394	-2.910000
395	-0.582373	0.142208	-0.137270	-2.910000
396	-0.605606	-0.052539	-0.093304	-2.910000
397	-0.609715	-0.076316	0.025463	-2.910000
398	-0.597711	0.130419	-0.062910	-2.910000
399	-0.577020	-0.186550	-0.102331	-2.910000
400	-0.606382	-0.000302	0.102592	-2.910000
401	-0.597587	0.142061	0.030549	-2.910000
402	-0.613210	-0.032667	0.033641	-2.910000
403	-0.596670	-0.090422	-0.118466	-2.910000
404	-0.602274	0.111325	-0.055661	-2.910000
405	-0.600879	0.111357	-0.069060	-2.910000
406	-0.609110	-0.080562	-0.026823	-2.910000
407	-0.599025	0.034605	0.134896	-2.910000
408	-0.613639	0.036031	-0.019352	-2.910000
409	-0.594144	-0.158801	-0.000481	-2.910000
410	-0.514751	0.074430	0.328202	-2.910000
411	-0.613023	-0.014692	0.047032	-2.910000
412	-0.556867	0.257998	-0.039515	-2.910000
413	-0.578276	0.163169	0.131140	-2.910000
414	-0.604669	-0.021646	-0.110147	-2.910000
415	-0.610722	-0.070326	-0.017259	-2.910000
416	-0.555279	-0.234758	-0.121568	-2.910000
417	-0.590460	-0.047828	0.165211	-2.910000
418	-0.534547	-0.173627	0.249675	-2.910000
419	-0.603216	-0.076595	0.092134	-2.910000
420	-0.560823	0.204042	0.148557	-2.910000
421	-0.485884	0.359612	0.113228	-2.910000
422	-0.578225	0.201782	0.056255	-2.910000
423	-0.608775	-0.027527	-0.082828	-2.910000
424	-0.509238	-0.240140	0.247456	-2.910000
425	-0.535772	-0.299825	0.035754	-2.910000
426	-0.553974	0.136698	-0.229459	-2.910000
427	-0.525976	-0.142502	-0.285074	-2.910000
428	-0.568340	-0.234889	-0.006437	-2.910000
429	-0.593852	0.131515	-0.090934	-2.910000
430	-0.580910	-0.118861	-0.163221	-2.910000
431	-0.568739	0.046884	-0.229265	-2.910000
432	-0.612834	0.050577	0.010084	-2.910000
433	-0.602487	0.063377	0.105916	-2.910000
434	-0.480857	0.293968	0.246139	-2.910000
435	-0.612029	-0.011164	0.059333	-2.910000
436	-0.604471	-0.097393	-0.057916	-2.910000
437	-0.600257	0.100435	0.088483	-2.910000
438	-0.587091	-0.182714	0.012844	-2.910000
439	-0.588297	0.055827	-0.170339	-2.910000
440	-0.568679	-0.070763	-0.223207	-2.910000
441	-0.586954	0.014546	-0.183025	-2.910000
442	-0.595581	0.125128	-0.088605	-2.910000
443	-0.611924	-0.041865	-0.044963	-2.910000
444	-0.610856	0.059741	-0.038876	-2.910000
445	-0.605330	0.082139	0.071091	-2.910000
446	-0.611893	0.031797	0.052924	-2.910000
447	-0.599839	-0.129724	0.039872	-2.910000
448	-0.593125	0.131560	0.095497	-2.910000
449	-0.517036	-0.061948	-0.327203	-2.910000
450	-0.610748	0.018561	0.069771	-2.910000
451	-0.595608	0.093633	-0.121279	-2.910000
452	-0.555613	0.077688	-0.251960	-2.910000
453	-0.605134	-0.004738	0.109615	-2.910000
454	-0.606550	0.014800	-0.100516	-2.910000
455	-0.599737	0.080093	-0.110117	-2.910000
456	-0.609038	-0.046209	-0.071849	-2.910000
457	-0.611652	0.011440	-0.063052	-2.910000
458	-0.611660	0.059663	0.023174	-2.910000
459	-0.612337	0.037854	-0.042840	-2.910000
460	-0.605575	0.092769	-0.053836	-2.910000
461	-0.469696	0.371334	0.140433	-2.910000
462	-0.611692	0.021884	0.059826	-2.910000
463	-0.600294	-0.074941	-0.110704	-2.910000
464	-0.611188	0.062937	-0.026711	-2.910000
465	-0.595237	-0.070376	-0.137714	-2.910000
466	-0.611914	-0.042707	0.044306	-2.910000
467	-0.608009	0.017496	0.090795	-2.910000
468	-0.608439	0.010880	-0.088929	-2.910000
469	-0.610075	-0.014935	-0.076224	-2.910000
470	-0.587066	-0.110434	-0.146231	-2.910000
471	-0.613011	-0.032034	-0.037634	-2.910000
472	-0.606379	0.090532	0.048311	-2.910000
473	-0.524787	-0.320634	-0.004233	-2.910000
474	-0.587816	0.104748	-0.147395	-2.910000
475	-0.610789	-0.009283	0.071247	-2.910000
476	-0.614844	0.013692	0.001980	-2.910000
477	-0.606571	-0.089825	-0.047202	-2.910000
478	-0.591017	0.156635	0.066249	-2.910000
479	-0.607433	0.039284	0.087788	-2.910000
480	-0.608185	0.075119	0.051889	-2.910000
481	-0.604944	-0.030974	0.106340	-2.910000
482	-0.608456	-0.038024	-0.080993	-2.910000
483	-0.614473	0.018686	-0.017295	-2.910000
484	-0.604756	0.025117	-0.108926	-2.910000
485	-0.614579	-0.020638	-0.009545	-2.910000
486	-0.603270	0.075846	-0.092397	-2.910000
487	-0.599216	0.067262	0.121000	-2.910000
488	-0.589618	-0.099665	0.143676	-2.910000
489	-0.582959	0.180496	0.076191	-2.910000
490	-0.610105	-0.074020	-0.022761	-2.910000
491	-0.581307	0.196561	0.040880	-2.910000
492	-0.613398	0.020010	-0.039593	-2.910000
493	-0.598710	0.061995	-0.126204	-2.910000
494	-0.593958	-0.159143	0.010623	-2.910000
495	-0.610084	0.024140	-0.073753	-2.910000
496	-0.601279	-0.116791	0.055207	-2.910000
497	-0.557590	-0.226286	0.126937	-2.910000
498	-0.575685	0.198889	-0.085172	-2.910000
499	-0.550969	0.117751	-0.246561	-2.910000
500	-0.523534	0.320442	0.038136	-2.910000
501	-0.587420	0.111922	-0.143653	-2.910000
502	-0.611812	0.062497	0.002291	-2.910000
503	-0.541961	0.285580	-0.054286	-2.910000
504	-0.612745	-0.013035	-0.050974	-2.910000
505	-0.576213	-0.214896	-0.004861	-2.910000
506	-0.603338	-0.060888	-0.102475	-2.910000
507	-0.600066	-0.021702	0.132949	-2.910000
508	-0.608208	0.088415	-0.022147	-2.910000
509	-0.602000	0.064152	-0.108193	-2.910000
510	-0.592569	-0.163784	0.016188	-2.910000
511	-0.613256	0.045859	-0.006266	-2.910000
512	-0.603229	0.048289	-0.109583	-2.910000
513	-0.611437	0.027525	0.060105	-2.910000
514	-0.594262	0.094503	-0.127071	-2.910000
515	-0.606080	-0.102862	0.017655	-2.910000
516	-0.606070	0.100515	0.028305	-2.910000
517	-0.577215	-0.178736	0.114458	-2.910000
518	-0.593236	0.154020	0.050732	-2.910000
519	-0.613529	0.042036	0.006364	-2.910000
520	-0.547173	0.212174	0.183871	-2.910000
521	-0.597979	-0.041326	-0.137615	-2.910000
522	-0.613610	-0.041276	-0.002086	-2.910000
523	-0.612701	0.051229	0.014065	-2.910000
524	-0.595697	-0.019512	0.151622	-2.910000
525	-0.592439	0.149056	0.070871	-2.910000
526	-0.612906	0.048797	-0.013808	-2.910000
527	-0.603194	0.119524	-0.009779	-2.910000
528	-0.520495	0.308156	0.111132	-2.910000
529	-0.540354	0.284820	-0.071553	-2.910000
530	-0.586518	-0.015011	-0.184382	-2.910000
531	-0.599676	0.039077	-0.130714	-2.910000
532	-0.601305	0.128324	0.013779	-2.910000
533	-0.613629	0.040467	0.006855	-2.910000
534	-0.487611	-0.058547	0.370179	-2.910000
535	-0.588798	0.001190	-0.177597	-2.910000
536	-0.450861	0.399960	0.122399	-2.910000
537	-0.530919	0.270372	0.152476	-2.910000
538	-0.567522	0.220252	0.087370	-2.910000
539	-0.583120	0.156209	-0.117453	-2.910000
540	-0.603043	-0.104935	-0.059607	-2.910000
541	-0.569106	-0.207886	-0.105481	-2.910000
542	-0.527545	-0.309048	-0.066412	-2.910000
543	-0.595020	-0.146124	-0.053142	-2.910000
544	-0.593030	-0.161360	0.022439	-2.910000
545	-0.608578	-0.086863	0.017679	-2.910000
546	-0.551040	-0.089859	-0.257887	-2.910000
547	-0.610984	-0.055780	-0.042566	-2.910000
548	-0.610996	0.044013	-0.054518	-2.910000
549	-0.596965	0.125026	-0.078909	-2.910000
550	-0.606082	0.094881	-0.043439	-2.910000
551	-0.608549	-0.084106	0.028633	-2.910000
552	-0.609864	-0.068046	-0.040750	-2.910000
553	-0.601291	-0.125634	0.029833	-2.910000
554	-0.577672	0.049491	-0.205112	-2.910000
555	-0.592098	0.052890	-0.157632	-2.910000
556	-0.609567	-0.001405	-0.081551	-2.910000
557	-0.540236	0.247061	-0.159158	-2.910000
558	-0.608947	0.082545	-0.024402	-2.910000
559	-0.609121	-0.067385	0.051538	-2.910000
560	-0.609695	0.017395	0.078707	-2.910000
561	-0.589829	-0.173879	-0.009652	-2.910000
562	-0.584447	0.089498	0.169223	-2.910000
563	-0.613205	-0.023554	0.040624	-2.910000
564	-0.603356	-0.080598	-0.087692	-2.910000
565	-0.604607	0.040042	-0.105221	-2.910000
566	-0.520490	0.324915	-0.041781	-2.910000
567	-0.582916	-0.017553	0.195258	-2.910000
568	-0.599053	0.055205	0.127724	-2.910000
569	-0.605954	0.105068	0.002473	-2.910000
570	-0.587881	0.138287	-0.116181	-2.910000
571	-0.587676	0.117918	0.137685	-2.910000
572	-0.566177	0.205005	-0.125066	-2.910000
573	-0.596531	-0.137627	-0.058602	-2.910000
574	-0.592013	-0.153838	0.063873	-2.910000
575	-0.611692	-0.063704	-0.000089	-2.910000
576	-0.606287	0.011942	-0.102464	-2.910000
577	-0.609401	-0.029975	-0.077183	-2.910000
578	-0.612943	0.026665	0.042603	-2.910000
579	-0.609313	0.083411	-0.002318	-2.910000
580	-0.594035	-0.107583	0.117360	-2.910000
581	-0.610505	0.057440	0.047001	-2.910000
582	-0.578585	0.207715	-0.017851	-2.910000
583	-0.569642	-0.143888	0.181739	-2.910000
584	-0.602985	-0.082988	-0.088018	-2.910000
585	-0.613081	-0.020388	0.044060	-2.910000
586	-0.513919	0.298850	0.157484	-2.910000
587	-0.602281	-0.083969	0.091827	-2.910000
588	-0.605962	-0.006444	0.104849	-2.910000
589	-0.610894	-0.037477	-0.060243	-2.910000
590	-0.559316	0.243155	0.079158	-2.910000
591	-0.565239	-0.134898	0.201326	-2.910000
592	-0.602647	-0.088150	-0.085268	-2.910000
593	-0.614494	-0.020460	-0.014266	-2.910000
594	-0.609561	0.076848	0.027482	-2.910000
595	-0.610600	-0.072557	0.011306	-2.910000
596	-0.599774	0.073505	-0.114424	-2.910000
597	-0.606453	0.097885	0.029303	-2.910000
598	-0.608427	-0.070479	0.055448	-2.910000
599	-0.566158	0.113881	-0.211473	-2.910000
600	-0.610583	-0.000304	-0.073572	-2.910000
601	-0.595568	0.138964	-0.064904	-2.910000
602	-0.604404	0.063329	-0.094396	-2.910000
603	-0.578550	0.019443	-0.207670	-2.910000
604	-0.525970	-0.294414	-0.122072	-2.910000
605	-0.574983	0.032701	-0.215754	-2.910000
606	-0.589679	-0.014099	0.174081	-2.910000
607	-0.602615	0.026489	-0.119910	-2.910000
608	-0.601587	-0.106771	-0.070128	-2.910000
609	-0.607329	0.045372	-0.085545	-2.910000
610	-0.605487	-0.028369	-0.103952	-2.910000
611	-0.561508	0.068779	-0.241252	-2.910000
612	-0.577753	0.206447	0.042503	-2.910000
613	-0.590888	-0.065374	0.157487	-2.910000
614	-0.603789	-0.056062	-0.102572	-2.910000
615	-0.594201	-0.027238	0.156230	-2.910000
616	-0.607827	0.093615	-0.002823	-2.910000
617	-0.587757	0.047154	-0.174767	-2.910000
618	-0.605329	0.035683	0.102606	-2.910000
619	-0.568366	0.185715	0.143859	-2.910000
620	-0.608948	-0.042175	0.075028	-2.910000
621	-0.605805	0.055483	0.090260	-2.910000
622	-0.582970	-0.031358	0.193358	-2.910000
623	-0.584493	-0.040547	0.186947	-2.910000
624	-0.599376	0.113908	0.077451	-2.910000
625	-0.587816	0.154953	0.093200	-2.910000
626	-0.606508	0.094137	-0.038870	-2.910000
627	-0.606474	0.100290	0.018865	-2.910000
628	-0.568035	-0.230413	0.049717	-2.910000
629	-0.609051	-0.038773	-0.076016	-2.910000
630	-0.602336	0.003018	0.124123	-2.910000
631	-0.606788	-0.001442	0.100153	-2.910000
632	-0.601795	0.126745	0.001875	-2.910000
633	-0.613190	0.026942	-0.038693	-2.910000
634	-0.516020	0.330570	-0.051697	-2.910000
635	-0.572835	0.220535	0.038076	-2.910000
636	-0.609536	-0.008467	-0.081360	-2.910000
637	-0.596889	-0.141086	0.045199	-2.910000
638	-0.613243	0.033348	-0.032332	-2.910000
639	-0.594770	-0.145173	0.058298	-2.910000
640	-0.613290	-0.010281	-0.044669	-2.910000
641	-0.599160	0.047058	-0.130452	-2.910000
642	-0.613014	-0.048676	0.008312	-2.910000
643	-0.609608	-0.011922	-0.080377	-2.910000
644	-0.604638	-0.014219	-0.111518	-2.910000
645	-0.592967	0.159826	0.032728	-2.910000
646	-0.556562	0.152673	-0.212497	-2.910000
647	-0.575286	0.207267	0.065662	-2.910000
648	-0.589355	-0.073490	0.159641	-2.910000
649	-0.601121	-0.120283	-0.049103	-2.910000
650	-0.594095	0.112344	-0.112494	-2.910000
651	-0.614499	0.022444	-0.010568	-2.910000
652	-0.596781	-0.075159	0.128172	-2.910000
653	-0.595232	-0.154416	0.008946	-2.910000
654	-0.580086	0.200930	0.036773	-2.910000
655	-0.480197	0.379437	0.060532	-2.910000
656	-0.484502	0.360827	-0.115265	-2.910000
657	-0.605300	-0.108691	0.004818	-2.910000
658	-0.614108	-0.024211	-0.022585	-2.910000
659	-0.565042	0.118218	-0.212077	-2.910000
660	-0.601342	0.103178	0.077247	-2.910000
661	-0.603156	0.116139	-0.030655	-2.910000
662	-0.585309	0.063055	-0.177941	-2.910000
663	-0.586593	0.094263	-0.158898	-2.910000
664	-0.565022	0.168530	-0.174850	-2.910000
665	-0.463209	0.378821	-0.141976	-2.910000
666	-0.613282	0.044493	0.011431	-2.910000
667	-0.562735	0.161752	-0.188125	-2.910000
668	-0.608342	-0.083550	0.034130	-2.910000
669	-0.585461	-0.188096	-0.008930	-2.910000
670	-0.613959	0.034000	-0.011090	-2.910000
671	-0.609570	-0.053046	-0.061932	-2.910000
672	-0.612789	-0.039433	-0.034049	-2.910000
673	-0.613617	0.038281	-0.015292	-2.910000
674	-0.543795	0.167140	-0.233617	-2.910000
675	-0.581570	0.193439	0.050815	-2.910000
676	-0.587018	-0.114922	-0.142928	-2.910000
677	-0.570296	-0.123998	-0.193938	-2.910000
678	-0.614033	0.029840	0.017248	-2.910000
679	-0.614588	0.022295	-0.003069	-2.910000
680	-0.550280	-0.269147	-0.054564	-2.910000
681	-0.602098	0.042606	-0.117848	-2.910000
682	-0.608353	0.031794	0.084384	-2.910000
683	-0.447370	0.421433	0.021892	-2.910000
684	-0.591146	-0.073706	-0.152770	-2.910000
685	-0.602483	0.107730	0.060282	-2.910000
686	-0.566417	-0.042252	-0.235822	-2.910000
687	-0.602992	0.030345	-0.117069	-2.910000
688	-0.531006	-0.023395	0.309370	-2.910000
689	-0.531261	-0.014075	0.309498	-2.910000
690	-0.506645	0.047711	0.345340	-2.910000
691	-0.554471	0.252604	0.083534	-2.910000
692	-0.587915	0.080227	0.161692	-2.910000
693	-0.579967	0.003505	-0.204576	-2.910000
694	-0.586260	0.042131	0.180968	-2.910000
695	-0.611844	0.043557	0.044440	-2.910000
696	-0.605587	0.106734	0.009878	-2.910000
697	-0.588235	0.179401	-0.004508	-2.910000
698	-0.548323	-0.133035	-0.244680	-2.910000
699	-0.607605	0.072404	0.061630	-2.910000
700	-0.580089	-0.130228	0.157359	-2.910000
701	-0.542469	-0.150948	0.247321	-2.910000
702	-0.588362	0.171556	-0.051223	-2.910000
703	-0.577885	0.207719	-0.033572	-2.910000
704	-0.612959	0.042161	0.027001	-2.910000
705	-0.594357	0.153455	-0.037630	-2.910000
706	-0.606716	0.033327	-0.094919	-2.910000
707	-0.609272	-0.083568	0.005442	-2.910000
708	-0.605761	-0.096478	-0.044389	-2.910000
709	-0.606974	-0.081056	0.056898	-2.910000
710	-0.556997	-0.248263	-0.079658	-2.910000
711	-0.561163	0.235596	-0.088408	-2.910000
712	-0.588024	-0.091793	-0.155004	-2.910000
713	-0.564649	0.236734	-0.057905	-2.910000
714	-0.565388	-0.215281	0.110522	-2.910000
715	-0.583290	0.193368	-0.024631	-2.910000
716	-0.606207	-0.021837	-0.101296	-2.910000
717	-0.610292	0.075943	0.001232	-2.910000
718	-0.586259	0.109062	0.150436	-2.910000
719	-0.590300	-0.103074	0.138369	-2.910000
720	-0.610243	-0.076288	0.002975	-2.910000
721	-0.580194	0.203901	0.004960	-2.910000
722	-0.609508	-0.080412	0.016087	-2.910000
723	-0.614915	0.004136	-0.009348	-2.910000
724	-0.552266	0.062809	-0.263216	-2.910000
725	-0.592015	-0.030307	0.163782	-2.910000
726	-0.614154	0.021078	0.024410	-2.910000
727	-0.541900	-0.033367	0.288888	-2.910000
728	-0.523830	0.027336	-0.321061	-2.910000
729	-0.553436	-0.004393	0.268168	-2.910000
730	-0.609978	0.000231	-0.078434	-2.910000
731	-0.573982	0.162948	-0.149055	-2.910000
732	-0.513567	0.337660	-0.021437	-2.910000
733	-0.614592	0.016357	-0.015297	-2.910000
734	-0.614702	0.002776	0.018940	-2.910000
735	-0.596747	-0.028658	0.145933	-2.910000
736	-0.591305	-0.099339	-0.136804	-2.910000
737	-0.562371	-0.077854	0.236437	-2.910000
738	-0.606401	-0.098710	-0.027559	-2.910000
739	-0.605990	-0.076300	-0.071972	-2.910000
740	-0.567537	0.080818	0.222699	-2.910000
741	-0.550263	0.159067	-0.223904	-2.910000
742	-0.453358	0.415008	0.021459	-2.910000
743	-0.600454	0.122851	-0.050864	-2.910000
744	-0.614148	-0.002825	0.032241	-2.910000
745	-0.605742	0.007352	-0.106054	-2.910000
746	-0.532728	-0.306679	0.019343	-2.910000
747	-0.611665	-0.061959	-0.015888	-2.910000
748	-0.606124	-0.101455	0.023368	-2.910000
749	-0.609417	0.080009	0.020852	-2.910000
750	-0.550786	-0.190308	-0.196576	-2.910000
751	-0.612360	0.012479	-0.055537	-2.910000
752	-0.612447	-0.009072	-0.055234	-2.910000
753	-0.577522	0.092851	0.189928	-2.910000
754	-0.576919	0.210686	-0.031642	-2.910000
755	-0.600764	-0.073640	0.109018	-2.910000
756	-0.602836	-0.117318	0.032413	-2.910000
757	-0.579516	0.083676	0.188108	-2.910000
758	-0.605753	-0.022396	-0.103862	-2.910000
759	-0.612184	-0.057301	-0.013124	-2.910000
760	-0.606028	0.090061	-0.053326	-2.910000
761	-0.613655	0.033513	-0.023004	-2.910000
762	-0.614335	0.018747	0.021602	-2.910000
763	-0.605136	0.047242	-0.099012	-2.910000
764	-0.602852	0.115671	-0.037606	-2.910000
765	-0.587603	0.114923	-0.140502	-2.910000
766	-0.580702	0.195606	-0.052426	-2.910000
767	-0.606900	-0.059839	-0.079477	-2.910000
768	-0.601951	-0.079828	0.097504	-2.910000
769	-0.605720	0.078628	-0.071734	-2.910000
770	-0.552390	0.232318	-0.138272	-2.910000
771	-0.611832	-0.038140	0.049310	-2.910000
772	-0.611360	0.063715	-0.020119	-2.910000
773	-0.601633	-0.127376	0.006142	-2.910000
774	-0.586330	0.115904	-0.144945	-2.910000
775	-0.596847	0.047448	-0.140524	-2.910000
776	-0.593503	-0.118546	-0.109209	-2.910000
777	-0.575583	-0.164512	0.140944	-2.910000
778	-0.486090	0.326280	-0.188369	-2.910000
779	-0.612150	-0.037290	-0.045906	-2.910000
780	-0.599757	0.122517	-0.059217	-2.910000
781	-0.603253	0.112349	-0.041095	-2.910000
782	-0.567525	-0.104023	0.212885	-2.910000
783	-0.583399	-0.187795	0.051020	-2.910000
784	-0.605915	0.081784	0.066357	-2.910000
785	-0.613359	-0.007248	-0.044304	-2.910000
786	-0.604277	-0.000071	-0.114345	-2.910000
787	-0.609942	0.006557	-0.078437	-2.910000
788	-0.592833	-0.118521	-0.112810	-2.910000
789	-0.534785	0.283876	-0.107911	-2.910000
790	-0.589579	0.157598	-0.076054	-2.910000
791	-0.603931	0.092359	0.070441	-2.910000
792	-0.576293	0.151988	0.151692	-2.910000
793	-0.614464	0.011046	-0.023181	-2.910000
794	-0.596056	0.053803	-0.141590	-2.910000
795	-0.596201	-0.040766	-0.145284	-2.910000
796	-0.594351	0.022246	0.156451	-2.910000
797	-0.580055	-0.081587	0.187361	-2.910000
798	-0.596047	0.087443	-0.123720	-2.910000
799	-0.601770	-0.043577	0.119160	-2.910000
800	-0.603330	0.023532	0.116895	-2.910000
801	-0.579225	0.199937	0.052422	-2.910000
802	-0.566920	0.144165	0.189851	-2.910000
803	-0.599123	0.083536	0.110899	-2.910000
804	-0.605944	0.051381	-0.091742	-2.910000
805	-0.605905	0.046224	0.094697	-2.910000
806	-0.574797	-0.055332	-0.211593	-2.910000
807	-0.610945	-0.061323	0.034801	-2.910000
808	-0.610906	-0.070516	-0.006809	-2.910000
809	-0.606909	-0.066706	-0.073730	-2.910000
810	-0.597465	-0.143730	-0.024544	-2.910000
811	-0.550100	0.188624	-0.200090	-2.910000
812	-0.589400	0.175499	0.005683	-2.910000
813	-0.523988	0.314394	0.069409	-2.910000
814	-0.611719	-0.015797	-0.061445	-2.910000
815	-0.614667	0.019367	-0.005910	-2.910000
816	-0.597436	-0.087146	-0.117050	-2.910000
817	-0.602371	0.059958	0.108530	-2.910000
818	-0.570634	-0.127286	0.190788	-2.910000
819	-0.605908	-0.012352	-0.104631	-2.910000
820	-0.571299	0.207509	0.093712	-2.910000
821	-0.609891	-0.020050	-0.076527	-2.910000
822	-0.592587	-0.162702	0.024376	-2.910000
823	-0.605386	-0.054894	0.093378	-2.910000
824	-0.487224	0.374959	-0.015605	-2.910000
825	-0.546279	-0.201422	0.198075	-2.910000
826	-0.562533	-0.237780	-0.072398	-2.910000
827	-0.559173	-0.032319	-0.253980	-2.910000
828	-0.524123	-0.181340	-0.265774	-2.910000
829	-0.597038	0.115877	-0.091343	-2.910000
830	-0.594599	0.105799	0.116119	-2.910000
831	-0.611353	0.062614	0.023508	-2.910000
832	-0.612674	-0.050431	0.017667	-2.910000
833	-0.551574	-0.144011	0.230764	-2.910000
834	-0.608793	0.086579	0.010032	-2.910000
835	-0.610661	-0.066733	-0.029411	-2.910000
836	-0.576804	0.090496	0.193217	-2.910000
837	-0.523248	0.123065	-0.298816	-2.910000
838	-0.558217	0.186661	-0.178261	-2.910000
839	-0.561038	0.209914	0.139274	-2.910000
840	-0.602270	-0.082849	-0.092908	-2.910000
841	-0.600701	0.037710	-0.126336	-2.910000
842	-0.613058	-0.041871	0.025133	-2.910000
843	-0.607489	0.050163	0.081645	-2.910000
844	-0.564756	-0.014232	-0.243050	-2.910000
845	-0.579699	0.180142	0.098605	-2.910000
846	-0.515308	0.242119	0.232509	-2.910000
847	-0.569047	0.232479	0.019072	-2.910000
848	-0.514033	0.315517	0.120184	-2.910000
849	-0.604597	-0.022453	-0.110380	-2.910000
850	-0.549141	-0.250350	-0.118294	-2.910000
