1	-0.550075	-0.248214	0.118457	-2.310000
2	-0.570310	-0.074767	0.217673	-2.310000
3	-0.356649	-0.475896	0.156683	-2.310000
4	-0.606233	-0.083530	-0.061070	-2.310000
5	-0.544389	-0.284722	0.028272	-2.310000
6	-0.497528	-0.361023	0.018792	-2.310000
7	-0.587021	-0.176773	0.048815	-2.310000
8	-0.530812	0.304597	-0.060705	-2.310000
9	-0.528839	0.047981	0.310246	-2.310000
10	-0.536198	-0.205893	0.219829	-2.310000
11	-0.535876	-0.212284	0.214470	-2.310000
12	-0.596199	-0.142570	0.049458	-2.310000
13	-0.523532	-0.319126	-0.047934	-2.310000
14	-0.571714	-0.174508	0.144619	-2.310000
15	-0.531611	-0.177145	0.253445	-2.310000
16	-0.606964	-0.077759	-0.061426	-2.310000
17	-0.557208	0.214324	0.147679	-2.310000
18	-0.572306	-0.056447	0.217954	-2.310000
19	-0.611868	0.016682	0.059699	-2.310000
20	-0.539625	-0.125914	0.266788	-2.310000
21	-0.568048	0.168015	0.165280	-2.310000
22	-0.608788	-0.041257	0.076810	-2.310000
23	-0.612362	-0.044000	0.036072	-2.310000
24	-0.579299	-0.078748	-0.190882	-2.310000
25	-0.568255	0.039843	-0.231783	-2.310000
26	-0.607999	0.071998	-0.058121	-2.310000
27	-0.576531	0.178246	-0.118596	-2.310000
28	-0.519084	-0.058930	0.324505	-2.310000
29	-0.606484	0.051866	0.087818	-2.310000
30	-0.613050	0.018753	0.045202	-2.310000
31	-0.488857	-0.281581	0.244859	-2.310000
32	-0.589126	0.032321	-0.173525	-2.310000
33	-0.570409	0.087632	-0.212554	-2.310000
34	-0.581548	-0.194565	-0.046600	-2.310000
35	-0.602501	-0.080636	-0.093354	-2.310000
36	-0.505686	0.337892	-0.091299	-2.310000
37	-0.612429	0.015881	-0.053884	-2.310000
38	-0.609261	-0.078934	-0.028194	-2.310000
39	-0.511606	-0.169196	0.296407	-2.310000
40	-0.589219	0.049693	0.169048	-2.310000
41	-0.600487	-0.056723	-0.120097	-2.310000
42	-0.593915	-0.159469	0.007758	-2.310000
43	-0.606170	0.085381	0.059105	-2.310000
44	-0.579635	-0.017183	-0.204825	-2.310000
45	-0.551833	0.255025	0.093099	-2.310000
46	-0.585742	-0.130612	0.134432	-2.310000
47	-0.562514	-0.067198	0.239348	-2.310000
48	-0.516546	-0.056739	0.328917	-2.310000
49	-0.612192	-0.013489	0.057127	-2.310000
50	-0.598546	-0.123496	-0.068675	-2.310000
51	-0.609022	-0.084790	-0.011287	-2.310000
52	-0.599413	0.083949	-0.109005	-2.310000
53	-0.602314	-0.113862	0.049786	-2.310000
54	-0.584200	-0.135670	-0.136121	-2.310000
55	-0.521848	-0.020577	-0.324772	-2.310000
56	-0.572435	-0.103937	0.199348	-2.310000
57	-0.590392	0.167651	0.039443	-2.310000
58	-0.546561	0.105653	0.261406	-2.310000
59	-0.606800	-0.052748	0.085068	-2.310000
60	-0.608380	0.059941	0.067126	-2.310000
61	-0.598837	-0.084758	-0.111516	-2.310000
62	-0.614981	-0.004855	0.000009	-2.310000
63	-0.579572	0.205401	0.011497	-2.310000
64	-0.596379	-0.087639	-0.121970	-2.310000
65	-0.611138	-0.068769	-0.002400	-2.310000
66	-0.613366	0.043230	0.011783	-2.310000
67	-0.593422	-0.152315	0.053623	-2.310000
68	-0.600506	-0.020514	-0.131135	-2.310000
69	-0.611270	0.064718	-0.019623	-2.310000
70	-0.602834	-0.102371	-0.065850	-2.310000
71	-0.611567	-0.003180	-0.064813	-2.310000
72	-0.554317	0.154293	-0.217144	-2.310000
73	-0.601581	-0.127708	0.003940	-2.310000
74	-0.599620	-0.055747	0.124791	-2.310000
75	-0.604440	-0.073235	0.086682	-2.310000
76	-0.607329	-0.096542	0.007494	-2.310000
77	-0.576025	-0.013855	-0.215007	-2.310000
78	-0.611756	-0.028647	0.056202	-2.310000
79	-0.559408	-0.093328	0.237861	-2.310000
80	-0.612838	0.031328	0.040897	-2.310000
81	-0.592587	-0.158921	-0.042545	-2.310000
82	-0.588940	0.069508	-0.162921	-2.310000
83	-0.576728	0.025059	-0.212089	-2.310000
84	-0.610139	0.022674	0.073768	-2.310000
85	-0.534873	0.257541	0.160650	-2.310000
86	-0.559265	0.175429	0.186207	-2.310000
87	-0.594226	-0.066408	0.143910	-2.310000
88	-0.614490	0.014619	0.020322	-2.310000
89	-0.589150	-0.174602	0.025325	-2.310000
90	-0.579706	-0.061525	-0.195909	-2.310000
91	-0.598718	-0.053536	-0.129984	-2.310000
92	-0.549107	-0.064622	0.269314	-2.310000
93	-0.608840	0.062505	0.060264	-2.310000
94	-0.540200	0.211640	0.204003	-2.310000
95	-0.585561	0.003926	-0.187956	-2.310000
96	-0.591232	0.128864	-0.109834	-2.310000
97	-0.590691	-0.165425	0.044089	-2.310000
98	-0.553771	-0.266688	0.020988	-2.310000
99	-0.411907	-0.420365	-0.178468	-2.310000
100	-0.569611	0.077136	0.218673	-2.310000
101	-0.541677	0.192684	0.218367	-2.310000
102	-0.605724	0.101145	0.033064	-2.310000
103	-0.581413	0.027225	0.198603	-2.310000
104	-0.611949	-0.041263	-0.045181	-2.310000
105	-0.607879	-0.004836	0.093194	-2.310000
106	-0.592971	-0.088651	-0.136934	-2.310000
107	-0.534727	-0.269676	0.139881	-2.310000
108	-0.609865	0.000969	0.079305	-2.310000
109	-0.572969	0.181963	-0.129696	-2.310000
110	-0.601511	0.008766	0.127797	-2.310000
111	-0.509348	0.175729	0.296494	-2.310000
112	-0.587021	0.139706	0.118801	-2.310000
113	-0.608938	-0.086116	-0.001767	-2.310000
114	-0.561797	0.015374	0.249746	-2.310000
115	-0.448787	-0.328985	0.261887	-2.310000
116	-0.591524	-0.055997	0.158710	-2.310000
117	-0.400333	0.407462	0.227888	-2.310000
118	-0.609755	-0.069895	0.039218	-2.310000
119	-0.513711	-0.337053	0.026857	-2.310000
120	-0.575739	-0.200459	0.081029	-2.310000
121	-0.612423	0.003369	0.056137	-2.310000
122	-0.531010	-0.286263	0.119612	-2.310000
123	-0.585644	-0.177682	0.060626	-2.310000
124	-0.612760	0.043606	-0.029139	-2.310000
125	-0.528681	0.286453	0.129098	-2.310000
126	-0.587569	-0.063948	-0.169996	-2.310000
127	-0.543751	0.277875	0.073110	-2.310000
128	-0.600323	0.041853	0.126828	-2.310000
129	-0.585061	-0.074315	0.174374	-2.310000
130	-0.606038	0.041722	0.095929	-2.310000
131	-0.611632	0.061590	0.018384	-2.310000
132	-0.586589	0.136296	-0.124748	-2.310000
133	-0.570956	0.188336	0.129475	-2.310000
134	-0.589955	-0.173639	-0.005295	-2.310000
135	-0.588596	0.104835	0.144184	-2.310000
136	-0.602334	-0.080296	0.094718	-2.310000
137	-0.585246	-0.028310	0.186844	-2.310000
138	-0.573370	-0.215210	-0.056180	-2.310000
139	-0.593221	-0.024080	-0.160419	-2.310000
140	-0.610367	0.068640	0.031085	-2.310000
141	-0.582242	0.158948	0.118132	-2.310000
142	-0.593677	-0.065214	-0.146697	-2.310000
143	-0.583375	-0.154635	0.118263	-2.310000
144	-0.605787	-0.003822	0.105985	-2.310000
145	-0.606759	-0.096689	0.026837	-2.310000
146	-0.554339	0.232602	-0.129729	-2.310000
147	-0.581477	0.169392	0.106844	-2.310000
148	-0.555038	-0.066594	-0.256366	-2.310000
149	-0.600148	0.129826	-0.034538	-2.310000
150	-0.603698	-0.044985	0.108395	-2.310000
151	-0.543917	0.175795	0.226881	-2.310000
152	-0.581774	0.047511	0.193666	-2.310000
153	-0.584320	-0.126289	0.144382	-2.310000
154	-0.611976	-0.058352	0.017484	-2.310000
155	-0.609165	-0.067940	0.050277	-2.310000
156	-0.562104	0.028559	-0.247887	-2.310000
157	-0.603302	0.025802	-0.116556	-2.310000
158	-0.611570	-0.055065	-0.034283	-2.310000
159	-0.577795	-0.139836	0.157556	-2.310000
160	-0.588343	0.123708	0.129514	-2.310000
161	-0.601011	-0.089118	0.095233	-2.310000
162	-0.590774	-0.161522	0.055872	-2.310000
163	-0.613089	-0.024777	-0.041626	-2.310000
164	-0.508387	0.191344	-0.288366	-2.310000
165	-0.581559	-0.064944	-0.189199	-2.310000
166	-0.595963	-0.151833	0.000521	-2.310000
167	-0.597870	0.107242	-0.096310	-2.310000
168	-0.595559	0.139108	-0.064684	-2.310000
169	-0.594745	-0.116976	0.104021	-2.310000
170	-0.592659	-0.012566	0.163775	-2.310000
171	-0.612985	0.042187	-0.026361	-2.310000
172	-0.613350	-0.014848	0.042505	-2.310000
173	-0.596007	0.069691	0.134700	-2.310000
174	-0.599814	-0.134342	-0.020004	-2.310000
175	-0.614953	0.000922	0.007577	-2.310000
176	-0.573675	-0.176885	-0.133542	-2.310000
177	-0.614430	-0.016214	-0.020922	-2.310000
178	-0.610592	-0.070933	0.019262	-2.310000
179	-0.559170	0.013079	0.255701	-2.310000
180	-0.551188	-0.169769	0.213531	-2.310000
181	-0.583425	-0.144013	0.130770	-2.310000
182	-0.598747	-0.046458	0.132548	-2.310000
183	-0.611433	0.053678	0.038650	-2.310000
184	-0.602237	0.124390	0.007909	-2.310000
185	-0.586524	-0.108959	0.149475	-2.310000
186	-0.614354	-0.028065	0.002513	-2.310000
187	-0.574054	-0.005997	0.220569	-2.310000
188	-0.595557	-0.052386	0.144195	-2.310000
189	-0.614150	0.032301	-0.001042	-2.310000
190	-0.611185	-0.042332	0.053724	-2.310000
191	-0.560396	-0.200537	0.154810	-2.310000
192	-0.603643	-0.064615	-0.098311	-2.310000
193	-0.608981	-0.053108	0.067425	-2.310000
194	-0.608271	-0.048927	-0.076405	-2.310000
195	-0.589884	0.170262	0.035677	-2.310000
196	-0.562906	-0.247706	-0.001996	-2.310000
197	-0.539917	-0.250811	-0.154299	-2.310000
198	-0.574751	-0.217116	-0.027335	-2.310000
199	-0.581798	0.132525	0.148907	-2.310000
200	-0.588973	0.071754	0.161826	-2.310000
201	-0.596181	-0.094338	0.117872	-2.310000
202	-0.612858	-0.038408	-0.033986	-2.310000
203	-0.600362	-0.035289	0.128626	-2.310000
204	-0.576471	0.193137	-0.092757	-2.310000
205	-0.471819	-0.386076	-0.080972	-2.310000
206	-0.609879	0.051118	-0.060498	-2.310000
207	-0.596694	0.143483	-0.039923	-2.310000
208	-0.594995	0.127621	-0.088989	-2.310000
209	-0.555560	0.063315	0.256066	-2.310000
210	-0.573689	0.161018	-0.152247	-2.310000
211	-0.581160	-0.090190	0.179846	-2.310000
212	-0.544984	0.009664	0.284824	-2.310000
213	-0.589440	0.090766	0.150156	-2.310000
214	-0.526944	-0.301803	-0.097314	-2.310000
215	-0.562361	-0.235576	-0.080493	-2.310000
216	-0.529966	-0.193309	0.244934	-2.310000
217	-0.575319	-0.135606	0.169836	-2.310000
218	-0.554526	-0.265671	0.012045	-2.310000
219	-0.595110	-0.155017	0.006226	-2.310000
220	-0.594099	-0.148389	0.057029	-2.310000
221	-0.607564	0.094037	-0.015761	-2.310000
222	-0.590821	0.140711	0.096724	-2.310000
223	-0.564517	-0.207650	0.128168	-2.310000
224	-0.556676	-0.234064	0.116410	-2.310000
225	-0.596957	0.075630	0.127071	-2.310000
226	-0.579560	-0.049680	-0.199667	-2.310000
227	-0.606193	0.016381	0.102403	-2.310000
228	-0.601848	-0.046815	0.117526	-2.310000
229	-0.610553	0.028739	0.068004	-2.310000
230	-0.609186	0.041421	0.073498	-2.310000
231	-0.566461	0.196254	0.137229	-2.310000
232	-0.600574	-0.067802	-0.113750	-2.310000
233	-0.599707	0.121237	0.062275	-2.310000
234	-0.614537	-0.013677	-0.019564	-2.310000
235	-0.579892	-0.076736	0.189898	-2.310000
236	-0.611934	0.059889	-0.013229	-2.310000
237	-0.598985	-0.110084	-0.085581	-2.310000
238	-0.594143	0.050317	-0.150624	-2.310000
239	-0.606133	0.056062	0.087666	-2.310000
240	-0.604863	0.101110	0.046288	-2.310000
241	-0.604071	-0.100043	0.057578	-2.310000
242	-0.594218	-0.083682	0.134636	-2.310000
243	-0.608304	-0.088432	0.019262	-2.310000
244	-0.598864	-0.041214	0.133748	-2.310000
245	-0.581132	-0.190265	-0.065652	-2.310000
246	-0.611222	0.026256	-0.062796	-2.310000
247	-0.587191	0.124133	-0.134251	-2.310000
248	-0.579794	0.077614	-0.189843	-2.310000
249	-0.458514	0.318896	-0.257479	-2.310000
250	-0.593063	-0.153398	0.054499	-2.310000
251	-0.607230	0.076408	-0.060485	-2.310000
252	-0.604334	-0.113676	0.009091	-2.310000
253	-0.596980	-0.055648	0.136907	-2.310000
254	-0.607472	0.074755	0.060117	-2.310000
255	-0.598635	-0.071097	0.121683	-2.310000
256	-0.574445	0.212961	-0.053718	-2.310000
257	-0.588336	-0.107163	-0.143533	-2.310000
258	-0.581137	-0.046613	-0.195786	-2.310000
259	-0.601972	-0.125215	-0.013269	-2.310000
260	-0.486993	-0.248901	0.281267	-2.310000
261	-0.596932	0.112412	0.096232	-2.310000
262	-0.607560	-0.062716	0.071849	-2.310000
263	-0.613817	-0.016511	-0.034372	-2.310000
264	-0.614711	0.003795	0.018474	-2.310000
265	-0.613045	-0.004992	-0.048742	-2.310000
266	-0.596513	-0.058994	-0.137538	-2.310000
267	-0.596964	0.082727	0.122536	-2.310000
268	-0.610880	0.071065	0.000555	-2.310000
269	-0.577327	0.022945	0.210694	-2.310000
270	-0.600183	-0.053725	-0.122961	-2.310000
271	-0.608370	-0.088245	0.017985	-2.310000
272	-0.591791	0.106767	0.128878	-2.310000
273	-0.613070	0.048377	0.005433	-2.310000
274	-0.599259	0.110606	-0.082949	-2.310000
275	-0.608796	-0.057969	-0.065055	-2.310000
276	-0.596218	-0.075688	0.130463	-2.310000
277	-0.612917	0.050285	-0.005365	-2.310000
278	-0.595483	-0.072785	-0.135380	-2.310000
279	-0.581836	-0.003315	0.199202	-2.310000
280	-0.614615	-0.013000	0.017464	-2.310000
281	-0.572112	-0.154838	0.164128	-2.310000
282	-0.606769	0.047566	0.088282	-2.310000
283	-0.541169	0.150072	0.250678	-2.310000
284	-0.586949	-0.156574	-0.095923	-2.310000
285	-0.606481	-0.049671	0.089100	-2.310000
286	-0.588116	-0.105552	0.145613	-2.310000
287	-0.598092	0.019230	0.141920	-2.310000
288	-0.614393	0.024287	-0.012521	-2.310000
289	-0.611064	0.052259	0.045770	-2.310000
290	-0.604157	-0.035414	0.109385	-2.310000
291	-0.590127	-0.032353	0.170085	-2.310000
292	-0.587445	0.045166	0.176333	-2.310000
293	-0.560348	-0.128157	-0.218657	-2.310000
294	-0.613237	-0.046475	-0.002313	-2.310000
295	-0.600986	-0.027474	-0.127618	-2.310000
296	-0.603717	-0.071245	0.093139	-2.310000
297	-0.604331	0.113824	-0.007241	-2.310000
298	-0.578499	0.030663	0.206455	-2.310000
299	-0.600548	0.016272	-0.131537	-2.310000
300	-0.613563	-0.041943	-0.002475	-2.310000
301	-0.606346	-0.037312	0.095800	-2.310000
302	-0.594232	-0.157799	0.014583	-2.310000
303	-0.471259	-0.273470	-0.285226	-2.310000
304	-0.612188	-0.031766	-0.049419	-2.310000
305	-0.605619	0.057329	0.090354	-2.310000
306	-0.587218	0.107798	0.147579	-2.310000
307	-0.595721	0.152674	0.005673	-2.310000
308	-0.610686	-0.026021	0.067904	-2.310000
309	-0.593926	0.044670	0.153236	-2.310000
310	-0.576131	-0.145830	0.158216	-2.310000
311	-0.594380	-0.064612	0.144093	-2.310000
312	-0.564020	-0.206197	-0.132626	-2.310000
313	-0.574875	0.110362	-0.188584	-2.310000
314	-0.612605	0.047521	0.026102	-2.310000
315	-0.592680	0.146965	0.073185	-2.310000
316	-0.606790	0.091589	0.040523	-2.310000
317	-0.601078	-0.019092	0.128710	-2.310000
318	-0.606483	-0.093818	0.040026	-2.310000
319	-0.591457	-0.063206	0.156233	-2.310000
320	-0.590526	0.084461	0.149569	-2.310000
321	-0.599525	0.120887	0.064665	-2.310000
322	-0.486181	-0.368341	-0.078599	-2.310000
323	-0.531925	-0.292740	0.097899	-2.310000
324	-0.598954	-0.124812	0.062463	-2.310000
325	-0.583729	-0.006290	-0.193510	-2.310000
326	-0.567708	-0.232958	-0.040781	-2.310000
327	-0.572056	-0.219990	-0.050804	-2.310000
328	-0.584589	0.155483	-0.110929	-2.310000
329	-0.566976	0.237457	-0.019431	-2.310000
330	-0.603786	-0.116549	-0.009151	-2.310000
331	-0.609882	-0.068323	0.040017	-2.310000
332	-0.600193	-0.012151	0.133589	-2.310000
333	-0.588726	-0.109290	-0.140293	-2.310000
334	-0.603841	-0.106344	0.047879	-2.310000
335	-0.603379	-0.006168	-0.118832	-2.310000
336	-0.604920	-0.006784	0.110684	-2.310000
337	-0.596743	0.136494	0.059099	-2.310000
338	-0.566970	-0.224981	0.078442	-2.310000
339	-0.557818	-0.032168	0.256961	-2.310000
340	-0.608691	0.087827	-0.002518	-2.310000
341	-0.595243	-0.055643	-0.144271	-2.310000
342	-0.611373	0.027787	-0.060630	-2.310000
343	-0.506079	-0.160640	0.310328	-2.310000
344	-0.548270	0.175796	-0.216150	-2.310000
345	-0.540609	0.259117	0.137206	-2.310000
346	-0.562885	0.023003	0.246691	-2.310000
347	-0.592510	0.028714	0.162272	-2.310000
348	-0.596789	0.098238	0.111431	-2.310000
349	-0.600799	-0.093121	0.092704	-2.310000
350	-0.605037	0.089548	-0.064318	-2.310000
351	-0.606300	0.073377	0.072397	-2.310000
352	-0.608064	0.013026	-0.091178	-2.310000
353	-0.592465	0.104847	-0.127348	-2.310000
354	-0.605568	-0.075206	0.076532	-2.310000
355	-0.605984	-0.034250	0.099171	-2.310000
356	-0.613313	0.045341	0.003971	-2.310000
357	-0.614063	-0.027763	-0.019516	-2.310000
358	-0.578764	-0.096894	-0.184034	-2.310000
359	-0.588636	0.118822	-0.132718	-2.310000
360	-0.610596	-0.011027	0.072634	-2.310000
361	-0.614283	-0.006249	-0.029013	-2.310000
362	-0.595032	-0.113389	0.106325	-2.310000
363	-0.576269	0.176673	-0.122171	-2.310000
364	-0.610143	-0.076987	0.004871	-2.310000
365	-0.612817	-0.037498	0.035689	-2.310000
366	-0.610997	-0.038112	-0.058781	-2.310000
367	-0.613240	0.014404	0.044203	-2.310000
368	-0.613929	-0.017926	0.031533	-2.310000
369	-0.603327	-0.047334	-0.109457	-2.310000
370	-0.613016	-0.010136	0.048310	-2.310000
371	-0.606969	0.036285	0.092177	-2.310000
372	-0.613405	0.043749	0.006767	-2.310000
373	-0.612246	0.038736	0.043351	-2.310000
374	-0.570988	0.130157	0.187768	-2.310000
375	-0.600891	-0.126101	-0.035410	-2.310000
376	-0.586111	-0.183978	0.029175	-2.310000
377	-0.594444	-0.100844	-0.121210	-2.310000
378	-0.559073	-0.197746	0.162971	-2.310000
379	-0.586258	-0.176318	0.058638	-2.310000
380	-0.605032	0.084975	0.070292	-2.310000
381	-0.611992	-0.049129	-0.035739	-2.310000
382	-0.594322	0.080474	0.136124	-2.310000
383	-0.578977	-0.207368	0.003092	-2.310000
384	-0.601229	-0.068873	-0.109570	-2.310000
385	-0.614277	0.029389	0.005024	-2.310000
386	-0.606769	0.100072	-0.006473	-2.310000
387	-0.597718	0.044027	0.137911	-2.310000
388	-0.576677	0.019606	0.212802	-2.310000
389	-0.611437	0.002140	0.066069	-2.310000
390	-0.597074	-0.050095	-0.138630	-2.310000
391	-0.560590	-0.003536	0.252887	-2.310000
392	-0.602397	-0.118987	0.034427	-2.310000
393	-0.567271	-0.214406	-0.102264	-2.310000
394	-0.591635	0.030873	0.165047	-2.310000
395	-0.604313	-0.001113	0.114147	-2.310000
396	-0.603646	0.101545	0.059370	-2.310000
397	-0.599834	0.056945	0.123214	-2.310000
398	-0.605590	0.012617	0.106426	-2.310000
399	-0.602875	-0.108233	0.055246	-2.310000
400	-0.597476	-0.143338	0.026490	-2.310000
401	-0.586792	-0.142471	-0.116627	-2.310000
402	-0.609986	-0.074756	-0.023541	-2.310000
403	-0.547846	-0.149653	0.235995	-2.310000
404	-0.610572	0.069813	0.023505	-2.310000
405	-0.582312	0.185191	-0.069584	-2.310000
406	-0.596829	-0.148392	-0.000134	-2.310000
407	-0.577468	-0.147236	0.151911	-2.310000
408	-0.610820	0.019932	0.068750	-2.310000
409	-0.532911	-0.293143	-0.091094	-2.310000
410	-0.614736	0.001809	0.017921	-2.310000
411	-0.608295	0.052097	0.074085	-2.310000
412	-0.564959	0.234332	-0.064306	-2.310000
413	-0.611496	0.065328	-0.005418	-2.310000
414	-0.613651	-0.031209	0.026148	-2.310000
415	-0.517134	-0.018811	0.332330	-2.310000
416	-0.612544	0.010826	0.053833	-2.310000
417	-0.608629	-0.067066	0.057423	-2.310000
418	-0.547703	0.274972	0.051345	-2.310000
419	-0.614766	0.009387	-0.014150	-2.310000
420	-0.609690	0.080077	0.009543	-2.310000
421	-0.589230	0.172068	0.037760	-2.310000
422	-0.602721	-0.031829	0.118067	-2.310000
423	-0.597382	0.141606	0.036165	-2.310000
424	-0.566294	-0.232568	0.058722	-2.310000
425	-0.549781	0.027640	0.274230	-2.310000
426	-0.468613	-0.379391	0.121199	-2.310000
427	-0.598024	-0.139900	-0.031946	-2.310000
428	-0.598920	-0.090501	0.106441	-2.310000
429	-0.606003	-0.094096	0.046165	-2.310000
430	-0.499180	-0.329641	-0.142763	-2.310000
431	-0.589404	-0.169186	-0.046949	-2.310000
432	-0.598289	0.059524	0.129355	-2.310000
433	-0.559957	0.253317	0.022436	-2.310000
434	-0.539993	0.287845	0.061464	-2.310000
435	-0.566205	-0.203204	0.127850	-2.310000
436	-0.603382	-0.107279	0.051441	-2.310000
437	-0.596905	-0.044027	0.141388	-2.310000
438	-0.614226	-0.030462	0.004845	-2.310000
439	-0.603090	-0.064409	-0.101781	-2.310000
440	-0.591848	0.042734	0.161600	-2.310000
441	-0.596492	-0.118824	0.091119	-2.310000
442	-0.566287	0.229283	0.070519	-2.310000
443	-0.498219	0.354685	-0.064824	-2.310000
444	-0.593326	-0.131073	0.094916	-2.310000
445	-0.605535	-0.106222	0.016422	-2.310000
446	-0.596143	-0.106282	0.107438	-2.310000
447	-0.500890	-0.317125	0.163602	-2.310000
448	-0.587541	-0.122390	0.134316	-2.310000
449	-0.611973	-0.060903	-0.002210	-2.310000
450	-0.599617	0.120753	0.064052	-2.310000
451	-0.596383	0.148906	-0.019490	-2.310000
452	-0.606304	-0.098659	-0.029773	-2.310000
453	-0.480355	-0.356969	0.141622	-2.310000
454	-0.600252	0.086252	0.102386	-2.310000
455	-0.574782	0.061305	0.209982	-2.310000
456	-0.591407	0.168560	-0.007088	-2.310000
457	-0.586705	0.181508	0.032513	-2.310000
458	-0.589194	0.121987	-0.127256	-2.310000
459	-0.601271	0.119008	0.050346	-2.310000
460	-0.605200	-0.014842	-0.108339	-2.310000
461	-0.589149	0.173617	-0.031398	-2.310000
462	-0.590807	-0.083304	0.149105	-2.310000
463	-0.609560	0.057516	0.057908	-2.310000
464	-0.576520	0.016567	0.213484	-2.310000
465	-0.613892	-0.005492	-0.036496	-2.310000
466	-0.556924	-0.125844	-0.228526	-2.310000
467	-0.533139	-0.302889	-0.047396	-2.310000
468	-0.613664	-0.008564	0.039592	-2.310000
469	-0.582606	0.123179	-0.153694	-2.310000
470	-0.521384	0.204165	-0.254362	-2.310000
471	-0.561249	-0.196827	-0.156472	-2.310000
472	-0.613616	0.013245	0.039044	-2.310000
473	-0.600367	0.067942	-0.114753	-2.310000
474	-0.611143	0.038994	-0.056643	-2.310000
475	-0.612581	0.053743	0.008981	-2.310000
476	-0.589979	-0.126695	-0.118734	-2.310000
477	-0.607203	-0.087378	0.043532	-2.310000
478	-0.599186	0.076825	-0.115321	-2.310000
479	-0.549846	-0.089312	0.260610	-2.310000
480	-0.612428	-0.056164	-0.001671	-2.310000
481	-0.609398	0.073697	0.037783	-2.310000
482	-0.543794	-0.050547	0.282768	-2.310000
483	-0.607847	0.021807	0.090951	-2.310000
484	-0.609014	0.085594	-0.000045	-2.310000
485	-0.593092	-0.161300	0.021189	-2.310000
486	-0.606096	-0.088409	-0.055282	-2.310000
487	-0.603950	-0.111196	-0.033231	-2.310000
488	-0.599410	-0.124906	0.057715	-2.310000
489	-0.606510	-0.098730	0.024948	-2.310000
490	-0.600158	0.034419	-0.129808	-2.310000
491	-0.598628	0.047965	-0.132547	-2.310000
492	-0.595343	-0.154167	0.004929	-2.310000
493	-0.604410	0.085547	0.074803	-2.310000
494	-0.613336	-0.030243	0.033608	-2.310000
495	-0.603960	-0.048554	0.105358	-2.310000
496	-0.611472	0.033140	-0.056823	-2.310000
497	-0.598297	0.044602	0.135192	-2.310000
498	-0.614184	-0.024038	0.020614	-2.310000
499	-0.584098	0.039755	0.188346	-2.310000
500	-0.581414	0.042058	0.195994	-2.310000
501	-0.607075	0.098295	0.004776	-2.310000
502	-0.612998	0.028308	-0.040704	-2.310000
503	-0.592952	0.163068	0.006483	-2.310000
504	-0.609105	-0.084945	-0.000903	-2.310000
505	-0.561887	-0.248053	-0.031274	-2.310000
506	-0.604029	-0.051353	0.103617	-2.310000
507	-0.586848	0.034856	0.180609	-2.310000
508	-0.576543	-0.112384	0.182188	-2.310000
509	-0.612173	0.008781	0.058242	-2.310000
510	-0.607292	0.073209	0.063732	-2.310000
511	-0.541991	0.050614	0.286198	-2.310000
512	-0.591127	0.169681	0.001265	-2.310000
513	-0.578262	-0.118061	0.172915	-2.310000
514	-0.526957	-0.096690	0.301981	-2.310000
515	-0.613788	-0.037686	0.008323	-2.310000
516	-0.429346	-0.439135	-0.032364	-2.310000
517	-0.608386	-0.074253	-0.050778	-2.310000
518	-0.596800	-0.000489	0.148509	-2.310000
519	-0.609923	0.032576	-0.071821	-2.310000
520	-0.609667	-0.023114	0.077436	-2.310000
521	-0.600552	-0.060516	0.117898	-2.310000
522	-0.614514	0.021121	-0.012321	-2.310000
523	-0.614154	-0.000948	0.032232	-2.310000
524	-0.553725	-0.062759	-0.260145	-2.310000
525	-0.587144	-0.181473	-0.023535	-2.310000
526	-0.589451	0.171006	0.039107	-2.310000
527	-0.578085	0.187469	0.094332	-2.310000
528	-0.611797	0.016160	-0.060571	-2.310000
529	-0.600835	-0.127574	-0.030773	-2.310000
530	-0.538295	-0.067982	0.289554	-2.310000
531	-0.602171	-0.114268	0.050571	-2.310000
532	-0.595045	-0.048374	0.147671	-2.310000
533	-0.603180	-0.095084	-0.073196	-2.310000
534	-0.584474	0.104059	-0.160583	-2.310000
535	-0.548135	0.111129	0.255779	-2.310000
536	-0.583347	-0.142142	-0.133141	-2.310000
537	-0.587467	-0.109036	0.145666	-2.310000
538	-0.572637	0.220407	0.041623	-2.310000
539	-0.577448	-0.192664	0.087520	-2.310000
540	-0.565372	-0.029263	0.240256	-2.310000
541	-0.545169	-0.275184	-0.072733	-2.310000
542	-0.600177	-0.068941	0.115152	-2.310000
543	-0.568170	-0.235345	-0.004478	-2.310000
544	-0.582445	-0.183444	-0.073013	-2.310000
545	-0.593465	-0.036461	0.157147	-2.310000
546	-0.595484	-0.153607	-0.005398	-2.310000
547	-0.593338	-0.132908	0.092255	-2.310000
548	-0.612472	-0.041650	0.036985	-2.310000
549	-0.605967	0.036159	-0.098595	-2.310000
550	-0.566375	0.210816	0.114022	-2.310000
551	-0.588106	-0.179258	-0.014917	-2.310000
552	-0.609487	-0.033207	0.075150	-2.310000
553	-0.611086	0.009764	0.068583	-2.310000
554	-0.596203	-0.053456	-0.141103	-2.310000
555	-0.602208	-0.124051	0.013498	-2.310000
556	-0.600553	0.104343	0.081690	-2.310000
557	-0.559689	0.251615	0.040781	-2.310000
558	-0.581060	0.195442	0.048962	-2.310000
559	-0.553024	-0.076461	0.257960	-2.310000
560	-0.606816	-0.026692	0.096370	-2.310000
561	-0.606673	0.091744	0.041908	-2.310000
562	-0.606255	-0.078219	-0.067541	-2.310000
563	-0.613495	-0.016392	0.039751	-2.310000
564	-0.604648	0.013700	-0.111524	-2.310000
565	-0.607037	0.069590	-0.069916	-2.310000
566	-0.596669	0.132103	-0.068990	-2.310000
567	-0.588003	-0.165436	0.071471	-2.310000
568	-0.607103	-0.013525	0.097305	-2.310000
569	-0.603229	0.119268	0.010744	-2.310000
570	-0.610417	0.037574	-0.064839	-2.310000
571	-0.613091	0.047917	-0.006948	-2.310000
572	-0.603420	0.118326	0.010426	-2.310000
573	-0.606309	0.101479	-0.017771	-2.310000
574	-0.610902	0.024144	-0.066637	-2.310000
575	-0.614362	0.014551	0.023926	-2.310000
576	-0.586862	-0.045218	0.178250	-2.310000
577	-0.557301	-0.135816	0.221799	-2.310000
578	-0.611195	-0.018736	-0.065683	-2.310000
579	-0.609519	0.075657	0.031434	-2.310000
580	-0.595492	-0.109010	-0.108309	-2.310000
581	-0.567063	-0.217595	-0.096521	-2.310000
582	-0.559537	-0.083169	-0.241301	-2.310000
583	-0.611592	-0.045553	0.045877	-2.310000
584	-0.608227	0.057306	0.070721	-2.310000
585	-0.612182	0.014490	0.056996	-2.310000
586	-0.608962	0.085642	-0.007473	-2.310000
587	-0.603419	-0.018931	0.117271	-2.310000
588	-0.600950	-0.060057	0.116094	-2.310000
589	-0.614576	-0.021360	-0.008097	-2.310000
590	-0.611352	-0.059500	-0.030549	-2.310000
591	-0.607333	-0.009458	0.096343	-2.310000
592	-0.612320	-0.022214	0.052875	-2.310000
593	-0.608759	-0.085169	0.019588	-2.310000
594	-0.572224	0.125389	0.187251	-2.310000
595	-0.563098	-0.091000	0.229924	-2.310000
596	-0.599824	-0.117867	0.067406	-2.310000
597	-0.593053	-0.162385	-0.012003	-2.310000
598	-0.612354	0.039784	-0.040797	-2.310000
599	-0.611745	0.062861	-0.006431	-2.310000
600	-0.609373	0.076554	-0.032077	-2.310000
601	-0.609483	-0.075998	-0.031299	-2.310000
602	-0.603054	-0.053345	0.108193	-2.310000
603	-0.609923	0.032858	0.071690	-2.310000
604	-0.583284	0.008366	0.194769	-2.310000
605	-0.612426	-0.027630	-0.048944	-2.310000
606	-0.604905	0.012538	0.110262	-2.310000
607	-0.593427	0.000344	0.161459	-2.310000
608	-0.600521	-0.085595	0.101354	-2.310000
609	-0.608220	0.042661	-0.080459	-2.310000
610	-0.612973	-0.027451	0.041662	-2.310000
611	-0.576003	0.133728	0.169004	-2.310000
612	-0.612365	-0.051462	-0.024199	-2.310000
613	-0.610648	0.003153	0.072967	-2.310000
614	-0.609390	-0.059495	-0.057700	-2.310000
615	-0.509081	-0.285531	0.193735	-2.310000
616	-0.612877	0.013691	0.049186	-2.310000
617	-0.565001	0.205697	0.129180	-2.310000
618	-0.599227	0.009035	0.138094	-2.310000
619	-0.603751	0.113232	-0.029810	-2.310000
620	-0.611952	0.033104	-0.051424	-2.310000
621	-0.550679	-0.163544	0.219616	-2.310000
622	-0.541395	-0.286171	0.056771	-2.310000
623	-0.613026	-0.002200	-0.049182	-2.310000
624	-0.610413	-0.042728	0.061607	-2.310000
625	-0.603738	-0.053377	-0.104288	-2.310000
626	-0.589586	0.129103	-0.118094	-2.310000
627	-0.606405	-0.100156	0.021601	-2.310000
628	-0.558004	-0.188215	0.177291	-2.310000
629	-0.559990	0.163239	0.194910	-2.310000
630	-0.538053	-0.247534	-0.165683	-2.310000
631	-0.611471	0.057965	-0.031119	-2.310000
632	-0.573799	0.220835	-0.014562	-2.310000
633	-0.613761	-0.038204	-0.007955	-2.310000
634	-0.605031	0.094518	0.056827	-2.310000
635	-0.609939	-0.075119	0.023579	-2.310000
636	-0.548676	-0.019735	0.277110	-2.310000
637	-0.592536	-0.059851	0.153439	-2.310000
638	-0.604578	-0.086831	0.071908	-2.310000
639	-0.568243	-0.169255	-0.163334	-2.310000
640	-0.550451	-0.274129	0.009079	-2.310000
641	-0.494040	-0.134712	0.340591	-2.310000
642	-0.562440	-0.125299	0.214909	-2.310000
643	-0.573416	-0.218692	-0.039914	-2.310000
644	-0.614696	0.009467	-0.016869	-2.310000
645	-0.609993	0.078023	-0.006819	-2.310000
646	-0.489520	0.347167	-0.134424	-2.310000
647	-0.421478	0.345022	0.285555	-2.310000
648	-0.370338	-0.439518	0.218858	-2.310000
649	-0.553891	-0.236557	0.124381	-2.310000
650	-0.577574	0.098681	0.186803	-2.310000
651	-0.602350	-0.100577	0.072693	-2.310000
652	-0.612867	-0.048777	-0.015485	-2.310000
653	-0.598328	0.067075	-0.125420	-2.310000
654	-0.562715	0.043706	0.244267	-2.310000
655	-0.482176	0.381728	0.003924	-2.310000
656	-0.473244	0.119970	0.373996	-2.310000
657	-0.608599	-0.087960	0.009785	-2.310000
658	-0.614453	0.009028	0.024311	-2.310000
659	-0.595785	0.140758	0.058759	-2.310000
660	-0.609065	-0.083260	0.018235	-2.310000
661	-0.608905	0.079024	0.034862	-2.310000
662	-0.595057	-0.150161	-0.039796	-2.310000
663	-0.597982	-0.118632	0.081047	-2.310000
664	-0.603124	-0.006661	-0.120093	-2.310000
665	-0.547635	0.250230	-0.125324	-2.310000
666	-0.610382	-0.036628	0.065707	-2.310000
667	-0.612814	-0.036600	0.036670	-2.310000
668	-0.565161	0.241210	-0.025227	-2.310000
669	-0.599225	-0.041085	-0.132159	-2.310000
670	-0.577345	-0.096476	-0.188653	-2.310000
671	-0.595034	-0.101859	-0.117408	-2.310000
672	-0.569887	0.228347	-0.036210	-2.310000
673	-0.604798	0.110213	0.017257	-2.310000
674	-0.584745	0.072445	-0.176209	-2.310000
675	-0.609975	-0.075214	-0.022319	-2.310000
676	-0.604620	0.018908	0.110917	-2.310000
677	-0.607047	-0.087127	0.046125	-2.310000
678	-0.607751	-0.074353	-0.057757	-2.310000
679	-0.602504	0.123326	-0.002140	-2.310000
680	-0.611217	0.044807	-0.051297	-2.310000
681	-0.598445	0.120743	-0.074229	-2.310000
682	-0.567545	0.082650	-0.222007	-2.310000
683	-0.578867	0.173243	-0.114564	-2.310000
684	-0.595271	-0.026271	0.152273	-2.310000
685	-0.603786	0.062703	0.098669	-2.310000
686	-0.607778	0.083546	-0.043020	-2.310000
687	-0.603084	0.049114	-0.110013	-2.310000
688	-0.570089	0.214337	0.085338	-2.310000
689	-0.598940	-0.135842	0.032295	-2.310000
690	-0.614088	-0.006612	0.032822	-2.310000
691	-0.569738	0.070336	-0.220628	-2.310000
692	-0.579487	0.201107	0.044455	-2.310000
693	-0.583813	0.169451	-0.093130	-2.310000
694	-0.585448	-0.142482	-0.123182	-2.310000
695	-0.612754	-0.015971	-0.050028	-2.310000
696	-0.598490	0.119821	0.075350	-2.310000
697	-0.598595	-0.138887	-0.024886	-2.310000
698	-0.547634	0.221191	0.171453	-2.310000
699	-0.581366	-0.169772	0.106847	-2.310000
700	-0.606873	-0.086003	0.050340	-2.310000
701	-0.597279	0.025302	-0.144369	-2.310000
702	-0.607825	-0.086832	-0.035130	-2.310000
703	-0.608306	-0.028785	-0.085795	-2.310000
704	-0.609157	0.019517	-0.082290	-2.310000
705	-0.568972	0.194524	0.129060	-2.310000
706	-0.606852	0.009394	0.099336	-2.310000
707	-0.602518	-0.063291	0.105791	-2.310000
708	-0.549336	0.273848	-0.038242	-2.310000
709	-0.597617	0.070964	-0.126663	-2.310000
710	-0.601022	-0.117363	0.056777	-2.310000
711	-0.614801	0.007817	0.013546	-2.310000
712	-0.513634	-0.059160	0.333024	-2.310000
713	-0.590086	0.098674	0.142433	-2.310000
714	-0.609803	0.031814	0.073165	-2.310000
715	-0.612644	0.030338	-0.044407	-2.310000
716	-0.614014	0.020652	-0.028016	-2.310000
717	-0.607509	0.040162	0.086861	-2.310000
718	-0.567942	-0.213008	0.101465	-2.310000
719	-0.605931	0.095232	0.044760	-2.310000
720	-0.604240	-0.098986	0.057628	-2.310000
721	-0.595212	-0.147214	-0.047703	-2.310000
722	-0.583745	0.176706	-0.079006	-2.310000
723	-0.609269	-0.073071	0.040948	-2.310000
724	-0.614676	-0.019966	-0.000320	-2.310000
725	-0.608856	0.079519	-0.034589	-2.310000
726	-0.512759	-0.326352	0.093794	-2.310000
727	-0.614147	0.013275	0.029534	-2.310000
728	-0.571106	-0.211221	0.086302	-2.310000
729	-0.475837	-0.387275	-0.042686	-2.310000
730	-0.590901	-0.121248	0.119835	-2.310000
731	-0.578996	0.120835	0.168486	-2.310000
732	-0.613232	-0.021225	0.041489	-2.310000
733	-0.596774	0.118733	-0.089379	-2.310000
734	-0.463345	-0.401128	0.051314	-2.310000
735	-0.569204	-0.061189	0.224694	-2.310000
736	-0.557822	0.222991	0.131662	-2.310000
737	-0.600200	0.043329	-0.126915	-2.310000
738	-0.595365	-0.043580	-0.147873	-2.310000
739	-0.593023	-0.021666	0.161492	-2.310000
740	-0.564199	0.196139	-0.146403	-2.310000
741	-0.599785	0.120732	-0.062500	-2.310000
742	-0.589812	-0.059101	-0.163872	-2.310000
743	-0.585757	-0.178770	0.056165	-2.310000
744	-0.510866	-0.182912	0.289454	-2.310000
745	-0.585132	-0.077006	0.172962	-2.310000
746	-0.578577	-0.169731	-0.121097	-2.310000
747	-0.559582	-0.219451	0.130133	-2.310000
748	-0.525463	-0.287834	-0.138797	-2.310000
749	-0.596012	0.061980	0.138397	-2.310000
750	-0.450644	-0.243495	0.340376	-2.310000
751	-0.608967	0.014720	0.084662	-2.310000
752	-0.584799	0.171652	-0.082284	-2.310000
753	-0.561078	0.219904	0.122716	-2.310000
754	-0.489790	0.370449	0.033133	-2.310000
755	-0.596234	-0.149371	-0.020458	-2.310000
756	-0.589167	0.069129	-0.162260	-2.310000
757	-0.610735	-0.040634	0.059805	-2.310000
758	-0.580163	-0.200513	0.037818	-2.310000
759	-0.490000	-0.208795	-0.307458	-2.310000
760	-0.608843	-0.086567	-0.006411	-2.310000
761	-0.534214	0.097539	0.288663	-2.310000
762	-0.502734	0.353242	0.026529	-2.310000
763	-0.612884	0.028865	0.042006	-2.310000
764	-0.607285	0.064853	0.072277	-2.310000
765	-0.614929	0.004524	0.008212	-2.310000
766	-0.567793	-0.230678	-0.051225	-2.310000
767	-0.594943	-0.111526	-0.108766	-2.310000
768	-0.613949	0.012039	0.033857	-2.310000
769	-0.600733	0.104423	0.080252	-2.310000
770	-0.538553	0.296953	0.002118	-2.310000
771	-0.606357	-0.095741	-0.037274	-2.310000
772	-0.516879	0.156479	0.294238	-2.310000
773	-0.603453	-0.004745	0.118518	-2.310000
774	-0.612630	-0.038187	0.038090	-2.310000
775	-0.598054	-0.001088	-0.143370	-2.310000
776	-0.594234	0.158016	-0.011897	-2.310000
777	-0.590318	0.072243	-0.156621	-2.310000
778	-0.541155	0.285495	-0.062200	-2.310000
779	-0.589218	0.133097	0.115467	-2.310000
780	-0.589561	0.166684	0.053473	-2.310000
781	-0.541857	-0.201445	0.209847	-2.310000
782	-0.599707	-0.086316	-0.105478	-2.310000
783	-0.572198	-0.189279	-0.122426	-2.310000
784	-0.598758	0.121257	-0.070783	-2.310000
785	-0.577709	0.142782	-0.155211	-2.310000
786	-0.584161	0.036760	-0.188757	-2.310000
787	-0.606798	0.060221	-0.079969	-2.310000
788	-0.587757	0.165346	-0.073673	-2.310000
789	-0.612378	-0.030759	-0.047670	-2.310000
790	-0.610019	0.001089	-0.078109	-2.310000
791	-0.586169	0.122657	-0.139950	-2.310000
792	-0.580254	0.110854	-0.171001	-2.310000
793	-0.440637	-0.097940	-0.417698	-2.310000
794	-0.564070	0.244674	-0.013603	-2.310000
795	-0.544837	0.039972	0.282454	-2.310000
796	-0.586308	0.091316	0.161645	-2.310000
797	-0.561935	0.113507	0.222644	-2.310000
798	-0.558640	0.251688	0.052905	-2.310000
799	-0.558513	-0.213351	0.144116	-2.310000
800	-0.581816	-0.122571	-0.157136	-2.310000
801	-0.598244	-0.141538	-0.017191	-2.310000
802	-0.612879	-0.042542	-0.028184	-2.310000
803	-0.594617	0.072866	0.139089	-2.310000
804	-0.598563	0.045809	-0.133601	-2.310000
805	-0.570690	-0.223285	0.051781	-2.310000
806	-0.613317	-0.041136	0.019364	-2.310000
807	-0.613875	0.027184	0.025369	-2.310000
808	-0.605032	-0.110280	-0.000073	-2.310000
809	-0.599188	0.138553	0.001333	-2.310000
810	-0.606655	0.074013	-0.068677	-2.310000
811	-0.585402	-0.182260	-0.048076	-2.310000
812	-0.598882	0.109263	0.087334	-2.310000
813	-0.504864	-0.205512	0.284784	-2.310000
814	-0.612242	0.017523	-0.055472	-2.310000
815	-0.610165	0.056226	-0.052561	-2.310000
816	-0.606243	-0.051125	-0.089892	-2.310000
817	-0.614800	0.001082	0.015631	-2.310000
818	-0.604166	-0.112373	0.024086	-2.310000
819	-0.611925	-0.046475	0.040162	-2.310000
820	-0.584402	-0.020955	0.190422	-2.310000
821	-0.603709	0.035910	0.111671	-2.310000
822	-0.608447	0.056308	0.069618	-2.310000
823	-0.606912	0.090664	0.040783	-2.310000
824	-0.611971	0.060957	0.000454	-2.310000
825	-0.597199	-0.140559	-0.042680	-2.310000
826	-0.607379	-0.024106	0.093460	-2.310000
827	-0.566716	-0.238440	-0.014320	-2.310000
828	-0.588181	0.116624	0.136629	-2.310000
829	-0.602735	0.007317	0.121992	-2.310000
830	-0.581463	-0.048602	-0.194330	-2.310000
831	-0.601589	0.015137	-0.126835	-2.310000
832	-0.599923	0.027020	0.132618	-2.310000
833	-0.598782	0.065140	0.124265	-2.310000
834	-0.591095	-0.014578	-0.169172	-2.310000
835	-0.575908	-0.212261	0.038732	-2.310000
836	-0.582610	0.008355	0.196777	-2.310000
837	-0.573000	-0.044924	0.218809	-2.310000
838	-0.416678	0.047950	-0.449784	-2.310000
839	-0.611142	-0.058643	-0.035937	-2.310000
840	-0.577367	-0.165422	0.132318	-2.310000
841	-0.579706	-0.146652	0.143732	-2.310000
842	-0.608421	0.086583	-0.023497	-2.310000
843	-0.599785	0.135777	-0.006925	-2.310000
844	-0.597109	0.146003	-0.019198	-2.310000
845	-0.605501	0.018916	0.105996	-2.310000
846	-0.597166	0.067708	-0.130514	-2.310000
847	-0.575229	0.035907	-0.214585	-2.310000
848	-0.595612	-0.042878	0.147080	-2.310000
849	-0.592130	0.066546	-0.152244	-2.310000
850	-0.592440	-0.157131	-0.050494	-2.310000
