1	-0.547883	-0.253970	-0.116396	-1.830000
2	-0.464798	-0.004968	-0.402695	-1.830000
3	-0.581578	-0.119754	0.160161	-1.830000
4	-0.536485	-0.282084	0.104102	-1.830000
5	-0.572425	-0.224842	-0.001135	-1.830000
6	-0.612660	-0.017064	-0.050812	-1.830000
7	-0.567090	-0.187571	-0.146461	-1.830000
8	-0.607070	0.065958	0.073076	-1.830000
9	-0.583117	0.195411	-0.003833	-1.830000
10	-0.584156	0.083878	0.173063	-1.830000
11	-0.580685	-0.152947	0.132804	-1.830000
12	-0.541944	0.014902	-0.290345	-1.830000
13	-0.614323	-0.028850	-0.000113	-1.830000
14	-0.571636	-0.129677	-0.186121	-1.830000
15	-0.610442	-0.041215	-0.062346	-1.830000
16	-0.603072	0.118918	0.019700	-1.830000
17	-0.577742	0.001759	-0.210798	-1.830000
18	-0.560757	0.164362	0.191733	-1.830000
19	-0.598050	0.094995	-0.107414	-1.830000
20	-0.510813	-0.340034	-0.040883	-1.830000
21	-0.599927	-0.070843	-0.115301	-1.830000
22	-0.569778	-0.226427	-0.048057	-1.830000
23	-0.590454	0.146075	0.090835	-1.830000
24	-0.607555	0.015240	-0.094182	-1.830000
25	-0.614931	0.009118	0.001490	-1.830000
26	-0.570337	0.142408	-0.180723	-1.830000
27	-0.593203	-0.032183	-0.159057	-1.830000
28	-0.532951	0.146554	-0.269648	-1.830000
29	-0.568580	-0.212322	0.099303	-1.830000
30	-0.606448	-0.048459	-0.089986	-1.830000
31	-0.513336	-0.147507	0.304881	-1.830000
32	-0.613746	-0.036459	-0.014535	-1.830000
33	-0.612303	0.053852	0.020244	-1.830000
34	-0.613496	0.039998	0.015737	-1.830000
35	-0.604008	0.101702	-0.055279	-1.830000
36	-0.592553	0.138349	0.089250	-1.830000
37	-0.592512	0.163644	0.019379	-1.830000
38	-0.604793	-0.071392	-0.085750	-1.830000
39	-0.597560	-0.145329	-0.005187	-1.830000
40	-0.570076	-0.168543	0.157582	-1.830000
41	-0.564077	-0.232385	-0.077717	-1.830000
42	-0.527775	-0.102999	-0.298445	-1.830000
43	-0.612009	-0.039637	0.045818	-1.830000
44	-0.576031	0.057749	-0.207553	-1.830000
45	-0.552572	-0.148495	0.225474	-1.830000
46	-0.577436	0.070854	-0.199429	-1.830000
47	-0.604143	0.106710	-0.043002	-1.830000
48	-0.554776	0.197687	0.177110	-1.830000
49	-0.599041	-0.129619	-0.050729	-1.830000
50	-0.611370	0.039127	0.054045	-1.830000
51	-0.609252	-0.005667	0.083693	-1.830000
52	-0.580052	0.168710	0.115334	-1.830000
53	-0.613898	0.003401	-0.036640	-1.830000
54	-0.581167	0.136336	0.147929	-1.830000
55	-0.597180	-0.145926	-0.017506	-1.830000
56	-0.577702	0.203629	0.054965	-1.830000
57	-0.611914	0.057853	0.020944	-1.830000
58	-0.603758	0.063327	0.098441	-1.830000
59	-0.599100	-0.112128	-0.082046	-1.830000
60	-0.590606	-0.007884	0.171310	-1.830000
61	-0.607242	0.018001	-0.095700	-1.830000
62	-0.589195	-0.174132	-0.027427	-1.830000
63	-0.599956	-0.103079	-0.087478	-1.830000
64	-0.606444	-0.078168	-0.065882	-1.830000
65	-0.599800	-0.118082	-0.067243	-1.830000
66	-0.601114	0.063805	0.113207	-1.830000
67	-0.599861	-0.134788	0.014983	-1.830000
68	-0.580045	0.198605	0.048257	-1.830000
69	-0.593590	0.139845	0.079498	-1.830000
70	-0.605796	0.016407	0.104726	-1.830000
71	-0.593335	0.126156	-0.101310	-1.830000
72	-0.516923	0.111534	-0.313967	-1.830000
73	-0.614997	-0.001571	0.001308	-1.830000
74	-0.586241	-0.180440	-0.044584	-1.830000
75	-0.578813	0.030874	-0.205543	-1.830000
76	-0.591660	0.105639	0.130400	-1.830000
77	-0.575408	0.031146	0.214849	-1.830000
78	-0.610722	-0.053424	-0.048885	-1.830000
79	-0.604894	0.103466	0.040283	-1.830000
80	-0.590005	-0.067758	-0.159776	-1.830000
81	-0.591602	0.078507	-0.148555	-1.830000
82	-0.466207	-0.359040	0.178792	-1.830000
83	-0.565519	0.098254	0.220815	-1.830000
84	-0.588431	-0.178758	-0.004344	-1.830000
85	-0.572902	-0.024033	0.222331	-1.830000
86	-0.611667	-0.051580	0.037781	-1.830000
87	-0.590196	0.099560	0.141357	-1.830000
88	-0.608687	-0.065358	-0.058772	-1.830000
89	-0.532873	-0.173872	-0.253060	-1.830000
90	-0.571063	0.132808	-0.185671	-1.830000
91	-0.560180	-0.250643	0.040008	-1.830000
92	-0.610584	0.072635	0.011672	-1.830000
93	-0.536501	0.291654	-0.073005	-1.830000
94	-0.550768	0.271594	0.033408	-1.830000
95	-0.596413	-0.052290	0.140648	-1.830000
96	-0.614382	0.027242	-0.004175	-1.830000
97	-0.524710	0.257867	-0.190813	-1.830000
98	-0.576979	-0.154942	0.145991	-1.830000
99	-0.611017	0.069678	0.005328	-1.830000
100	-0.591652	-0.062502	0.155777	-1.830000
101	-0.613126	0.047851	0.003515	-1.830000
102	-0.613191	0.046672	-0.006608	-1.830000
103	-0.570891	0.224735	-0.042464	-1.830000
104	-0.577165	-0.018702	-0.211556	-1.830000
105	-0.599964	0.090522	0.100369	-1.830000
106	-0.572921	-0.218401	0.047828	-1.830000
107	-0.609036	-0.043944	-0.073272	-1.830000
108	-0.516764	-0.299218	0.147132	-1.830000
109	-0.424070	-0.346829	-0.279463	-1.830000
110	-0.398927	0.045702	0.465825	-1.830000
111	-0.582323	-0.115206	0.160787	-1.830000
112	-0.579030	-0.164859	-0.125580	-1.830000
113	-0.579804	0.192910	-0.069558	-1.830000
114	-0.605798	-0.017576	-0.104525	-1.830000
115	-0.570513	-0.165527	-0.159188	-1.830000
116	-0.591804	-0.118857	0.117756	-1.830000
117	-0.242637	-0.503484	-0.256625	-1.830000
118	-0.553546	-0.101545	-0.247993	-1.830000
119	-0.612233	0.045763	0.036070	-1.830000
120	-0.534620	-0.226239	0.203034	-1.830000
121	-0.572421	-0.193331	-0.114813	-1.830000
122	-0.564567	-0.046309	-0.239468	-1.830000
123	-0.549956	-0.067524	-0.266859	-1.830000
124	-0.576171	-0.095770	-0.192561	-1.830000
125	-0.614005	-0.000270	-0.034966	-1.830000
126	-0.578749	-0.175637	0.111472	-1.830000
127	-0.573216	-0.201285	-0.095563	-1.830000
128	-0.578858	-0.194675	-0.072461	-1.830000
129	-0.596239	-0.138138	0.060344	-1.830000
130	-0.549598	-0.242003	-0.132673	-1.830000
131	-0.603510	-0.104304	-0.055872	-1.830000
132	-0.603049	0.069755	-0.098443	-1.830000
133	-0.576887	-0.012722	-0.212754	-1.830000
134	-0.538489	-0.195029	0.224095	-1.830000
135	-0.549449	-0.251512	0.114335	-1.830000
136	-0.601187	-0.114514	-0.060714	-1.830000
137	-0.583052	-0.020802	0.194533	-1.830000
138	-0.609067	-0.041864	-0.074230	-1.830000
139	-0.604573	-0.001760	0.112756	-1.830000
140	-0.577376	0.199678	-0.070642	-1.830000
141	-0.588634	-0.158600	-0.081126	-1.830000
142	-0.589551	-0.026933	-0.172999	-1.830000
143	-0.527878	-0.310854	-0.054223	-1.830000
144	-0.585193	-0.053276	0.181483	-1.830000
145	-0.562339	-0.164833	0.186627	-1.830000
146	-0.606268	-0.101202	-0.020550	-1.830000
147	-0.607413	0.071078	-0.064983	-1.830000
148	-0.592658	0.066380	0.150251	-1.830000
149	-0.601257	-0.117413	0.054120	-1.830000
150	-0.572569	-0.110375	-0.195468	-1.830000
151	-0.601411	0.108791	-0.068516	-1.830000
152	-0.600113	0.084408	0.104710	-1.830000
153	-0.574045	-0.214953	-0.049922	-1.830000
154	-0.569870	-0.048369	-0.226128	-1.830000
155	-0.597965	0.061756	-0.129803	-1.830000
156	-0.601582	0.126808	0.015604	-1.830000
157	-0.592180	0.027099	0.163747	-1.830000
158	-0.607185	0.032189	-0.092276	-1.830000
159	-0.575227	0.021203	0.216539	-1.830000
160	-0.598363	0.125649	-0.066324	-1.830000
161	-0.597158	-0.146714	0.010121	-1.830000
162	-0.584329	-0.191565	-0.009368	-1.830000
163	-0.563935	0.130244	0.207940	-1.830000
164	-0.607748	-0.001128	0.094162	-1.830000
165	-0.611687	0.044873	0.045278	-1.830000
166	-0.613910	0.036596	0.000165	-1.830000
167	-0.610027	0.078049	0.000747	-1.830000
168	-0.601378	0.104590	0.075033	-1.830000
169	-0.598331	-0.140238	-0.023637	-1.830000
170	-0.602840	0.120718	-0.015361	-1.830000
171	-0.542198	-0.183319	0.225035	-1.830000
172	-0.583098	-0.070861	-0.182211	-1.830000
173	-0.568444	0.213212	-0.098169	-1.830000
174	-0.590844	-0.108992	0.131337	-1.830000
175	-0.575238	-0.168200	0.137966	-1.830000
176	-0.586555	0.180754	-0.038819	-1.830000
177	-0.508299	0.010823	0.346034	-1.830000
178	-0.594831	0.075880	0.136542	-1.830000
179	-0.528078	-0.217411	0.228235	-1.830000
180	-0.612299	-0.049767	-0.028960	-1.830000
181	-0.568653	-0.020267	-0.233342	-1.830000
182	-0.589780	0.140599	0.103038	-1.830000
183	-0.600467	-0.042097	0.126062	-1.830000
184	-0.613294	0.045765	-0.001104	-1.830000
185	-0.563164	-0.219628	-0.113293	-1.830000
186	-0.586753	-0.100510	0.154415	-1.830000
187	-0.611094	0.051253	0.046497	-1.830000
188	-0.600126	-0.089818	-0.100034	-1.830000
189	-0.589039	0.057286	-0.167261	-1.830000
190	-0.601891	-0.121857	0.033207	-1.830000
191	-0.573730	0.151229	0.161829	-1.830000
192	-0.593525	0.057964	0.150310	-1.830000
193	-0.607791	0.080122	0.048943	-1.830000
194	-0.535478	0.115702	-0.279466	-1.830000
195	-0.571732	0.123931	-0.189706	-1.830000
196	-0.613413	0.044138	-0.001162	-1.830000
197	-0.577316	-0.181388	-0.109680	-1.830000
198	-0.581102	-0.130634	0.153233	-1.830000
199	-0.597813	-0.139089	0.038712	-1.830000
200	-0.551823	0.268439	-0.040706	-1.830000
201	-0.611310	0.039022	0.054792	-1.830000
202	-0.599121	0.131886	0.043414	-1.830000
203	-0.547460	0.096073	-0.263216	-1.830000
204	-0.612555	0.029086	-0.046424	-1.830000
205	-0.561104	-0.251685	0.006493	-1.830000
206	-0.614822	-0.012905	0.007240	-1.830000
207	-0.610941	-0.018814	0.067983	-1.830000
208	-0.604159	-0.085375	-0.076992	-1.830000
209	-0.614110	0.028037	-0.017531	-1.830000
210	-0.609697	0.061919	-0.051577	-1.830000
211	-0.601654	-0.126745	-0.013144	-1.830000
212	-0.609000	-0.064931	-0.055927	-1.830000
213	-0.605722	-0.095831	-0.046282	-1.830000
214	-0.506055	-0.346329	-0.046792	-1.830000
215	-0.574614	0.106928	-0.191338	-1.830000
216	-0.577359	-0.211047	0.018455	-1.830000
217	-0.556906	-0.169795	0.198118	-1.830000
218	-0.606505	-0.044202	-0.091775	-1.830000
219	-0.572436	-0.063167	-0.215759	-1.830000
220	-0.590945	0.051591	-0.162318	-1.830000
221	-0.612928	0.029156	-0.041156	-1.830000
222	-0.603484	0.076717	0.090260	-1.830000
223	-0.523337	-0.057235	-0.317911	-1.830000
224	-0.588421	-0.061976	0.167764	-1.830000
225	-0.590155	-0.150851	0.084773	-1.830000
226	-0.591524	-0.152095	0.072049	-1.830000
227	-0.602161	-0.100574	-0.074243	-1.830000
228	-0.594690	-0.155992	-0.015329	-1.830000
229	-0.603292	-0.099696	-0.065760	-1.830000
230	-0.608221	-0.017619	-0.089341	-1.830000
231	-0.609657	-0.064947	0.048215	-1.830000
232	-0.598307	-0.111723	0.088159	-1.830000
233	-0.597350	-0.061371	0.132784	-1.830000
234	-0.607194	-0.097675	0.000768	-1.830000
235	-0.608020	-0.082240	0.042108	-1.830000
236	-0.600397	-0.088858	-0.099261	-1.830000
237	-0.609480	0.080592	0.016234	-1.830000
238	-0.609231	0.026430	-0.079777	-1.830000
239	-0.590814	-0.168143	-0.029869	-1.830000
240	-0.607936	0.077447	0.051387	-1.830000
241	-0.607554	0.012385	0.094602	-1.830000
242	-0.603999	-0.113197	0.024424	-1.830000
243	-0.587951	-0.180191	-0.008362	-1.830000
244	-0.605597	-0.095523	0.048510	-1.830000
245	-0.601446	-0.126498	-0.022038	-1.830000
246	-0.612536	-0.042484	-0.034918	-1.830000
247	-0.584117	0.174468	0.081198	-1.830000
248	-0.609275	-0.009365	-0.083192	-1.830000
249	-0.612015	-0.042948	-0.042646	-1.830000
250	-0.561574	0.204743	-0.144707	-1.830000
251	-0.574291	-0.077625	-0.205888	-1.830000
252	-0.602204	-0.111522	0.056016	-1.830000
253	-0.589597	-0.160157	0.070358	-1.830000
254	-0.611605	0.033365	0.055237	-1.830000
255	-0.580789	-0.155996	-0.128740	-1.830000
256	-0.606622	-0.095627	-0.033014	-1.830000
257	-0.613503	0.033150	-0.027196	-1.830000
258	-0.546193	0.221471	0.175638	-1.830000
259	-0.583711	0.006149	-0.193569	-1.830000
260	-0.602929	0.115340	-0.037400	-1.830000
261	-0.594064	0.136673	0.081449	-1.830000
262	-0.611281	0.054431	0.039977	-1.830000
263	-0.599825	-0.121936	0.059724	-1.830000
264	-0.603090	-0.110570	0.047772	-1.830000
265	-0.561551	0.121954	0.219118	-1.830000
266	-0.601047	-0.066147	0.112217	-1.830000
267	-0.591469	-0.137613	0.097220	-1.830000
268	-0.592592	-0.038183	-0.160004	-1.830000
269	-0.614693	-0.009641	-0.016880	-1.830000
270	-0.603473	0.096542	-0.068740	-1.830000
271	-0.604815	-0.090516	0.065045	-1.830000
272	-0.585242	-0.173073	0.075911	-1.830000
273	-0.603226	-0.079455	0.089612	-1.830000
274	-0.574193	0.005909	0.220210	-1.830000
275	-0.606552	0.045512	-0.090818	-1.830000
276	-0.593237	0.113461	0.115853	-1.830000
277	-0.585108	0.161160	0.099505	-1.830000
278	-0.609245	0.011428	0.083159	-1.830000
279	-0.586648	-0.007687	-0.184417	-1.830000
280	-0.613229	0.041296	-0.021689	-1.830000
281	-0.599269	-0.039627	0.132407	-1.830000
282	-0.596891	-0.041605	0.142178	-1.830000
283	-0.614022	0.032730	-0.011439	-1.830000
284	-0.602691	-0.121639	-0.013865	-1.830000
285	-0.560645	0.058120	-0.246016	-1.830000
286	-0.598353	0.065732	0.126005	-1.830000
287	-0.598165	-0.031152	0.139474	-1.830000
288	-0.612865	0.051155	-0.002239	-1.830000
289	-0.574080	-0.027658	0.218843	-1.830000
290	-0.614025	-0.027920	-0.020460	-1.830000
291	-0.599587	0.100738	-0.092589	-1.830000
292	-0.595969	-0.005369	-0.151716	-1.830000
293	-0.612735	-0.027938	-0.044719	-1.830000
294	-0.606297	0.007960	-0.102792	-1.830000
295	-0.613993	-0.032351	0.013828	-1.830000
296	-0.614937	0.007439	-0.004644	-1.830000
297	-0.613341	-0.005689	0.044778	-1.830000
298	-0.602424	-0.054140	0.111263	-1.830000
299	-0.610957	0.025866	0.065481	-1.830000
300	-0.602882	0.092234	0.079066	-1.830000
301	-0.601155	-0.092188	-0.091320	-1.830000
302	-0.607994	-0.090248	-0.020572	-1.830000
303	-0.376578	-0.418305	0.247861	-1.830000
304	-0.588843	0.061468	0.166464	-1.830000
305	-0.604389	-0.100845	0.052627	-1.830000
306	-0.604250	0.113369	0.015941	-1.830000
307	-0.606499	-0.038387	0.094394	-1.830000
308	-0.603592	-0.031688	-0.113568	-1.830000
309	-0.585177	0.018775	-0.188256	-1.830000
310	-0.612831	-0.000891	0.051594	-1.830000
311	-0.593720	-0.110168	-0.116550	-1.830000
312	-0.560271	-0.227925	-0.111227	-1.830000
313	-0.599663	0.011338	-0.136017	-1.830000
314	-0.593567	-0.025437	0.158920	-1.830000
315	-0.602894	-0.058634	-0.106328	-1.830000
316	-0.609126	-0.002480	-0.084760	-1.830000
317	-0.588904	-0.099662	-0.146576	-1.830000
318	-0.587706	0.067993	-0.167938	-1.830000
319	-0.611352	0.023189	-0.062734	-1.830000
320	-0.594723	-0.142640	0.064678	-1.830000
321	-0.558269	-0.170505	0.193620	-1.830000
322	-0.499720	-0.346528	0.091778	-1.830000
323	-0.614834	0.014083	0.002534	-1.830000
324	-0.562286	-0.248847	0.011601	-1.830000
325	-0.536369	-0.299754	0.026098	-1.830000
326	-0.600818	0.038343	-0.125590	-1.830000
327	-0.606895	-0.091404	-0.039360	-1.830000
328	-0.590590	0.119129	-0.123436	-1.830000
329	-0.595087	0.053380	-0.145765	-1.830000
330	-0.614450	-0.025952	-0.001570	-1.830000
331	-0.608689	0.086961	-0.012677	-1.830000
332	-0.542808	-0.288526	0.018366	-1.830000
333	-0.607065	0.098471	0.000151	-1.830000
334	-0.580506	-0.120055	-0.163781	-1.830000
335	-0.587315	-0.171118	-0.063280	-1.830000
336	-0.558372	0.112104	-0.232118	-1.830000
337	-0.598708	0.011513	-0.140146	-1.830000
338	-0.614735	-0.017179	-0.005576	-1.830000
339	-0.603815	-0.111307	0.035258	-1.830000
340	-0.582443	-0.161920	0.112989	-1.830000
341	-0.544454	-0.268578	0.098291	-1.830000
342	-0.585866	-0.086530	0.165827	-1.830000
343	-0.597650	-0.056482	0.133600	-1.830000
344	-0.568553	0.154842	-0.176059	-1.830000
345	-0.561391	-0.109987	-0.225761	-1.830000
346	-0.610596	-0.062412	-0.038759	-1.830000
347	-0.519971	-0.232476	0.231971	-1.830000
348	-0.582657	-0.153499	-0.123185	-1.830000
349	-0.580796	-0.063357	0.192060	-1.830000
350	-0.599701	-0.018117	-0.135112	-1.830000
351	-0.568082	0.234263	0.025072	-1.830000
352	-0.577234	0.184517	0.104780	-1.830000
353	-0.600135	0.109246	-0.078280	-1.830000
354	-0.614625	0.004245	-0.021058	-1.830000
355	-0.605995	-0.061967	-0.084589	-1.830000
356	-0.614832	-0.003642	0.013892	-1.830000
357	-0.606301	-0.096593	-0.035966	-1.830000
358	-0.614189	0.030240	0.009082	-1.830000
359	-0.614922	-0.009686	0.001249	-1.830000
360	-0.614938	0.008244	-0.002917	-1.830000
361	-0.607731	-0.064484	0.068773	-1.830000
362	-0.609630	0.016726	0.079350	-1.830000
363	-0.573007	0.163221	0.152470	-1.830000
364	-0.612795	0.010096	0.051044	-1.830000
365	-0.613845	-0.036746	0.008292	-1.830000
366	-0.604817	-0.110786	-0.012166	-1.830000
367	-0.605735	-0.020691	0.104316	-1.830000
368	-0.594355	-0.024797	0.156054	-1.830000
369	-0.607689	0.074728	0.057922	-1.830000
370	-0.612525	0.053610	-0.012823	-1.830000
371	-0.610392	0.073935	-0.013407	-1.830000
372	-0.582224	0.192652	0.046110	-1.830000
373	-0.613390	-0.042516	0.013064	-1.830000
374	-0.593866	0.026971	0.157545	-1.830000
375	-0.597708	-0.113650	0.089746	-1.830000
376	-0.583398	0.044477	0.189457	-1.830000
377	-0.595915	-0.151788	-0.008429	-1.830000
378	-0.602684	-0.100565	0.069883	-1.830000
379	-0.603700	0.002308	-0.117327	-1.830000
380	-0.610393	-0.063258	0.040542	-1.830000
381	-0.606577	0.013799	0.100495	-1.830000
382	-0.613857	0.019040	0.032273	-1.830000
383	-0.612557	-0.045732	0.030126	-1.830000
384	-0.610715	0.030470	0.065755	-1.830000
385	-0.582367	0.191411	0.049353	-1.830000
386	-0.611041	-0.047056	-0.051373	-1.830000
387	-0.605018	-0.107498	-0.024956	-1.830000
388	-0.599078	0.081469	-0.112666	-1.830000
389	-0.613331	0.028150	0.035459	-1.830000
390	-0.606081	-0.088265	0.055683	-1.830000
391	-0.614218	0.029567	0.009350	-1.830000
392	-0.585009	-0.115132	-0.150776	-1.830000
393	-0.579947	0.171050	-0.112376	-1.830000
394	-0.600824	-0.096140	0.089405	-1.830000
395	-0.598072	-0.039213	0.137828	-1.830000
396	-0.599924	0.134537	0.014697	-1.830000
397	-0.589221	0.015017	0.175549	-1.830000
398	-0.605308	-0.101820	0.038203	-1.830000
399	-0.569928	0.231042	0.005138	-1.830000
400	-0.614929	-0.008986	-0.002473	-1.830000
401	-0.611206	-0.068010	-0.005160	-1.830000
402	-0.566353	-0.115799	0.209905	-1.830000
403	-0.603054	-0.083791	-0.086778	-1.830000
404	-0.607516	0.088910	0.035276	-1.830000
405	-0.603469	-0.118491	-0.003142	-1.830000
406	-0.611769	0.059648	0.020143	-1.830000
407	-0.611910	0.060930	-0.008892	-1.830000
408	-0.612805	0.025654	-0.045128	-1.830000
409	-0.598741	-0.126557	0.060971	-1.830000
410	-0.610597	-0.062031	0.039355	-1.830000
411	-0.608068	0.019511	0.089984	-1.830000
412	-0.598231	0.142178	0.011415	-1.830000
413	-0.583036	0.171314	-0.094579	-1.830000
414	-0.599817	0.033222	-0.131685	-1.830000
415	-0.601751	0.059244	-0.112299	-1.830000
416	-0.589396	0.037505	0.171553	-1.830000
417	-0.613229	-0.017972	0.043044	-1.830000
418	-0.566748	-0.041381	0.235178	-1.830000
419	-0.606610	-0.068785	0.074284	-1.830000
420	-0.570529	-0.123903	0.193313	-1.830000
421	-0.611058	0.019671	0.066679	-1.830000
422	-0.597484	0.142617	0.029966	-1.830000
423	-0.531816	0.093396	-0.294405	-1.830000
424	-0.582579	-0.111435	0.162509	-1.830000
425	-0.501574	-0.318281	-0.159203	-1.830000
426	-0.442692	-0.300451	0.303279	-1.830000
427	-0.533237	-0.282234	0.119279	-1.830000
428	-0.505109	-0.345794	0.059300	-1.830000
429	-0.492840	-0.361983	-0.065590	-1.830000
430	-0.598006	-0.131816	-0.056905	-1.830000
431	-0.539803	-0.263361	-0.132205	-1.830000
432	-0.525117	-0.215814	-0.236434	-1.830000
433	-0.605500	0.099196	-0.041893	-1.830000
434	-0.607316	0.000472	0.096914	-1.830000
435	-0.601134	-0.107904	-0.072251	-1.830000
436	-0.614420	-0.026592	0.002512	-1.830000
437	-0.531546	-0.233235	0.203186	-1.830000
438	-0.586992	-0.135878	0.123298	-1.830000
439	-0.607749	-0.091308	0.023013	-1.830000
440	-0.557923	-0.234891	-0.108503	-1.830000
441	-0.580609	0.089330	-0.182038	-1.830000
442	-0.614570	-0.011740	-0.019768	-1.830000
443	-0.612244	-0.002667	0.058094	-1.830000
444	-0.596226	0.078749	0.128599	-1.830000
445	-0.557363	-0.146856	0.214486	-1.830000
446	-0.570290	-0.219561	0.069194	-1.830000
447	-0.523611	-0.317895	0.054762	-1.830000
448	-0.607670	-0.026175	-0.090980	-1.830000
449	-0.611481	-0.065129	-0.008606	-1.830000
450	-0.601938	0.108618	-0.064013	-1.830000
451	-0.605612	-0.100619	-0.036532	-1.830000
452	-0.550214	-0.259946	0.088982	-1.830000
453	-0.613267	-0.037606	-0.026733	-1.830000
454	-0.587330	-0.182177	0.008957	-1.830000
455	-0.592502	-0.160928	-0.035622	-1.830000
456	-0.591572	-0.166997	-0.019489	-1.830000
457	-0.609426	0.017691	0.080699	-1.830000
458	-0.588330	-0.173793	0.043463	-1.830000
459	-0.598315	-0.009973	-0.141931	-1.830000
460	-0.575259	0.188699	0.108141	-1.830000
461	-0.600706	-0.054460	-0.120045	-1.830000
462	-0.591224	0.040848	-0.164348	-1.830000
463	-0.594938	0.155154	-0.014180	-1.830000
464	-0.604354	-0.095883	0.061545	-1.830000
465	-0.609318	0.066170	0.050772	-1.830000
466	-0.600777	-0.097836	-0.087862	-1.830000
467	-0.610256	-0.055833	-0.051922	-1.830000
468	-0.608513	-0.076471	-0.045710	-1.830000
469	-0.608777	-0.085970	-0.014986	-1.830000
470	-0.478036	0.223168	0.316074	-1.830000
471	-0.610023	-0.077377	0.010483	-1.830000
472	-0.577498	0.142249	0.156483	-1.830000
473	-0.569317	0.097729	0.211075	-1.830000
474	-0.612242	0.019821	0.054699	-1.830000
475	-0.611842	-0.032264	-0.053228	-1.830000
476	-0.599035	-0.132888	-0.041502	-1.830000
477	-0.603683	-0.116926	-0.010944	-1.830000
478	-0.577134	0.131377	0.166978	-1.830000
479	-0.611837	-0.050563	0.036383	-1.830000
480	-0.587524	0.163029	-0.080385	-1.830000
481	-0.567124	0.235735	-0.032005	-1.830000
482	-0.606892	0.058539	-0.080503	-1.830000
483	-0.593146	-0.136816	0.087662	-1.830000
484	-0.586197	-0.091933	0.161697	-1.830000
485	-0.512336	-0.340125	0.007235	-1.830000
486	-0.604501	-0.105307	0.041397	-1.830000
487	-0.604671	0.068832	0.088660	-1.830000
488	-0.586800	0.180203	-0.037651	-1.830000
489	-0.601465	0.127533	-0.014155	-1.830000
490	-0.610401	0.070575	-0.025585	-1.830000
491	-0.570919	-0.057129	-0.221387	-1.830000
492	-0.613648	-0.035554	-0.019938	-1.830000
493	-0.602292	0.088012	0.087884	-1.830000
494	-0.606466	0.035473	0.095738	-1.830000
495	-0.584868	0.189167	0.019237	-1.830000
496	-0.612669	-0.049885	0.019306	-1.830000
497	-0.580129	0.166349	0.118338	-1.830000
498	-0.571225	0.227395	0.014775	-1.830000
499	-0.610548	0.029749	-0.067609	-1.830000
500	-0.611726	-0.044007	-0.045597	-1.830000
501	-0.611809	0.000711	0.062568	-1.830000
502	-0.603547	0.017582	0.116820	-1.830000
503	-0.610215	0.069840	0.031394	-1.830000
504	-0.604551	-0.111899	0.014880	-1.830000
505	-0.613120	-0.024732	0.041198	-1.830000
506	-0.602988	-0.105417	0.059314	-1.830000
507	-0.506466	-0.334674	0.098546	-1.830000
508	-0.605485	-0.028268	0.103992	-1.830000
509	-0.552027	0.047962	-0.266816	-1.830000
510	-0.611065	0.040721	0.056268	-1.830000
511	-0.595303	-0.065448	0.139843	-1.830000
512	-0.596093	-0.116722	0.096302	-1.830000
513	-0.586670	-0.127531	0.133337	-1.830000
514	-0.569869	0.056890	-0.224138	-1.830000
515	-0.598824	-0.124628	-0.064049	-1.830000
516	-0.603907	0.058310	-0.100605	-1.830000
517	-0.610823	0.058646	-0.041000	-1.830000
518	-0.600974	0.116482	-0.059052	-1.830000
519	-0.601191	0.041723	0.122691	-1.830000
520	-0.588293	-0.029179	0.176875	-1.830000
521	-0.570993	-0.056842	0.221272	-1.830000
522	-0.584133	0.128471	-0.143211	-1.830000
523	-0.612419	-0.055942	0.006175	-1.830000
524	-0.461648	-0.384120	0.132504	-1.830000
525	-0.577617	-0.188089	-0.095952	-1.830000
526	-0.607291	-0.019294	0.095133	-1.830000
527	-0.574614	0.119101	0.184008	-1.830000
528	-0.599159	0.003545	0.138641	-1.830000
529	-0.577739	-0.070967	-0.198512	-1.830000
530	-0.595425	0.007419	-0.153752	-1.830000
531	-0.609417	0.077019	-0.030061	-1.830000
532	-0.560657	-0.184292	-0.172989	-1.830000
533	-0.548134	-0.272361	0.059944	-1.830000
534	-0.608619	-0.022066	0.085564	-1.830000
535	-0.582070	0.031267	0.196066	-1.830000
536	-0.603112	-0.099259	0.068037	-1.830000
537	-0.612632	-0.053772	0.003897	-1.830000
538	-0.613672	-0.037037	0.016125	-1.830000
539	-0.533772	-0.077391	-0.295505	-1.830000
540	-0.610001	0.024505	-0.074319	-1.830000
541	-0.477486	-0.353584	0.158777	-1.830000
542	-0.588826	0.110030	0.139294	-1.830000
543	-0.553226	-0.249381	0.099876	-1.830000
544	-0.588952	-0.174466	-0.030374	-1.830000
545	-0.594558	-0.058756	0.145855	-1.830000
546	-0.614904	-0.000897	-0.010850	-1.830000
547	-0.515216	-0.328276	-0.070793	-1.830000
548	-0.567930	-0.235015	0.021179	-1.830000
549	-0.579640	-0.079279	-0.189625	-1.830000
550	-0.612286	-0.057397	0.006062	-1.830000
551	-0.593674	-0.129439	0.094981	-1.830000
552	-0.614000	0.034878	-0.003494	-1.830000
553	-0.591558	-0.166740	0.021939	-1.830000
554	-0.614657	-0.010923	-0.017402	-1.830000
555	-0.603117	-0.096812	-0.071433	-1.830000
556	-0.574893	-0.067600	-0.207734	-1.830000
557	-0.541382	-0.098800	-0.274533	-1.830000
558	-0.603843	-0.082264	0.082649	-1.830000
559	-0.517063	-0.296279	0.151954	-1.830000
560	-0.610666	-0.050576	0.052483	-1.830000
561	-0.581851	-0.184136	-0.075949	-1.830000
562	-0.589703	-0.174240	-0.010765	-1.830000
563	-0.602278	0.084403	-0.091446	-1.830000
564	-0.603779	0.115560	-0.017940	-1.830000
565	-0.609639	-0.080330	-0.010599	-1.830000
566	-0.610137	0.014205	-0.075870	-1.830000
567	-0.600472	-0.035844	0.127960	-1.830000
568	-0.591490	-0.032452	-0.165262	-1.830000
569	-0.579322	-0.141290	-0.150494	-1.830000
570	-0.581959	-0.060762	-0.189357	-1.830000
571	-0.603984	-0.112816	0.026482	-1.830000
572	-0.601057	-0.103021	-0.079635	-1.830000
573	-0.595635	0.066245	0.138044	-1.830000
574	-0.604540	0.024888	0.110166	-1.830000
575	-0.576901	0.046385	0.207986	-1.830000
576	-0.603866	0.025066	-0.113767	-1.830000
577	-0.611415	0.034637	-0.056547	-1.830000
578	-0.604784	0.077210	0.080621	-1.830000
579	-0.592297	-0.114476	-0.119603	-1.830000
580	-0.612784	0.052016	0.003861	-1.830000
581	-0.604116	0.020037	0.113435	-1.830000
582	-0.607723	0.093548	0.012082	-1.830000
583	-0.611341	0.043820	-0.050667	-1.830000
584	-0.607074	-0.013250	0.097523	-1.830000
585	-0.612899	0.050655	0.003755	-1.830000
586	-0.596501	-0.116372	0.094179	-1.830000
587	-0.607178	-0.002010	-0.097751	-1.830000
588	-0.602168	-0.083918	-0.092608	-1.830000
589	-0.591848	-0.101333	0.132938	-1.830000
590	-0.613561	0.009923	0.040862	-1.830000
591	-0.611024	-0.028492	0.063741	-1.830000
592	-0.593306	0.059023	-0.150764	-1.830000
593	-0.607668	-0.077278	-0.054709	-1.830000
594	-0.599471	-0.111754	-0.079815	-1.830000
595	-0.582783	-0.196382	0.004821	-1.830000
596	-0.571063	-0.190017	0.126515	-1.830000
597	-0.610877	0.047637	-0.052778	-1.830000
598	-0.599917	0.134547	0.014884	-1.830000
599	-0.614684	-0.019435	-0.003278	-1.830000
600	-0.614472	-0.022459	-0.012006	-1.830000
601	-0.610488	-0.043370	0.060400	-1.830000
602	-0.611150	0.008944	-0.068125	-1.830000
603	-0.600540	0.102918	-0.083575	-1.830000
604	-0.613741	0.029592	-0.025907	-1.830000
605	-0.607065	0.034028	-0.092409	-1.830000
606	-0.613503	-0.008962	-0.041938	-1.830000
607	-0.610658	0.001206	0.072938	-1.830000
608	-0.595014	-0.155054	-0.011905	-1.830000
609	-0.603900	-0.098076	0.062542	-1.830000
610	-0.610169	0.076934	-0.000036	-1.830000
611	-0.599679	0.121524	0.061983	-1.830000
612	-0.606017	-0.103895	0.013181	-1.830000
613	-0.606763	-0.090501	-0.043288	-1.830000
614	-0.614844	-0.012663	0.005644	-1.830000
615	-0.596743	0.060596	0.135834	-1.830000
616	-0.583134	-0.192744	0.032079	-1.830000
617	-0.592845	-0.045954	0.156998	-1.830000
618	-0.586788	0.111312	0.146680	-1.830000
619	-0.599710	0.024950	0.133977	-1.830000
620	-0.597052	-0.080129	-0.123830	-1.830000
621	-0.603131	0.107277	-0.054309	-1.830000
622	-0.514272	-0.292972	-0.167084	-1.830000
623	-0.605881	-0.032809	0.100286	-1.830000
624	-0.606397	0.102308	-0.006433	-1.830000
625	-0.611104	0.060124	0.034096	-1.830000
626	-0.590358	0.167406	0.040954	-1.830000
627	-0.613262	-0.045019	-0.010395	-1.830000
628	-0.602267	0.116855	-0.042940	-1.830000
629	-0.606375	-0.026672	-0.099114	-1.830000
630	-0.591480	-0.168452	-0.000039	-1.830000
631	-0.605525	-0.077384	0.074671	-1.830000
632	-0.606180	-0.097673	-0.035084	-1.830000
633	-0.604375	0.100889	0.052696	-1.830000
634	-0.575739	-0.210781	0.048177	-1.830000
635	-0.603515	0.003725	-0.118241	-1.830000
636	-0.555036	-0.034786	-0.262582	-1.830000
637	-0.608375	-0.081110	-0.039061	-1.830000
638	-0.556000	-0.064303	0.254862	-1.830000
639	-0.559736	-0.210858	-0.143037	-1.830000
640	-0.613552	0.022940	-0.035388	-1.830000
641	-0.598022	0.055086	0.132517	-1.830000
642	-0.560421	-0.210151	0.141386	-1.830000
643	-0.614875	0.000924	0.012387	-1.830000
644	-0.561452	-0.242543	-0.064570	-1.830000
645	-0.554659	-0.263015	0.037434	-1.830000
646	-0.580276	-0.151078	-0.136677	-1.830000
647	-0.561024	0.244551	-0.060599	-1.830000
648	-0.612977	-0.040553	-0.028968	-1.830000
649	-0.576316	-0.200603	0.076444	-1.830000
650	-0.544669	-0.258085	0.122284	-1.830000
651	-0.597021	0.118057	-0.088621	-1.830000
652	-0.608194	0.085713	0.031286	-1.830000
653	-0.592994	-0.151923	0.059178	-1.830000
654	-0.600688	-0.092416	-0.094116	-1.830000
655	-0.613361	0.033010	0.030399	-1.830000
656	-0.536695	-0.252164	0.163086	-1.830000
657	-0.601074	0.090544	0.093470	-1.830000
658	-0.611769	-0.058552	-0.023125	-1.830000
659	-0.589390	-0.174309	0.021453	-1.830000
660	-0.602462	-0.113922	-0.047817	-1.830000
661	-0.611189	0.027585	-0.062545	-1.830000
662	-0.613189	-0.003169	-0.047061	-1.830000
663	-0.614103	0.032899	-0.004447	-1.830000
664	-0.597110	0.136379	0.055551	-1.830000
665	-0.570608	-0.228106	-0.024487	-1.830000
666	-0.601814	0.121855	-0.034587	-1.830000
667	-0.582635	0.146821	0.131170	-1.830000
668	-0.611075	0.047670	0.050398	-1.830000
669	-0.608055	0.086698	0.031275	-1.830000
670	-0.456282	-0.151868	-0.383364	-1.830000
671	-0.604027	-0.100454	-0.057320	-1.830000
672	-0.605803	0.099287	-0.037013	-1.830000
673	-0.602271	0.075769	-0.098758	-1.830000
674	-0.606867	0.043432	-0.089726	-1.830000
675	-0.596969	0.106270	0.102759	-1.830000
676	-0.606897	0.089926	0.042599	-1.830000
677	-0.594418	0.143178	0.066272	-1.830000
678	-0.602089	-0.109687	0.060689	-1.830000
679	-0.603550	-0.116376	-0.020233	-1.830000
680	-0.610952	0.009029	-0.069861	-1.830000
681	-0.600113	0.112440	0.073801	-1.830000
682	-0.530983	-0.003284	0.310277	-1.830000
683	-0.605919	-0.098145	0.038138	-1.830000
684	-0.603465	-0.086249	-0.081339	-1.830000
685	-0.606290	-0.102934	-0.006508	-1.830000
686	-0.588163	-0.009896	-0.179419	-1.830000
687	-0.578797	-0.116641	0.172086	-1.830000
688	-0.592060	-0.161878	-0.038544	-1.830000
689	-0.584799	-0.187653	0.031965	-1.830000
690	-0.586215	0.014518	0.185381	-1.830000
691	-0.591429	0.072120	0.152432	-1.830000
692	-0.580947	-0.177667	-0.095706	-1.830000
693	-0.607554	-0.084172	-0.044920	-1.830000
694	-0.573914	0.030264	-0.218934	-1.830000
695	-0.593417	-0.160633	0.016677	-1.830000
696	-0.599589	-0.024247	0.134648	-1.830000
697	-0.555815	-0.124553	0.231907	-1.830000
698	-0.579504	-0.201300	-0.043333	-1.830000
699	-0.585303	0.179329	0.059048	-1.830000
700	-0.607505	-0.046835	-0.083482	-1.830000
701	-0.553449	0.255720	0.080786	-1.830000
702	-0.546744	0.277262	0.049210	-1.830000
703	-0.596284	0.129006	-0.077641	-1.830000
704	-0.506461	-0.078150	-0.340022	-1.830000
705	-0.571235	0.189447	0.126592	-1.830000
706	-0.597080	0.031718	-0.143925	-1.830000
707	-0.610983	0.015964	-0.068335	-1.830000
708	-0.609281	0.062741	-0.055367	-1.830000
709	-0.612637	0.053854	0.000382	-1.830000
710	-0.547632	-0.020246	0.279130	-1.830000
711	-0.577895	-0.118816	0.173625	-1.830000
712	-0.582343	-0.109623	-0.164572	-1.830000
713	-0.585329	-0.068241	-0.175948	-1.830000
714	-0.567648	0.189617	0.141582	-1.830000
715	-0.611571	-0.058163	-0.028679	-1.830000
716	-0.598345	-0.064580	0.126640	-1.830000
717	-0.580520	-0.175563	0.101976	-1.830000
718	-0.612750	-0.039011	0.035223	-1.830000
719	-0.591618	-0.090602	-0.141439	-1.830000
720	-0.599140	-0.034515	-0.134405	-1.830000
721	-0.586880	0.157901	0.094149	-1.830000
722	-0.612252	0.051237	0.027326	-1.830000
723	-0.596354	0.147118	-0.030710	-1.830000
724	-0.594063	0.064483	0.145453	-1.830000
725	-0.613828	-0.002000	-0.037897	-1.830000
726	-0.574263	-0.142154	0.168046	-1.830000
727	-0.606047	-0.092985	0.047810	-1.830000
728	-0.587834	-0.101560	-0.149540	-1.830000
729	-0.591022	0.129355	-0.110390	-1.830000
730	-0.608626	0.088311	-0.000142	-1.830000
731	-0.555468	0.232824	0.124394	-1.830000
732	-0.610664	0.072890	0.001215	-1.830000
733	-0.601500	-0.063495	-0.111318	-1.830000
734	-0.594593	-0.004778	-0.157039	-1.830000
735	-0.594136	0.017766	-0.157836	-1.830000
736	-0.611426	-0.060139	-0.027695	-1.830000
737	-0.432422	-0.364476	0.241648	-1.830000
738	-0.608265	0.079074	0.044568	-1.830000
739	-0.592162	0.160012	0.044327	-1.830000
740	-0.612827	0.004343	-0.051467	-1.830000
741	-0.485422	-0.324651	-0.192852	-1.830000
742	-0.592163	-0.160839	-0.041220	-1.830000
743	-0.549183	0.005657	-0.276750	-1.830000
744	-0.583766	0.010711	-0.193204	-1.830000
745	-0.525684	-0.230446	0.220852	-1.830000
746	-0.593350	-0.108868	0.119617	-1.830000
747	-0.476094	-0.297661	0.250913	-1.830000
748	-0.498315	-0.348214	0.093031	-1.830000
749	-0.585256	-0.136773	-0.130358	-1.830000
750	-0.606092	0.035705	0.097995	-1.830000
751	-0.527133	-0.316786	-0.001406	-1.830000
752	-0.527210	-0.315801	0.023322	-1.830000
753	-0.445913	-0.345888	-0.244434	-1.830000
754	-0.602930	-0.059930	0.105399	-1.830000
755	-0.610962	-0.038687	-0.058771	-1.830000
756	-0.599492	-0.123368	0.060121	-1.830000
757	-0.605829	0.104969	0.013324	-1.830000
758	-0.588676	0.071566	0.162984	-1.830000
759	-0.599917	-0.028185	0.132401	-1.830000
760	-0.575393	-0.209857	-0.055746	-1.830000
761	-0.592042	0.047856	0.159439	-1.830000
762	-0.591834	-0.115101	0.121282	-1.830000
763	-0.606871	-0.099462	-0.006336	-1.830000
764	-0.597940	-0.109977	-0.092722	-1.830000
765	-0.606121	-0.104063	0.003577	-1.830000
766	-0.606059	0.011583	-0.103845	-1.830000
767	-0.611577	0.056842	-0.031109	-1.830000
768	-0.610015	-0.076812	0.014369	-1.830000
769	-0.571912	-0.157244	0.162530	-1.830000
770	-0.565218	-0.163963	-0.178522	-1.830000
771	-0.594885	-0.128144	-0.088972	-1.830000
772	-0.587730	-0.157431	0.089520	-1.830000
773	-0.613187	0.022572	0.041433	-1.830000
774	-0.571876	-0.082711	0.210574	-1.830000
775	-0.597344	-0.025919	-0.143990	-1.830000
776	-0.582701	0.057161	-0.188194	-1.830000
777	-0.591534	-0.152818	0.070424	-1.830000
778	-0.608517	-0.003438	0.088997	-1.830000
779	-0.591361	-0.131697	0.105701	-1.830000
780	-0.597641	0.134170	0.055217	-1.830000
781	-0.598221	-0.140496	-0.024839	-1.830000
782	-0.600273	-0.047425	-0.125092	-1.830000
783	-0.560676	-0.239457	0.080794	-1.830000
784	-0.543747	0.148375	-0.246067	-1.830000
785	-0.592163	0.145176	0.080572	-1.830000
786	-0.602038	-0.092212	-0.085278	-1.830000
787	-0.600081	-0.134050	0.012597	-1.830000
788	-0.612197	0.058093	-0.008083	-1.830000
789	-0.537241	-0.110613	0.278140	-1.830000
790	-0.558738	-0.131367	-0.220861	-1.830000
791	-0.577884	0.123865	-0.170097	-1.830000
792	-0.576699	0.025565	-0.212108	-1.830000
793	-0.602295	0.103412	0.069079	-1.830000
794	-0.592397	0.053350	0.156349	-1.830000
795	-0.574321	-0.064379	-0.210322	-1.830000
796	-0.570840	-0.069519	-0.218024	-1.830000
797	-0.606059	0.103303	-0.015672	-1.830000
798	-0.602563	0.013653	0.122296	-1.830000
799	-0.471988	-0.393284	0.027941	-1.830000
800	-0.578508	-0.197695	0.066863	-1.830000
801	-0.585272	-0.002766	0.188876	-1.830000
802	-0.614264	-0.029936	0.002850	-1.830000
803	-0.575718	0.214962	-0.023784	-1.830000
804	-0.606444	-0.022427	-0.099741	-1.830000
805	-0.609478	0.048331	-0.066529	-1.830000
806	-0.603777	0.029373	-0.113205	-1.830000
807	-0.608418	0.077416	-0.045386	-1.830000
808	-0.613023	0.001331	0.049253	-1.830000
809	-0.603434	0.101832	-0.061018	-1.830000
810	-0.584811	0.092266	0.166459	-1.830000
811	-0.590657	-0.020795	-0.170051	-1.830000
812	-0.613579	-0.018056	-0.037681	-1.830000
813	-0.602332	-0.096422	0.078253	-1.830000
814	-0.614767	0.016599	0.003313	-1.830000
815	-0.592282	0.164753	-0.016821	-1.830000
816	-0.605492	-0.098454	0.043719	-1.830000
817	-0.570933	-0.188669	-0.129093	-1.830000
818	-0.589849	-0.026881	0.171990	-1.830000
819	-0.597911	0.121057	0.077928	-1.830000
820	-0.611812	0.014340	-0.060870	-1.830000
821	-0.566300	0.196377	-0.137713	-1.830000
822	-0.610853	0.001198	0.071286	-1.830000
823	-0.585398	-0.051697	0.181278	-1.830000
824	-0.603839	-0.056462	0.102057	-1.830000
825	-0.612130	0.059340	0.000677	-1.830000
826	-0.537532	-0.188140	-0.232137	-1.830000
827	-0.591830	0.049918	-0.159595	-1.830000
828	-0.598098	0.021862	-0.141513	-1.830000
829	-0.571342	0.093932	0.207291	-1.830000
830	-0.599955	0.116477	-0.068640	-1.830000
831	-0.555753	-0.097308	0.244733	-1.830000
832	-0.607673	-0.084262	0.043114	-1.830000
833	-0.610564	-0.055296	0.048776	-1.830000
834	-0.609566	-0.081280	0.006883	-1.830000
835	-0.612985	0.036795	0.033471	-1.830000
836	-0.605750	0.068027	-0.081634	-1.830000
837	-0.604395	-0.101549	0.051187	-1.830000
838	-0.614374	0.026125	0.009354	-1.830000
839	-0.573284	-0.216309	-0.052731	-1.830000
840	-0.595540	-0.152617	-0.016292	-1.830000
841	-0.597348	0.088169	0.116731	-1.830000
842	-0.414359	-0.367122	0.267868	-1.830000
843	-0.584432	0.007944	-0.191313	-1.830000
844	-0.609283	-0.035168	0.075909	-1.830000
845	-0.591034	-0.042696	0.164561	-1.830000
846	-0.577179	-0.074093	0.198998	-1.830000
847	-0.567880	0.228877	-0.057908	-1.830000
848	-0.593942	0.052022	-0.150835	-1.830000
849	-0.568262	-0.234791	-0.013279	-1.830000
850	-0.359704	-0.313911	0.387683	-1.830000
